[
    0.010872808285057545,
    0.024233661592006683,
    -0.030586974695324898,
    -0.029813380911946297,
    0.004439279902726412,
    0.05295318365097046,
    -0.07802458852529526,
    -0.038719404488801956,
    -0.05153793841600418,
    0.032992906868457794,
    -0.008174966089427471,
    -0.01978571154177189,
    0.00675752991810441,
    -0.09593905508518219,
    0.0882348045706749,
    -0.04494776949286461,
    0.036632247269153595,
    0.025101039558649063,
    -0.08776551485061646,
    0.05412830039858818,
    0.055882323533296585,
    0.09041822701692581,
    -0.01577676087617874,
    0.048493653535842896,
    -0.05884655565023422,
    -0.0030625504441559315,
    0.0021666071843355894,
    -0.09171047061681747,
    0.022037338465452194,
    -0.029075346887111664,
    0.04873254895210266,
    -0.03451008349657059,
    0.0026263506151735783,
    0.031404126435518265,
    -0.02819073759019375,
    -0.03223739191889763,
    -0.0023676296696066856,
    0.05028959736227989,
    -0.049709856510162354,
    0.039016641676425934,
    -0.0237258467823267,
    -0.02039564587175846,
    -0.06628403067588806,
    0.011549446731805801,
    0.021673191338777542,
    0.02802984230220318,
    -0.05827769637107849,
    -0.02678193897008896,
    -0.023185843601822853,
    0.04640393704175949,
    -0.07764036953449249,
    -0.013529394753277302,
    0.010526186786592007,
    0.06438413262367249,
    -0.011450611054897308,
    -0.07528840750455856,
    -0.012942354194819927,
    -0.008282116614282131,
    -0.116386778652668,
    0.021276453509926796,
    -0.04746232554316521,
    -0.035110458731651306,
    0.002780686132609844,
    0.04306021332740784,
    -0.025727404281497,
    0.059960365295410156,
    0.005009839311242104,
    -0.00317154242657125,
    -0.04051936790347099,
    -0.06151153892278671,
    -0.09593646228313446,
    0.01689295843243599,
    0.06199808418750763,
    0.0020532263442873955,
    -0.030167825520038605,
    -0.017089631408452988,
    0.017293531447649002,
    0.08500499278306961,
    0.06335514783859253,
    -0.09229539334774017,
    0.01026090420782566,
    0.012346259318292141,
    -0.010856366716325283,
    0.09966155141592026,
    -0.03308534249663353,
    -0.04442121088504791,
    -0.0019323943415656686,
    -0.038225799798965454,
    -0.05252121388912201,
    -0.06301949173212051,
    0.04179440438747406,
    -0.00259419740177691,
    0.06538383662700653,
    -0.05289239436388016,
    0.057350531220436096,
    -0.0033153919503092766,
    -0.004611362237483263,
    -0.08241476863622665,
    0.02792510762810707,
    -0.05842074751853943,
    -0.018496708944439888,
    -0.013834458775818348,
    0.04969681054353714,
    -0.029582461342215538,
    -0.04294697940349579,
    -0.0720888003706932,
    -0.019610950723290443,
    0.03720195218920708,
    0.01986520178616047,
    0.07904107123613358,
    0.05565865337848663,
    -0.04947793111205101,
    -0.0572231188416481,
    -0.09273682534694672,
    0.06347174197435379,
    -0.013945207931101322,
    -0.016305172815918922,
    -0.0023397975601255894,
    0.0461476668715477,
    0.030430173501372337,
    -0.05883675441145897,
    -0.038340430706739426,
    -0.04096142202615738,
    -0.0750109925866127,
    -0.005657005589455366,
    0.010566215962171555,
    -0.024210285395383835,
    1.8491393065518314e-32,
    -0.05345135182142258,
    -0.0002053654898190871,
    -0.023091714829206467,
    0.01917686127126217,
    -0.029534121975302696,
    -0.033750999718904495,
    0.03689911216497421,
    -0.05387729033827782,
    -0.043873291462659836,
    -0.0018339026719331741,
    -0.030805887654423714,
    0.07808726280927658,
    -0.03634221851825714,
    0.05359209328889847,
    -0.044822707772254944,
    -0.00765047874301672,
    -0.03527968004345894,
    0.13109000027179718,
    -0.04581458121538162,
    0.035816263407468796,
    0.02928384579718113,
    -0.01092538796365261,
    0.04845689609646797,
    -0.045916374772787094,
    0.024534329771995544,
    0.024793045595288277,
    0.03118172474205494,
    -0.02678578346967697,
    0.0028851733077317476,
    -0.01774575747549534,
    0.08335888385772705,
    0.02609862945973873,
    0.04567951709032059,
    -0.061003830283880234,
    0.004295493010431528,
    0.08667444437742233,
    0.01760116219520569,
    -0.04532020911574364,
    0.0723733901977539,
    -0.054068006575107574,
    0.0012696041958406568,
    -0.023276953026652336,
    0.021215930581092834,
    0.06931798160076141,
    0.03439963236451149,
    -0.007898258976638317,
    0.02316298708319664,
    -0.05839196965098381,
    0.02409815788269043,
    0.02950701117515564,
    -0.016506114974617958,
    -0.009532448835670948,
    0.018557634204626083,
    -0.0417339913547039,
    0.02231539599597454,
    -0.04566492140293121,
    -0.009300732053816319,
    -0.006585412193089724,
    -0.04133022576570511,
    0.036818262189626694,
    -0.0020716169383376837,
    -0.008259986527264118,
    0.012451442889869213,
    0.015868626534938812,
    -0.0382249616086483,
    -0.009193978272378445,
    -0.023888224735856056,
    -0.00283616641536355,
    0.035939157009124756,
    0.010238477028906345,
    -0.038998305797576904,
    0.04346157982945442,
    -0.03041471727192402,
    0.027921102941036224,
    0.003452948061749339,
    -0.034129366278648376,
    -0.0459846667945385,
    -0.06911011785268784,
    0.01945226639509201,
    0.023028912022709846,
    -0.10043364763259888,
    0.00061188661493361,
    -0.007490331772714853,
    0.05327633023262024,
    0.0035087671130895615,
    0.016232531517744064,
    0.03920237347483635,
    0.08618972450494766,
    -0.05749421939253807,
    -0.07614751905202866,
    -0.0344264917075634,
    0.07068154960870743,
    0.04637794569134712,
    0.06445306539535522,
    0.026514757424592972,
    -2.022526633476439e-32,
    -0.011761778965592384,
    0.03820433467626572,
    0.013241755776107311,
    0.042068000882864,
    0.08832086622714996,
    0.009874585084617138,
    -0.09646857529878616,
    -0.11066169291734695,
    0.16336072981357574,
    0.004044817760586739,
    -0.012263464741408825,
    -0.042273882776498795,
    -0.02659769542515278,
    -0.010468958877027035,
    -0.03227844834327698,
    0.0028706614393740892,
    -0.06520455330610275,
    -0.09631463140249252,
    -0.0486421138048172,
    0.06993164122104645,
    -0.013213535770773888,
    -0.004543725401163101,
    -0.02722264640033245,
    0.09217637032270432,
    -0.017065823078155518,
    0.042975280433893204,
    -0.013734045438468456,
    -0.05285707488656044,
    0.1418963521718979,
    -0.08078975230455399,
    -0.07007958739995956,
    -0.06028320640325546,
    -0.0033155756536871195,
    0.02325357310473919,
    -0.13869637250900269,
    -0.13476943969726562,
    0.08683309704065323,
    -0.08662564307451248,
    -0.032631151378154755,
    0.008367390371859074,
    0.060433801263570786,
    -0.008605824783444405,
    -0.050204046070575714,
    0.023206451907753944,
    -0.04612753167748451,
    -0.02500007674098015,
    0.03339962288737297,
    0.0074530476704239845,
    -0.036759525537490845,
    -0.019411725923419,
    0.04498616233468056,
    -0.04514501988887787,
    -0.047109197825193405,
    0.06004859507083893,
    -0.07221604138612747,
    0.04355335980653763,
    0.01970839500427246,
    -0.008579645305871964,
    -0.056829579174518585,
    -0.02526134066283703,
    0.07504582405090332,
    0.06342665106058121,
    -0.07838155329227448,
    0.03670680895447731,
    0.008656710386276245,
    -0.05907855182886124,
    0.07225910574197769,
    -0.12967367470264435,
    0.01748407632112503,
    -0.06407757103443146,
    -0.09203100949525833,
    -0.09339570999145508,
    -0.07975920289754868,
    -0.09299726039171219,
    0.09508167952299118,
    0.015740325674414635,
    -0.04318603128194809,
    -0.02929508127272129,
    -0.05880371481180191,
    0.06633567810058594,
    0.05818576365709305,
    -0.03385785594582558,
    -0.021390167996287346,
    0.009314792230725288,
    -0.028600696474313736,
    0.03148338943719864,
    0.07027702033519745,
    -0.08747068047523499,
    -0.035624053329229355,
    0.10154926776885986,
    -0.14583857357501984,
    -0.032739557325839996,
    -0.01117035374045372,
    0.04757042974233627,
    -0.03734287992119789,
    -5.737232200431208e-08,
    0.051630694419145584,
    0.04206366837024689,
    0.02853444218635559,
    0.013715584762394428,
    -0.035632554441690445,
    -0.04910721629858017,
    -0.06917965412139893,
    0.05766536295413971,
    -0.02665071375668049,
    -0.03236683830618858,
    0.03395945578813553,
    0.08212323486804962,
    -0.029177092015743256,
    -0.061350464820861816,
    0.05766431987285614,
    -0.054344769567251205,
    -0.09270788729190826,
    0.04983449727296829,
    -0.038804344832897186,
    0.07643622159957886,
    -0.07923382520675659,
    -0.02449316903948784,
    -0.08247063308954239,
    -0.002692758571356535,
    0.06006450578570366,
    0.0857018306851387,
    -0.003374412888661027,
    0.07426711171865463,
    0.042334988713264465,
    0.037373170256614685,
    0.012602992355823517,
    -0.014200967736542225,
    0.05332032963633537,
    -0.023081650957465172,
    -0.04246048629283905,
    -0.04996500536799431,
    0.020990926772356033,
    0.0071709961630403996,
    0.03711231052875519,
    -0.010622343048453331,
    0.014715057797729969,
    0.07275677472352982,
    -0.013073173351585865,
    0.06432688981294632,
    -0.04312370344996452,
    0.000523285532835871,
    -0.011986463330686092,
    0.008360533975064754,
    -0.024984342977404594,
    -0.12414706498384476,
    -0.014318954199552536,
    -0.05943286046385765,
    0.09328256547451019,
    -0.0059334151446819305,
    -0.021724581718444824,
    0.07754016667604446,
    -0.004725122358649969,
    -0.0013137409696355462,
    -0.03276435285806656,
    0.017119627445936203,
    0.12178757786750793,
    -0.010378523729741573,
    0.0392613522708416,
    0.04748775437474251
]