[
    -0.07161400467157364,
    0.045094527304172516,
    -0.036951687186956406,
    -0.08124170452356339,
    -0.02861378900706768,
    0.061666980385780334,
    -0.02560361474752426,
    0.009183844551444054,
    0.023065852001309395,
    0.059387415647506714,
    -0.006259319372475147,
    -0.0462847501039505,
    0.033815789967775345,
    0.025703316554427147,
    0.0533331036567688,
    0.0441356897354126,
    0.06486395746469498,
    0.024859126657247543,
    -0.06026318669319153,
    0.06788953393697739,
    0.007432867772877216,
    -0.008161542937159538,
    -0.07534383982419968,
    -0.006184633821249008,
    -0.09840989857912064,
    -0.048088863492012024,
    -0.02907763235270977,
    -0.054282307624816895,
    0.12254010140895844,
    -0.08894389122724533,
    0.051220931112766266,
    0.07731116563081741,
    -0.015591002069413662,
    0.05406719818711281,
    -0.02859524078667164,
    0.018192794173955917,
    -0.010162890888750553,
    -0.07074658572673798,
    -0.004947945009917021,
    0.005684833507984877,
    -0.046549804508686066,
    0.025098510086536407,
    -0.07326096296310425,
    0.0015301340026780963,
    -0.01964406855404377,
    0.05328623577952385,
    0.01993529498577118,
    0.006856853142380714,
    -0.024728182703256607,
    -0.0323503203690052,
    -0.08705045282840729,
    -0.01568536087870598,
    -0.04374154284596443,
    0.04946812987327576,
    -0.03645894676446915,
    -0.06066562235355377,
    0.024256931617856026,
    0.04385443404316902,
    -0.03286002203822136,
    -0.02962905541062355,
    -0.003938192501664162,
    0.00956331193447113,
    -0.04400249570608139,
    0.0282856784760952,
    0.02524557337164879,
    0.05402546375989914,
    0.03663799911737442,
    0.01947522535920143,
    -0.016792600974440575,
    0.03231583535671234,
    -0.021973466500639915,
    0.046250682324171066,
    -0.011487424373626709,
    0.018309053033590317,
    -0.031024083495140076,
    -0.006686695385724306,
    0.009996266104280949,
    0.018715770915150642,
    0.04218301922082901,
    -0.05380808562040329,
    -0.03904791921377182,
    0.03817383944988251,
    -0.05322069674730301,
    0.0036185579374432564,
    -0.06579658389091492,
    -0.07223476469516754,
    -0.02475748211145401,
    -0.020805599167943,
    0.03209822624921799,
    0.004113201517611742,
    0.06562638282775879,
    -0.054103344678878784,
    0.06089603528380394,
    -0.06164950504899025,
    0.0596555694937706,
    0.016890987753868103,
    -0.00867714174091816,
    -0.02459067292511463,
    0.08194529265165329,
    0.004244249314069748,
    0.004207080230116844,
    0.06253055483102798,
    -0.005035090260207653,
    -0.06446939706802368,
    -0.02215532399713993,
    -0.051279887557029724,
    -0.0322345569729805,
    -0.020188866183161736,
    0.0205227080732584,
    0.028402362018823624,
    0.01381330844014883,
    -0.023508932441473007,
    -0.018186578527092934,
    -0.07397787272930145,
    0.06949125975370407,
    0.03947771340608597,
    0.01113072969019413,
    0.10462808609008789,
    -0.01329333707690239,
    -0.0934644415974617,
    -0.004539265763014555,
    0.028752529993653297,
    -0.04581383243203163,
    -0.08035595715045929,
    0.0015892860246822238,
    -0.016787327826023102,
    -0.05153261870145798,
    2.2329949296977354e-32,
    -0.018542597070336342,
    -0.01692306250333786,
    -0.08440417051315308,
    0.04042982682585716,
    -0.006584483664482832,
    -0.028914757072925568,
    0.028579527512192726,
    0.0007602518307976425,
    -0.09737817943096161,
    0.04777216911315918,
    -0.026652414351701736,
    0.012264973483979702,
    -0.012806233018636703,
    -0.07109037786722183,
    -0.05652885138988495,
    -0.011808447539806366,
    -0.04931802302598953,
    0.059151262044906616,
    0.0036631072871387005,
    -0.030159402638673782,
    0.028025582432746887,
    -0.07353121042251587,
    0.05703749135136604,
    -0.01910572312772274,
    -0.020194759592413902,
    -0.016465356573462486,
    0.08923839777708054,
    -0.011308778077363968,
    -0.03665344789624214,
    -0.012885968200862408,
    0.08403881639242172,
    0.032969582825899124,
    -0.000755639688577503,
    0.04830503463745117,
    0.048957303166389465,
    0.10719244927167892,
    0.006691930815577507,
    -0.061592377722263336,
    0.07396265119314194,
    -0.02658800408244133,
    -0.06490159779787064,
    0.01364237442612648,
    0.05597878620028496,
    0.0033372892066836357,
    0.03281901031732559,
    -0.07696012407541275,
    -0.061882227659225464,
    -0.029555870220065117,
    -0.009459398686885834,
    0.049309276044368744,
    0.023834146559238434,
    -0.020524606108665466,
    0.13236035406589508,
    -0.04712161049246788,
    0.00045109252096153796,
    0.016708295792341232,
    -0.12392082810401917,
    0.05264478176832199,
    -0.048679742962121964,
    0.056504350155591965,
    -0.01831272430717945,
    -0.015116393566131592,
    -0.08520261943340302,
    0.09583242982625961,
    -0.030170505866408348,
    -0.018366092815995216,
    -0.052390363067388535,
    -0.03508009389042854,
    0.07604476809501648,
    -0.02272200770676136,
    0.03554081916809082,
    0.01739639975130558,
    0.05931159108877182,
    0.004677303601056337,
    -0.021914590150117874,
    -0.04146687686443329,
    0.008814582601189613,
    -0.06155677139759064,
    0.03987077623605728,
    0.022866439074277878,
    -0.13242539763450623,
    -0.009673239663243294,
    0.04230571165680885,
    0.053532082587480545,
    0.011759242042899132,
    -0.04503164440393448,
    0.039520204067230225,
    -0.03389902785420418,
    -0.028915666043758392,
    -0.011148028075695038,
    -0.01107029989361763,
    -0.004110688343644142,
    -0.026214204728603363,
    0.06099115312099457,
    0.049796007573604584,
    -2.0949670605930378e-32,
    0.009871697053313255,
    -0.07502315938472748,
    -0.06698597967624664,
    0.06441783905029297,
    0.06179600581526756,
    0.006348878610879183,
    -0.07082219421863556,
    -0.1025114431977272,
    0.05427776277065277,
    0.00010492240107851103,
    -0.0562424436211586,
    -0.07074159383773804,
    0.0007084656972438097,
    -0.02257312461733818,
    -0.04000289365649223,
    -0.016666026785969734,
    -0.027253586798906326,
    -0.014784754253923893,
    0.00877673551440239,
    0.08198872208595276,
    0.06273938715457916,
    0.009561818093061447,
    -0.07764510065317154,
    0.08226454257965088,
    0.050314512103796005,
    -0.023204166442155838,
    0.0015195129672065377,
    -0.1043393537402153,
    0.09563504904508591,
    0.057626016438007355,
    -0.024170011281967163,
    -0.08528591692447662,
    -0.06826454401016235,
    -0.006761509459465742,
    -0.08307254314422607,
    -0.13842511177062988,
    0.16857852041721344,
    -0.02155478671193123,
    -0.030333129689097404,
    -0.03001159057021141,
    0.016282565891742706,
    0.1088922992348671,
    0.007144242990761995,
    -0.03140684962272644,
    -0.0034568901173770428,
    -0.06199828162789345,
    0.04197079315781593,
    0.0039046802558004856,
    0.061171408742666245,
    -0.0614665187895298,
    0.065743088722229,
    -0.020149778574705124,
    -0.0011380680371075869,
    0.01781744323670864,
    -0.005467897746711969,
    0.040730588138103485,
    -0.017690366134047508,
    0.011852504685521126,
    -0.021959777921438217,
    0.03205777704715729,
    0.0708623006939888,
    0.05560610070824623,
    -0.06041262298822403,
    0.009363248944282532,
    0.08616837859153748,
    -0.004681406542658806,
    -0.06647124141454697,
    -0.010660179890692234,
    -0.010124566033482552,
    -0.05520185828208923,
    -0.028090203180909157,
    -0.08213100582361221,
    -0.035874515771865845,
    -0.08058489859104156,
    0.08924171328544617,
    -0.013898992910981178,
    -0.018480272963643074,
    -0.040829189121723175,
    -0.06302448362112045,
    0.042691413313150406,
    0.07138390094041824,
    0.003448272356763482,
    -0.058199428021907806,
    0.05052440986037254,
    -0.046453919261693954,
    0.05904759466648102,
    0.07960565388202667,
    0.024692479521036148,
    0.04490341991186142,
    0.06602834910154343,
    -0.040204212069511414,
    -0.009579855017364025,
    0.012449631467461586,
    0.05560403689742088,
    -0.050103653222322464,
    -6.00449610033138e-08,
    -0.00042535277316346765,
    0.02112233079969883,
    -0.008726163767278194,
    -0.03468867763876915,
    -0.029924539849162102,
    -0.003995130769908428,
    0.038490865379571915,
    0.022085072472691536,
    -0.1067819893360138,
    -0.09400402009487152,
    0.04728753864765167,
    -0.0023022410459816456,
    -0.03428347408771515,
    -0.036878664046525955,
    0.04922810569405556,
    -0.023600304499268532,
    -0.044875819236040115,
    -0.04874635487794876,
    -0.10521388053894043,
    0.007939676754176617,
    0.017042266204953194,
    -0.07303623110055923,
    -0.05865409970283508,
    0.0340518094599247,
    0.01872563734650612,
    -0.014001168310642242,
    0.016721172258257866,
    0.05435788258910179,
    0.03390679880976677,
    -0.018076186999678612,
    -0.0837782546877861,
    0.029148682951927185,
    -0.011885954067111015,
    -0.11359865218400955,
    -0.0016340381698682904,
    0.03162458539009094,
    0.014691588468849659,
    0.016727866604924202,
    0.048135776072740555,
    0.04230845347046852,
    -0.04131288826465607,
    0.03634181618690491,
    0.06670242547988892,
    0.04969773441553116,
    0.01336144283413887,
    0.01429543923586607,
    -0.09485358744859695,
    0.05524880066514015,
    0.0017831730656325817,
    -0.0900103896856308,
    -0.021231908351182938,
    -0.06491509824991226,
    -0.0038111996836960316,
    -0.012989695183932781,
    -0.01502840407192707,
    0.12698742747306824,
    0.0817214772105217,
    0.05948169529438019,
    0.02679864503443241,
    -0.06372036039829254,
    0.178496316075325,
    0.07145678997039795,
    0.07200094312429428,
    -0.014073644764721394
]