[
    -0.08026297390460968,
    0.04662388935685158,
    -0.04823876917362213,
    -0.10987255722284317,
    0.004215260501950979,
    0.07537779211997986,
    0.05125710368156433,
    -0.008429823443293571,
    0.011190341785550117,
    -0.003157805185765028,
    0.0033266174141317606,
    0.016098644584417343,
    0.017503278329968452,
    -0.023829787969589233,
    0.04638313129544258,
    -0.07243376225233078,
    0.03988214582204819,
    0.05819643288850784,
    -0.09605986624956131,
    0.06939089298248291,
    -0.006972980685532093,
    0.06563940644264221,
    -0.0827263668179512,
    0.042856618762016296,
    -0.07426220923662186,
    -0.013261538930237293,
    -0.035081613808870316,
    -0.039240967482328415,
    0.045613452792167664,
    -0.027351371943950653,
    0.06208885461091995,
    -0.0025033841375261545,
    0.025813626125454903,
    0.03904270380735397,
    -0.046703971922397614,
    -0.01666056364774704,
    -0.033180706202983856,
    -0.022983510047197342,
    -0.07595065236091614,
    0.007859121076762676,
    -0.007391281425952911,
    0.034285906702280045,
    -0.014794081449508667,
    -0.007340551353991032,
    0.05080114305019379,
    0.015285942703485489,
    -0.09410163015127182,
    0.01404921431094408,
    -0.02472228743135929,
    0.033321116119623184,
    -0.04543394222855568,
    -0.024627793580293655,
    -0.0324830524623394,
    0.06765076518058777,
    -0.02261332795023918,
    0.004554058890789747,
    -0.0369211845099926,
    -0.006847583223134279,
    -0.10738696157932281,
    -0.03618372976779938,
    0.049003392457962036,
    -0.009791114367544651,
    -0.00566116813570261,
    0.06687802076339722,
    -0.02236357145011425,
    0.01193483266979456,
    0.04983741417527199,
    -0.013882408849895,
    -0.01661526784300804,
    -0.08262544870376587,
    -0.07608853280544281,
    -0.02148148976266384,
    0.018031172454357147,
    0.034766875207424164,
    -0.019200768321752548,
    0.010832670144736767,
    0.019501209259033203,
    0.02520631067454815,
    -0.007684397976845503,
    -0.07737374305725098,
    -0.06413020193576813,
    0.036161161959171295,
    0.04541138559579849,
    0.02607899159193039,
    -0.005288384854793549,
    -0.04924239218235016,
    -0.09651625156402588,
    -0.0526588037610054,
    -0.02964257076382637,
    -0.06087835505604744,
    0.022474447265267372,
    -0.02730574645102024,
    0.04474163427948952,
    -0.1017526239156723,
    0.04145531356334686,
    0.06320890784263611,
    -0.06438885629177094,
    -0.0649108961224556,
    0.00781350489705801,
    -0.042834628373384476,
    0.03537790849804878,
    0.004452385473996401,
    0.0263944361358881,
    -0.01410811860114336,
    -0.053210753947496414,
    -0.07519473880529404,
    0.03227999061346054,
    0.007846771739423275,
    0.0304842721670866,
    0.0075974855571985245,
    0.0016724842134863138,
    -0.01602359302341938,
    0.024617793038487434,
    -0.0772206261754036,
    -0.029496820643544197,
    0.08972274512052536,
    -0.05857072025537491,
    0.06066283956170082,
    0.11060261726379395,
    -0.011173381470143795,
    -0.006748893763870001,
    -0.0005900108371861279,
    -0.0688871443271637,
    -0.08788885921239853,
    -0.020824609324336052,
    0.029129181057214737,
    -0.0071713486686348915,
    1.7242107056823157e-32,
    -0.059525974094867706,
    -0.013585670851171017,
    -0.024019325152039528,
    0.03720290586352348,
    0.05933895334601402,
    -0.02792198956012726,
    0.015348384156823158,
    -0.03844420984387398,
    -0.07280926406383514,
    0.032078735530376434,
    -0.05054963007569313,
    0.09307968616485596,
    0.006887384224683046,
    0.024150140583515167,
    -0.07597123831510544,
    -0.02577121928334236,
    -0.01723909191787243,
    0.10276205837726593,
    0.01247680839151144,
    0.07594741135835648,
    0.021790524944663048,
    -0.0023966114968061447,
    0.050445299595594406,
    -0.002475772751495242,
    0.012148518115282059,
    0.027898287400603294,
    0.011820542626082897,
    -0.03934267535805702,
    0.041186537593603134,
    -0.0013029543915763497,
    0.04762319102883339,
    0.08403506875038147,
    0.009061519987881184,
    -0.04099104925990105,
    -0.03940311074256897,
    0.07789279520511627,
    -0.007808895781636238,
    -0.08648817241191864,
    0.0773935317993164,
    -0.05181016027927399,
    -0.04572835937142372,
    -0.023154664784669876,
    -0.015507346950471401,
    0.024917325004935265,
    0.04947694018483162,
    0.01516173779964447,
    -0.010471485555171967,
    0.022344475612044334,
    0.03754684701561928,
    0.05744878202676773,
    -0.05463857203722,
    -0.04668340086936951,
    0.05900639668107033,
    -0.03434507176280022,
    0.04146207123994827,
    0.004173009656369686,
    -0.06518524885177612,
    0.04702872037887573,
    -0.04683792591094971,
    0.10618534684181213,
    0.0008538095280528069,
    0.00312634976580739,
    -0.016200466081500053,
    0.013417594134807587,
    0.007104769814759493,
    -0.040634844452142715,
    -0.020836351439356804,
    -0.07201917469501495,
    0.055469587445259094,
    0.0026127316523343325,
    -0.04664414003491402,
    0.07745633274316788,
    0.02176722325384617,
    0.024923047050833702,
    0.020662253722548485,
    -0.025004444643855095,
    -0.04062214121222496,
    -0.04675380513072014,
    0.021179916337132454,
    0.037118639796972275,
    -0.09779397398233414,
    0.03700137883424759,
    0.06585448980331421,
    0.06932229548692703,
    0.02010023035109043,
    0.015073221176862717,
    -0.009598849341273308,
    0.06559886038303375,
    -0.04864831641316414,
    -0.10230264812707901,
    -0.005096231587231159,
    0.06935939937829971,
    0.057863734662532806,
    0.08871439099311829,
    0.07584560662508011,
    -1.9022882550667042e-32,
    0.020663993433117867,
    -0.018115689978003502,
    -0.015336226671934128,
    -0.017418911680579185,
    0.019711744040250778,
    0.002193307736888528,
    -0.05762319266796112,
    -0.12103087455034256,
    0.09346640855073929,
    0.029665624722838402,
    0.014652860350906849,
    -0.022331982851028442,
    -0.030124085023999214,
    -0.01588970236480236,
    -0.02024989202618599,
    -0.03035104274749756,
    -0.08373089879751205,
    -0.1014522835612297,
    0.026990177109837532,
    0.06636969745159149,
    0.052676670253276825,
    0.03207559511065483,
    -0.011899406090378761,
    0.10414302349090576,
    -0.00029392726719379425,
    0.011007876135408878,
    -0.03427843749523163,
    -0.05084473639726639,
    0.07915062457323074,
    -0.058265458792448044,
    -0.0656549260020256,
    -0.09071855992078781,
    0.0007077953196130693,
    0.03050173446536064,
    -0.07030970603227615,
    -0.13808973133563995,
    0.020873676985502243,
    -0.06801404058933258,
    -0.02280515618622303,
    0.0038472621235996485,
    0.09880292415618896,
    -0.05909546837210655,
    0.017719686031341553,
    0.013032888062298298,
    0.047310326248407364,
    -0.09985142201185226,
    0.017619529739022255,
    -0.06639453768730164,
    0.03275248035788536,
    0.0037646128330379725,
    0.03744474798440933,
    -0.05204225331544876,
    -0.0037735614459961653,
    0.004542930983006954,
    -0.08096298575401306,
    0.026701442897319794,
    0.0373554527759552,
    -0.041379231959581375,
    -0.07884792983531952,
    -0.057301998138427734,
    0.08640308678150177,
    0.0627020075917244,
    -0.0634632259607315,
    0.09095301479101181,
    0.012939823791384697,
    -0.025233183056116104,
    0.032283879816532135,
    -0.09476499259471893,
    0.018445737659931183,
    -0.03883109614253044,
    -0.11653658002614975,
    -0.13700592517852783,
    -0.04406794160604477,
    -0.0896584764122963,
    0.11356179416179657,
    -0.01274491660296917,
    0.0031246268190443516,
    -0.09916675835847855,
    -0.11595895141363144,
    0.017086977139115334,
    -0.015316483564674854,
    -0.04263525456190109,
    -0.03260945528745651,
    0.09420296549797058,
    -0.06482835114002228,
    0.025123169645667076,
    0.024834413081407547,
    -0.054576799273490906,
    0.0342671200633049,
    0.08153632283210754,
    -0.09844206273555756,
    0.0011273438576608896,
    0.04503614455461502,
    0.04150448366999626,
    -0.07800312340259552,
    -6.033344845945976e-08,
    0.010509130544960499,
    0.05899156630039215,
    0.022775959223508835,
    -0.031033990904688835,
    -0.09419453889131546,
    -0.06845588982105255,
    -0.04333541914820671,
    0.036810871213674545,
    -0.07071791589260101,
    0.00886322371661663,
    0.028041528537869453,
    0.09859903156757355,
    0.017244279384613037,
    -0.03549022227525711,
    0.06421265751123428,
    -0.01970396563410759,
    -0.07309882342815399,
    0.008857838809490204,
    -0.0568152517080307,
    0.04914110526442528,
    -0.040152791887521744,
    -0.020309513434767723,
    -0.05767255648970604,
    -0.009734063409268856,
    -0.015327159315347672,
    0.04117313027381897,
    0.05150993913412094,
    0.0689782202243805,
    0.05529782548546791,
    -0.0018226050306111574,
    -0.04655778780579567,
    -0.016045507043600082,
    0.02149287983775139,
    0.006213285494595766,
    -0.10461334884166718,
    -0.06295750290155411,
    0.05097324028611183,
    0.027603793889284134,
    0.07994597405195236,
    -0.0395968072116375,
    -0.02968679927289486,
    0.08081308752298355,
    0.01861489750444889,
    0.04838324710726738,
    0.0017613418167456985,
    -0.007838000543415546,
    -0.046922482550144196,
    -0.00494097825139761,
    0.015609164722263813,
    -0.10056682676076889,
    -0.030052414163947105,
    -0.010407580994069576,
    0.029945340007543564,
    -0.0011867954162880778,
    -0.026299884542822838,
    0.06009703129529953,
    0.010162030346691608,
    0.0009355738875456154,
    0.018047815188765526,
    0.05286702513694763,
    0.06953642517328262,
    0.01915147341787815,
    0.030994998291134834,
    -0.030048063024878502
]