[
    -0.04859437048435211,
    0.0276381466537714,
    -0.03525188937783241,
    -0.02397632598876953,
    -0.01150768343359232,
    0.01798117160797119,
    -0.059403568506240845,
    -0.019522475078701973,
    0.010047543793916702,
    0.018774904310703278,
    0.001559226424433291,
    -0.05839763581752777,
    -0.004511101171374321,
    0.005647236946970224,
    0.05058516561985016,
    0.03584268316626549,
    0.09199360013008118,
    0.04163508489727974,
    -0.07320409268140793,
    0.027663279324769974,
    0.00794143509119749,
    0.0046668341383337975,
    -0.02730562537908554,
    -0.025148212909698486,
    -0.06803043186664581,
    -0.05735253915190697,
    -0.053342100232839584,
    -0.04513410106301308,
    0.04748205468058586,
    -0.07634039968252182,
    0.046479880809783936,
    0.034544285386800766,
    0.025157932192087173,
    0.034364860504865646,
    0.019010666757822037,
    -0.0009885733015835285,
    0.005033540073782206,
    -0.038772281259298325,
    0.01100869383662939,
    -0.016423748806118965,
    -0.048439476639032364,
    -0.03118284046649933,
    -0.07425708323717117,
    -0.03509090468287468,
    -0.03148322552442551,
    0.03355102613568306,
    -0.007638686802238226,
    -0.009086151607334614,
    -0.04438014701008797,
    0.012378154322504997,
    -0.11609701067209244,
    -0.016534196212887764,
    -0.023757176473736763,
    0.0244571715593338,
    -0.0665825679898262,
    -0.00391763960942626,
    0.008270945399999619,
    0.03445470705628395,
    -0.036261044442653656,
    -0.036796219646930695,
    -0.005882652010768652,
    -0.002613958204165101,
    -0.07417438179254532,
    0.03703603893518448,
    0.020362503826618195,
    0.06275371462106705,
    0.021359561011195183,
    0.0035471629817038774,
    0.07481862604618073,
    0.048262931406497955,
    -0.030892452225089073,
    0.06925647705793381,
    0.0028287547174841166,
    -0.012412377633154392,
    -0.06273520737886429,
    0.0013177006039768457,
    -0.009862269274890423,
    0.0014305256772786379,
    0.03512543439865112,
    -0.08454735577106476,
    -0.0763876810669899,
    0.021964771673083305,
    -0.05249052494764328,
    -0.026602130383253098,
    -0.03718248009681702,
    -0.09027013182640076,
    -0.027310078963637352,
    0.02282096818089485,
    -0.041087739169597626,
    0.021836265921592712,
    0.04865484684705734,
    -0.05309481546282768,
    0.03330720216035843,
    -0.03566256910562515,
    0.06693349778652191,
    -0.008808664977550507,
    0.013227034360170364,
    0.010581458918750286,
    0.1081952452659607,
    0.011836830526590347,
    0.01796070486307144,
    0.05034751072525978,
    -0.029072055593132973,
    -0.06814111024141312,
    -0.03771916404366493,
    -0.07439194619655609,
    -0.03031165339052677,
    -0.0409175306558609,
    0.030592769384384155,
    0.027172312140464783,
    0.018397262319922447,
    -0.005133203696459532,
    -0.030558418482542038,
    -0.09364952147006989,
    0.054907746613025665,
    0.05278018116950989,
    -0.04639340937137604,
    0.07523123174905777,
    0.009629390202462673,
    -0.042992256581783295,
    0.019558148458600044,
    0.03491859510540962,
    -0.002705825725570321,
    -0.07557114213705063,
    0.01354636438190937,
    -0.033294372260570526,
    -0.02298891730606556,
    2.0046710212242422e-32,
    -0.02070729248225689,
    -0.004484605975449085,
    -0.13054803013801575,
    0.025563828647136688,
    0.06424831598997116,
    0.0011204977054148912,
    0.012276499532163143,
    -0.022262096405029297,
    -0.05570702254772186,
    0.05710764601826668,
    0.005648117978125811,
    0.049737319350242615,
    -0.0012515978887677193,
    -0.09867864847183228,
    -0.06851756572723389,
    0.02835240587592125,
    -0.05914546549320221,
    0.12067662179470062,
    -0.05151008069515228,
    0.00796964205801487,
    0.07472877949476242,
    -0.07689499855041504,
    0.040519166737794876,
    0.05980261415243149,
    -0.01264155562967062,
    -0.04218873754143715,
    0.08963106572628021,
    -0.007204101886600256,
    -0.0484706349670887,
    0.00971034076064825,
    0.0565616711974144,
    -0.0013741698348894715,
    0.059624459594488144,
    -0.004220982082188129,
    0.11121311038732529,
    0.12113530933856964,
    0.023076575249433517,
    -0.055273350328207016,
    0.10710538923740387,
    -0.03042873740196228,
    -0.07882772386074066,
    -0.01506087277084589,
    0.020211096853017807,
    -0.02916209027171135,
    0.0018764811102300882,
    -0.026359988376498222,
    -0.05464114248752594,
    -0.038334935903549194,
    0.014152483083307743,
    0.03168868646025658,
    0.020456543192267418,
    -0.01823784038424492,
    0.056521642953157425,
    -0.047217655926942825,
    0.0476580448448658,
    0.017908785492181778,
    -0.05862261727452278,
    0.03648286685347557,
    -0.0677054151892662,
    0.03265010938048363,
    0.022338353097438812,
    0.03945945203304291,
    -0.06989540159702301,
    0.055710285902023315,
    -0.07479419559240341,
    -0.02823423594236374,
    -0.04832366108894348,
    -0.07030577957630157,
    0.10047031193971634,
    -0.08618365228176117,
    -0.017321577295660973,
    0.06387705355882645,
    -0.013019824400544167,
    0.021682215854525566,
    -0.02192268893122673,
    -0.043272100389003754,
    0.027091383934020996,
    -0.023256326094269753,
    0.07358460873365402,
    -0.000985379796475172,
    -0.10017308592796326,
    -0.002905510598793626,
    0.018942369148135185,
    0.06635314971208572,
    0.01547304354608059,
    -0.026360107585787773,
    0.016422271728515625,
    0.0004621607658918947,
    -0.04897218942642212,
    -0.016810813918709755,
    0.05583852156996727,
    0.0018647384131327271,
    -0.03888431563973427,
    0.03594750538468361,
    0.05132462456822395,
    -1.9073355339355474e-32,
    0.015701981261372566,
    -0.014048355631530285,
    -0.07063253223896027,
    0.06099206209182739,
    0.05441988259553909,
    0.04630884528160095,
    -0.05499321594834328,
    -0.06884637475013733,
    0.08674877136945724,
    -0.01063007302582264,
    -0.04600582271814346,
    -0.040939610451459885,
    0.029542481526732445,
    -0.024763073772192,
    -0.09083709120750427,
    -0.057356372475624084,
    0.017580680549144745,
    -0.025550954043865204,
    0.029836712405085564,
    0.07963570207357407,
    0.10584427416324615,
    0.0039631701074540615,
    -0.02583044208586216,
    0.06988963484764099,
    0.02407061867415905,
    -0.04268249496817589,
    -0.02339322119951248,
    -0.10771418362855911,
    0.059807438403367996,
    8.430254820268601e-05,
    -0.017979538068175316,
    -0.058496713638305664,
    -0.06683225184679031,
    0.016916071996092796,
    -0.008920171298086643,
    -0.11650238186120987,
    0.16056594252586365,
    -0.06873083114624023,
    -0.037579696625471115,
    0.009046679362654686,
    0.04764612764120102,
    0.1039101779460907,
    -0.00751348165795207,
    -0.07196421176195145,
    -0.026898667216300964,
    -0.05117684602737427,
    0.02913433127105236,
    -0.01342710293829441,
    0.03554939106106758,
    -0.07162714749574661,
    0.04969358444213867,
    -0.04438897594809532,
    0.00933156255632639,
    -0.009644589386880398,
    -0.043316345661878586,
    0.03648756444454193,
    -0.006787749473005533,
    -0.04047583416104317,
    -0.024388611316680908,
    0.03876149654388428,
    0.07781059294939041,
    0.10051921755075455,
    -0.03294285386800766,
    0.01371019333600998,
    0.09383024275302887,
    -0.013563853688538074,
    -0.07538612931966782,
    0.001489577000029385,
    -0.017051326110959053,
    -0.03152193874120712,
    0.006014531012624502,
    -0.11835138499736786,
    -0.060558438301086426,
    -0.059950802475214005,
    0.10311458259820938,
    -0.007144221104681492,
    -0.06768111884593964,
    -0.05565062537789345,
    -0.08206785470247269,
    0.008068571798503399,
    0.027101997286081314,
    0.04882616549730301,
    -0.0351700633764267,
    0.056947603821754456,
    0.026475781574845314,
    0.07033072412014008,
    0.06577439606189728,
    0.010807830840349197,
    0.047221653163433075,
    0.09188707172870636,
    -0.02898862399160862,
    -0.037838179618120193,
    0.032732121646404266,
    0.055773232132196426,
    -0.040671639144420624,
    -5.450383255833913e-08,
    -0.025774704292416573,
    0.016494734212756157,
    0.00015425996389240026,
    -0.0523090735077858,
    -0.03906223177909851,
    -0.031257547438144684,
    0.009860482066869736,
    -0.012646901421248913,
    -0.07126066088676453,
    -0.08361248672008514,
    0.06830363720655441,
    -0.044565558433532715,
    -0.029344376176595688,
    -0.03586088493466377,
    0.036879993975162506,
    -0.01795579493045807,
    -0.010523303411900997,
    -0.000802297203335911,
    -0.08388499915599823,
    -0.0158913042396307,
    -0.003699519671499729,
    -0.050152502954006195,
    -0.06213827058672905,
    0.03446998447179794,
    0.009242379106581211,
    -0.015281826257705688,
    0.0029417313635349274,
    0.10639522969722748,
    0.014467149041593075,
    0.013629580847918987,
    -0.06140197813510895,
    0.02593098394572735,
    0.020143594592809677,
    -0.08050122112035751,
    -0.040599457919597626,
    0.013356084004044533,
    0.0006741540273651481,
    0.03242100402712822,
    0.061232250183820724,
    0.046299394220113754,
    -0.05882364511489868,
    0.003135048784315586,
    0.05989042669534683,
    0.0844717025756836,
    0.02308582328259945,
    0.001604752498678863,
    -0.09057580679655075,
    0.030925240367650986,
    -0.0355527363717556,
    -0.06778933107852936,
    -0.005386454053223133,
    -0.06658953428268433,
    0.009700438939034939,
    -0.019237402826547623,
    0.003950724843889475,
    0.13851936161518097,
    0.12897703051567078,
    0.0739869475364685,
    -0.006815248169004917,
    -0.06774231791496277,
    0.14337457716464996,
    0.13344188034534454,
    0.03647765889763832,
    0.004464536439627409
]