[
    -0.04888830706477165,
    0.024538317695260048,
    -0.06341259181499481,
    -0.05973438546061516,
    -0.01941908709704876,
    0.10260849446058273,
    -0.01466360129415989,
    -0.07560895383358002,
    -0.02410123497247696,
    0.028611890971660614,
    0.04129116237163544,
    0.005443968344479799,
    -0.02845373935997486,
    -0.03160516172647476,
    0.028226250782608986,
    0.0172274149954319,
    0.07856305688619614,
    0.09027469903230667,
    -0.11354225873947144,
    0.03592364862561226,
    -0.005713262129575014,
    0.07213599979877472,
    -0.06332682818174362,
    0.01069727074354887,
    -0.1451198160648346,
    -0.029677366837859154,
    0.010205848142504692,
    -0.041970327496528625,
    0.01656164973974228,
    -0.09943360090255737,
    0.020545581355690956,
    -0.02602429687976837,
    0.04176470264792442,
    0.09017835557460785,
    -0.010413737036287785,
    -0.04331199452280998,
    0.040727972984313965,
    -0.018357573077082634,
    -0.0021383347921073437,
    -0.04965933784842491,
    -0.0360952652990818,
    -0.013503726571798325,
    -0.04356240853667259,
    -0.05047290399670601,
    -0.012343988753855228,
    0.0038937320932745934,
    -0.01217492576688528,
    -0.05082196742296219,
    -0.0231389869004488,
    -0.042601849883794785,
    -0.03127899020910263,
    -0.017977526411414146,
    -0.050757668912410736,
    0.09582556784152985,
    -0.05639754608273506,
    -0.062475189566612244,
    -0.01246976014226675,
    -0.02017267234623432,
    -0.01421071495860815,
    0.021274849772453308,
    0.06380265206098557,
    -0.03659301996231079,
    -0.018460292369127274,
    0.07178559899330139,
    -0.06445383280515671,
    0.0457720085978508,
    -0.002009329851716757,
    0.005283489357680082,
    0.035223644226789474,
    -0.029828794300556183,
    -0.0634046271443367,
    -0.07280460745096207,
    0.0007656592060811818,
    0.01834745891392231,
    0.008970467373728752,
    0.019933881238102913,
    -0.06152118742465973,
    0.03653638809919357,
    0.07738428562879562,
    -0.07200274616479874,
    -0.029012972488999367,
    -0.03884199261665344,
    -0.008016049861907959,
    0.13217554986476898,
    -0.03738390654325485,
    -0.04783289507031441,
    -0.043408699333667755,
    -0.029723376035690308,
    0.018266109749674797,
    0.023941194638609886,
    0.05500037968158722,
    -0.05910516530275345,
    0.12713764607906342,
    -0.04951007291674614,
    0.0074830688536167145,
    -0.042551103979349136,
    0.00336411758325994,
    -0.056600626558065414,
    0.040331438183784485,
    -0.0045286682434380054,
    -0.02405647374689579,
    0.0205966979265213,
    -0.10473302751779556,
    -0.04803244397044182,
    -0.004848767071962357,
    -0.06447799503803253,
    0.011380183510482311,
    -0.06617040932178497,
    0.005683979019522667,
    0.06782325357198715,
    0.013163786381483078,
    0.021960698068141937,
    -0.07654431462287903,
    -0.13579748570919037,
    0.1154392883181572,
    0.0036129974760115147,
    0.0014314365107566118,
    0.08523289114236832,
    0.005048894323408604,
    -0.03762383013963699,
    0.03850071132183075,
    0.021914545446634293,
    -0.032498106360435486,
    -0.03653896227478981,
    -0.002989260945469141,
    -0.009913414716720581,
    -0.07130421698093414,
    1.968055253816891e-32,
    0.006818489171564579,
    0.02465548738837242,
    -0.08431419730186462,
    -0.01846868172287941,
    0.052498940378427505,
    -0.00018153978453483433,
    0.03890351951122284,
    0.004233910236507654,
    -0.010999685153365135,
    0.062456440180540085,
    -0.020518861711025238,
    0.06656667590141296,
    0.023674437776207924,
    -0.020513834431767464,
    -0.07015755027532578,
    0.08261778205633163,
    -0.011531353928148746,
    0.08729887008666992,
    -0.04392198845744133,
    0.027724705636501312,
    0.018635546788573265,
    -0.015650052577257156,
    0.009236114099621773,
    0.06477594375610352,
    -0.0445057675242424,
    0.007004252169281244,
    0.02966734953224659,
    -0.013502350077033043,
    0.014408123679459095,
    0.04032573103904724,
    0.056467778980731964,
    0.04425262659788132,
    0.024473432451486588,
    -0.008780295960605145,
    0.07946890592575073,
    0.13227514922618866,
    0.02401953935623169,
    -0.04795283451676369,
    0.06788131594657898,
    -0.07340160757303238,
    -0.04930407926440239,
    0.03509940952062607,
    0.017430240288376808,
    -0.03148551657795906,
    0.07196000963449478,
    -0.002071305876597762,
    -0.02638736553490162,
    -0.027724141255021095,
    0.06449910253286362,
    0.04829439893364906,
    -0.017522325739264488,
    -0.006371783092617989,
    0.07456842809915543,
    -0.036473970860242844,
    -7.519136852351949e-05,
    -0.014544489793479443,
    -0.05190368741750717,
    0.06002076715230942,
    -0.04202413186430931,
    0.06296249479055405,
    0.01058511808514595,
    0.06175203248858452,
    -0.05995718762278557,
    0.017153065651655197,
    -0.03719709441065788,
    -0.0890331044793129,
    -0.00416268315166235,
    -0.05464978888630867,
    0.011387650854885578,
    -0.03621405363082886,
    -0.0007211012998595834,
    0.0804608017206192,
    0.019125601276755333,
    0.0007193876663222909,
    -0.08605986088514328,
    -0.016883868724107742,
    0.009864305146038532,
    -0.02277069352567196,
    0.06353455036878586,
    -0.005927590187638998,
    -0.06542374938726425,
    -0.007339134346693754,
    0.03817668929696083,
    0.03189186006784439,
    -0.022287286818027496,
    -0.018238306045532227,
    0.017798371613025665,
    -0.005090195685625076,
    0.029858360067009926,
    0.031838495284318924,
    0.015961991623044014,
    -0.006929499097168446,
    0.029475297778844833,
    0.1033455953001976,
    -0.013328266330063343,
    -1.93038536185044e-32,
    0.008660339750349522,
    -0.04511278122663498,
    -0.10139389336109161,
    0.005985850468277931,
    0.04159842059016228,
    0.013331769034266472,
    -0.046735648065805435,
    -0.04696518927812576,
    0.053880393505096436,
    0.041460275650024414,
    0.00410009641200304,
    -0.06967367231845856,
    0.026490269228816032,
    -0.005533686839044094,
    0.0005753348232246935,
    -0.05820383504033089,
    -0.0042255534790456295,
    -0.01445307768881321,
    -0.049879949539899826,
    0.030909627676010132,
    0.0684700682759285,
    0.05381873995065689,
    0.008064955472946167,
    0.08164869993925095,
    -0.006186748389154673,
    0.023428738117218018,
    -0.023911694064736366,
    -0.05055750533938408,
    0.10793422907590866,
    0.039974115788936615,
    0.006275175139307976,
    0.01978183537721634,
    -0.06226370856165886,
    0.055445123463869095,
    -0.08052206039428711,
    -0.11522972583770752,
    0.09773607552051544,
    -0.040422841906547546,
    -0.024205077439546585,
    -0.08128010481595993,
    0.06327778846025467,
    0.09218506515026093,
    -0.0020354618318378925,
    -0.023615330457687378,
    0.034567903727293015,
    -0.05993720516562462,
    0.055259834975004196,
    -0.03667023032903671,
    0.018223118036985397,
    -0.05566105991601944,
    0.02948274463415146,
    -0.09784498810768127,
    0.030477749183773994,
    0.07487364113330841,
    -0.018653620034456253,
    0.019197560846805573,
    0.049725063145160675,
    -0.05368647351861,
    -0.0685030147433281,
    0.005223139189183712,
    0.09827870875597,
    0.033694811165332794,
    -0.05770476907491684,
    0.06368578970432281,
    0.0514615923166275,
    -0.013104749843478203,
    -0.08245713263750076,
    -0.06159646809101105,
    -0.054405346512794495,
    -0.09347576647996902,
    -0.014383469708263874,
    -0.1206883043050766,
    -0.060799866914749146,
    -0.09521159529685974,
    0.0309708584100008,
    -0.056645698845386505,
    -0.06353151053190231,
    -0.11243409663438797,
    -0.13579310476779938,
    0.05004758760333061,
    0.04815038666129112,
    0.0004931227886117995,
    -0.03369852900505066,
    0.04516983777284622,
    0.0018845137674361467,
    0.05579899623990059,
    0.05211196467280388,
    0.006197404116392136,
    0.018153250217437744,
    0.07086765766143799,
    -0.08873259276151657,
    -0.03133910149335861,
    -0.07270587235689163,
    0.018266702070832253,
    -0.013336136937141418,
    -5.477021502997559e-08,
    -0.0320473276078701,
    0.03527021408081055,
    0.008349062874913216,
    -0.006332945544272661,
    -0.026836076751351357,
    -0.040928006172180176,
    -0.0624852329492569,
    0.021763209253549576,
    -0.016120394691824913,
    -0.05354665592312813,
    0.05091102421283722,
    0.023151841014623642,
    0.019293028861284256,
    0.008711625821888447,
    0.070897676050663,
    -0.046979691833257675,
    -0.016287852078676224,
    -0.027748847380280495,
    -0.0585063137114048,
    0.030009934678673744,
    -0.008669599890708923,
    -0.0053280857391655445,
    -0.03056224435567856,
    -0.018706878647208214,
    0.006041643209755421,
    0.02369215153157711,
    -0.002293298253789544,
    0.0693754255771637,
    0.08121660351753235,
    0.06015997752547264,
    -0.027479251846671104,
    0.019860796630382538,
    0.02337140403687954,
    -0.04359696805477142,
    -0.12557992339134216,
    -0.02005213499069214,
    -0.00829628948122263,
    0.00041068485006690025,
    0.0518319196999073,
    -0.02986215241253376,
    -0.04571165144443512,
    0.0164667759090662,
    0.029658379033207893,
    0.09071046113967896,
    -0.014048519544303417,
    -0.03762317821383476,
    -0.08736935257911682,
    0.0026088436134159565,
    0.0010722827864810824,
    -0.06378704309463501,
    -0.01564721204340458,
    -0.062281880527734756,
    0.07379856705665588,
    0.02002992480993271,
    -0.01844118908047676,
    0.0655241459608078,
    0.07312356680631638,
    0.026513556018471718,
    -0.03630535677075386,
    -0.03411813825368881,
    0.16825518012046814,
    -0.001218523015268147,
    0.04880354925990105,
    -0.031000681221485138
]