[
    0.006455103866755962,
    0.08397019654512405,
    0.006865358911454678,
    -0.07011798024177551,
    0.02124764211475849,
    0.07752547413110733,
    -0.04714234173297882,
    -0.023272162303328514,
    -0.05742647871375084,
    0.008496517315506935,
    -0.001873105182312429,
    -0.01653336174786091,
    -0.030829090625047684,
    -0.0621802993118763,
    0.06430067867040634,
    -0.06704045087099075,
    0.032060883939266205,
    -0.000247303512878716,
    -0.07808582484722137,
    0.07751289755105972,
    0.05816343054175377,
    0.10275333374738693,
    -0.04627297818660736,
    0.05215974152088165,
    -0.02555002272129059,
    0.013327828608453274,
    -0.0007998903165571392,
    -0.053297799080610275,
    0.021065525710582733,
    0.04272009804844856,
    0.051245272159576416,
    0.06111219525337219,
    0.013885922729969025,
    0.05387573689222336,
    0.03606010600924492,
    -0.0596049539744854,
    -0.04695203900337219,
    0.06234634667634964,
    -0.060529839247465134,
    0.02837393805384636,
    -0.06893863528966904,
    0.013005083426833153,
    -0.05907095596194267,
    0.01804438792169094,
    0.06979512423276901,
    0.017587877810001373,
    -0.07026077061891556,
    -0.04623997583985329,
    -0.04794735088944435,
    -0.015205024741590023,
    -0.02859676629304886,
    -0.015774767845869064,
    -0.054579660296440125,
    0.04507073387503624,
    -0.015686465427279472,
    -0.08496297150850296,
    -0.0511796772480011,
    0.0376463457942009,
    -0.07891230285167694,
    0.004754587076604366,
    0.0205545537173748,
    -0.0519830547273159,
    0.011732584796845913,
    0.05284985899925232,
    -0.10098370164632797,
    0.10497511923313141,
    -0.014997793361544609,
    -0.023134587332606316,
    0.02386694960296154,
    -0.006753165274858475,
    -0.1020185574889183,
    -0.026093628257513046,
    0.04950622841715813,
    -0.003152206540107727,
    0.031506191939115524,
    0.008664893917739391,
    0.03923492878675461,
    0.04140984266996384,
    0.048223499208688736,
    -0.1689760833978653,
    -0.05286986008286476,
    0.011599097400903702,
    -0.004975162446498871,
    0.04133077338337898,
    -0.06838728487491608,
    -0.009481322951614857,
    -0.03789578750729561,
    -0.027119575068354607,
    -0.027814775705337524,
    -0.05611296743154526,
    -0.030102131888270378,
    -0.07456807792186737,
    0.12306784838438034,
    -0.05116724967956543,
    0.09627921879291534,
    0.021960187703371048,
    -0.018738890066742897,
    -0.13643404841423035,
    0.00574151799082756,
    -0.063320092856884,
    0.007537235040217638,
    -0.03630202263593674,
    0.03061927855014801,
    0.0057355561293661594,
    -0.0378546267747879,
    -0.04719358682632446,
    0.02505307085812092,
    -0.012948770076036453,
    0.0426584891974926,
    0.018874797970056534,
    0.04665612801909447,
    0.021248845383524895,
    0.037334196269512177,
    -0.1167990043759346,
    0.0010136677883565426,
    -0.03766269609332085,
    0.03202419355511665,
    0.020509542897343636,
    0.1087639182806015,
    0.00855628028512001,
    -0.0542176328599453,
    -0.030689768493175507,
    0.051108360290527344,
    -0.11404454708099365,
    -0.019139863550662994,
    -0.023770403116941452,
    -0.06981674581766129,
    1.4075902737307756e-32,
    -0.03725607320666313,
    -0.03614044561982155,
    -0.05611586198210716,
    -0.01273147203028202,
    0.0589529387652874,
    -0.009398668073117733,
    0.058934587985277176,
    -0.04380426183342934,
    -0.022682800889015198,
    0.06843965500593185,
    -0.013248041272163391,
    0.015021207742393017,
    -0.022426724433898926,
    0.08620663732290268,
    -0.022409658879041672,
    0.014723654836416245,
    0.008158061653375626,
    0.07370252162218094,
    -0.0357452854514122,
    0.04917118698358536,
    -0.0038628713227808475,
    0.016330605372786522,
    0.003822782775387168,
    0.0105815464630723,
    -0.04611152783036232,
    0.039323534816503525,
    -0.027808863669633865,
    -0.061411865055561066,
    0.018626825883984566,
    0.009457527659833431,
    0.024649908766150475,
    0.05064696818590164,
    0.0553874745965004,
    -0.07198545336723328,
    0.019750239327549934,
    0.08329559117555618,
    0.01423477753996849,
    -0.020850202068686485,
    0.05081234127283096,
    -0.12144342809915543,
    -0.07328030467033386,
    -0.025771435350179672,
    0.02080298587679863,
    0.018939882516860962,
    0.09262578934431076,
    -0.024227075278759003,
    -0.0026879298966377974,
    -0.00809056032449007,
    0.000532016740180552,
    0.039951860904693604,
    -0.055102456361055374,
    -0.021482694894075394,
    0.036411236971616745,
    -0.029260769486427307,
    -0.018632909283041954,
    -0.08612088859081268,
    -0.06371103227138519,
    0.010047432966530323,
    -0.08161760866641998,
    0.052258532494306564,
    0.004319032188504934,
    0.0011242522159591317,
    -0.030585385859012604,
    -0.011958437040448189,
    -0.03548656031489372,
    0.007707333657890558,
    -0.04087471589446068,
    -0.05195169895887375,
    0.013947469182312489,
    -0.008111611008644104,
    -0.0246733408421278,
    0.06906647980213165,
    -0.01256165187805891,
    0.027576880529522896,
    0.016141196712851524,
    -0.030694156885147095,
    0.03362346813082695,
    0.011632580310106277,
    0.010543023236095905,
    0.04719969257712364,
    -0.04781400039792061,
    0.03844147548079491,
    0.011549308896064758,
    0.011321652680635452,
    -0.02098131738603115,
    0.034249212592840195,
    0.05267592892050743,
    0.05121885612607002,
    -0.01757638156414032,
    -0.0800100788474083,
    -0.06233436241745949,
    0.01246754452586174,
    -0.00014992288197390735,
    0.049940723925828934,
    0.04841860011219978,
    -1.6847993188351215e-32,
    -0.017222199589014053,
    0.04626384377479553,
    -0.013681970536708832,
    -0.05210074037313461,
    0.05162706971168518,
    0.016767876222729683,
    -0.01751747354865074,
    -0.10709782689809799,
    0.09761190414428711,
    -0.03668911010026932,
    0.02720460295677185,
    -0.04734991118311882,
    -0.024281876161694527,
    -0.019894704222679138,
    -0.08420617133378983,
    -0.01773872971534729,
    -0.087457075715065,
    -0.10357130318880081,
    0.006458039861172438,
    0.13784874975681305,
    -0.003801709273830056,
    0.03866308182477951,
    -0.06964253634214401,
    0.1283245086669922,
    0.02642657421529293,
    0.05640210956335068,
    -0.06990155577659607,
    -0.03138745576143265,
    0.0867229476571083,
    -0.06812888383865356,
    -0.01802074909210205,
    -0.009975732304155827,
    -0.06146286055445671,
    -0.01747066341340542,
    -0.11997464299201965,
    -0.14174450933933258,
    0.0178319551050663,
    -0.045951537787914276,
    -0.10090834647417068,
    -0.030563166365027428,
    0.1139516606926918,
    -0.03572164848446846,
    0.01698618195950985,
    0.0261720959097147,
    -0.020349660888314247,
    0.008406021632254124,
    0.07948331534862518,
    -0.02641194500029087,
    -0.021402813494205475,
    -0.01602746546268463,
    0.012899629771709442,
    0.0032777623273432255,
    -0.0045804413966834545,
    0.06362509727478027,
    -0.02930356375873089,
    0.008803837932646275,
    0.025443144142627716,
    -0.0244129728525877,
    -0.04987757280468941,
    -0.03756820037961006,
    0.08556970208883286,
    0.014122450724244118,
    -0.015660367906093597,
    0.025981711223721504,
    -0.016516188159585,
    -0.054429054260253906,
    0.004968952387571335,
    -0.06821169704198837,
    0.031117601320147514,
    -0.07310940325260162,
    -0.10265931487083435,
    -0.07734110951423645,
    -0.04773944988846779,
    -0.087784543633461,
    0.05238938704133034,
    0.018443064764142036,
    -0.03689359873533249,
    -0.07219380140304565,
    -0.06384415924549103,
    0.0021131052635610104,
    0.04330483078956604,
    -0.029700826853513718,
    -0.0563112236559391,
    0.07964348047971725,
    0.00909612700343132,
    0.018360594287514687,
    -0.04430330544710159,
    -0.02759457752108574,
    -0.003640808630734682,
    0.08367566019296646,
    -0.11884353309869766,
    0.023635918274521828,
    -0.022132372483611107,
    0.06716712564229965,
    -0.030105698853731155,
    -5.058532437374197e-08,
    0.08351267129182816,
    0.08251609653234482,
    -0.039061568677425385,
    -0.02853980101644993,
    -0.04856419190764427,
    -0.03462725132703781,
    -0.07488469779491425,
    0.005907491315156221,
    0.003519156714901328,
    -0.028119400143623352,
    0.015854177996516228,
    0.10403658449649811,
    -0.04348496347665787,
    0.010640366934239864,
    0.00029151071794331074,
    -0.0025785472244024277,
    -0.058832429349422455,
    0.040791865438222885,
    -0.007340934593230486,
    0.08378776162862778,
    -0.08142388612031937,
    -0.052181292325258255,
    -0.10715283453464508,
    0.005323498044162989,
    0.035705383867025375,
    0.04601714015007019,
    -0.014125673100352287,
    0.03831808269023895,
    0.062359441071748734,
    0.03896811231970787,
    0.04343443736433983,
    0.03765640780329704,
    -0.030948463827371597,
    0.009781692177057266,
    -0.03105170838534832,
    -0.04172472283244133,
    -0.0006260538939386606,
    0.04788399860262871,
    0.03045465424656868,
    0.01798713020980358,
    -0.013488203287124634,
    0.0071340869180858135,
    -0.0067277755588293076,
    0.08846217393875122,
    -0.023473160341382027,
    -0.012382693588733673,
    0.013783001340925694,
    -0.011370864696800709,
    -0.00015862171130720526,
    -0.04737602174282074,
    -0.0515979565680027,
    0.0001638515677768737,
    0.09706397354602814,
    -0.03557417169213295,
    -0.0434870682656765,
    0.07081037759780884,
    0.06899303942918777,
    0.0017443756805732846,
    -0.025824574753642082,
    -0.014572333544492722,
    0.08773069083690643,
    -0.016108354553580284,
    0.028525911271572113,
    0.07193059474229813
]