[
    -0.014753397554159164,
    0.05271589756011963,
    0.028947316110134125,
    -0.05277093127369881,
    0.027406062930822372,
    0.06686073541641235,
    -0.01032926794141531,
    -0.05388526991009712,
    -0.04563242942094803,
    -0.02258904278278351,
    -0.05048864707350731,
    -0.026027506217360497,
    -0.02092239260673523,
    -0.052849359810352325,
    0.11044184863567352,
    -0.03968842700123787,
    0.012893952429294586,
    0.03827283903956413,
    -0.08822107315063477,
    0.0620330274105072,
    0.03763240948319435,
    0.046272050589323044,
    -0.05184287577867508,
    0.02508324570953846,
    -0.08729930967092514,
    -0.0209756288677454,
    0.025887055322527885,
    -0.045380353927612305,
    -0.01070552971214056,
    -0.003476276993751526,
    0.058378756046295166,
    0.04837536811828613,
    0.004185488913208246,
    0.08702918887138367,
    0.040010951459407806,
    -0.020819874480366707,
    -0.052891023457050323,
    0.0373641699552536,
    -0.058564212173223495,
    0.03912924975156784,
    -0.041191812604665756,
    -0.009387805126607418,
    -0.026476459577679634,
    0.0320565365254879,
    0.03172590583562851,
    0.002616198267787695,
    -0.0806361585855484,
    -0.0032817572355270386,
    0.0297927875071764,
    0.06386134028434753,
    -0.01900222711265087,
    -0.013927149586379528,
    -0.008002398535609245,
    0.04935775324702263,
    -0.02377958782017231,
    -0.10156702250242233,
    -0.07103528082370758,
    0.023890648037195206,
    -0.08303388953208923,
    0.00015874282689765096,
    0.037567585706710815,
    -0.04172022268176079,
    0.018439220264554024,
    0.060755711048841476,
    -0.08432768285274506,
    0.07940442115068436,
    -0.013363548554480076,
    -0.010886873118579388,
    -0.041707102209329605,
    -0.038833148777484894,
    -0.07692217826843262,
    -0.038958288729190826,
    -0.014501999132335186,
    0.03207636624574661,
    0.014438801445066929,
    0.03299850597977638,
    0.020301638171076775,
    -0.0019647320732474327,
    0.06208113208413124,
    -0.12126488983631134,
    -0.07152360677719116,
    0.00845944881439209,
    0.027139468118548393,
    0.03201768174767494,
    -0.03605864197015762,
    -0.023613393306732178,
    -0.00021852203644812107,
    -0.01710824854671955,
    -0.014951596036553383,
    -0.039177361875772476,
    -0.009707026183605194,
    -0.03964632749557495,
    0.07414796948432922,
    -0.039533667266368866,
    0.08592099696397781,
    -0.016045358031988144,
    0.022912487387657166,
    -0.08361249417066574,
    0.042140889912843704,
    -0.03364025056362152,
    0.001722755958326161,
    -0.03486025333404541,
    0.0655340924859047,
    0.029387669637799263,
    -0.0789368748664856,
    -0.074749656021595,
    0.04243053123354912,
    0.025083135813474655,
    0.012884331867098808,
    0.016607608646154404,
    0.006000415422022343,
    0.0483567900955677,
    -0.023214969784021378,
    -0.08869040757417679,
    0.02412189543247223,
    -0.04534246772527695,
    -0.015064068138599396,
    0.024333741515874863,
    0.05985909327864647,
    0.00835412461310625,
    -0.06560462713241577,
    -0.01715279370546341,
    -0.043621547520160675,
    -0.09905774146318436,
    -0.035249385982751846,
    0.03836359828710556,
    -0.007462825160473585,
    2.2811177582420798e-32,
    -0.01594429835677147,
    -0.0033401534892618656,
    -0.04142584651708603,
    0.0220720786601305,
    0.02315041422843933,
    -0.026442643254995346,
    0.06983836740255356,
    0.007506935391575098,
    -0.029904698953032494,
    0.06448973715305328,
    -0.06059883162379265,
    0.01154621783643961,
    -0.03938556835055351,
    0.07170061767101288,
    -0.039410218596458435,
    -0.013637089170515537,
    0.002911205869168043,
    0.08824658393859863,
    -0.031570758670568466,
    0.06997410207986832,
    -0.016339868307113647,
    -0.013262811116874218,
    0.008823610842227936,
    0.009556308388710022,
    -0.08616597950458527,
    0.03960728272795677,
    0.025253310799598694,
    -0.05048501491546631,
    -0.01583019085228443,
    0.023091500625014305,
    0.02749718725681305,
    0.024491777643561363,
    -0.0013969558058306575,
    -0.048683635890483856,
    -0.05585067346692085,
    0.1265539675951004,
    0.013569078408181667,
    -0.01979556865990162,
    0.03932159021496773,
    -0.10337107628583908,
    -0.0555136501789093,
    -0.018886065110564232,
    0.07616806775331497,
    0.020508570596575737,
    0.07355885952711105,
    -0.006466827820986509,
    0.011642617173492908,
    0.006521741393953562,
    0.018076064065098763,
    0.0672953873872757,
    -0.07484549283981323,
    -0.005093140061944723,
    0.021548528224229813,
    -0.046770304441452026,
    0.03455376625061035,
    -0.035269591957330704,
    -0.06624317914247513,
    0.04404892399907112,
    -0.040271319448947906,
    0.04971092566847801,
    -0.05032092332839966,
    0.024256031960248947,
    -0.03946412354707718,
    -0.0208421777933836,
    0.021571384742856026,
    -0.012508909218013287,
    -0.01196523942053318,
    -0.08087467402219772,
    0.07122745364904404,
    0.04276442900300026,
    0.03391943871974945,
    0.09045520424842834,
    -0.015158205293118954,
    0.030830420553684235,
    0.015108433552086353,
    -0.025188634172081947,
    0.03316577151417732,
    -0.011213485151529312,
    0.04635293409228325,
    0.051413241773843765,
    -0.059116918593645096,
    0.03767890855669975,
    0.009167378768324852,
    0.02939102239906788,
    -0.015419652685523033,
    0.03815864026546478,
    0.05601579323410988,
    0.04981466755270958,
    -0.037360381335020065,
    -0.06411505490541458,
    -0.03544290363788605,
    0.023305119946599007,
    0.03668263927102089,
    0.03247160091996193,
    0.038389865309000015,
    -2.3747181122310368e-32,
    -0.011282909661531448,
    -0.030936643481254578,
    -0.004667565226554871,
    -0.06812930852174759,
    0.05221858248114586,
    -0.009852977469563484,
    -0.046427953988313675,
    -0.11169227212667465,
    0.08045118302106857,
    -0.006021811161190271,
    -0.0028642022516578436,
    -0.08097530156373978,
    -0.0031407803762704134,
    -0.045743800699710846,
    -0.10470029711723328,
    -0.03924889490008354,
    -0.1330125331878662,
    -0.09052816033363342,
    0.011443275026977062,
    0.12213928252458572,
    -0.046167485415935516,
    -0.03507829084992409,
    -0.03331979736685753,
    0.10858951508998871,
    0.07604791224002838,
    0.056807272136211395,
    -0.04884623363614082,
    -0.005731785669922829,
    0.11970213055610657,
    -0.0612783320248127,
    -0.043677713721990585,
    -0.05558386445045471,
    -0.027165276929736137,
    0.012409168295562267,
    -0.043924879282712936,
    -0.1865212470293045,
    0.011059137992560863,
    -0.0034306750167161226,
    -0.027763541787862778,
    -0.024559570476412773,
    0.09265073388814926,
    -0.0402953177690506,
    0.03612101450562477,
    0.02671910636126995,
    0.018658814951777458,
    -0.014590797945857048,
    0.061358742415905,
    -0.05034869164228439,
    -0.013631457462906837,
    0.031004907563328743,
    0.0024312282912433147,
    -0.00857141986489296,
    -0.025043059140443802,
    0.03512454405426979,
    -0.037916071712970734,
    -0.017172008752822876,
    0.0035884627141058445,
    -0.029584921896457672,
    -0.0879911258816719,
    -0.04823499917984009,
    0.05297838896512985,
    0.057668644934892654,
    0.00987652875483036,
    0.08202001452445984,
    0.014422876760363579,
    -0.08458470553159714,
    -0.0324476957321167,
    -0.1313776969909668,
    -0.04652118310332298,
    -0.043317779898643494,
    -0.1430635005235672,
    -0.12425734102725983,
    -0.0383654460310936,
    -0.12015189975500107,
    0.06438744813203812,
    -0.06549625843763351,
    -0.016981882974505424,
    -0.07501914352178574,
    -0.05284871160984039,
    0.04056277871131897,
    0.07413697242736816,
    0.00042178714647889137,
    -0.05622045323252678,
    0.0764179676771164,
    0.018099721521139145,
    0.03187064453959465,
    0.023163316771388054,
    -0.0066981869749724865,
    -0.01313459500670433,
    0.11440858244895935,
    -0.08804691582918167,
    0.024448463693261147,
    -0.035367775708436966,
    0.03461006283760071,
    -0.09474939107894897,
    -6.455418599671248e-08,
    0.017730040475726128,
    0.09114404022693634,
    -0.015132451429963112,
    -0.05110624060034752,
    -0.024809127673506737,
    -0.04254867136478424,
    -0.04036381468176842,
    -0.007691624574363232,
    -0.008685437962412834,
    -0.04490728676319122,
    0.03806883096694946,
    0.09669633954763412,
    -0.03052559867501259,
    0.0004513774183578789,
    0.038126956671476364,
    -0.04985051974654198,
    -0.05171336606144905,
    -0.01084505021572113,
    -0.033609528094530106,
    0.0700630396604538,
    -0.09160242229700089,
    -0.04507768526673317,
    -0.08023659139871597,
    -0.007027143146842718,
    0.013772633858025074,
    0.0869162306189537,
    -0.03324129432439804,
    -0.008620764128863811,
    0.10654383897781372,
    0.03316524624824524,
    -0.0013022910570725799,
    0.04862841218709946,
    -0.01577453687787056,
    -0.009995260275900364,
    -0.026914188638329506,
    -0.04150397703051567,
    0.017822930589318275,
    0.0247894749045372,
    0.03327473998069763,
    -0.030652780085802078,
    0.010590704157948494,
    0.023747367784380913,
    -0.014309629797935486,
    0.057294685393571854,
    -0.010621871799230576,
    -0.04952025040984154,
    -0.022292090579867363,
    -0.028086377307772636,
    -0.008864833042025566,
    -0.057277314364910126,
    -0.0488043874502182,
    -0.0634743943810463,
    0.10202904045581818,
    -0.04045679420232773,
    -0.07443927973508835,
    0.07939350605010986,
    0.012157056480646133,
    -0.03882560506463051,
    0.004767828620970249,
    -0.014978918246924877,
    0.09298554062843323,
    -0.004640690051019192,
    0.03806080296635628,
    0.05186794698238373
]