[
    -0.01829366758465767,
    0.01384102925658226,
    -0.009291339665651321,
    -0.03784101828932762,
    -0.05788537859916687,
    0.03429897874593735,
    -0.014858169481158257,
    -0.04290920868515968,
    -0.042732562869787216,
    0.020109521225094795,
    -0.027062423527240753,
    -0.05090709775686264,
    -0.030782194808125496,
    -0.0267548318952322,
    0.0623338408768177,
    0.04707895964384079,
    0.09373509883880615,
    0.027905045077204704,
    -0.09172998368740082,
    -0.017593054100871086,
    0.00492745079100132,
    0.018404187634587288,
    -0.011340227909386158,
    -0.013947803527116776,
    -0.11622881889343262,
    -0.028761133551597595,
    -0.016099371016025543,
    -0.054009996354579926,
    0.04903143644332886,
    -0.07471010088920593,
    0.06826627999544144,
    0.01684608682990074,
    0.09001223742961884,
    0.03696613386273384,
    0.01221446692943573,
    -0.0026553852949291468,
    0.04958570748567581,
    -0.04931606724858284,
    0.04664039984345436,
    -0.03298776596784592,
    0.010057635605335236,
    -0.017650600522756577,
    -0.03654494881629944,
    -0.029117543250322342,
    -0.016019096598029137,
    0.0029572409112006426,
    -0.011755753308534622,
    -0.020264510065317154,
    -0.034254901111125946,
    0.017118940129876137,
    -0.039128050208091736,
    -0.04757341742515564,
    0.0026176453102380037,
    0.08352707326412201,
    -0.03381089121103287,
    0.032158367335796356,
    -0.015717927366495132,
    0.04315634444355965,
    -0.002991428831592202,
    0.01427919790148735,
    -0.022926179692149162,
    -0.028542131185531616,
    -0.08406128734350204,
    0.06582903861999512,
    -0.05566657707095146,
    0.01837065815925598,
    -0.0034499645698815584,
    0.009112292900681496,
    0.05964658036828041,
    0.0033718999475240707,
    -0.03730565309524536,
    0.053054653108119965,
    0.042510129511356354,
    -0.0053300862200558186,
    -0.05007494240999222,
    0.02742856927216053,
    0.014546451158821583,
    -0.00424107676371932,
    0.07149051874876022,
    -0.06510879099369049,
    -0.07792077958583832,
    0.0014130655908957124,
    -0.04742918163537979,
    -0.016422446817159653,
    -0.04179517924785614,
    -0.059305645525455475,
    -0.018312031403183937,
    0.010304505005478859,
    -0.012160803191363811,
    0.035081908106803894,
    0.054267264902591705,
    -0.06290646642446518,
    0.018903180956840515,
    -0.058983203023672104,
    0.024846769869327545,
    0.024972425773739815,
    0.025069693103432655,
    0.01155276782810688,
    0.0983690619468689,
    0.052874501794576645,
    0.05094625800848007,
    0.025716792792081833,
    -0.015436524525284767,
    -0.048951730132102966,
    -0.052631769329309464,
    -0.056387387216091156,
    -0.048837725073099136,
    -0.006281358655542135,
    -0.04815129563212395,
    -0.0021711797453463078,
    -0.008768048137426376,
    -0.043319351971149445,
    0.012726466171443462,
    -0.1025228500366211,
    0.0651492178440094,
    0.07447174191474915,
    -0.012263934127986431,
    0.07433298975229263,
    0.031721729785203934,
    -0.025674454867839813,
    -0.007743197958916426,
    0.03856860473752022,
    -0.048082705587148666,
    -0.07105504721403122,
    0.032403960824012756,
    0.027855221182107925,
    -0.007408170495182276,
    1.6675291027696343e-32,
    -0.015462917275726795,
    -0.059493206441402435,
    -0.12356359511613846,
    0.030363844707608223,
    0.09618667513132095,
    -0.0036804107949137688,
    0.004555223975330591,
    -0.03254701942205429,
    -0.05791786313056946,
    0.037747107446193695,
    0.009511223994195461,
    -0.01155880093574524,
    -0.010044410824775696,
    -0.10520113259553909,
    -0.06359735876321793,
    -0.009795294143259525,
    -0.04122088849544525,
    0.10820779949426651,
    -0.06619565188884735,
    -0.009265501983463764,
    0.03327586129307747,
    -0.06106242164969444,
    -0.02773568034172058,
    0.059246815741062164,
    0.030645793303847313,
    0.04517212137579918,
    0.06906907260417938,
    -0.0437445342540741,
    0.02764037810266018,
    0.022278210148215294,
    0.018278511241078377,
    0.031920913606882095,
    0.03976702690124512,
    0.037159256637096405,
    0.07564990967512131,
    0.12105921655893326,
    -0.03641682118177414,
    -0.023595035076141357,
    0.09316042065620422,
    -0.09353087842464447,
    -0.017659028992056847,
    -0.030071329325437546,
    0.015090692788362503,
    -0.04751827195286751,
    0.02997387945652008,
    -0.0034610931761562824,
    -0.05127323046326637,
    0.02035895548760891,
    0.106105275452137,
    0.09258314222097397,
    0.028925109654664993,
    -0.027043724432587624,
    0.059863150119781494,
    -0.028064195066690445,
    0.05638963729143143,
    0.012306787073612213,
    -0.034971464425325394,
    0.010523979552090168,
    -0.02782757580280304,
    0.03718206658959389,
    0.00853582564741373,
    0.07061809301376343,
    -0.07655562460422516,
    0.07420336455106735,
    -0.02161162905395031,
    -0.07918775081634521,
    -0.03468994051218033,
    -0.05813949555158615,
    0.09448522329330444,
    -0.12340448051691055,
    -0.023543739691376686,
    0.05474026873707771,
    0.004237694200128317,
    0.018043899908661842,
    -0.05558531731367111,
    -0.010108262300491333,
    0.02340092882514,
    -0.0422542504966259,
    0.05011148750782013,
    0.00205213762819767,
    -0.09269724041223526,
    0.021370364353060722,
    0.027427667751908302,
    0.062126126140356064,
    0.06492689996957779,
    -0.06011961027979851,
    -0.009417599067091942,
    0.028472110629081726,
    -0.0381607823073864,
    -0.00044889573473483324,
    0.03937140107154846,
    0.04032869264483452,
    -0.028129927814006805,
    0.055642493069171906,
    0.05688681825995445,
    -1.627505871112837e-32,
    0.06025294214487076,
    -0.026695463806390762,
    -0.07081172615289688,
    0.03620104119181633,
    0.045370906591415405,
    0.06269887834787369,
    -0.05883580073714256,
    -0.05073763430118561,
    0.049503251910209656,
    -0.03361407667398453,
    -0.040165141224861145,
    -0.04836706817150116,
    -0.005071050021797419,
    -0.00870431400835514,
    -0.07707188278436661,
    -0.08021726459264755,
    0.046581368893384933,
    -0.012798044830560684,
    0.06420581787824631,
    0.06986983865499496,
    0.08463211357593536,
    0.007011888548731804,
    -0.04211903735995293,
    0.08497579395771027,
    -0.01940956898033619,
    -0.06437799334526062,
    -0.011193154379725456,
    -0.08040568232536316,
    0.024603363126516342,
    0.07354570180177689,
    -0.06997713446617126,
    -0.0886400118470192,
    -0.09117424488067627,
    0.04407564550638199,
    -0.034051403403282166,
    -0.16654086112976074,
    0.14213040471076965,
    -0.05174107849597931,
    -0.022084450349211693,
    0.008771517314016819,
    0.05435245484113693,
    0.08774625509977341,
    0.0073396628722548485,
    -0.055822402238845825,
    -0.01032625325024128,
    -0.005393810570240021,
    0.054637361317873,
    -0.021258188411593437,
    -0.06284692138433456,
    -0.08258531242609024,
    -0.005301011726260185,
    -0.06227969750761986,
    0.017101123929023743,
    0.0010768502252176404,
    -0.02371884323656559,
    0.03949304670095444,
    0.030255669727921486,
    -0.075750932097435,
    -0.021260356530547142,
    0.01020968146622181,
    0.07456640154123306,
    0.05401233211159706,
    -0.007807162590324879,
    -0.0036416868679225445,
    0.044344913214445114,
    0.006595009937882423,
    -0.0906069353222847,
    -0.0026252418756484985,
    -0.033916790038347244,
    -0.017208794131875038,
    -0.002957211807370186,
    -0.10926499217748642,
    -0.07489635795354843,
    -0.03655269742012024,
    0.07732966542243958,
    0.002255455357953906,
    -0.031130028888583183,
    -0.0602763332426548,
    -0.09711384028196335,
    0.019839221611618996,
    -0.007571037393063307,
    0.0679965391755104,
    -0.07476013898849487,
    0.059003762900829315,
    -0.0006795689114369452,
    0.1030251756310463,
    0.05712100490927696,
    -0.04199419170618057,
    0.05516097694635391,
    0.07875170558691025,
    -0.046033553779125214,
    0.003021849785000086,
    0.046727124601602554,
    0.06956895440816879,
    -0.07125940918922424,
    -4.875220582789552e-08,
    -0.07963984459638596,
    0.029517432674765587,
    -0.023176884278655052,
    -0.034180816262960434,
    -0.006046476773917675,
    -0.004723354708403349,
    -0.0029893440660089254,
    -0.01907961256802082,
    -0.017421206459403038,
    -0.04489751160144806,
    0.06220974400639534,
    -0.010005157440900803,
    -0.009594842791557312,
    -0.009120163507759571,
    0.034699104726314545,
    -0.018142398446798325,
    -0.021391194313764572,
    0.022016825154423714,
    -0.09212808310985565,
    -0.02907998487353325,
    -0.01959199085831642,
    -0.035392358899116516,
    -0.041406817734241486,
    0.02602677419781685,
    0.03742131590843201,
    -0.030658293515443802,
    0.007423411589115858,
    0.11729448288679123,
    0.0006937277503311634,
    0.04212058708071709,
    -0.05823758989572525,
    0.07220861315727234,
    -0.023791266605257988,
    -0.10195351392030716,
    -0.03516785800457001,
    -0.025266572833061218,
    -0.036299604922533035,
    -0.004971794318407774,
    0.07161321491003036,
    0.05466196686029434,
    -0.0942448079586029,
    0.03333021327853203,
    0.04077213630080223,
    0.020968852564692497,
    0.022900806739926338,
    0.012113934382796288,
    -0.05475658178329468,
    0.007819357328116894,
    -0.02242419682443142,
    -0.07550196349620819,
    -0.02256457693874836,
    -0.0374256893992424,
    0.03362578898668289,
    -0.04556440934538841,
    0.015627490356564522,
    0.12630510330200195,
    0.13480538129806519,
    0.031656414270401,
    -0.04947514086961746,
    -0.034973207861185074,
    0.0827106311917305,
    0.10910207033157349,
    0.012482263147830963,
    0.028008632361888885
]