[
    -0.001389090670272708,
    0.05462690070271492,
    -0.027222301810979843,
    -0.04175141453742981,
    -0.0249578058719635,
    0.061296653002500534,
    -0.056797370314598083,
    -0.031193358823657036,
    0.014665154740214348,
    0.03904063254594803,
    0.052015308290719986,
    -0.05137104168534279,
    -0.005166473798453808,
    -0.033381640911102295,
    0.08543534576892853,
    -0.023767221719026566,
    0.035685498267412186,
    0.06303740292787552,
    -0.09955301135778427,
    0.058185696601867676,
    0.05119679495692253,
    0.08041863143444061,
    -0.033399950712919235,
    0.009232253767549992,
    -0.13765884935855865,
    -0.028725048527121544,
    -0.03500377759337425,
    -0.04197467863559723,
    0.041791655123233795,
    -0.033403076231479645,
    -0.009791496209800243,
    0.03663260489702225,
    0.06183772534132004,
    0.09330004453659058,
    -0.019609512761235237,
    -0.007463207934051752,
    -0.0018327169818803668,
    0.008050067350268364,
    -0.031220480799674988,
    -0.007259312551468611,
    -0.07665348052978516,
    -0.04233595356345177,
    -0.03914472833275795,
    0.010846253484487534,
    0.03336629271507263,
    0.006801364943385124,
    -0.04020931199193001,
    -0.03160785511136055,
    -0.05873972177505493,
    0.011542498134076595,
    -0.08979146182537079,
    -0.04568930342793465,
    -0.014345177449285984,
    0.10247887670993805,
    -0.04868142679333687,
    -0.02430548518896103,
    -0.03362083435058594,
    0.022516407072544098,
    -0.05368809029459953,
    -0.007513359654694796,
    0.00853730458766222,
    -0.017807578667998314,
    -0.04742057994008064,
    0.08172181248664856,
    -0.061856795102357864,
    0.050624676048755646,
    -0.005479327868670225,
    -0.035056598484516144,
    0.02574620023369789,
    0.009773538447916508,
    -0.11362547427415848,
    -0.027857907116413116,
    -0.01558213122189045,
    0.028282176703214645,
    0.0036459937691688538,
    0.03721325844526291,
    -0.026504404842853546,
    0.03353053703904152,
    0.054468151181936264,
    -0.1655137687921524,
    -0.04449214041233063,
    0.04278581216931343,
    0.012485002167522907,
    0.06525827944278717,
    0.0005942824645899236,
    -0.041063569486141205,
    -0.027072973549365997,
    -0.0015600291080772877,
    0.009104100055992603,
    -0.03363952040672302,
    0.08352936059236526,
    -0.10083330422639847,
    0.15156273543834686,
    -0.04698583856225014,
    0.05876278877258301,
    -0.024157369509339333,
    -0.016913559287786484,
    -0.0664953887462616,
    0.03636546805500984,
    -0.024459589272737503,
    -0.0030822930857539177,
    0.00412170123308897,
    -0.11217302083969116,
    0.01095188781619072,
    -0.03431003540754318,
    -0.0825902670621872,
    -0.011597767472267151,
    -0.02021086774766445,
    0.01652367413043976,
    0.0458822026848793,
    0.020621877163648605,
    0.05737747997045517,
    -0.029304547235369682,
    -0.15692831575870514,
    0.052953287959098816,
    -0.026602622121572495,
    -0.05894894525408745,
    0.05222955718636513,
    0.053763922303915024,
    0.002872212789952755,
    -0.02281561866402626,
    -0.014473856426775455,
    -0.05908813327550888,
    -0.09033557027578354,
    0.019154395908117294,
    0.013937688432633877,
    -0.013853112235665321,
    2.0609691191049679e-32,
    0.01191051583737135,
    -0.0034672855399549007,
    -0.05266442894935608,
    -0.011683098040521145,
    0.014867848716676235,
    -0.009038817137479782,
    0.0019438364543020725,
    -0.0008290159748867154,
    -0.03760344907641411,
    0.05621321499347687,
    0.02790815383195877,
    0.05743633210659027,
    -0.03826723247766495,
    -0.04582357779145241,
    -0.022423384711146355,
    0.02647821418941021,
    -0.015856867656111717,
    0.12195231020450592,
    0.010048545897006989,
    0.08914432674646378,
    0.016619661822915077,
    -0.07088741660118103,
    0.03066658414900303,
    0.0003236937627661973,
    -0.004591752775013447,
    -0.015963034704327583,
    0.010988036170601845,
    -0.017850860953330994,
    0.01692417822778225,
    0.01304230373352766,
    0.047459255903959274,
    0.004762564320117235,
    0.05709436163306236,
    -0.0026557189412415028,
    0.018749890848994255,
    0.08928167819976807,
    0.02661358192563057,
    -0.037321723997592926,
    0.07325640320777893,
    -0.05752647668123245,
    -0.0921151265501976,
    0.008533565327525139,
    0.04762140288949013,
    0.02440214343369007,
    0.04174245521426201,
    -0.03774058818817139,
    0.007370135746896267,
    -0.05013896897435188,
    0.047241054475307465,
    0.03211616724729538,
    -0.028836023062467575,
    0.015859536826610565,
    0.07318650186061859,
    -0.03702384978532791,
    0.028792284429073334,
    -0.01944253221154213,
    -0.03307581692934036,
    0.04697437584400177,
    -0.07773751765489578,
    0.09576956182718277,
    -0.004835208412259817,
    0.0726027563214302,
    0.004099267069250345,
    -0.015069184824824333,
    -0.0008231064421124756,
    -0.018383091315627098,
    -0.0449376106262207,
    -0.04592497646808624,
    0.044449202716350555,
    -0.011303701438009739,
    -0.06891389191150665,
    0.0763893648982048,
    -0.011464353650808334,
    0.023753348737955093,
    -0.036455947905778885,
    -0.04088049754500389,
    0.02034098468720913,
    0.001751812407746911,
    0.011143538169562817,
    -0.01572788693010807,
    -0.06484931707382202,
    -0.02406778745353222,
    0.03583309426903725,
    0.08250659704208374,
    -0.028864718973636627,
    -0.020051224157214165,
    0.0663030594587326,
    0.05675405263900757,
    -0.043248508125543594,
    -0.04962814599275589,
    0.009786777198314667,
    0.00921462569385767,
    0.03163961321115494,
    0.10091188549995422,
    0.042884137481451035,
    -2.0527502095408123e-32,
    0.00945435930043459,
    -0.025500942021608353,
    -0.07502202689647675,
    0.022228678688406944,
    0.0690644308924675,
    -0.015237884595990181,
    -0.08469416946172714,
    -0.06822127848863602,
    0.07450109720230103,
    -0.013349528424441814,
    -0.008667235262691975,
    -0.06395940482616425,
    -0.05405699834227562,
    -0.03283892199397087,
    -0.046623989939689636,
    -0.03339611738920212,
    -0.02545328438282013,
    -0.07195034623146057,
    -0.0385676771402359,
    0.1053105965256691,
    0.0024010685738176107,
    -0.02100522257387638,
    -0.05483163520693779,
    0.10445459932088852,
    0.010053842328488827,
    0.040752481669187546,
    -0.013075743801891804,
    -0.04638661444187164,
    0.0644829273223877,
    -0.030134527012705803,
    -0.045531995594501495,
    -0.07671350240707397,
    -0.032774973660707474,
    0.06669607013463974,
    -0.07087299972772598,
    -0.18331493437290192,
    0.028530210256576538,
    -0.08829037845134735,
    -0.013588340021669865,
    -0.017480559647083282,
    0.06458337604999542,
    0.052385490387678146,
    -0.031047549098730087,
    0.012688538059592247,
    0.004639898892492056,
    -0.05448945611715317,
    0.030930474400520325,
    -0.019604621455073357,
    -0.005222806707024574,
    -0.011057273484766483,
    0.01810433156788349,
    -0.03652713820338249,
    -0.01572069525718689,
    0.024570003151893616,
    -0.034443750977516174,
    0.06477901339530945,
    0.045492611825466156,
    -0.06007203832268715,
    -0.06485135853290558,
    -0.00524580804631114,
    0.03325991332530975,
    0.07422007620334625,
    -0.03096461296081543,
    0.02867075428366661,
    0.06438679248094559,
    -0.019416389986872673,
    -0.013952510431408882,
    -0.049480464309453964,
    -0.009976430796086788,
    -0.09877971559762955,
    -0.03628697246313095,
    -0.07971949130296707,
    -0.0644119381904602,
    -0.12162934988737106,
    0.0905643180012703,
    -0.0665690004825592,
    -0.01933155208826065,
    -0.11718875169754028,
    -0.09935666620731354,
    0.031274158507585526,
    0.03802821785211563,
    -0.004997089505195618,
    -0.04626766964793205,
    0.0727471113204956,
    -0.03182069584727287,
    0.08067156374454498,
    0.03163532167673111,
    -0.0239773727953434,
    0.03363756462931633,
    0.0679861456155777,
    -0.05282909423112869,
    -0.021409109234809875,
    -0.06414198130369186,
    0.0442015677690506,
    -0.06987074762582779,
    -5.7926648366901645e-08,
    -0.04811004176735878,
    0.0359032042324543,
    -0.01177817489951849,
    -0.006430458277463913,
    0.03302524611353874,
    -0.044705312699079514,
    -0.03688643500208855,
    -0.007485432084649801,
    -0.029014302417635918,
    -0.07856868952512741,
    0.048788756132125854,
    0.06577443331480026,
    -0.0034893059637397528,
    -0.044499270617961884,
    0.04173887148499489,
    -0.0286659374833107,
    -0.0702255517244339,
    0.013731202110648155,
    -0.07818737626075745,
    0.06744354218244553,
    -0.06941528618335724,
    -0.05630171671509743,
    -0.06681565195322037,
    -0.020981278270483017,
    0.03934827819466591,
    0.01658455654978752,
    -0.04779892414808273,
    0.06965317577123642,
    0.0861826166510582,
    0.07173852622509003,
    0.004034952260553837,
    0.00016237447562161833,
    0.012426313012838364,
    -0.019077477976679802,
    -0.07774890214204788,
    -0.0438091866672039,
    0.019007189199328423,
    -0.006007348652929068,
    0.06989380717277527,
    0.02356400340795517,
    0.014659850858151913,
    0.03950295224785805,
    0.06183796375989914,
    0.1347760707139969,
    -0.003387548727914691,
    -0.044770870357751846,
    -0.03967670351266861,
    0.04902470111846924,
    0.02563459612429142,
    -0.10192179679870605,
    0.006852556485682726,
    -0.022660283371806145,
    0.07210452854633331,
    0.015807263553142548,
    -0.003629114245995879,
    0.04490289464592934,
    0.07148560136556625,
    0.012119361199438572,
    -0.024348115548491478,
    0.01375018060207367,
    0.08018416911363602,
    0.024339834228157997,
    0.06318552792072296,
    -0.00402863509953022
]