[
    -0.06137099862098694,
    0.03149352967739105,
    -0.03379388898611069,
    -0.09129069745540619,
    -0.04682496190071106,
    0.0062808324582874775,
    -0.021358657628297806,
    -0.007031697779893875,
    -0.0073554483242332935,
    0.0474916510283947,
    -0.0009503309265710413,
    0.004148606210947037,
    -0.0034301269333809614,
    0.010955453850328922,
    0.06906446069478989,
    0.06694579124450684,
    0.07000129669904709,
    0.039971668273210526,
    -0.0323365181684494,
    0.014220314100384712,
    0.005835443735122681,
    0.007337337825447321,
    -0.06157528981566429,
    -0.020436972379684448,
    -0.11386312544345856,
    -0.05811849981546402,
    0.010644174180924892,
    -0.08149346709251404,
    0.0806208923459053,
    -0.06759223341941833,
    0.06215861439704895,
    0.07785636186599731,
    0.024699164554476738,
    0.02931881509721279,
    -0.011401912197470665,
    0.023377278819680214,
    0.000313745898893103,
    -0.05975564196705818,
    0.02540922723710537,
    0.018567632883787155,
    -0.017586681991815567,
    -0.020496053621172905,
    -0.060139525681734085,
    -0.006985704880207777,
    -0.005812890361994505,
    0.0248870812356472,
    0.02949020080268383,
    0.03286372497677803,
    -0.03801945969462395,
    -0.009601850062608719,
    -0.11473722010850906,
    -0.0212151650339365,
    -0.024355286732316017,
    0.044704895466566086,
    -0.04557108134031296,
    -0.04305736720561981,
    -0.0019425436621531844,
    0.047979339957237244,
    -0.04307566583156586,
    -0.010470406152307987,
    -0.01901421882212162,
    -0.028903808444738388,
    -0.08521489053964615,
    0.021746492013335228,
    0.012042839080095291,
    0.03716689348220825,
    -0.007409845013171434,
    0.004343848209828138,
    -0.003836351213976741,
    -0.02215251885354519,
    0.016256634145975113,
    0.02671392448246479,
    0.01960267312824726,
    0.023605549708008766,
    -0.037374094128608704,
    0.00259964051656425,
    0.0019992534071207047,
    0.0407283715903759,
    0.07141651958227158,
    -0.11247550696134567,
    -0.030160371214151382,
    0.05727557837963104,
    -0.05332404375076294,
    0.03226809948682785,
    -0.06470778584480286,
    -0.04061921685934067,
    -0.0029342954512685537,
    -0.00244047399610281,
    0.018687810748815536,
    0.04555889964103699,
    0.09333524852991104,
    -0.09724649786949158,
    0.040228042751550674,
    -0.05605638027191162,
    0.009020446799695492,
    -0.0009985791984945536,
    0.02977541834115982,
    -0.032111894339323044,
    0.10500133037567139,
    -0.006796267814934254,
    0.011470681987702847,
    0.03423594310879707,
    0.004602344240993261,
    -0.06592841446399689,
    -0.032589204609394073,
    -0.013621029444038868,
    -0.023135408759117126,
    -0.0005556085961870849,
    0.03280993923544884,
    0.03905147314071655,
    -0.008818595670163631,
    -0.033918626606464386,
    -0.05609152093529701,
    -0.057850178331136703,
    0.05556556582450867,
    0.026963340118527412,
    -0.01267070509493351,
    0.0986517146229744,
    -0.017913546413183212,
    -0.0914379134774208,
    -0.03426434099674225,
    0.06279872357845306,
    -0.01003243401646614,
    -0.08058977127075195,
    0.014788012951612473,
    0.0056157405488193035,
    -0.0560508631169796,
    1.8012144018688067e-32,
    -0.03374219313263893,
    -0.00963540654629469,
    -0.12283407896757126,
    0.07730013132095337,
    0.031628891825675964,
    -0.014501819387078285,
    0.01350442599505186,
    -0.00032860177452676,
    -0.08875401318073273,
    0.03293222934007645,
    -0.0035862349905073643,
    0.04417765885591507,
    -0.006364210043102503,
    -0.04789913818240166,
    -0.053431667387485504,
    -0.00023015341139398515,
    -0.07382573932409286,
    0.09009746462106705,
    -0.04305533319711685,
    -0.01737462915480137,
    0.025432182475924492,
    -0.0432952381670475,
    0.04218796640634537,
    0.021064139902591705,
    -0.021865470334887505,
    0.0014402997912839055,
    0.08274742215871811,
    -0.022884603589773178,
    -0.005482690874487162,
    0.003977086395025253,
    0.047341156750917435,
    0.002360043115913868,
    0.03693008050322533,
    0.06073686107993126,
    0.04760410264134407,
    0.1701522022485733,
    -0.03318092226982117,
    -0.09986435621976852,
    0.09042356163263321,
    -0.029405418783426285,
    -0.0737810730934143,
    -0.017573021352291107,
    0.04551063850522041,
    -0.01510357391089201,
    -0.02100183255970478,
    -0.029677486047148705,
    -0.08249960094690323,
    -0.02733953855931759,
    0.04433495178818703,
    0.0736529603600502,
    0.04601167142391205,
    -0.0380382277071476,
    0.10820923745632172,
    -0.035430680960416794,
    0.007396102417260408,
    0.030997278168797493,
    -0.07243511080741882,
    0.030975865200161934,
    -0.0019986052066087723,
    0.06063472107052803,
    -0.0015283508691936731,
    0.011813879944384098,
    -0.09119763225317001,
    0.0815470889210701,
    -0.10837982594966888,
    -0.05721588805317879,
    -0.03359735757112503,
    -0.054887086153030396,
    0.09528740495443344,
    -0.08002234250307083,
    0.006264165043830872,
    0.04241890087723732,
    0.05528273433446884,
    -0.00017949301400221884,
    -0.04650502651929855,
    -0.05588185042142868,
    -0.01420203410089016,
    -0.009787804447114468,
    0.017766447737812996,
    -0.021672340109944344,
    -0.12234180420637131,
    0.005928554106503725,
    0.04712687060236931,
    0.04671521857380867,
    -0.008889934979379177,
    -0.010535551235079765,
    0.012941723689436913,
    0.006441259291023016,
    -0.016533786430954933,
    0.007847119122743607,
    -0.016851669177412987,
    0.017206896096467972,
    -0.047000471502542496,
    0.06053562089800835,
    0.08898463100194931,
    -1.7811393093454637e-32,
    -0.010126179084181786,
    -0.08989912271499634,
    -0.04567301645874977,
    0.04297364503145218,
    0.0338888019323349,
    0.00031514198053628206,
    -0.05119110271334648,
    -0.08169660717248917,
    0.07895664870738983,
    -0.022490765899419785,
    -0.04350224509835243,
    -0.05008108913898468,
    0.012378258630633354,
    -0.04493919759988785,
    -0.07488134503364563,
    -0.05527437478303909,
    -0.00278848665766418,
    -0.03356926143169403,
    0.06131348758935928,
    0.041842177510261536,
    0.0467974878847599,
    -0.049536678940057755,
    -0.056344278156757355,
    0.08060359209775925,
    0.033576130867004395,
    -0.04115957021713257,
    -0.0036399122327566147,
    -0.09757386147975922,
    0.07890547811985016,
    0.046676941215991974,
    -0.022960655391216278,
    -0.08450216799974442,
    -0.07069271057844162,
    0.009363398887217045,
    -0.06573750823736191,
    -0.1118965893983841,
    0.14435669779777527,
    -0.013750863261520863,
    -0.030275018885731697,
    -0.017098398879170418,
    0.05120593309402466,
    0.07771238684654236,
    -0.008530091494321823,
    0.0010849758982658386,
    -0.0030671197455376387,
    -0.01813407801091671,
    0.02617565169930458,
    -0.0032288236543536186,
    0.05381190404295921,
    -0.09603893011808395,
    0.07562533766031265,
    -0.010461541824042797,
    0.03428259119391441,
    0.0017191704828292131,
    -0.04238904267549515,
    0.04431525990366936,
    0.05403951555490494,
    -0.05051508545875549,
    -0.035254307091236115,
    0.0363180972635746,
    0.07501543313264847,
    0.04756276309490204,
    -0.03570355474948883,
    0.025735216215252876,
    0.0674474835395813,
    -0.03507243096828461,
    -0.07413457334041595,
    -0.025209246203303337,
    -0.03222474083304405,
    -0.04204878956079483,
    -0.017819782719016075,
    -0.09367677569389343,
    -0.0679473802447319,
    -0.045005615800619125,
    0.11181054264307022,
    -0.025569980964064598,
    -0.029713405296206474,
    -0.057808615267276764,
    -0.07498423755168915,
    0.05489787086844444,
    0.03797762468457222,
    0.017578767612576485,
    -0.04175565764307976,
    0.06561887264251709,
    -0.005357204936444759,
    0.08450321108102798,
    0.05918337404727936,
    -0.026205601170659065,
    -0.0009199089836329222,
    0.04452621191740036,
    -0.08157403767108917,
    -0.015923473984003067,
    0.007350368890911341,
    0.026674950495362282,
    -0.04904574155807495,
    -5.1219817720493666e-08,
    -0.07816457003355026,
    0.00867423228919506,
    0.03291440010070801,
    -0.017821453511714935,
    -0.04810819402337074,
    0.0012899363646283746,
    -0.021821564063429832,
    0.07915064692497253,
    -0.06576056033372879,
    -0.0829298123717308,
    0.014026920311152935,
    -0.002410548273473978,
    -0.027092959731817245,
    -0.028344517573714256,
    0.060211677104234695,
    -0.005717583000659943,
    -0.005097643472254276,
    -0.005363348871469498,
    -0.0918041244149208,
    0.043858204036951065,
    0.006485311314463615,
    -0.0536036416888237,
    -0.04420389235019684,
    0.025944901630282402,
    0.05303221940994263,
    -0.012050217017531395,
    0.021670350804924965,
    0.10029682517051697,
    0.0032557521481066942,
    0.013183454982936382,
    -0.0925920158624649,
    0.023080063983798027,
    0.03160986304283142,
    -0.10015114396810532,
    0.01571683958172798,
    0.030199430882930756,
    -0.0021800438407808542,
    0.033765628933906555,
    0.05931287258863449,
    0.017867257818579674,
    -0.10249771177768707,
    0.037026725709438324,
    0.0574791394174099,
    0.030536876991391182,
    0.003957694862037897,
    0.008673597127199173,
    -0.08146917819976807,
    0.050449442118406296,
    -0.014604276046156883,
    -0.06709982454776764,
    0.00483647221699357,
    -0.06987093389034271,
    0.031697601079940796,
    -0.013370895758271217,
    0.0016851037507876754,
    0.10969536006450653,
    0.07481683045625687,
    0.029492828994989395,
    0.009556041099131107,
    -0.04539422318339348,
    0.1539667695760727,
    0.08625809103250504,
    0.06016765162348747,
    0.054852887988090515
]