[
    -0.04258422181010246,
    -0.015380049124360085,
    -0.013894892297685146,
    -0.05391335487365723,
    0.029712442308664322,
    0.021192986518144608,
    -0.03995680809020996,
    -0.03352559730410576,
    -0.0230069849640131,
    0.049833718687295914,
    0.023626741021871567,
    -0.0811586081981659,
    -0.010029595345258713,
    -0.045564062893390656,
    0.0526772178709507,
    0.0040970174595713615,
    0.06596089899539948,
    0.07641356438398361,
    -0.05691245198249817,
    -0.007910805754363537,
    0.055172983556985855,
    0.027835441753268242,
    -0.027673551812767982,
    -0.0267536249011755,
    -0.08380431681871414,
    -0.04664783552289009,
    -0.012345921248197556,
    -0.0682738646864891,
    0.06040763854980469,
    -0.05094849690794945,
    0.04011110961437225,
    -0.013423841446638107,
    0.039953626692295074,
    0.013515697792172432,
    0.016239680349826813,
    -0.0021077110432088375,
    0.02925066277384758,
    -0.047706808894872665,
    0.019870873540639877,
    -0.005433153361082077,
    -0.018051877617836,
    -0.05852514132857323,
    -0.05118997395038605,
    -0.010974274016916752,
    -0.010443020612001419,
    0.005616100039333105,
    -0.023828832432627678,
    -0.01931084506213665,
    -0.06530388444662094,
    -0.006061160005629063,
    -0.10385093837976456,
    -0.042813025414943695,
    -0.02487757056951523,
    0.08598997443914413,
    -0.06309781223535538,
    -0.07395490258932114,
    0.005548734217882156,
    0.04068829119205475,
    -0.06806737184524536,
    0.0009059762815013528,
    -0.0016912417486310005,
    -0.021372254937887192,
    -0.10477641224861145,
    0.07258779555559158,
    0.011035309173166752,
    0.06981141865253448,
    0.0031381831504404545,
    -0.025189455598592758,
    0.019005978479981422,
    0.03651609271764755,
    -0.08139665424823761,
    0.04698648303747177,
    0.008227800950407982,
    0.012127301655709743,
    -0.044814333319664,
    0.028841489925980568,
    -0.04020722582936287,
    0.0225619375705719,
    0.046772707253694534,
    -0.06070380285382271,
    -0.039319586008787155,
    -0.0031913621351122856,
    -0.02918834052979946,
    0.049099065363407135,
    -0.02677503041923046,
    -0.059018056839704514,
    -0.030199527740478516,
    -0.06339216232299805,
    -0.033244539052248,
    0.014034594409167767,
    0.10325775295495987,
    -0.03891708329319954,
    0.03612455353140831,
    -0.03905235975980759,
    0.02861298993229866,
    -0.016047190874814987,
    -0.03202107548713684,
    0.015534879639744759,
    0.09787625074386597,
    0.010559869930148125,
    -0.04045385122299194,
    0.013483996503055096,
    -0.01512928493320942,
    -0.034216415137052536,
    -0.030264049768447876,
    -0.049572382122278214,
    -0.008160490542650223,
    0.0005708730313926935,
    0.020725268870592117,
    0.008941852487623692,
    0.03279384598135948,
    -0.03792095184326172,
    -0.04128403589129448,
    -0.08480144292116165,
    0.09352909028530121,
    -0.019435644149780273,
    -0.02452937886118889,
    0.06345129758119583,
    -0.038907334208488464,
    -0.028867660090327263,
    -0.018024126067757607,
    0.03226501867175102,
    -0.0502595491707325,
    -0.0878920704126358,
    0.02808140590786934,
    -0.0026442341040819883,
    -0.06309840828180313,
    2.1380521611601394e-32,
    0.017816688865423203,
    -0.0019716338720172644,
    -0.06518261879682541,
    -0.015441290102899075,
    0.02290305495262146,
    0.010720164515078068,
    -0.02278818190097809,
    -0.01825956255197525,
    -0.014099177904427052,
    0.09605615586042404,
    0.02065415494143963,
    0.05650128424167633,
    -0.021646568551659584,
    -0.08073243498802185,
    -0.03261149674654007,
    0.014730008319020271,
    -0.05463099479675293,
    0.12104105204343796,
    -0.06233388930559158,
    0.020061466842889786,
    0.05742190405726433,
    -0.05066310614347458,
    0.03350643441081047,
    -0.014455392956733704,
    0.042500533163547516,
    -0.013097662478685379,
    0.05189117044210434,
    -0.045833487063646317,
    0.012048005126416683,
    0.030691001564264297,
    0.06647451967000961,
    -0.00950523093342781,
    0.04674180969595909,
    0.015666427090764046,
    0.03892715647816658,
    0.0656607523560524,
    0.00443052826449275,
    -0.04759429395198822,
    0.06681108474731445,
    -0.06262915581464767,
    -0.039448920637369156,
    -0.01077487412840128,
    0.10661998391151428,
    -0.002180942567065358,
    0.011972134932875633,
    -0.013504894450306892,
    -0.06053020432591438,
    -0.02164194919168949,
    0.04419030621647835,
    0.0520155094563961,
    0.03004004806280136,
    -0.002238258020952344,
    0.04938522353768349,
    -0.0187375545501709,
    0.02420579083263874,
    -0.012424270622432232,
    -0.07548623532056808,
    0.04753822088241577,
    -0.04387829825282097,
    0.06409572064876556,
    0.05053938925266266,
    0.07071086019277573,
    -0.04938943684101105,
    0.05718408152461052,
    -0.07708600163459778,
    -0.012344129383563995,
    -0.06204475089907646,
    -0.06504304707050323,
    0.09034258872270584,
    -0.00031942175701260567,
    -0.03433037921786308,
    0.05895349383354187,
    -0.041764214634895325,
    0.01291800569742918,
    -0.03711112588644028,
    -0.056516893208026886,
    0.002470537321642041,
    -0.00918097048997879,
    0.025132274255156517,
    -0.05417299643158913,
    -0.0961565151810646,
    -0.030195889994502068,
    0.05258747562766075,
    0.04105507954955101,
    0.01733497343957424,
    0.0011986099416390061,
    0.005020079668611288,
    0.016730783507227898,
    0.00600320752710104,
    -0.009529017843306065,
    0.030407611280679703,
    0.004949175752699375,
    -0.06343913823366165,
    0.04532790929079056,
    -0.0038851997815072536,
    -2.021482500619321e-32,
    -0.027585208415985107,
    0.018457137048244476,
    -0.042807579040527344,
    0.01710566133260727,
    0.03362983092665672,
    0.06582776457071304,
    -0.03147055208683014,
    -0.11613764613866806,
    0.13346324861049652,
    -0.004299180582165718,
    -0.043414052575826645,
    -0.0405489020049572,
    -0.015226993709802628,
    0.010527027770876884,
    -0.0813634991645813,
    -0.06350723654031754,
    0.012991408817470074,
    -0.03780065104365349,
    -0.0020553581416606903,
    0.05795067548751831,
    0.04892508313059807,
    0.04673650115728378,
    -0.03651997447013855,
    0.062451913952827454,
    -0.0069632804952561855,
    -0.055788662284612656,
    0.019373992457985878,
    -0.05803089216351509,
    0.08282631635665894,
    0.019700350239872932,
    -0.03187131509184837,
    -0.08040801435709,
    -0.0562155544757843,
    0.03485126793384552,
    -0.08726027607917786,
    -0.09592483192682266,
    0.15609222650527954,
    -0.050696343183517456,
    -0.032927658408880234,
    -0.0296774934977293,
    0.04287589341402054,
    0.06486181169748306,
    -0.04276418313384056,
    -0.08220534026622772,
    -0.0348193421959877,
    -0.03142136335372925,
    -0.014646357856690884,
    -0.0027123652398586273,
    0.003398985369130969,
    -0.07542499154806137,
    0.02677406743168831,
    -0.006722386460751295,
    0.0014235868584364653,
    0.06388100236654282,
    -0.024589311331510544,
    0.062264103442430496,
    0.004396605771034956,
    -0.042971473187208176,
    -0.0339607298374176,
    -0.0001644199073780328,
    0.04117764160037041,
    0.14271587133407593,
    -0.04350133240222931,
    -0.018856149166822433,
    0.10755015909671783,
    -0.061950888484716415,
    -0.03801416605710983,
    -0.01825428195297718,
    -0.025202900171279907,
    -0.05393705889582634,
    -0.02966015599668026,
    -0.10018173605203629,
    -0.04359999671578407,
    -0.054869771003723145,
    0.07760295271873474,
    0.036390408873558044,
    -0.054000504314899445,
    -0.09154213964939117,
    -0.10199768841266632,
    0.07466987520456314,
    0.0586031936109066,
    -0.001320296316407621,
    -0.010348556563258171,
    0.03481866046786308,
    -0.010150518268346786,
    0.09795748442411423,
    0.1258859783411026,
    -0.02242925390601158,
    0.027736900374293327,
    0.1283760964870453,
    -0.051796671003103256,
    -0.03566636145114899,
    -0.012906781397759914,
    0.0411284975707531,
    -0.04387710988521576,
    -5.471446229421417e-08,
    -0.009510225616395473,
    0.030914124101400375,
    0.03447869420051575,
    -0.018923653289675713,
    -0.020440706983208656,
    0.01383457612246275,
    0.006155975162982941,
    0.026717813685536385,
    -0.07899879664182663,
    -0.09015168994665146,
    0.05636974796652794,
    0.0211339071393013,
    -0.028396669775247574,
    -0.03157748654484749,
    0.06348574906587601,
    -0.012427368201315403,
    -0.09336849302053452,
    0.020587380975484848,
    -0.08786942064762115,
    0.00204082322306931,
    -0.032502710819244385,
    -0.039040595293045044,
    -0.07272075116634369,
    0.04746142029762268,
    0.04677078500390053,
    0.031077178195118904,
    -0.016413474455475807,
    0.08102599531412125,
    0.05089447274804115,
    0.061176348477602005,
    -0.01616979017853737,
    0.028814882040023804,
    0.003709083190187812,
    -0.10890887677669525,
    -0.025841226801276207,
    0.021119827404618263,
    0.006937816739082336,
    0.03481204807758331,
    0.07189397513866425,
    0.07987020909786224,
    -0.037377044558525085,
    0.020049775019288063,
    0.0816364735364914,
    0.08918903768062592,
    0.03674402832984924,
    0.007110677659511566,
    -0.10406000912189484,
    0.02193053998053074,
    -0.0018558481242507696,
    -0.09653797745704651,
    -0.010702569968998432,
    -0.0923350602388382,
    0.05092315003275871,
    -0.024372102692723274,
    0.01865796372294426,
    0.057236552238464355,
    0.08860015869140625,
    0.028727583587169647,
    -0.06839168071746826,
    -0.014075139537453651,
    0.17777034640312195,
    0.09138038754463196,
    0.08945734798908234,
    0.017957797273993492
]