[
    -0.088577501475811,
    0.01694743148982525,
    0.0052175456658005714,
    -0.0787719339132309,
    -0.05580516159534454,
    0.022184457629919052,
    -0.05407659709453583,
    -0.002597036538645625,
    0.039965804666280746,
    0.02515466697514057,
    0.025433529168367386,
    -0.0016749746864661574,
    0.008415463380515575,
    -0.011741728521883488,
    0.05490284785628319,
    0.022248107939958572,
    0.09183891862630844,
    0.029212700203061104,
    -0.028326449915766716,
    0.045708220452070236,
    0.06698084622621536,
    0.03342479467391968,
    -0.04761367291212082,
    0.0037782934959977865,
    -0.12752465903759003,
    0.025016436353325844,
    -0.033587440848350525,
    -0.027809126302599907,
    0.10934549570083618,
    -0.03697085380554199,
    0.05311165004968643,
    0.0028960283380001783,
    0.035369329154491425,
    0.05200277641415596,
    0.023235542699694633,
    0.02537967637181282,
    0.03178396448493004,
    -0.04550308361649513,
    0.031553931534290314,
    0.06333308666944504,
    -0.008341263048350811,
    -0.056320372968912125,
    -0.05610966682434082,
    -0.009029415436089039,
    0.02875714935362339,
    0.03276727348566055,
    -0.03351425752043724,
    0.0030211517587304115,
    -0.04680429399013519,
    0.019129743799567223,
    -0.044797930866479874,
    -0.03408576175570488,
    -0.05525610223412514,
    0.10343564301729202,
    -0.026817969977855682,
    -0.05268840491771698,
    0.00891164317727089,
    -0.010703038424253464,
    -0.010041145607829094,
    -0.02058703638613224,
    0.01839275471866131,
    0.03232632577419281,
    -0.05492912232875824,
    0.029371805489063263,
    -0.022064372897148132,
    0.031358227133750916,
    -0.026170924305915833,
    0.009848706424236298,
    0.004957547411322594,
    0.02108149603009224,
    -0.03596218675374985,
    0.011062473990023136,
    0.013452147133648396,
    0.04405122622847557,
    -0.06920695304870605,
    -0.03509232774376869,
    -0.03383925184607506,
    -0.008983750827610493,
    -0.008736276999115944,
    -0.1624942123889923,
    -0.033715419471263885,
    0.03192254155874252,
    0.02664664201438427,
    0.04621487110853195,
    -0.02487657219171524,
    -0.052007827907800674,
    -0.008631893433630466,
    -0.05640692263841629,
    -0.05346663296222687,
    0.02011987194418907,
    0.05045750364661217,
    -0.09320000559091568,
    0.08697453886270523,
    -0.09417437016963959,
    0.048465482890605927,
    0.009382625110447407,
    0.0014782719081267715,
    -0.060406941920518875,
    0.068109892308712,
    -0.014539719559252262,
    0.004367959685623646,
    0.072608083486557,
    -0.054843585938215256,
    -0.029550738632678986,
    -0.005803672131150961,
    -0.0751957893371582,
    -0.037362806499004364,
    -0.017469611018896103,
    0.058342430740594864,
    0.06642170995473862,
    0.017922736704349518,
    0.012074442580342293,
    -0.05767180770635605,
    -0.07225239276885986,
    0.10531826317310333,
    -0.0003647515259217471,
    0.005872160196304321,
    0.14247845113277435,
    0.005757420789450407,
    -0.06109632924199104,
    -0.04216169938445091,
    -0.031013071537017822,
    -0.039323173463344574,
    -0.10249856114387512,
    0.043673817068338394,
    -0.030118942260742188,
    -0.020821044221520424,
    1.7539577657242245e-32,
    0.02479727938771248,
    0.005117454100400209,
    -0.05484969541430473,
    0.028306012973189354,
    0.049526553601026535,
    0.0005530100897885859,
    0.015023310668766499,
    -0.005875956267118454,
    -0.03302764892578125,
    0.07376351207494736,
    -0.05323928967118263,
    0.004885501693934202,
    -0.011636120267212391,
    -0.04143809154629707,
    -0.07423834502696991,
    0.015232383273541927,
    -0.001403027679771185,
    0.05942031741142273,
    -0.0384804829955101,
    0.06560835242271423,
    0.009529009461402893,
    -0.05746174231171608,
    0.06400720775127411,
    0.044556889683008194,
    -0.013210302218794823,
    -0.000345745705999434,
    0.01695607230067253,
    0.001706441747955978,
    -0.01704440265893936,
    0.0005475932266563177,
    0.06210498884320259,
    0.04780188575387001,
    0.038782935589551926,
    0.0011078107636421919,
    0.010143827646970749,
    0.07171712815761566,
    0.02271794155240059,
    -0.09995820373296738,
    0.07069303840398788,
    -0.09383613616228104,
    -0.0547601580619812,
    0.013502304442226887,
    0.00554987508803606,
    -0.0017944688443094492,
    0.016472652554512024,
    -0.024405255913734436,
    0.012009450234472752,
    0.000523346068803221,
    0.09775853157043457,
    0.0669279620051384,
    0.005766401533037424,
    0.012260021641850471,
    0.05379238724708557,
    -0.06134819984436035,
    0.04905279725790024,
    0.0053481366485357285,
    -0.08208031207323074,
    0.05987769365310669,
    -0.03156887739896774,
    0.037484750151634216,
    -0.00032618577824905515,
    0.017884815111756325,
    -0.014511531218886375,
    0.011571136303246021,
    0.015406139194965363,
    -0.07534820586442947,
    -0.05205569788813591,
    -0.05485615134239197,
    0.09511929750442505,
    -0.054891154170036316,
    -0.04424319043755531,
    0.09264372289180756,
    -0.02636944316327572,
    0.024232709780335426,
    -0.03179424628615379,
    -0.015152203850448132,
    0.013260270468890667,
    -0.05113382637500763,
    0.05790799856185913,
    -0.0054198564030230045,
    -0.11802667379379272,
    -0.027775296941399574,
    0.0685231015086174,
    0.046993229538202286,
    0.04596244543790817,
    0.004442776553332806,
    0.02898196130990982,
    -0.022894756868481636,
    -0.011077215895056725,
    -0.041932906955480576,
    0.002767902798950672,
    -0.024546010419726372,
    -0.0006998913595452905,
    0.019281240180134773,
    0.08949428796768188,
    -1.7178675912284848e-32,
    0.00039897789247334003,
    -0.09622254222631454,
    -0.14598813652992249,
    0.033465657383203506,
    0.0075925360433757305,
    0.002720989752560854,
    -0.08089104294776917,
    -0.09581497311592102,
    0.035065434873104095,
    0.06828592717647552,
    -0.019337210804224014,
    0.0033824266865849495,
    0.0200513806194067,
    -0.02374831587076187,
    -0.06799440085887909,
    -0.059071749448776245,
    -0.010810772888362408,
    -0.04778916388750076,
    0.05225523188710213,
    0.05543098226189613,
    0.009561444632709026,
    -0.009400304406881332,
    0.06259573251008987,
    0.11119010299444199,
    0.06760086864233017,
    0.020021658390760422,
    0.0020319807808846235,
    -0.03731245920062065,
    0.05091165006160736,
    0.012608110904693604,
    -0.005460888613015413,
    -0.03850146383047104,
    -0.02326151356101036,
    0.05111890286207199,
    -0.057863689959049225,
    -0.1676691472530365,
    0.08662666380405426,
    -0.0254739411175251,
    -0.046623345464468,
    -0.04171508178114891,
    0.054225511848926544,
    0.06787914037704468,
    0.0771491751074791,
    -0.032859545201063156,
    -0.03286183252930641,
    -0.0474550761282444,
    0.06386712938547134,
    0.03322693333029747,
    0.020098041743040085,
    -0.03983825072646141,
    0.0149784991517663,
    -0.07068636268377304,
    0.002339546335861087,
    0.036688365042209625,
    -0.07165297120809555,
    0.014524715952575207,
    -0.03621115908026695,
    -0.018113331869244576,
    -0.013052602298557758,
    -0.016871748492121696,
    0.08367074280977249,
    0.0951445996761322,
    -0.04366619139909744,
    0.04521910473704338,
    0.07175780087709427,
    -0.02971591427922249,
    -0.03235958144068718,
    -0.038114722818136215,
    -0.024738943204283714,
    -0.08662373572587967,
    -0.0611831434071064,
    -0.16242104768753052,
    -0.02451920509338379,
    -0.06779623031616211,
    0.08621113747358322,
    -0.07117503136396408,
    -0.023410115391016006,
    -0.11624395847320557,
    -0.11479929834604263,
    -0.03394070267677307,
    0.04847593605518341,
    0.017773637548089027,
    -0.0844651535153389,
    0.045327331870794296,
    -0.041927922517061234,
    0.06590241938829422,
    0.050764717161655426,
    -0.01075612474232912,
    -0.0038002892397344112,
    0.08311047405004501,
    -0.05542619153857231,
    0.05274514481425285,
    -3.20736835419666e-05,
    0.037109892815351486,
    -0.04128424823284149,
    -4.886192073172424e-08,
    -0.044250790029764175,
    0.06991185992956161,
    0.0579383559525013,
    -0.060143064707517624,
    -0.007959664799273014,
    -0.06326019763946533,
    -0.05875736102461815,
    0.005888529121875763,
    -0.035783614963293076,
    -0.09492538124322891,
    0.013852503150701523,
    0.025835808366537094,
    0.014005150645971298,
    -0.06355220824480057,
    0.0571831539273262,
    -0.04277113080024719,
    0.02798885479569435,
    -0.027055328711867332,
    -0.09821309894323349,
    0.019795138388872147,
    -0.04513184726238251,
    -0.0739826038479805,
    -0.025232847779989243,
    0.003482528030872345,
    0.032278675585985184,
    0.0060103475116193295,
    -0.018119772896170616,
    0.03874180465936661,
    0.05293446406722069,
    0.021524395793676376,
    -0.011844777502119541,
    0.045696061104536057,
    0.08314305543899536,
    -0.036907847970724106,
    -0.03129056468605995,
    -0.010778699070215225,
    0.010904156602919102,
    0.000744761317037046,
    0.08645579218864441,
    -0.024916833266615868,
    -0.004199893679469824,
    0.024187574163079262,
    0.015246220864355564,
    0.051074013113975525,
    -0.02537001483142376,
    0.010365117341279984,
    -0.03361436724662781,
    0.03710556775331497,
    -0.03359866887331009,
    -0.06875336170196533,
    -0.03854835405945778,
    -0.06827821582555771,
    0.05863688886165619,
    0.03199745714664459,
    0.00423855846747756,
    0.06678597629070282,
    0.0639544427394867,
    0.017226239666342735,
    0.06581854075193405,
    -0.019884906709194183,
    0.0996844619512558,
    0.08753708004951477,
    0.09397408366203308,
    -0.03138392046093941
]