[
    -0.061021652072668076,
    0.011897332035005093,
    -0.0205244068056345,
    -0.031294211745262146,
    -0.06174325942993164,
    0.053598515689373016,
    -0.009602280333638191,
    -0.024567021057009697,
    -0.03726491332054138,
    0.09808648377656937,
    0.01902105286717415,
    -0.09370013326406479,
    0.01972826197743416,
    0.012706045992672443,
    0.011733216233551502,
    -0.023955658078193665,
    0.08501067757606506,
    0.05153479799628258,
    -0.08111149817705154,
    0.06576554477214813,
    0.11777171492576599,
    -0.01183353178203106,
    -0.10731576383113861,
    0.02896307036280632,
    -0.070647694170475,
    0.029377488419413567,
    -0.06418764591217041,
    -0.028055395931005478,
    0.04034697264432907,
    -0.08972464501857758,
    -0.022422844544053078,
    -0.017441514879465103,
    0.03914009407162666,
    -0.009013046510517597,
    0.02106722816824913,
    0.043019041419029236,
    0.012104143388569355,
    -0.020500728860497475,
    0.013938267715275288,
    -0.019702773541212082,
    -0.06192240118980408,
    0.001222379389218986,
    -0.02397005632519722,
    -0.03847767040133476,
    0.045472607016563416,
    -0.008838183246552944,
    -0.025184599682688713,
    -0.052260976284742355,
    -0.09307441860437393,
    -0.05932534113526344,
    0.03715894743800163,
    0.01951495371758938,
    -0.004223257768899202,
    0.11841753870248795,
    -0.016294138506054878,
    -0.07443755120038986,
    0.02627439610660076,
    -0.010331221856176853,
    -0.0720144659280777,
    -0.09377060830593109,
    0.001574424677528441,
    -0.009229721501469612,
    -0.04290490970015526,
    0.04172953963279724,
    -0.02053111605346203,
    0.045968640595674515,
    -0.012561222538352013,
    -0.04262363165616989,
    0.0007211567717604339,
    -0.009366272948682308,
    -0.06013323739171028,
    -0.03528784215450287,
    -0.00965967122465372,
    -0.017475154250860214,
    0.008665207773447037,
    0.015416174195706844,
    -0.018234753981232643,
    0.053115252405405045,
    0.03104376792907715,
    -0.13226915895938873,
    -0.007526172325015068,
    0.02176605351269245,
    0.046851400285959244,
    0.004410364665091038,
    -0.024013590067625046,
    -0.018775755539536476,
    -0.06861024349927902,
    0.0013237629318609834,
    0.03266581520438194,
    -0.009000555612146854,
    0.09979533404111862,
    0.025499746203422546,
    0.062277231365442276,
    -0.030901150777935982,
    0.025876393541693687,
    -0.07176375389099121,
    0.03240909054875374,
    -0.04545913264155388,
    0.06533919274806976,
    -0.026733621954917908,
    0.047081075608730316,
    0.03017093800008297,
    -0.0538419708609581,
    -0.050405628979206085,
    0.043916210532188416,
    -0.060670409351587296,
    -0.010543649084866047,
    -0.008015584200620651,
    0.01718384213745594,
    0.02083120308816433,
    -0.017106536775827408,
    -0.006226571276783943,
    -0.0034554137382656336,
    -0.05823757126927376,
    0.0044043525122106075,
    0.02741049788892269,
    -0.030630066990852356,
    0.05966741219162941,
    0.01460760086774826,
    -0.07788253575563431,
    -0.03161076456308365,
    -0.01158557366579771,
    -0.059879254549741745,
    -0.1123584508895874,
    0.08040748536586761,
    0.07682037353515625,
    -0.03354363143444061,
    1.8576939666899406e-32,
    0.006389437709003687,
    -0.05905024707317352,
    -0.04432079568505287,
    0.006010507233440876,
    0.03973300755023956,
    -0.01740039512515068,
    0.04460543021559715,
    0.06152283400297165,
    -0.06031915545463562,
    0.05221458524465561,
    -0.0313546285033226,
    -0.044685594737529755,
    -0.013160978443920612,
    0.06807969510555267,
    0.002327762544155121,
    -0.024627286940813065,
    0.014202140271663666,
    -0.017015310004353523,
    0.04196883365511894,
    0.08112958818674088,
    0.037116020917892456,
    -0.028959374874830246,
    0.09056469053030014,
    -0.07269104570150375,
    0.011354240588843822,
    -0.0058125886134803295,
    -0.02672024630010128,
    0.0011889799498021603,
    -0.045612528920173645,
    -0.008657253347337246,
    0.04901934787631035,
    0.0660395622253418,
    0.04747737944126129,
    0.006597532425075769,
    -0.04169902205467224,
    0.06001341715455055,
    0.04322246462106705,
    -0.04612778499722481,
    0.09319856017827988,
    -0.07065515965223312,
    -0.00576460175216198,
    -0.0015934441471472383,
    0.007166122552007437,
    0.02552158758044243,
    -0.009299041703343391,
    0.007053269073367119,
    0.03664528205990791,
    -0.038183990865945816,
    0.027895260602235794,
    0.07636941969394684,
    -0.004826837684959173,
    0.004784821532666683,
    0.01961156353354454,
    -0.03088711015880108,
    -0.03028586320579052,
    -0.024091333150863647,
    -0.05257704108953476,
    0.031244546175003052,
    -0.02679193951189518,
    0.07473530620336533,
    -0.06375197321176529,
    -0.005038746166974306,
    0.0060670278035104275,
    0.059978120028972626,
    0.053440459072589874,
    -0.028038375079631805,
    -0.017351794987916946,
    -0.028323154896497726,
    0.04096895828843117,
    -0.007138389628380537,
    -0.07032391428947449,
    0.022323576733469963,
    0.03684435412287712,
    0.042016398161649704,
    -0.010524751618504524,
    -0.053831662982702255,
    0.04992791265249252,
    -0.013102442026138306,
    0.01687667891383171,
    -0.04494745656847954,
    -0.1363101750612259,
    0.008311468176543713,
    0.03475165739655495,
    0.01254356000572443,
    0.05257808044552803,
    -0.015164164826273918,
    0.032773811370134354,
    0.015691634267568588,
    0.03344707190990448,
    -0.09526930004358292,
    -0.06877320259809494,
    -0.04620501026511192,
    0.04357916861772537,
    0.0478946678340435,
    0.04258933290839195,
    -1.8725679375212766e-32,
    0.07114619016647339,
    0.03348032385110855,
    -0.0811062902212143,
    -0.0067837736569345,
    -0.005862572696059942,
    0.053047094494104385,
    -0.08363448828458786,
    -0.1506405770778656,
    0.07320597022771835,
    -0.034309275448322296,
    -0.008813031017780304,
    -0.025217419490218163,
    0.015174195170402527,
    0.06777101010084152,
    -0.012006442993879318,
    -0.06544345617294312,
    -0.11903323233127594,
    -0.026521459221839905,
    0.010360611602663994,
    0.05875464528799057,
    -0.024614177644252777,
    -0.029515637084841728,
    -0.01755405217409134,
    0.0499299056828022,
    -0.0015911017544567585,
    0.022516220808029175,
    -0.058625683188438416,
    -0.03275454044342041,
    0.09596573561429977,
    0.014004494063556194,
    0.021470919251441956,
    -0.08253750950098038,
    -0.03219136968255043,
    -0.014233898371458054,
    -0.08198409527540207,
    -0.15416280925273895,
    0.066931813955307,
    -0.04239223524928093,
    -0.0026600442361086607,
    -0.018365027382969856,
    0.04920390993356705,
    0.041583459824323654,
    -0.005370582453906536,
    0.024702640250325203,
    -0.0030675670132040977,
    -0.0868358239531517,
    -0.023319633677601814,
    -0.057905953377485275,
    -0.05731374770402908,
    -0.013908986933529377,
    -0.0016238073585554957,
    -0.03914983570575714,
    -0.028917234390974045,
    0.09470012784004211,
    -0.03010975755751133,
    0.05623776465654373,
    0.15911726653575897,
    -0.0009290961897931993,
    0.029510585591197014,
    -0.026036038994789124,
    0.012662122026085854,
    0.0883512943983078,
    -0.015363562852144241,
    0.05372120812535286,
    0.10502909868955612,
    -0.009203994646668434,
    -0.018510855734348297,
    -0.11873773485422134,
    0.027496621012687683,
    -0.01979697309434414,
    -0.060019634664058685,
    -0.05373186245560646,
    -0.015956353396177292,
    0.012800291180610657,
    0.16668330132961273,
    0.002873469376936555,
    -0.026318350806832314,
    -0.051913779228925705,
    -0.028985433280467987,
    -0.0027799683157354593,
    0.0959460511803627,
    0.03373229131102562,
    0.024287791922688484,
    0.061799485236406326,
    -0.08666698634624481,
    0.05832071229815483,
    0.035324886441230774,
    -0.02596486732363701,
    0.03462549299001694,
    0.040008191019296646,
    -0.09319692105054855,
    -0.03564045578241348,
    0.04433146119117737,
    0.03750457987189293,
    0.0006711725727654994,
    -5.839605421442684e-08,
    -0.09196033328771591,
    0.006856563966721296,
    -0.05644107237458229,
    0.0033097867853939533,
    -0.032208386808633804,
    0.0022874155547469854,
    -0.0028540745843201876,
    0.004967115353792906,
    -0.0968795120716095,
    -0.13181856274604797,
    0.08072195202112198,
    0.08487293124198914,
    -0.01227785274386406,
    -0.0581805519759655,
    -0.018540171906352043,
    0.0012127610389143229,
    -0.06364507228136063,
    -0.001160691841505468,
    -0.08045864850282669,
    0.07559528201818466,
    -0.05440773442387581,
    -0.05550723150372505,
    -0.05565736070275307,
    -0.018658645451068878,
    0.09352566301822662,
    -0.01732972264289856,
    -0.005092110484838486,
    0.11011163145303726,
    0.09958141297101974,
    0.06798294931650162,
    -0.006778867915272713,
    -0.028675289824604988,
    0.061428964138031006,
    -0.0023614619858562946,
    0.04065884277224541,
    -0.011889351531863213,
    -0.010728440247476101,
    -0.009421705268323421,
    0.04844261333346367,
    0.0019481003982946277,
    0.00026648599305190146,
    -0.03458714112639427,
    0.02826858125627041,
    -0.0011522481217980385,
    0.0721498429775238,
    -0.06074859946966171,
    -0.12115087360143661,
    -0.02504492737352848,
    0.027341432869434357,
    -0.053313374519348145,
    -0.03377353027462959,
    -0.04508502408862114,
    0.0441405288875103,
    0.05128895863890648,
    -0.015390590764582157,
    0.03131778910756111,
    -0.02066047675907612,
    0.04949462041258812,
    0.023690927773714066,
    -0.018272701650857925,
    0.08599215000867844,
    0.024240847676992416,
    0.006104458123445511,
    -0.053309474140405655
]