[
    -0.025121398270130157,
    0.08439122885465622,
    -0.013605560176074505,
    -0.05871852859854698,
    -0.03682369738817215,
    0.07793465256690979,
    -0.0075679076835513115,
    -0.030127685517072678,
    0.011887171305716038,
    0.05189025402069092,
    0.06265158206224442,
    -0.08285285532474518,
    -0.004037677776068449,
    -0.0036803362891077995,
    0.011639810167253017,
    -0.040864065289497375,
    0.08267460018396378,
    0.07124796509742737,
    -0.12595903873443604,
    0.018147297203540802,
    0.09162715077400208,
    0.035621706396341324,
    -0.06259921938180923,
    0.04856210574507713,
    -0.12970851361751556,
    -0.056363534182310104,
    -0.01924075372517109,
    -0.05347536876797676,
    0.06522782891988754,
    -0.07946135848760605,
    0.006236990913748741,
    0.01282093208283186,
    0.02009405568242073,
    0.008458936586976051,
    0.005554433446377516,
    0.027513163164258003,
    0.03599731624126434,
    -0.02934792824089527,
    -0.013851840049028397,
    0.0012130242539569736,
    -0.018011296167969704,
    -0.024438893422484398,
    -0.04417654871940613,
    -0.03217151761054993,
    0.059072352945804596,
    -0.005825107451528311,
    0.006588517688214779,
    -0.05541002005338669,
    -0.0922236368060112,
    -0.03718409687280655,
    -0.07120835781097412,
    -0.04244830459356308,
    -0.014968841336667538,
    0.044360049068927765,
    -0.0374605655670166,
    -0.09025257080793381,
    0.005759312771260738,
    0.004785952158272266,
    -0.07263588160276413,
    -0.029291100800037384,
    0.02624460682272911,
    -0.012978879734873772,
    -0.06651297956705093,
    0.03296699747443199,
    -0.020779991522431374,
    0.05178828909993172,
    -0.027051886543631554,
    -0.048627689480781555,
    0.010763976722955704,
    0.025485629215836525,
    -0.050541169941425323,
    -0.06865518540143967,
    0.024348217993974686,
    -0.019576771184802055,
    -0.018003014847636223,
    0.013664469122886658,
    -0.04248407483100891,
    0.06733209639787674,
    0.06337568908929825,
    -0.11816192418336868,
    0.010421129874885082,
    -0.02493438683450222,
    -0.0028926541563123465,
    0.052821606397628784,
    -0.030048413202166557,
    -0.04211201146245003,
    -0.03443828225135803,
    -0.04449586570262909,
    0.005528124049305916,
    -0.02503742277622223,
    0.11986874043941498,
    -0.020784037187695503,
    0.13686133921146393,
    -0.041779790073633194,
    0.0440329983830452,
    -0.006504463963210583,
    -0.027070755138993263,
    -0.11220751702785492,
    0.02879234589636326,
    -0.009465337730944157,
    0.036583490669727325,
    0.026905212551355362,
    -0.07578226178884506,
    -0.0075322422198951244,
    0.02733284793794155,
    -0.04421806335449219,
    -0.01518054399639368,
    -0.022367842495441437,
    0.010784481652081013,
    0.017246413975954056,
    -0.00416068360209465,
    0.03897637501358986,
    -0.029150361195206642,
    -0.09836990386247635,
    0.029883207753300667,
    0.04234679788351059,
    -0.022232457995414734,
    0.0434829480946064,
    0.037868574261665344,
    -0.032189540565013885,
    -0.03237152472138405,
    0.002275755163282156,
    -0.11328796297311783,
    -0.11248929798603058,
    0.026111509650945663,
    -0.004852020647376776,
    -0.05950436368584633,
    1.875525775181533e-32,
    -0.014325834810733795,
    -0.01762322336435318,
    -0.10852755606174469,
    -0.011232959106564522,
    0.013723594136536121,
    -0.005214523524045944,
    -0.009033553302288055,
    0.026074236258864403,
    -0.05545245110988617,
    0.0668259859085083,
    -0.006632471922785044,
    -0.009553695097565651,
    -0.015651214867830276,
    -0.0023987721651792526,
    -0.02543683536350727,
    0.014433007687330246,
    -0.05526543781161308,
    0.06994031369686127,
    0.017850900068879128,
    0.0715918317437172,
    0.022964006289839745,
    -0.046684861183166504,
    0.016382208094000816,
    -0.010074647143483162,
    -0.012521330267190933,
    0.020477917045354843,
    -0.020512579008936882,
    -0.07383564859628677,
    0.005002319812774658,
    -0.008628493174910545,
    0.05264444649219513,
    0.10112597048282623,
    0.10270285606384277,
    -0.05950690433382988,
    0.02202519401907921,
    0.08826377987861633,
    0.009614192880690098,
    -0.03010810725390911,
    0.06046562269330025,
    -0.03322124853730202,
    -0.054361291229724884,
    0.03822794929146767,
    0.028447315096855164,
    0.025063011795282364,
    0.04762386530637741,
    -0.017646225169301033,
    0.03672105818986893,
    -0.031997524201869965,
    0.056627292186021805,
    0.05282064527273178,
    -0.006275131832808256,
    0.00618703244253993,
    0.04321831464767456,
    -0.008336889557540417,
    -0.008544336073100567,
    -0.03925270214676857,
    -0.033112723380327225,
    0.07328725606203079,
    -0.04805456101894379,
    0.043028220534324646,
    0.023495208472013474,
    -0.007744292262941599,
    -0.023799631744623184,
    0.028444582596421242,
    0.005769952200353146,
    -0.046009231358766556,
    -0.01033926010131836,
    -0.009850708767771721,
    0.021786944940686226,
    -0.04289368540048599,
    -0.04621177166700363,
    0.07867070287466049,
    0.004441143479198217,
    0.020774545148015022,
    -0.05868775397539139,
    -0.062335122376680374,
    0.010508325882256031,
    -0.028637921437621117,
    0.01933901384472847,
    -0.060426026582717896,
    -0.08072182536125183,
    -0.00023585784947499633,
    0.09645450860261917,
    -0.010747968219220638,
    0.027570461854338646,
    -0.014429043978452682,
    0.07938060909509659,
    0.06287665665149689,
    -0.01924075186252594,
    -0.03635567054152489,
    0.00920730922371149,
    0.026372356340289116,
    0.0063947043381631374,
    0.11444169282913208,
    0.05971672013401985,
    -1.968732044689377e-32,
    -0.004087191540747881,
    -0.0062765018083155155,
    -0.10021568834781647,
    0.021730152890086174,
    0.05526527762413025,
    0.05400262773036957,
    -0.048262279480695724,
    -0.10022886842489243,
    0.07442006468772888,
    0.02561487816274166,
    -0.03916918858885765,
    -0.0636945441365242,
    0.03523498401045799,
    0.05457407608628273,
    -0.02017461694777012,
    -0.09419595450162888,
    -0.04492771998047829,
    -0.02703850530087948,
    -0.009101071394979954,
    0.06552086770534515,
    0.05017721280455589,
    0.0301049817353487,
    -0.0274528618901968,
    0.07054150104522705,
    -0.030292611569166183,
    0.0057588908821344376,
    -0.04071643576025963,
    -0.09752055257558823,
    0.02488483488559723,
    0.02091013826429844,
    -0.02403103932738304,
    -0.03874683380126953,
    -0.074288509786129,
    0.05496750771999359,
    -0.07434520870447159,
    -0.15494570136070251,
    0.10329638421535492,
    -0.07183080166578293,
    -0.04854278266429901,
    -0.018885619938373566,
    0.05310714989900589,
    0.06175907328724861,
    -0.033602096140384674,
    -0.042559247463941574,
    -0.006646272260695696,
    -0.06391333788633347,
    0.01940733566880226,
    -0.05991879850625992,
    0.02798975631594658,
    -0.03009982593357563,
    0.05142441764473915,
    -0.10940816253423691,
    0.030762603506445885,
    0.06711961328983307,
    -0.03407831862568855,
    0.05527448654174805,
    0.10188469290733337,
    -0.06758232414722443,
    -0.022890564054250717,
    0.049660824239254,
    0.051605455577373505,
    0.06208118051290512,
    -0.05358142778277397,
    0.04451802372932434,
    0.07744912058115005,
    0.01754087768495083,
    -0.032730262726545334,
    -0.08484049141407013,
    0.017518237233161926,
    -0.031018776819109917,
    -0.04916281998157501,
    -0.05443454906344414,
    -0.017316583544015884,
    -0.012828112579882145,
    0.07259844988584518,
    -0.011895813047885895,
    -0.00232710805721581,
    -0.042405761778354645,
    -0.0898711234331131,
    0.043168120086193085,
    0.080190010368824,
    0.024869102984666824,
    0.014157794415950775,
    0.03777172043919563,
    -0.09625851362943649,
    0.056071870028972626,
    0.03623192757368088,
    -0.055886317044496536,
    0.029894594103097916,
    0.061041172593832016,
    -0.1109444871544838,
    -0.051870062947273254,
    0.023664284497499466,
    0.003692047670483589,
    -0.013324332423508167,
    -6.0566485160507e-08,
    -0.06926856189966202,
    0.00022309664927888662,
    -0.035521797835826874,
    -0.008164730854332447,
    -0.056005917489528656,
    -0.01698293164372444,
    -0.06728643923997879,
    -0.009639780968427658,
    -0.058630943298339844,
    -0.07897663116455078,
    0.047550056129693985,
    0.029399847611784935,
    -0.014961807988584042,
    -0.010995164513587952,
    0.02103901095688343,
    -0.01969800516963005,
    -0.047907717525959015,
    0.024524521082639694,
    -0.04806285351514816,
    0.08984153717756271,
    -0.03339564800262451,
    -0.022666383534669876,
    -0.06342653185129166,
    -0.03800144046545029,
    0.05211668089032173,
    -0.00690271845087409,
    0.03537633642554283,
    0.1677730828523636,
    0.10482095927000046,
    0.052321210503578186,
    -0.026479212567210197,
    -0.017219221219420433,
    0.05667300894856453,
    -0.0581403486430645,
    -0.08993461728096008,
    -0.0025102996733039618,
    -0.02534136362373829,
    0.020238440483808517,
    0.05542803555727005,
    0.023394890129566193,
    -0.0005895962822251022,
    0.015288637951016426,
    0.04070557653903961,
    0.05432150140404701,
    0.059533730149269104,
    -0.04416161775588989,
    -0.1083613857626915,
    -0.006567682139575481,
    0.014044156298041344,
    -0.09010240435600281,
    -0.007016557268798351,
    -0.07425686717033386,
    0.06720856577157974,
    0.023800352588295937,
    0.004831166937947273,
    0.0054359035566449165,
    0.048718903213739395,
    0.012327147647738457,
    -0.059784673154354095,
    -0.011640672571957111,
    0.10105010122060776,
    0.02438098005950451,
    0.04438011720776558,
    -0.03785768896341324
]