[
    -0.04721842333674431,
    0.024674177169799805,
    -0.033572714775800705,
    -0.08243841677904129,
    -0.06723600625991821,
    0.05101455748081207,
    -0.03235437721014023,
    -0.055143434554338455,
    0.02940867468714714,
    -0.019688770174980164,
    -0.02079470269382,
    -0.004509855527430773,
    0.006983860861510038,
    -0.04731716960668564,
    0.10479077696800232,
    -0.011630434542894363,
    0.02959866262972355,
    0.0380026176571846,
    -0.09238221496343613,
    0.054337918758392334,
    -0.011775737628340721,
    0.06533516943454742,
    -0.04184553772211075,
    -0.01397409662604332,
    -0.10763154923915863,
    -0.010850073769688606,
    0.0038700320292264223,
    -0.056751880794763565,
    -0.001159378793090582,
    -0.06525799632072449,
    0.04434791952371597,
    0.009828515350818634,
    0.041996195912361145,
    0.0772714614868164,
    -0.03619670495390892,
    -0.009474294260144234,
    -0.05674608796834946,
    0.0651497170329094,
    -0.018224043771624565,
    0.04415465518832207,
    -0.06716112792491913,
    -0.03674067556858063,
    -0.030827390030026436,
    -0.004023929592221975,
    0.038382042199373245,
    -0.01248178817331791,
    -0.09128718078136444,
    -0.0485246405005455,
    0.04277041554450989,
    0.0536440946161747,
    -0.03954955190420151,
    -0.023351473733782768,
    -0.021896958351135254,
    0.10919784754514694,
    -0.05434897541999817,
    -0.026507031172513962,
    -0.03013816475868225,
    -0.0190585907548666,
    -0.0921788215637207,
    0.008085525594651699,
    -0.012400522828102112,
    0.02766970358788967,
    0.024762844666838646,
    0.08937174081802368,
    -0.06652306020259857,
    0.06646434962749481,
    -0.02027939073741436,
    0.02244027517735958,
    -0.052383095026016235,
    -0.03827232867479324,
    -0.09161423146724701,
    -0.01482410542666912,
    -0.018609726801514626,
    0.032393720000982285,
    -0.012504437938332558,
    0.01897396333515644,
    -0.015571225434541702,
    0.02338893711566925,
    0.0825486108660698,
    -0.13965065777301788,
    -0.03730488941073418,
    0.024756595492362976,
    -0.04224773496389389,
    0.05670551955699921,
    -0.0674859881401062,
    -0.003963335417211056,
    -0.0036256799940019846,
    0.003184393048286438,
    -0.047918036580085754,
    -0.06476748734712601,
    0.04654935747385025,
    -0.05189207196235657,
    0.09831827133893967,
    -0.06289535760879517,
    0.05092024430632591,
    -0.003142675617709756,
    -0.04604523256421089,
    -0.08988899737596512,
    0.04480460658669472,
    -0.02159852162003517,
    -0.0505998432636261,
    0.035773687064647675,
    0.05257758870720863,
    -0.01617291569709778,
    -0.0536925345659256,
    -0.0858488529920578,
    0.043462131172418594,
    -0.013126439414918423,
    0.01280053611844778,
    0.049848832190036774,
    0.03873554617166519,
    0.014446983113884926,
    -0.0600917786359787,
    -0.12786170840263367,
    0.03404433652758598,
    -0.01367978472262621,
    -0.03820077329874039,
    0.05299557372927666,
    0.04818928241729736,
    -0.01779797300696373,
    -0.03345329686999321,
    -0.012898844666779041,
    -0.04880745708942413,
    -0.07664044946432114,
    -0.013398434966802597,
    0.01260317675769329,
    -0.039054546505212784,
    2.2556828522893687e-32,
    0.012522218748927116,
    0.0037519673351198435,
    -0.03572503849864006,
    0.04063672199845314,
    0.04274889454245567,
    0.013380983844399452,
    0.02038491517305374,
    -0.0035650201607495546,
    -0.03396116569638252,
    0.07404183596372604,
    -0.04360053688287735,
    0.07014638930559158,
    -0.013882103376090527,
    -0.010111109353601933,
    -0.054834384471178055,
    0.02687574177980423,
    -0.05014270544052124,
    0.11062834411859512,
    -0.05796375498175621,
    0.08986265957355499,
    0.0022040565963834524,
    0.004999958444386721,
    0.02374262362718582,
    0.044072724878787994,
    -0.026431482285261154,
    0.022776421159505844,
    0.024191943928599358,
    0.001632085652090609,
    0.039210207760334015,
    -0.0040996624156832695,
    0.02397667057812214,
    0.010609515011310577,
    0.019909536466002464,
    -0.019537996500730515,
    0.02531355619430542,
    0.12901835143566132,
    0.0176922045648098,
    -0.039855681359767914,
    0.09364859759807587,
    -0.053096696734428406,
    -0.029003841802477837,
    -0.020799577236175537,
    0.06532979011535645,
    0.01380457729101181,
    0.03701873496174812,
    -0.015701938420534134,
    0.020336413756012917,
    -0.021244050934910774,
    0.032644741237163544,
    0.041661038994789124,
    -0.03694840893149376,
    -0.01100878044962883,
    -0.0035504461266100407,
    -0.026707999408245087,
    0.0037058591842651367,
    -0.005735516548156738,
    -0.04178651422262192,
    0.013703594915568829,
    -0.04004845395684242,
    0.08000807464122772,
    -0.01746148057281971,
    0.05110163614153862,
    -0.04113294184207916,
    -0.034969136118888855,
    -0.019986307248473167,
    -0.038469281047582626,
    -0.015757493674755096,
    -0.08861085772514343,
    0.05789147689938545,
    -0.016181617975234985,
    0.010374834761023521,
    0.05631997436285019,
    -0.02484174445271492,
    0.02096203714609146,
    0.001808901783078909,
    -0.041410285979509354,
    -0.03208613395690918,
    -0.035879939794540405,
    0.050626955926418304,
    0.03323126956820488,
    -0.07189860939979553,
    -0.004982407204806805,
    0.00651458278298378,
    0.09293856471776962,
    -0.011899874545633793,
    0.018520236015319824,
    0.04869454726576805,
    0.014591854996979237,
    -0.12437658756971359,
    -0.02116396464407444,
    -0.006416284944862127,
    0.07860515266656876,
    0.06315070390701294,
    0.07060227543115616,
    0.027079802006483078,
    -2.2993526143592105e-32,
    -0.014925033785402775,
    -0.043414805084466934,
    -0.0382123626768589,
    -0.00924447551369667,
    0.09208128601312637,
    0.0031186293344944715,
    0.006927497684955597,
    -0.09841672331094742,
    0.057391032576560974,
    0.06515625864267349,
    0.04741400107741356,
    -0.034717392176389694,
    -0.04418013617396355,
    -0.04265594854950905,
    -0.01482132077217102,
    -0.036947447806596756,
    -0.07318563014268875,
    -0.055517151951789856,
    -0.013102257624268532,
    0.10339166969060898,
    -0.02136562578380108,
    0.02430477738380432,
    0.003302202560007572,
    0.13525526225566864,
    0.06304725259542465,
    0.0642218217253685,
    -0.028041625395417213,
    -0.01986118033528328,
    0.10924573242664337,
    -0.06362227350473404,
    -0.06832022219896317,
    -0.06035047024488449,
    -0.04138661175966263,
    0.029344819486141205,
    -0.09974440187215805,
    -0.16758349537849426,
    0.06179732456803322,
    -0.07171231508255005,
    -0.02852557972073555,
    -0.06537602841854095,
    0.09742061793804169,
    -0.01763203553855419,
    -0.036582738161087036,
    0.029418427497148514,
    0.030081426724791527,
    -0.060589659959077835,
    0.020178699865937233,
    -0.01420987956225872,
    -0.026899559423327446,
    0.005323485936969519,
    0.004796248394995928,
    -0.022689178586006165,
    -0.027880219742655754,
    0.01515933033078909,
    -0.04860080033540726,
    0.07946044206619263,
    0.023548997938632965,
    -0.045957066118717194,
    -0.049277372658252716,
    -0.026362672448158264,
    0.08069129288196564,
    0.06526046246290207,
    -0.009059383533895016,
    0.10136903822422028,
    0.033658966422080994,
    -0.02714216150343418,
    0.007224822882562876,
    -0.054776836186647415,
    -0.06704147905111313,
    -0.045333053916692734,
    -0.08743593096733093,
    -0.09341034293174744,
    -0.05682319775223732,
    -0.14446724951267242,
    0.08283212780952454,
    -0.051045436412096024,
    -0.054987721145153046,
    -0.14546725153923035,
    -0.06420822441577911,
    0.007258773315697908,
    0.033980708569288254,
    -0.020677803084254265,
    -0.04679989069700241,
    0.07361935824155807,
    -0.027188822627067566,
    0.012304005213081837,
    0.06719372421503067,
    -0.05068899691104889,
    -0.01916543021798134,
    0.09767124801874161,
    -0.10844819992780685,
    0.0033676272723823786,
    -0.04297708347439766,
    0.02387276291847229,
    -0.08949553221464157,
    -6.076240310903813e-08,
    -0.027182629331946373,
    0.08512517064809799,
    0.04278121888637543,
    -0.06759052723646164,
    -0.01347132958471775,
    -0.08388350903987885,
    -0.046576812863349915,
    0.03415066748857498,
    -0.015370257198810577,
    -0.0006444172468036413,
    0.041348930448293686,
    0.08353595435619354,
    -0.05071905255317688,
    -0.0027832393534481525,
    0.08444786071777344,
    -0.008991013281047344,
    -0.0694587305188179,
    -0.036684367805719376,
    -0.05358709767460823,
    0.02150941640138626,
    -0.04325341433286667,
    -0.01883624866604805,
    -0.07483626902103424,
    0.011237634345889091,
    0.02789798378944397,
    0.03460802510380745,
    -0.01696210727095604,
    0.035617563873529434,
    0.08413080126047134,
    0.017316825687885284,
    -0.0095605980604887,
    0.004322892986238003,
    0.006806687451899052,
    -0.01602241024374962,
    -0.023244144394993782,
    -0.05803540349006653,
    0.05119090899825096,
    -0.019766757264733315,
    0.04615454375743866,
    0.011532948352396488,
    0.011483550071716309,
    0.0291057787835598,
    0.003187192603945732,
    0.0743376836180687,
    0.026473520323634148,
    -0.05193258821964264,
    -0.04213332384824753,
    0.022377396002411842,
    0.005591871682554483,
    -0.08837230503559113,
    -0.0407894141972065,
    -0.03556336462497711,
    0.05951141193509102,
    -0.03319326043128967,
    -0.04558992385864258,
    0.05539654940366745,
    0.02369915135204792,
    0.005615238565951586,
    0.02204153500497341,
    0.025672361254692078,
    0.07201535254716873,
    0.026870133355259895,
    0.049435753375291824,
    0.01230564247816801
]