[
    -0.07167220115661621,
    0.0037029993254691362,
    0.008789322338998318,
    -0.07388629764318466,
    -0.03820362314581871,
    0.018786225467920303,
    -0.05406103655695915,
    -0.04303300380706787,
    0.015744568780064583,
    0.014871028251945972,
    0.01557961106300354,
    -0.04421908035874367,
    -0.03092249110341072,
    -0.025799475610256195,
    0.025251729413866997,
    0.0202819611877203,
    0.09890236705541611,
    0.038553591817617416,
    -0.02480977214872837,
    0.03743957728147507,
    0.0633808970451355,
    0.03623264655470848,
    -0.03406299650669098,
    0.011380274780094624,
    -0.15212476253509521,
    0.0336613766849041,
    -0.05960121005773544,
    -0.07325340807437897,
    0.0646672248840332,
    -0.05648669973015785,
    0.037052128463983536,
    0.007417561020702124,
    0.06135433167219162,
    0.037442125380039215,
    0.05398935824632645,
    0.01942700333893299,
    0.05911911278963089,
    -0.02132757008075714,
    0.06197334825992584,
    0.02122625522315502,
    -0.026274384930729866,
    -0.059740178287029266,
    -0.040388789027929306,
    -0.03337908908724785,
    0.002326664747670293,
    0.001862076111137867,
    -0.026423979550600052,
    0.0007564122206531465,
    -0.002572976518422365,
    0.01277739554643631,
    -0.039007119834423065,
    -0.06981797516345978,
    -0.04993515834212303,
    0.0996658131480217,
    -0.03147507831454277,
    -0.045075710862874985,
    0.029629407450556755,
    -0.006221459247171879,
    0.007546569686383009,
    0.01243465393781662,
    0.012246503494679928,
    0.03683946654200554,
    -0.03780153766274452,
    0.0560128428041935,
    -0.034250590950250626,
    0.009948995895683765,
    -0.0417436808347702,
    0.003730505472049117,
    0.030872143805027008,
    0.032671693712472916,
    -0.04486014321446419,
    0.022717831656336784,
    0.014643857255578041,
    0.04593024030327797,
    -0.05753482133150101,
    0.010757806710898876,
    -0.05192255228757858,
    -0.028491375967860222,
    0.056947145611047745,
    -0.15050406754016876,
    -0.023958588019013405,
    0.035294272005558014,
    0.012185882776975632,
    0.04871697351336479,
    -0.04231555759906769,
    -0.0526668019592762,
    -0.025069914758205414,
    -0.059271447360515594,
    -0.059420887380838394,
    -0.00311547564342618,
    0.07031909376382828,
    -0.0981326699256897,
    0.09938692301511765,
    -0.0834769681096077,
    0.024045880883932114,
    -0.006921702530235052,
    0.0073563335463404655,
    -0.026899684220552444,
    0.067908875644207,
    -0.027384817600250244,
    -0.0026444504037499428,
    0.05681706592440605,
    -0.04883671924471855,
    -0.039756570011377335,
    -0.0851457491517067,
    -0.05740896239876747,
    -0.024865545332431793,
    -0.04403974860906601,
    0.06421184539794922,
    0.0575915090739727,
    0.04047012701630592,
    0.011456240899860859,
    -0.07699044793844223,
    -0.06902444362640381,
    0.08805124461650848,
    -0.01681259647011757,
    0.021008489653468132,
    0.13913175463676453,
    -0.029244663193821907,
    -0.01329655572772026,
    -0.038655076175928116,
    -0.02197921834886074,
    -0.01769258640706539,
    -0.09642152488231659,
    0.07752201706171036,
    -0.010235706344246864,
    -0.03244410827755928,
    1.9219057864139896e-32,
    0.03928515687584877,
    9.145231160800904e-05,
    -0.0878901407122612,
    0.05109976604580879,
    0.05041882023215294,
    0.017609409987926483,
    0.0355328805744648,
    0.016303688287734985,
    -0.017824865877628326,
    0.07848106324672699,
    -0.025178339332342148,
    0.032066427171230316,
    -0.020223330706357956,
    -0.0461387038230896,
    -0.07463958859443665,
    0.006837314460426569,
    -0.012911731377243996,
    0.05538380891084671,
    -0.05332222580909729,
    0.05773989111185074,
    0.022305212914943695,
    -0.05791275575757027,
    0.03721554949879646,
    0.04694144055247307,
    0.001433147001080215,
    -0.02521110326051712,
    0.0075734383426606655,
    0.013612977229058743,
    -0.004446953535079956,
    0.022196846082806587,
    0.036795519292354584,
    0.026111407205462456,
    0.04641519486904144,
    0.02583780139684677,
    0.039438243955373764,
    0.09761297702789307,
    0.06446168571710587,
    -0.10233151167631149,
    0.0765097513794899,
    -0.09656522423028946,
    -0.07676683366298676,
    0.020973170176148415,
    0.04739420861005783,
    -0.011472825892269611,
    -0.014327486976981163,
    -0.01719026081264019,
    0.009647131897509098,
    0.005465879570692778,
    0.08051560819149017,
    0.07603683322668076,
    -0.00655910512432456,
    -0.009736768901348114,
    0.03587706387042999,
    -0.0670877993106842,
    0.03137223795056343,
    0.016235830262303352,
    -0.06481204181909561,
    0.04857786372303963,
    -0.005414118058979511,
    0.059437647461891174,
    0.00566469132900238,
    0.04400008171796799,
    -0.05907568335533142,
    0.030265528708696365,
    -0.01474901381880045,
    -0.0810542181134224,
    -0.028790974989533424,
    -0.0757589042186737,
    0.10109954327344894,
    -0.010385064408183098,
    -0.056914038956165314,
    0.09670568257570267,
    -0.013062347657978535,
    0.04538282752037048,
    -0.045079514384269714,
    -0.026703087612986565,
    -0.010232269763946533,
    -0.00661053229123354,
    0.0196523554623127,
    -0.006862518843263388,
    -0.11696122586727142,
    -0.016636548563838005,
    0.06760724633932114,
    0.057130973786115646,
    0.05128592252731323,
    -0.028652027249336243,
    0.04147753491997719,
    -0.014465298503637314,
    0.012232843786478043,
    -0.04576125368475914,
    0.010333448648452759,
    -0.03949856758117676,
    0.023506786674261093,
    0.0006027675117366016,
    0.046111803501844406,
    -1.878606011191069e-32,
    0.012720460072159767,
    -0.07296132296323776,
    -0.1191411092877388,
    0.02364572137594223,
    0.008993233554065228,
    0.0162153672426939,
    -0.0685543492436409,
    -0.09003923833370209,
    0.0298698041588068,
    0.00915626809000969,
    -0.0314069464802742,
    0.011510228738188744,
    0.03052658960223198,
    -0.0350140742957592,
    -0.06720692664384842,
    -0.053698502480983734,
    -0.0005297756288200617,
    -0.04095274582505226,
    0.033479176461696625,
    0.03311187028884888,
    0.015106899663805962,
    -0.00958668440580368,
    0.06800767779350281,
    0.08593077957630157,
    0.04861241206526756,
    0.01405888982117176,
    -0.008107414469122887,
    -0.043673619627952576,
    0.07443929463624954,
    0.03612304851412773,
    0.007655887398868799,
    -0.06348210573196411,
    -0.015893785282969475,
    0.056166764348745346,
    -0.09968533366918564,
    -0.12730279564857483,
    0.11395817250013351,
    -0.051190558820962906,
    -0.01966344751417637,
    -0.05717438459396362,
    0.05830712988972664,
    0.06829950213432312,
    0.05120863765478134,
    -0.024906201288104057,
    -0.04388589784502983,
    -0.07416180521249771,
    0.03349573165178299,
    0.04120011255145073,
    0.002748797880485654,
    -0.043586187064647675,
    -0.01976701244711876,
    -0.07960555702447891,
    -0.016992254182696342,
    0.02632814645767212,
    -0.06108394265174866,
    0.04488072544336319,
    -0.005052466411143541,
    0.003062242642045021,
    0.002477910602465272,
    -0.026106446981430054,
    0.06114978715777397,
    0.08570162206888199,
    -0.018758300691843033,
    0.06834689527750015,
    0.08699687570333481,
    -0.04597751423716545,
    -0.05608007311820984,
    -0.040870264172554016,
    -0.03463320806622505,
    -0.05201885849237442,
    -0.0559210479259491,
    -0.16963250935077667,
    -0.018966590985655785,
    -0.05472199618816376,
    0.06418181210756302,
    -0.05037185177206993,
    -0.02343563362956047,
    -0.125038743019104,
    -0.10885592550039291,
    0.013869605958461761,
    0.055004995316267014,
    0.025732029229402542,
    -0.05006001144647598,
    0.06029016524553299,
    0.006659615319222212,
    0.10550831258296967,
    0.06204691901803017,
    -0.002551787532866001,
    0.020415570586919785,
    0.07927035540342331,
    -0.07424697279930115,
    0.001033672713674605,
    -0.0012543429620563984,
    0.013212301768362522,
    -0.023831821978092194,
    -5.035649408569043e-08,
    -0.047296132892370224,
    0.04419499263167381,
    0.028335051611065865,
    -0.04272842034697533,
    0.002946479944512248,
    -0.05602484568953514,
    -0.05675593391060829,
    -0.014051876962184906,
    -0.034850992262363434,
    -0.10241378098726273,
    0.05402100831270218,
    0.010613994672894478,
    0.0028177949134260416,
    -0.06462357193231583,
    0.06458041816949844,
    -0.03603711724281311,
    0.0022197822108864784,
    -0.013411487452685833,
    -0.11175811290740967,
    0.019579842686653137,
    -0.05024242401123047,
    -0.03640183433890343,
    -0.03842794522643089,
    0.023815151304006577,
    0.03286588937044144,
    0.005564699415117502,
    -0.029476342722773552,
    0.03260916844010353,
    0.039253443479537964,
    0.05610334500670433,
    -0.04285736382007599,
    0.03468604385852814,
    0.05255769565701485,
    -0.040731605142354965,
    -0.0319734662771225,
    -0.005778907332569361,
    -0.034744732081890106,
    0.017794951796531677,
    0.07514060288667679,
    -0.005839414894580841,
    -0.02684474177658558,
    -0.01316136121749878,
    0.03897515684366226,
    0.07424118369817734,
    -0.005551026202738285,
    -0.04917292296886444,
    -0.062456220388412476,
    0.0391712449491024,
    0.0008309358381666243,
    -0.08674989640712738,
    -0.043910231441259384,
    -0.06582436710596085,
    0.049158960580825806,
    0.02425759844481945,
    0.008782935328781605,
    0.05301995947957039,
    0.06187760829925537,
    0.05055783689022064,
    0.02671678550541401,
    -0.04063007980585098,
    0.1251647025346756,
    0.0667075589299202,
    0.08802424371242523,
    -0.034435100853443146
]