[
    -0.019510556012392044,
    0.04233696684241295,
    0.00844110269099474,
    -0.05360645800828934,
    0.04158761724829674,
    0.11020595580339432,
    -0.022298360243439674,
    -0.043697915971279144,
    -0.048237334936857224,
    -0.03652164712548256,
    -0.04918942600488663,
    -0.02538551203906536,
    -0.026119783520698547,
    -0.0386185422539711,
    0.10845070332288742,
    -0.06750600039958954,
    0.06007944047451019,
    0.04330722242593765,
    -0.09273312240839005,
    0.04625995457172394,
    0.012837786227464676,
    0.04811277613043785,
    -0.06952355802059174,
    0.01529912743717432,
    -0.053479041904211044,
    -0.00512155145406723,
    -0.002577763283625245,
    -0.04272674396634102,
    0.028203746303915977,
    0.00619225949048996,
    0.020686177536845207,
    0.030231764540076256,
    0.02911326289176941,
    0.08221901953220367,
    0.0329933762550354,
    -0.03691409155726433,
    -0.04101565480232239,
    0.03578878566622734,
    -0.04298779368400574,
    0.018370527774095535,
    -0.058499302715063095,
    -0.008401582017540932,
    -0.052129119634628296,
    0.0530049130320549,
    0.038156766444444656,
    0.038279298692941666,
    -0.06018851324915886,
    -0.02981923148036003,
    0.006725165527313948,
    0.05993523448705673,
    0.02398320473730564,
    -0.021564878523349762,
    -0.0029243251774460077,
    0.06718412786722183,
    -0.005314405541867018,
    -0.08311018347740173,
    -0.05243678763508797,
    -0.018068961799144745,
    -0.08222044259309769,
    0.008870639838278294,
    0.04037193953990936,
    -0.054916832596063614,
    -0.0005981242866255343,
    0.07750189304351807,
    -0.09767912328243256,
    0.0285126194357872,
    -0.00023608989431522787,
    0.025253430008888245,
    -0.029188234359025955,
    -0.018583383411169052,
    -0.10406720638275146,
    -0.014526302926242352,
    -0.01484274584800005,
    0.04991275072097778,
    0.031034445390105247,
    0.014462187886238098,
    0.009720321744680405,
    -0.0041901301592588425,
    0.05838504433631897,
    -0.12856654822826385,
    -0.0651189461350441,
    0.0005378068308345973,
    0.02036033384501934,
    0.054165903478860855,
    -0.04990943521261215,
    -0.012614802457392216,
    -0.0027893679216504097,
    -0.015496017411351204,
    -0.013527078554034233,
    -0.061526041477918625,
    -0.024143928661942482,
    -0.05779655650258064,
    0.06467954069375992,
    -0.014249870553612709,
    0.060547519475221634,
    -0.0031433370895683765,
    -0.02332880347967148,
    -0.07380887866020203,
    0.018559560179710388,
    -0.04785163328051567,
    0.00212957919575274,
    -0.05878905951976776,
    0.046951621770858765,
    0.008653818629682064,
    -0.090570367872715,
    -0.07452521473169327,
    0.038730427622795105,
    0.01691063493490219,
    0.03234626725316048,
    0.02259311079978943,
    0.040196020156145096,
    0.01252004038542509,
    -0.014452800154685974,
    -0.09712282568216324,
    0.02768346108496189,
    -0.051946260035037994,
    -0.031499914824962616,
    0.020613783970475197,
    0.0500950925052166,
    0.0325222872197628,
    -0.0408208854496479,
    -0.0024786838330328465,
    -0.011154607869684696,
    -0.06138262152671814,
    -0.0026006305124610662,
    -0.003910989500582218,
    -0.04915335029363632,
    1.9496091025902e-32,
    0.013192295096814632,
    -0.021322686225175858,
    -0.01962677389383316,
    0.031361959874629974,
    0.05686528980731964,
    -0.03779321163892746,
    0.04659256711602211,
    -0.01176771242171526,
    -0.023144816979765892,
    0.062204740941524506,
    -0.06884809583425522,
    0.02809026837348938,
    -0.02555546723306179,
    0.06912298500537872,
    -0.047596223652362823,
    0.005305175203830004,
    -0.008504369296133518,
    0.09121866524219513,
    -0.04488382488489151,
    0.06230653077363968,
    -0.009449402801692486,
    -0.0044038319028913975,
    0.007027297746390104,
    0.016719449311494827,
    -0.08611787110567093,
    0.00700837466865778,
    0.008966210298240185,
    -0.06648687273263931,
    0.04066137596964836,
    0.033063169568777084,
    0.011453188955783844,
    0.018526757135987282,
    -0.0022577480413019657,
    -0.05511416494846344,
    -0.04922080039978027,
    0.15306708216667175,
    0.025493131950497627,
    -0.022895459085702896,
    0.0465509258210659,
    -0.1244320198893547,
    -0.036232203245162964,
    -0.03385908901691437,
    0.05700972303748131,
    0.030920423567295074,
    0.10829184204339981,
    -0.05463694408535957,
    -0.0344696044921875,
    -0.006569185294210911,
    0.024538438767194748,
    0.03468771278858185,
    -0.0961018055677414,
    -0.014837048947811127,
    0.04841366410255432,
    -0.037646472454071045,
    0.016417987644672394,
    -0.052237894386053085,
    -0.07025360316038132,
    0.0515001118183136,
    -0.06453263014554977,
    0.07375235110521317,
    -0.014017833396792412,
    0.06299611181020737,
    -0.0350729376077652,
    -0.0014282686170190573,
    0.0017859450308606029,
    0.010475623421370983,
    0.008824444375932217,
    -0.06208185851573944,
    0.06527764350175858,
    0.043419674038887024,
    -0.010638806968927383,
    0.0834755003452301,
    -0.0402752049267292,
    0.04966471344232559,
    0.0030376380309462547,
    0.015093307942152023,
    0.008655096404254436,
    -0.007886150851845741,
    0.04400211200118065,
    0.04532485455274582,
    -0.048165399581193924,
    0.026816459372639656,
    0.01055288128554821,
    0.02310081571340561,
    -0.020271049812436104,
    0.04448527842760086,
    0.06386291980743408,
    0.021427582949399948,
    -0.05792134255170822,
    -0.06800568103790283,
    -0.00034290054463781416,
    0.004351229872554541,
    0.08241041004657745,
    0.06367649137973785,
    0.01122175995260477,
    -2.115829440457844e-32,
    -0.010150349698960781,
    0.014719770289957523,
    -0.0033472515642642975,
    -0.03262773156166077,
    0.08041922748088837,
    -0.01205439493060112,
    -0.024047410115599632,
    -0.12330284714698792,
    0.07030361890792847,
    0.031169643625617027,
    -0.02143551968038082,
    -0.03998836874961853,
    -0.037695303559303284,
    -0.022372672334313393,
    -0.08836129307746887,
    -0.05125108361244202,
    -0.09655191004276276,
    -0.1088847890496254,
    0.023951100185513496,
    0.09960397332906723,
    -0.03523947671055794,
    -0.010363836772739887,
    -0.004262243397533894,
    0.12542188167572021,
    0.05588265508413315,
    0.020878367125988007,
    -0.04070127382874489,
    0.0030399970710277557,
    0.14548355340957642,
    -0.032724667340517044,
    -0.06336557120084763,
    -0.04910154268145561,
    -0.03002568893134594,
    0.04209843650460243,
    -0.06173953786492348,
    -0.1562972068786621,
    0.035092707723379135,
    -0.0362466536462307,
    -0.014818144030869007,
    -0.052397679537534714,
    0.0962015688419342,
    -0.028404569253325462,
    0.01509470771998167,
    -0.013687878847122192,
    0.01680194027721882,
    -0.006084007676690817,
    0.06012095510959625,
    -0.0883597880601883,
    -0.05056144297122955,
    -0.000404832826461643,
    0.014512491412460804,
    -0.018410084769129753,
    -0.00846514105796814,
    0.034390803426504135,
    -0.04482361674308777,
    -0.002030076226219535,
    0.014382281340658665,
    -0.05330386385321617,
    -0.08880553394556046,
    -0.005523104220628738,
    0.04704076796770096,
    0.046372126787900925,
    -0.018776223063468933,
    0.09331820905208588,
    -0.013896790333092213,
    -0.06509185582399368,
    -0.035602740943431854,
    -0.11377716809511185,
    -0.02833135612308979,
    -0.042842134833335876,
    -0.1293884664773941,
    -0.12724554538726807,
    -0.02170301042497158,
    -0.1080126017332077,
    0.03747333958745003,
    -0.06107538565993309,
    -0.011892666108906269,
    -0.05058206245303154,
    -0.09447627514600754,
    0.030872687697410583,
    0.03412821888923645,
    -0.025954699143767357,
    -0.08005792647600174,
    0.10349579900503159,
    0.009658091701567173,
    0.02351892739534378,
    0.04080495238304138,
    0.02471587248146534,
    -0.009764786809682846,
    0.11939318478107452,
    -0.1197601854801178,
    0.0005266914959065616,
    -0.022296356037259102,
    0.04000449553132057,
    -0.0947524681687355,
    -5.8399859170776836e-08,
    0.049386925995349884,
    0.10307206958532333,
    0.016598103567957878,
    -0.062295012176036835,
    -0.01805952377617359,
    -0.047819457948207855,
    -0.06274136900901794,
    -0.024302124977111816,
    0.018400682136416435,
    -0.009482947178184986,
    0.030973566696047783,
    0.10209187865257263,
    -0.00805915892124176,
    -0.018543092533946037,
    0.036555513739585876,
    0.008809033781290054,
    -0.07232629507780075,
    -0.014617027714848518,
    -0.01872292347252369,
    0.06721033900976181,
    -0.027876505628228188,
    -0.04703531041741371,
    -0.0851779580116272,
    0.00991147756576538,
    0.011404968798160553,
    0.08382923156023026,
    -0.0489509254693985,
    0.01817799173295498,
    0.08348787575960159,
    0.011525996029376984,
    -0.0009045251063071191,
    0.032283853739500046,
    -0.01047494262456894,
    -0.013518490828573704,
    -0.05937536433339119,
    -0.06138988211750984,
    0.0029670530930161476,
    0.0184272862970829,
    0.07347754389047623,
    -0.01763954944908619,
    0.02630200982093811,
    0.028418639674782753,
    0.020834527909755707,
    0.05554944649338722,
    -0.012624012306332588,
    -0.06716190278530121,
    -0.028753727674484253,
    -0.004068208858370781,
    -0.009676309302449226,
    -0.09438750147819519,
    -0.04474049434065819,
    -0.024968396872282028,
    0.0820024237036705,
    -0.03407158702611923,
    -0.044765979051589966,
    0.04999097064137459,
    -0.007908210158348083,
    -0.028008634224534035,
    0.0008753095171414316,
    -0.037038885056972504,
    0.09138178080320358,
    0.02383781410753727,
    0.0025736321695148945,
    0.026718437671661377
]