[
    -0.007524201646447182,
    0.006498991046100855,
    -0.031536996364593506,
    -0.05546014755964279,
    -0.01588324084877968,
    0.05950627848505974,
    -0.06227264180779457,
    -0.0036293095909059048,
    -0.019602127373218536,
    0.0650523453950882,
    0.004718513693660498,
    -0.06137463077902794,
    -0.02489141747355461,
    0.028200315311551094,
    0.10038673132658005,
    0.006844882853329182,
    -0.011774783954024315,
    -0.012891839258372784,
    -0.09474090486764908,
    0.030730776488780975,
    0.061428140848875046,
    0.0023433775641024113,
    -0.07855859398841858,
    -0.001145193469710648,
    -0.09707017987966537,
    0.015835842117667198,
    -0.01867160201072693,
    -0.0008931417833082378,
    0.0621374286711216,
    -0.06429410725831985,
    0.028397558256983757,
    0.046829286962747574,
    0.05766052007675171,
    0.06871742755174637,
    -0.005826487671583891,
    -0.00877278670668602,
    0.026259485632181168,
    -0.04757574573159218,
    0.027050813660025597,
    -0.00567811680957675,
    -0.04925196245312691,
    -0.04097664728760719,
    -0.030202852562069893,
    0.018148306757211685,
    0.006434277165681124,
    0.025766627863049507,
    -0.00014064811693970114,
    -0.003729426534846425,
    -0.06248028203845024,
    0.04286335036158562,
    -0.06919866800308228,
    0.004615965764969587,
    -0.050341226160526276,
    0.050210047513246536,
    0.0035448886919766665,
    -0.038189854472875595,
    -0.0047862292267382145,
    0.04200621694326401,
    0.003780865576118231,
    -0.06274399906396866,
    -0.01438708696514368,
    0.04830145090818405,
    -0.04579242691397667,
    0.026928359642624855,
    -0.0051707676611840725,
    0.00444719148799777,
    -0.06003428250551224,
    -0.021470142528414726,
    0.01839558593928814,
    0.021843595430254936,
    -0.1052512601017952,
    0.007735263556241989,
    0.005331938620656729,
    0.03040950559079647,
    -0.06335177272558212,
    -0.017309293150901794,
    -0.00712445005774498,
    0.08235525339841843,
    0.0485844686627388,
    -0.13194696605205536,
    -0.07474606484174728,
    0.04518558084964752,
    -0.0421590693295002,
    0.032757461071014404,
    -0.044967565685510635,
    -0.044185440987348557,
    0.007690862752497196,
    0.07819414883852005,
    0.055316898971796036,
    0.012293512932956219,
    0.11904638260602951,
    -0.04728043079376221,
    0.08445955067873001,
    -0.05535675957798958,
    0.01296272687613964,
    -0.029560983180999756,
    0.00979190319776535,
    -0.027099041268229485,
    0.09740741550922394,
    -0.0044490438885986805,
    0.035959724336862564,
    0.021007327362895012,
    -0.049399666488170624,
    -0.032134898006916046,
    -0.05622049793601036,
    0.0014814699534326792,
    -0.014451894909143448,
    0.022818801924586296,
    -0.04858194664120674,
    -0.012987470254302025,
    0.031351473182439804,
    0.0041112760081887245,
    -0.025966530665755272,
    -0.13844424486160278,
    0.08458556979894638,
    0.05312575772404671,
    -0.03484285622835159,
    0.09831371903419495,
    0.04434318467974663,
    -0.018105974420905113,
    -0.02393212355673313,
    0.037364691495895386,
    -0.019563816487789154,
    -0.1326970010995865,
    -0.018832985311746597,
    0.029518308117985725,
    -0.044001515954732895,
    1.715741415821435e-32,
    -0.10174153000116348,
    -0.037120796740055084,
    -0.1133582815527916,
    0.02959604375064373,
    0.06421051174402237,
    -0.03245163708925247,
    0.0192470271140337,
    0.018918460234999657,
    -0.05273248255252838,
    0.05696524307131767,
    0.027767954394221306,
    0.011458835564553738,
    -0.03486860543489456,
    -0.046672217547893524,
    -0.0180161502212286,
    0.01768653653562069,
    -0.016469120979309082,
    0.05489156022667885,
    -0.0012562621850520372,
    -0.003411747980862856,
    0.07533995062112808,
    -0.11599823087453842,
    0.04570712521672249,
    -0.011725867167115211,
    0.022983362898230553,
    -0.0007446553208865225,
    0.05209902301430702,
    0.009879897348582745,
    -0.01309935376048088,
    -0.010221763513982296,
    0.08306778967380524,
    -0.006489030551165342,
    0.024813570082187653,
    0.017088202759623528,
    0.09142667800188065,
    0.12385493516921997,
    0.02618403732776642,
    -0.037734709680080414,
    0.05520595237612724,
    -0.06851605325937271,
    -0.08258303999900818,
    -0.025769473984837532,
    -0.00876196101307869,
    0.0024336937349289656,
    0.022053156048059464,
    -0.01490708626806736,
    0.001988431205973029,
    -0.034698404371738434,
    0.08974464982748032,
    0.06664980947971344,
    0.01851978525519371,
    -0.06010955199599266,
    0.09414175152778625,
    -0.08137837052345276,
    0.0023373637814074755,
    0.04270540922880173,
    -0.07032007724046707,
    -0.00691311527043581,
    -0.07967314124107361,
    0.041877295821905136,
    -0.019109603017568588,
    -0.04148166626691818,
    -0.03327387943863869,
    0.005042219068855047,
    -0.059219203889369965,
    -0.04881792142987251,
    -0.03040183149278164,
    -0.001645345939323306,
    0.09690152853727341,
    -0.03268102928996086,
    -0.019331980496644974,
    0.043056171387434006,
    0.047760747373104095,
    -0.008916920982301235,
    -0.018833227455615997,
    -0.014916782267391682,
    0.07052581757307053,
    -0.03210212290287018,
    0.04655751585960388,
    0.017580732703208923,
    -0.06440545618534088,
    0.026637790724635124,
    0.04725068062543869,
    -0.012722439132630825,
    0.028412863612174988,
    -0.02458806335926056,
    0.049677524715662,
    0.02675214782357216,
    -0.05986432358622551,
    -0.04438718780875206,
    -0.023174185305833817,
    -0.037408497184515,
    0.0034878263249993324,
    0.058573395013809204,
    0.03430814668536186,
    -1.7029122174133544e-32,
    0.025019120424985886,
    -0.06222940981388092,
    -0.052510060369968414,
    0.053981270641088486,
    0.03692092373967171,
    0.03825290873646736,
    -0.08646754175424576,
    -0.07150757312774658,
    0.11072979122400284,
    0.0036633529234677553,
    0.001555992872454226,
    -0.04709726199507713,
    -0.011271973140537739,
    -0.02517339400947094,
    -0.06349607557058334,
    -0.04671620577573776,
    -0.004544226918369532,
    -0.05595909059047699,
    0.022676730528473854,
    0.09248848259449005,
    0.0011020735837519169,
    -0.04133744165301323,
    -0.04723824933171272,
    0.05910579115152359,
    0.015842413529753685,
    0.022056717425584793,
    -0.03684316575527191,
    -0.06286114454269409,
    0.08773529529571533,
    0.03944094479084015,
    0.012901244685053825,
    -0.12317828088998795,
    -0.08430306613445282,
    0.02281203493475914,
    -0.08211423456668854,
    -0.15882641077041626,
    0.07748673856258392,
    -0.059213828295469284,
    -0.005942162126302719,
    0.007622051518410444,
    0.06908125430345535,
    0.07858042418956757,
    0.037493471056222916,
    0.006094441749155521,
    -0.04649699479341507,
    0.029078222811222076,
    0.03658805787563324,
    -0.006422541104257107,
    -0.0015000893035903573,
    -0.05721257999539375,
    0.046522051095962524,
    -0.023923786357045174,
    -0.03772614151239395,
    -0.010815685614943504,
    0.0002752747677732259,
    0.04149707034230232,
    0.06604918837547302,
    -0.04437997564673424,
    -0.04454057663679123,
    0.06515780836343765,
    0.04232297092676163,
    0.0467219203710556,
    -0.014790993183851242,
    0.026157937943935394,
    0.015367497690021992,
    -0.07185231149196625,
    -0.09086114168167114,
    -0.02283891662955284,
    0.020099058747291565,
    -0.06131066381931305,
    -0.03688977658748627,
    -0.1025945246219635,
    -0.10553953796625137,
    -0.06990256905555725,
    0.025934457778930664,
    -0.038068100810050964,
    0.007421543821692467,
    -0.0381816141307354,
    -0.05459639057517052,
    -0.0015339560341089964,
    0.024147728458046913,
    0.05274233594536781,
    -0.09145456552505493,
    0.06011435389518738,
    -0.04649963974952698,
    0.045075926929712296,
    0.04246349260210991,
    0.010867715813219547,
    0.09780053794384003,
    0.09096657484769821,
    -0.0713307112455368,
    0.008897354826331139,
    0.023916907608509064,
    0.1145874634385109,
    -0.06978203356266022,
    -5.090223709203201e-08,
    -0.020214824005961418,
    -0.0009493539691902697,
    -0.03361611068248749,
    -0.026499802246689796,
    -0.047628551721572876,
    -0.0367150641977787,
    0.012698192149400711,
    -0.029672788456082344,
    -0.051368046551942825,
    -0.07223130017518997,
    0.10975503921508789,
    -0.026108480989933014,
    -0.03084641508758068,
    -0.017943980172276497,
    -0.002855493687093258,
    0.022440381348133087,
    -0.030059101060032845,
    -0.0018403532449156046,
    -0.06204329803586006,
    0.05109744891524315,
    -0.014008843339979649,
    -0.0863715335726738,
    -0.03500400483608246,
    0.026675090193748474,
    0.02917798049747944,
    -0.0177823007106781,
    -0.026066917926073074,
    0.12407737970352173,
    0.04324715957045555,
    0.057669300585985184,
    -0.01638822630047798,
    0.053762901574373245,
    0.030338700860738754,
    -0.0874401405453682,
    -0.042040787637233734,
    -0.035264793783426285,
    -0.019378013908863068,
    0.023971477523446083,
    0.03385160490870476,
    0.04023563489317894,
    -0.01357535645365715,
    0.018870819360017776,
    0.031579386442899704,
    0.02955344319343567,
    -0.0015616341261193156,
    -0.024853378534317017,
    -0.11123678833246231,
    0.06492245197296143,
    0.018237782642245293,
    -0.08418584614992142,
    -0.03147738426923752,
    -0.04772545024752617,
    0.024202847853302956,
    -0.008383306674659252,
    0.009979849681258202,
    0.1008557602763176,
    0.07907125353813171,
    0.05714845657348633,
    0.03390203416347504,
    -0.05615668743848801,
    0.09496241062879562,
    0.0850008949637413,
    0.03833372890949249,
    -0.010957845486700535
]