[
    -0.046361975371837616,
    0.03914758190512657,
    0.00025006875512190163,
    -0.0182101558893919,
    -0.05057641863822937,
    0.11927834153175354,
    -0.009991420432925224,
    -0.029896019026637077,
    -0.018064003437757492,
    0.03849992901086807,
    0.06206788867712021,
    -0.031179320067167282,
    0.04437557980418205,
    -0.03956490010023117,
    0.012264199554920197,
    0.010024972259998322,
    0.07655119895935059,
    0.06697337329387665,
    -0.11705344915390015,
    0.05968143418431282,
    0.019560879096388817,
    0.06581023335456848,
    -0.10042611509561539,
    0.0025724004954099655,
    -0.1748313158750534,
    -0.05551899969577789,
    -0.0100680748000741,
    -0.0212068073451519,
    0.03591746464371681,
    -0.05794775113463402,
    -0.02969488315284252,
    -0.01735825277864933,
    0.07705836743116379,
    0.07408729940652847,
    0.021014785394072533,
    0.05243907496333122,
    0.011292649433016777,
    -0.02627398446202278,
    -0.036953508853912354,
    -0.006164127960801125,
    -0.048978906124830246,
    -0.03207544609904289,
    -0.04762396588921547,
    -0.026665642857551575,
    0.042516760528087616,
    -0.01135372743010521,
    0.012435058131814003,
    -0.0830625668168068,
    -0.05373411625623703,
    -0.06782437860965729,
    -0.04281316325068474,
    0.02629450522363186,
    -0.01919570006430149,
    0.06115410849452019,
    -0.05589953809976578,
    -0.02025354653596878,
    -0.002540777437388897,
    -0.02303888089954853,
    -0.044741563498973846,
    -0.03506719693541527,
    0.020176462829113007,
    -0.012539890594780445,
    -0.03079090267419815,
    0.02103094384074211,
    -0.006829549092799425,
    0.05020136758685112,
    -0.03322697803378105,
    -0.03279712051153183,
    0.03537030518054962,
    0.05724533274769783,
    -0.03809760883450508,
    -0.05792362615466118,
    -0.0017082418780773878,
    0.009517977945506573,
    0.01576821878552437,
    0.07137960940599442,
    0.034340377897024155,
    0.04584479704499245,
    0.08718396723270416,
    -0.16789460182189941,
    -0.012711502611637115,
    0.020127691328525543,
    0.00844358280301094,
    0.039463482797145844,
    -0.05262191966176033,
    -0.029382377862930298,
    -0.018631327897310257,
    -0.03994639962911606,
    0.0408758670091629,
    0.008446568623185158,
    0.07622677087783813,
    -0.07655016332864761,
    0.14218881726264954,
    -0.05660039186477661,
    0.045833054929971695,
    -0.022234641015529633,
    -0.014353848993778229,
    -0.12426109611988068,
    -0.0016174680786207318,
    0.032450441271066666,
    0.011579652316868305,
    0.007109867874532938,
    -0.09228230267763138,
    0.0009541748440824449,
    0.01621941290795803,
    -0.07794351130723953,
    -0.004855549894273281,
    -0.03701343759894371,
    0.012016057036817074,
    0.030390379950404167,
    0.038900263607501984,
    0.04424514248967171,
    -0.031490325927734375,
    -0.11023297905921936,
    0.017852578312158585,
    -0.007728379685431719,
    -0.04514870420098305,
    0.04789228364825249,
    0.02427266165614128,
    -0.03650281950831413,
    -0.02440088428556919,
    0.009077389724552631,
    -0.07859928905963898,
    -0.09557316452264786,
    -0.0448254831135273,
    -0.017663098871707916,
    -0.047442030161619186,
    2.4528868702559866e-32,
    0.011752369813621044,
    -0.033101268112659454,
    -0.01888973079621792,
    -0.0569903738796711,
    0.025188276544213295,
    -0.0259795431047678,
    -0.017786018550395966,
    -0.01880653388798237,
    -0.025513987988233566,
    0.09695902466773987,
    -0.006319594569504261,
    0.007006787229329348,
    -0.03288936987519264,
    -0.022754482924938202,
    -0.06785121560096741,
    0.008402242325246334,
    -0.0813407301902771,
    0.07915157079696655,
    0.013641436584293842,
    0.05331367254257202,
    -0.009298300370573997,
    -0.012577488087117672,
    0.008309634402394295,
    -0.058759402483701706,
    0.00900621060281992,
    -0.036727868020534515,
    -0.025174256414175034,
    -0.007674782536923885,
    0.030560601502656937,
    0.01851237379014492,
    0.06722128391265869,
    0.07676450163125992,
    0.045216094702482224,
    -0.0017108720494434237,
    -0.0065614208579063416,
    0.11686740070581436,
    -0.027504287660121918,
    -0.02004522643983364,
    0.028358152136206627,
    -0.06684226542711258,
    -0.1270529180765152,
    0.04406203329563141,
    0.04277563467621803,
    0.009649430401623249,
    0.06914771348237991,
    -0.05679674819111824,
    0.03254280239343643,
    -0.07982639223337173,
    0.0323898084461689,
    0.030522750690579414,
    0.009055043570697308,
    0.000984207377769053,
    0.038936495780944824,
    -0.03548317030072212,
    -0.016565991565585136,
    -0.0739261731505394,
    -0.03315266594290733,
    0.09985892474651337,
    -0.030915623530745506,
    0.03363736718893051,
    0.02444378100335598,
    -0.0035068506840616465,
    -0.06371631473302841,
    0.0079212486743927,
    -0.007828837260603905,
    -0.0010307288030162454,
    -0.03813130781054497,
    -0.04543333500623703,
    0.04211350902915001,
    -0.06159310042858124,
    -0.009595733135938644,
    0.08134444057941437,
    0.004127125721424818,
    0.010977710597217083,
    -0.07093556225299835,
    -0.0338224433362484,
    0.051300663501024246,
    0.004688838496804237,
    0.08270221203565598,
    -0.03366149961948395,
    -0.07619784772396088,
    -0.01862703636288643,
    0.003450089367106557,
    0.04292243346571922,
    0.01695071905851364,
    -0.010883575305342674,
    0.03403732180595398,
    0.02545796148478985,
    -0.0010366864735260606,
    -0.03494128957390785,
    0.013637007214128971,
    0.02521001547574997,
    0.020051682367920876,
    0.09983352571725845,
    0.02358638122677803,
    -2.4208261434580718e-32,
    -0.02396099641919136,
    -0.024748949334025383,
    -0.05662281811237335,
    0.018824132159352303,
    0.004151531960815191,
    -0.0006510810344479978,
    -0.04775526002049446,
    -0.11375496536493301,
    -0.005594928748905659,
    -0.013654300011694431,
    -0.01883474551141262,
    -0.045007724314928055,
    0.015598312020301819,
    0.016657516360282898,
    -0.06558056175708771,
    -0.08832181245088577,
    -0.04342060908675194,
    -0.0003181750944349915,
    -0.03434331715106964,
    0.09410427510738373,
    0.04898146912455559,
    0.047832537442445755,
    -0.04552224278450012,
    0.10732480138540268,
    -0.026388168334960938,
    0.05291033908724785,
    -0.04211604967713356,
    -0.02747349813580513,
    0.0475238598883152,
    -0.04906846955418587,
    0.01969102770090103,
    0.01875915192067623,
    -0.0962207019329071,
    0.07137206941843033,
    -0.04195936769247055,
    -0.19267638027668,
    0.058475833386182785,
    -0.047956183552742004,
    -0.05769858881831169,
    -0.041612084954977036,
    0.07696855068206787,
    0.06260181218385696,
    -0.02413993887603283,
    0.02423984371125698,
    0.042179789394140244,
    -0.05142321437597275,
    0.03824835270643234,
    -0.05789116024971008,
    0.05263485759496689,
    -0.02913031168282032,
    -0.04753188416361809,
    -0.10398879647254944,
    -0.00015964667545631528,
    0.08361268043518066,
    -0.03028034418821335,
    0.047065746039152145,
    0.0577203705906868,
    -0.06747082620859146,
    -0.0017404911341145635,
    0.04225389286875725,
    0.04720167815685272,
    0.08230417221784592,
    -0.02966351993381977,
    0.047568418085575104,
    0.025759300217032433,
    0.03653467446565628,
    -0.010769282467663288,
    -0.01137048751115799,
    0.002778393914923072,
    -0.06910405308008194,
    -0.020815430209040642,
    -0.02779633179306984,
    -0.05317601561546326,
    -0.11962086707353592,
    0.05055338516831398,
    -0.009478576481342316,
    -0.0074127973057329655,
    -0.04724661633372307,
    -0.08808927237987518,
    0.013505320064723492,
    0.08645951747894287,
    -0.022510884329676628,
    -0.013805449940264225,
    0.0727563127875328,
    -0.07593216747045517,
    0.07325407862663269,
    0.08014575392007828,
    -0.06146892532706261,
    0.0585937574505806,
    0.09129660576581955,
    -0.11136715114116669,
    0.011615384370088577,
    -0.0011308732209727168,
    -0.007669311016798019,
    -0.06659024953842163,
    -6.910786964908766e-08,
    -0.03407655656337738,
    0.051750387996435165,
    -0.006542659364640713,
    -0.042190857231616974,
    -0.01897323504090309,
    -0.04397258535027504,
    -0.04978829249739647,
    -0.051347073167562485,
    -0.04279756546020508,
    -0.056500088423490524,
    -0.007706888020038605,
    0.04121754318475723,
    -0.04494868218898773,
    -0.02297261916100979,
    0.0426432229578495,
    -0.025174260139465332,
    -0.02360817976295948,
    0.003761742729693651,
    -0.051127176731824875,
    0.0706944465637207,
    -0.068173348903656,
    -0.022153129801154137,
    -0.008790385909378529,
    -0.021698951721191406,
    0.04069538787007332,
    0.021843567490577698,
    -0.021794557571411133,
    0.07813067734241486,
    0.06385713815689087,
    0.05563294142484665,
    0.028711749240756035,
    0.050212182104587555,
    -0.0021114444825798273,
    -0.04889766499400139,
    -0.061125192791223526,
    -0.00489090709015727,
    0.053592659533023834,
    -0.02784539945423603,
    0.026446936652064323,
    -0.03273972123861313,
    0.02667430229485035,
    0.04645160958170891,
    0.058593302965164185,
    0.08528263866901398,
    0.07050295174121857,
    -0.043494269251823425,
    -0.08490857481956482,
    0.04819133132696152,
    0.005355543922632933,
    -0.09205494821071625,
    0.0003855008981190622,
    -0.04397149011492729,
    0.02441018633544445,
    0.0069395131431519985,
    -0.025941869243979454,
    0.04060128703713417,
    0.06491655111312866,
    0.018367135897278786,
    -0.06581481546163559,
    0.016988666728138924,
    0.09340716898441315,
    -0.003070981940254569,
    0.054290954023599625,
    -0.04238142818212509
]