[
    -0.04885263741016388,
    -0.0203844141215086,
    -0.03960804641246796,
    -0.06318121403455734,
    -0.059310875833034515,
    0.04772607982158661,
    -0.04222160950303078,
    -0.05017843097448349,
    0.012199684977531433,
    0.05490835756063461,
    0.012446757405996323,
    0.009005540050566196,
    -0.008043905720114708,
    0.023467792198061943,
    0.05633622780442238,
    0.05443213880062103,
    0.07284674048423767,
    0.03970552980899811,
    -0.07325591892004013,
    0.045379627496004105,
    0.02476760558784008,
    -0.0005745996022596955,
    -0.042463935911655426,
    -0.017369359731674194,
    -0.09619265049695969,
    -0.026837244629859924,
    -0.03832690417766571,
    -0.019750365987420082,
    0.04814070090651512,
    -0.10683512687683105,
    0.03205566108226776,
    0.04660008102655411,
    0.03475154936313629,
    0.044360943138599396,
    -0.025507183745503426,
    -0.015206052921712399,
    0.012476298026740551,
    -0.0612110011279583,
    -0.025237275287508965,
    -0.038225021213293076,
    -0.024405594915151596,
    -0.009212261997163296,
    -0.037905819714069366,
    -0.019297581166028976,
    0.0055488096550107,
    0.04879087582230568,
    -0.028447629883885384,
    -0.048470307141542435,
    -0.0644679144024849,
    0.024405332282185555,
    -0.04772452265024185,
    -0.026852823793888092,
    -0.027812382206320763,
    0.09492385387420654,
    -0.03541688248515129,
    -0.015094771049916744,
    -0.009458670392632484,
    0.021894758567214012,
    -0.0210176482796669,
    -0.03612057492136955,
    -0.0164185743778944,
    0.030338402837514877,
    -0.060838740319013596,
    0.054968852549791336,
    -0.0272492915391922,
    0.012083301320672035,
    0.0034969139378517866,
    -0.03305593505501747,
    0.03616664186120033,
    -0.004973616451025009,
    -0.050675395876169205,
    0.018803535029292107,
    0.02429860644042492,
    0.015132026746869087,
    -0.06931579113006592,
    -0.014175830408930779,
    -0.019312864169478416,
    0.016549797728657722,
    0.03239736333489418,
    -0.11572650074958801,
    -0.06441651284694672,
    -0.004073523450642824,
    -0.04288969188928604,
    0.001987941563129425,
    -0.06992561370134354,
    -0.04914196953177452,
    -0.026258062571287155,
    0.039160873740911484,
    0.0656762346625328,
    0.04849037155508995,
    0.056410279124975204,
    -0.04192383214831352,
    0.08329637348651886,
    -0.08203838020563126,
    0.0406310148537159,
    -0.00230981782078743,
    0.004483053460717201,
    -0.018603844568133354,
    0.07841474562883377,
    0.017680371180176735,
    0.039130717515945435,
    0.03929561749100685,
    -0.04011230543255806,
    -0.05312530696392059,
    -0.02657412551343441,
    -0.033647943288087845,
    -0.014708404429256916,
    0.0058140140026807785,
    0.011075926013290882,
    0.03045169822871685,
    0.0005680667236447334,
    -0.010389906354248524,
    0.011137193068861961,
    -0.12062747031450272,
    0.02580200508236885,
    0.025792663916945457,
    -0.06665592640638351,
    0.08709728717803955,
    0.053948819637298584,
    -0.07436884939670563,
    -0.001469318405725062,
    0.024560218676924706,
    -0.02009686641395092,
    -0.030614225193858147,
    0.043732866644859314,
    -0.010588803328573704,
    -0.05318647623062134,
    1.9213640304550544e-32,
    -0.04013562947511673,
    -0.0738907903432846,
    -0.08640821278095245,
    0.040229860693216324,
    0.06485375761985779,
    0.006889795884490013,
    0.005227747373282909,
    -0.007508171256631613,
    -0.09635259211063385,
    0.021128559485077858,
    0.01363574992865324,
    0.025541866198182106,
    0.001313073094934225,
    -0.06796883046627045,
    -0.043704088777303696,
    -0.05250778794288635,
    -0.01715140789747238,
    0.06871999800205231,
    -0.03628161922097206,
    0.016726771369576454,
    0.04753115400671959,
    -0.003532054368406534,
    0.0016187091823667288,
    0.03875125199556351,
    -0.00761945266276598,
    -0.023193558678030968,
    0.0340525358915329,
    -0.016346881166100502,
    0.017751095816493034,
    0.007354807574301958,
    0.056228261440992355,
    -0.003305855905637145,
    -0.01361309364438057,
    0.028835009783506393,
    0.07848556339740753,
    0.11065972596406937,
    -0.023220038041472435,
    -0.05339484289288521,
    0.09513965249061584,
    -0.0815071165561676,
    -0.0817435160279274,
    -0.05183829739689827,
    -0.05080797150731087,
    -0.016191722825169563,
    -0.019778534770011902,
    -0.06424008309841156,
    -0.011955800466239452,
    -0.010797756724059582,
    0.052887167781591415,
    0.0920383557677269,
    0.030768349766731262,
    -0.030314117670059204,
    0.056455399841070175,
    -0.0503648966550827,
    0.007459297776222229,
    -0.00037672038888558745,
    -0.08400290459394455,
    0.06847456842660904,
    -0.10413414984941483,
    0.041393496096134186,
    -0.03503856435418129,
    0.03691830113530159,
    -0.06746083498001099,
    0.012247242964804173,
    -0.04557790234684944,
    -0.06999841332435608,
    -0.044024884700775146,
    -0.054414570331573486,
    0.1181604340672493,
    -0.05021550506353378,
    -0.04384218156337738,
    0.03466133400797844,
    0.059911273419857025,
    0.049697332084178925,
    -0.024021530523896217,
    -0.03637196496129036,
    -0.0023056636564433575,
    -0.0693616196513176,
    0.018705299124121666,
    -0.013252699747681618,
    -0.13906115293502808,
    0.0059312209486961365,
    0.017012573778629303,
    0.05019053444266319,
    0.0837525725364685,
    -0.033773764967918396,
    0.01727573573589325,
    -0.02891351655125618,
    -0.04465479403734207,
    -0.03686370700597763,
    0.00817574467509985,
    0.011265931650996208,
    -0.029453786090016365,
    0.09992457181215286,
    0.05369079113006592,
    -1.9794841445795546e-32,
    0.023498041555285454,
    -0.05479205399751663,
    -0.08647303283214569,
    0.04840072989463806,
    0.03715365380048752,
    0.05801355466246605,
    -0.09077489376068115,
    -0.10338170826435089,
    0.08746851980686188,
    -0.052278220653533936,
    -0.05285608395934105,
    -0.03214733675122261,
    0.020579732954502106,
    0.008503234945237637,
    -0.043851062655448914,
    -0.07694555073976517,
    -0.04043279215693474,
    -0.03762997314333916,
    0.044794559478759766,
    0.08448392897844315,
    0.01000656932592392,
    0.06876843422651291,
    -0.010703617706894875,
    0.09444417804479599,
    0.014699502848088741,
    -0.01146644912660122,
    -0.022945865988731384,
    -0.038630276918411255,
    0.07064440101385117,
    0.05390958860516548,
    -0.019484734162688255,
    -0.13286380469799042,
    -0.09081138670444489,
    0.00851090345531702,
    -0.05347149446606636,
    -0.15062744915485382,
    0.12621648609638214,
    -0.028255023062229156,
    -0.04262189939618111,
    -0.0043963417410850525,
    0.03177902102470398,
    0.06182653084397316,
    0.06294005364179611,
    -0.019340939819812775,
    -0.020084740594029427,
    -0.007622080389410257,
    0.030604694038629532,
    -0.005919920280575752,
    -0.027013974264264107,
    -0.058240942656993866,
    0.006194243207573891,
    -0.0031164006795734167,
    -0.007602204568684101,
    0.001307530328631401,
    -0.012638679705560207,
    0.020972875878214836,
    0.038269881159067154,
    -0.029979979619383812,
    -0.012744301930069923,
    0.027384651824831963,
    0.08718827366828918,
    0.09728006273508072,
    0.004125477746129036,
    0.007374353241175413,
    0.04758179932832718,
    0.010913933627307415,
    -0.06648680567741394,
    -0.008061281405389309,
    -0.04455992206931114,
    -0.0545678585767746,
    0.016980204731225967,
    -0.11332233250141144,
    -0.1046665757894516,
    -0.01357393991202116,
    0.15341438353061676,
    -0.010923274792730808,
    0.024950435385107994,
    -0.07620064914226532,
    -0.09109064191579819,
    -0.0077244993299245834,
    0.02834286354482174,
    0.036542702466249466,
    -0.04539128392934799,
    0.09480246156454086,
    -0.03963641822338104,
    0.08934257924556732,
    0.01804041676223278,
    -0.05009543523192406,
    0.052844416350126266,
    0.10225561261177063,
    -0.022239569574594498,
    0.02413296513259411,
    0.04476374015212059,
    0.07509160041809082,
    -0.05848855525255203,
    -5.487941834303456e-08,
    -0.04800133779644966,
    0.03306617960333824,
    -0.006940359715372324,
    -0.034166112542152405,
    -0.019481545314192772,
    -0.01896803081035614,
    0.028455937281250954,
    0.04282883554697037,
    -0.0649300366640091,
    -0.07554440200328827,
    0.10245863348245621,
    0.008641147054731846,
    -0.02121828868985176,
    -0.01857384480535984,
    0.028647229075431824,
    -0.013976183719933033,
    -0.03282156586647034,
    0.012090714648365974,
    -0.09877899289131165,
    0.0181729756295681,
    -0.0041243694722652435,
    -0.06485751271247864,
    -0.07175728678703308,
    0.04391823336482048,
    -0.002298371633514762,
    -0.01616492308676243,
    0.0015724529512226582,
    0.06237427145242691,
    -0.0008549685007892549,
    0.03685563802719116,
    -0.011348593980073929,
    0.06778936833143234,
    0.03766641393303871,
    -0.07025032490491867,
    -0.028895962983369827,
    0.021091336384415627,
    -0.020162679255008698,
    0.011040139012038708,
    0.06894464045763016,
    0.05319200083613396,
    -0.06327251344919205,
    0.05940038710832596,
    0.049097899347543716,
    0.05453517287969589,
    0.022910207509994507,
    0.005627841223031282,
    -0.05465146526694298,
    0.003937883302569389,
    -0.0230796430259943,
    -0.09861476719379425,
    -0.017618145793676376,
    -0.06337269395589828,
    -0.007693779654800892,
    0.0023972243070602417,
    -0.00299267889931798,
    0.1199200302362442,
    0.10563378036022186,
    0.05622493475675583,
    0.02413354068994522,
    -0.018033675849437714,
    0.11109687387943268,
    0.10048287361860275,
    0.04443399980664253,
    -0.010619168169796467
]