[
    -0.03673236444592476,
    0.03186897188425064,
    -0.022556476294994354,
    -0.050919827073812485,
    -0.04993060603737831,
    0.05912942439317703,
    -0.018131257966160774,
    -0.06262043118476868,
    0.036911189556121826,
    0.03680822625756264,
    0.020208120346069336,
    -0.027907872572541237,
    0.04521315172314644,
    -0.059875283390283585,
    0.0691954642534256,
    -0.030330387875437737,
    0.02122083492577076,
    0.06935364007949829,
    -0.10311110317707062,
    0.08882315456867218,
    -0.008197064511477947,
    0.07037492841482162,
    -0.0502457432448864,
    -0.010396653786301613,
    -0.11829733103513718,
    -0.03650730103254318,
    0.00680943951010704,
    -0.05122990906238556,
    0.014504961669445038,
    -0.0912729874253273,
    0.008478187955915928,
    0.00033985989284701645,
    0.0065028066746890545,
    0.10499222576618195,
    -0.030271444469690323,
    0.00044857055763714015,
    -0.04626147076487541,
    0.03080916404724121,
    -0.037713706493377686,
    0.04888948053121567,
    -0.056215837597846985,
    -0.0019532206933945417,
    -0.044785402715206146,
    -0.0020732199773192406,
    0.03666317090392113,
    -0.0010736205149441957,
    -0.060477711260318756,
    -0.049071893095970154,
    -0.0012479628203436732,
    0.02496672421693802,
    -0.06266503036022186,
    -0.023840704932808876,
    -0.016498113051056862,
    0.14382703602313995,
    -0.08317045122385025,
    -0.07995694130659103,
    -0.04396156594157219,
    -0.01706734672188759,
    -0.08782661706209183,
    0.01032533124089241,
    -0.011120306327939034,
    0.017850052565336227,
    0.05412343144416809,
    0.056015677750110626,
    -0.06431405991315842,
    0.06265261769294739,
    -0.01099290233105421,
    0.002670075511559844,
    -0.03906042501330376,
    0.00942870881408453,
    -0.04750886186957359,
    -0.02571289800107479,
    -0.017675790935754776,
    0.030416199937462807,
    0.0021560469176620245,
    0.031249120831489563,
    -0.0385221391916275,
    0.02970804087817669,
    0.07290884852409363,
    -0.11673855781555176,
    -0.028743427246809006,
    0.03420700877904892,
    -0.03210412710905075,
    0.029139837250113487,
    -0.008026215247809887,
    0.007865685038268566,
    -0.025095712393522263,
    0.006887801922857761,
    -0.01780042238533497,
    -0.052788302302360535,
    0.041026677936315536,
    -0.023690320551395416,
    0.18036039173603058,
    -0.07506369799375534,
    0.08790053427219391,
    -0.017401304095983505,
    0.007525735534727573,
    -0.0793282613158226,
    0.055137425661087036,
    -0.024980999529361725,
    -0.049142371863126755,
    0.01659093052148819,
    -0.004892299417406321,
    -0.00991796050220728,
    -0.013103947043418884,
    -0.10668978095054626,
    0.032250549644231796,
    -0.015409027226269245,
    -0.010939951986074448,
    0.031968723982572556,
    0.0619514063000679,
    0.044931963086128235,
    -0.06103702634572983,
    -0.13055935502052307,
    0.03303961083292961,
    -0.0036524422466754913,
    -0.05086657032370567,
    0.05551452934741974,
    0.06100507825613022,
    -0.0720859244465828,
    -0.06335648149251938,
    -0.006353663746267557,
    -0.026275957003235817,
    -0.08578212559223175,
    -0.005698009394109249,
    0.02978539653122425,
    -0.07125668972730637,
    2.3630341391942448e-32,
    -0.0019645828288048506,
    0.006798839196562767,
    -0.04355957359075546,
    -0.013909909874200821,
    0.0029302802868187428,
    -0.012738407589495182,
    0.024259572848677635,
    -0.0026553517673164606,
    -0.03495870158076286,
    0.09749564528465271,
    -0.04906666278839111,
    0.018418090417981148,
    -0.0034548835828900337,
    0.006012346129864454,
    -0.05916469171643257,
    0.053550560027360916,
    -0.004784481134265661,
    0.08135249465703964,
    -0.06184650585055351,
    0.0773911401629448,
    -0.004121284931898117,
    -0.023995105177164078,
    0.01990002766251564,
    0.011193213984370232,
    -0.055390615016222,
    0.015358690172433853,
    0.007166017312556505,
    -0.03351270779967308,
    0.0054925414733588696,
    0.0033351555466651917,
    0.024166155606508255,
    0.07330570369958878,
    0.05005493387579918,
    -0.017894186079502106,
    0.03778982535004616,
    0.08692935109138489,
    -0.003077281406149268,
    0.006427716463804245,
    0.05304922163486481,
    -0.045254405587911606,
    -0.04999556764960289,
    -0.010713975876569748,
    0.07946906238794327,
    -0.011938453651964664,
    0.0364033468067646,
    -0.023516377434134483,
    -0.018543273210525513,
    -0.027266450226306915,
    -0.0074319313280284405,
    0.021974217146635056,
    -0.029234629124403,
    0.014525464735925198,
    0.02119816467165947,
    0.007978798821568489,
    -0.01731506735086441,
    -0.005049181170761585,
    -0.0319223552942276,
    0.03500599041581154,
    -0.05303607136011124,
    0.07043886929750443,
    -0.03280665725469589,
    0.03928094357252121,
    -0.014052084647119045,
    0.0008923415443859994,
    -0.01509608794003725,
    -0.004935848526656628,
    -0.026352152228355408,
    -0.07484833896160126,
    0.05547088757157326,
    -0.035146940499544144,
    0.019924698397517204,
    0.05051516741514206,
    -0.016384150832891464,
    0.04298362135887146,
    -0.0304896030575037,
    -0.03161034360527992,
    -0.01948254182934761,
    -0.02643018774688244,
    0.07193388789892197,
    -0.009766642935574055,
    -0.08235013484954834,
    -0.038006123155355453,
    0.037022218108177185,
    0.0777268335223198,
    -0.030358336865901947,
    -0.0011128151090815663,
    0.03824630752205849,
    0.008059410378336906,
    -0.10470232367515564,
    -0.056332509964704514,
    0.015413020737469196,
    0.05435030907392502,
    0.017071280628442764,
    0.05474431440234184,
    0.017267923802137375,
    -2.4242356648226318e-32,
    0.002729043597355485,
    -0.03804299980401993,
    -0.029070954769849777,
    -0.037489451467990875,
    0.06345874816179276,
    -0.03429407253861427,
    -0.02271578460931778,
    -0.11916565895080566,
    0.03381574898958206,
    0.02057773806154728,
    0.015163109637796879,
    -0.04576202854514122,
    -0.05647456273436546,
    -0.027362797409296036,
    0.012554437853395939,
    -0.05018516257405281,
    -0.0715300664305687,
    -0.027122361585497856,
    -0.01089482381939888,
    0.09506504982709885,
    -0.028191858902573586,
    -0.035129643976688385,
    0.03883470967411995,
    0.14936403930187225,
    0.024325497448444366,
    0.049792107194662094,
    0.020483199506998062,
    -0.03055744804441929,
    0.11004888266324997,
    -0.014361906796693802,
    -0.030160609632730484,
    -0.02875649556517601,
    -0.04945075884461403,
    0.017380813136696815,
    -0.08522810786962509,
    -0.16634643077850342,
    0.033372338861227036,
    -0.08495303243398666,
    -0.044456224888563156,
    -0.0936843678355217,
    0.07713577896356583,
    0.011446380987763405,
    -0.04988686367869377,
    0.020051443949341774,
    0.054878853261470795,
    -0.0867919996380806,
    -0.0011933868518099189,
    -0.001999071566388011,
    -0.006783453281968832,
    0.014678055420517921,
    0.0013835526769980788,
    -0.03842794522643089,
    0.017119845375418663,
    0.040256351232528687,
    -0.0010972055606544018,
    0.07468359172344208,
    0.04759647324681282,
    -0.0638040229678154,
    -0.0340607613325119,
    -0.030375367030501366,
    0.06794410943984985,
    0.08178554475307465,
    -0.03411034494638443,
    0.11083346605300903,
    0.05299264192581177,
    -0.016630886122584343,
    -0.009712330996990204,
    -0.07815507054328918,
    -0.03498919680714607,
    -0.07878469675779343,
    -0.04831854999065399,
    -0.06287658959627151,
    -0.06260676681995392,
    -0.14124101400375366,
    0.08271913975477219,
    -0.0397782027721405,
    -0.06948985159397125,
    -0.10071206837892532,
    -0.059071145951747894,
    0.014477111399173737,
    0.06256403028964996,
    -0.07078073918819427,
    -0.01676774211227894,
    0.06658271700143814,
    -0.022679312154650688,
    0.013045372441411018,
    0.08187396079301834,
    -0.0536346361041069,
    -0.005951511673629284,
    0.11335445940494537,
    -0.0760655328631401,
    -0.0017927554436028004,
    -0.07840985059738159,
    0.03097589500248432,
    -0.0822548121213913,
    -6.302168031879773e-08,
    -0.04244678094983101,
    0.08722199499607086,
    -0.0017552587669342756,
    -0.054007966071367264,
    -0.02551634982228279,
    -0.08570940047502518,
    -0.06178489327430725,
    0.04442736878991127,
    -0.03576236963272095,
    -0.018175583332777023,
    0.04569285362958908,
    0.0695774257183075,
    0.005504590924829245,
    0.0050348215736448765,
    0.060386937111616135,
    -0.011902343481779099,
    -0.08809339255094528,
    -0.015378446318209171,
    -0.07186392694711685,
    0.061639782041311264,
    -0.039816807955503464,
    -0.05994320288300514,
    -0.05178593099117279,
    -0.013144551776349545,
    0.05159978196024895,
    0.004708091728389263,
    -0.03667941316962242,
    0.07929190993309021,
    0.11150727421045303,
    0.007320723962038755,
    -0.026096072047948837,
    -0.0006566461524926126,
    0.023179398849606514,
    -0.015531896613538265,
    -0.01763538457453251,
    -0.03993479534983635,
    0.05071514844894409,
    -0.02488487772643566,
    0.04153875634074211,
    0.01835707388818264,
    0.013488818891346455,
    0.012251121923327446,
    0.0429597869515419,
    0.08896520733833313,
    0.05170777440071106,
    -0.032593611627817154,
    -0.07105090469121933,
    0.03292682394385338,
    0.0035725890193134546,
    -0.053685735911130905,
    -0.041646238416433334,
    -0.019309621304273605,
    0.05509199947118759,
    -0.03312552720308304,
    -0.051174093037843704,
    0.0248631089925766,
    0.044499170035123825,
    0.026471834629774094,
    0.008366785012185574,
    0.002311715856194496,
    0.10119056701660156,
    -0.01709049567580223,
    0.05158237740397453,
    0.00598944490775466
]