[
    -0.06816771626472473,
    0.0037397309206426144,
    0.0026100773829966784,
    -0.06911513954401016,
    -0.030532250180840492,
    0.038915764540433884,
    -0.055181317031383514,
    -0.0013819723390042782,
    0.016133669763803482,
    0.07005264610052109,
    -0.0041090878657996655,
    0.01022766251116991,
    -0.008911709301173687,
    0.005872677080333233,
    0.04933764412999153,
    0.05750144645571709,
    0.04751526564359665,
    0.024869829416275024,
    -0.057999350130558014,
    0.06719160079956055,
    0.06220964342355728,
    0.0016645417781546712,
    -0.050635021179914474,
    -0.0032621161080896854,
    -0.10333707928657532,
    -0.033280856907367706,
    -0.023862561210989952,
    -0.04429978132247925,
    0.053794171661138535,
    -0.06279006600379944,
    0.04395066574215889,
    0.047954361885786057,
    0.03580430895090103,
    0.07220134884119034,
    0.013003234751522541,
    -0.019238905981183052,
    0.03350326418876648,
    -0.08378497511148453,
    0.009037598967552185,
    -0.04438445344567299,
    -0.008827339857816696,
    -0.016343843191862106,
    0.005235457792878151,
    -0.015422177501022816,
    -0.0004896160680800676,
    0.021741973236203194,
    -0.014018585905432701,
    -0.03357640281319618,
    -0.07922571897506714,
    0.021003467962145805,
    -0.08756792545318604,
    -0.03237579017877579,
    -0.002420015400275588,
    0.07050585746765137,
    -0.013612743467092514,
    -0.011061222292482853,
    0.022160978987812996,
    0.052941929548978806,
    -0.014035173691809177,
    -0.03113364614546299,
    0.007969782687723637,
    0.01345334853976965,
    -0.09874458611011505,
    0.038218460977077484,
    -0.022740937769412994,
    0.047964006662368774,
    -0.01236855797469616,
    -0.025373704731464386,
    0.025358514860272408,
    -0.007063508033752441,
    -0.01814393885433674,
    0.013575473800301552,
    0.025716742500662804,
    0.028424127027392387,
    -0.08089132606983185,
    -0.022530484944581985,
    -0.0018093225080519915,
    0.03819551691412926,
    0.029226064682006836,
    -0.141744926571846,
    -0.05829421803355217,
    -0.016040923073887825,
    -0.042480602860450745,
    0.01045174989849329,
    -0.03949445113539696,
    -0.06999623775482178,
    -0.0295729823410511,
    0.06427446752786636,
    0.059818025678396225,
    0.0563279427587986,
    0.08955934643745422,
    -0.04101965203881264,
    0.09555559605360031,
    -0.050518449395895004,
    0.025903284549713135,
    0.0034250516910105944,
    0.03698638081550598,
    -0.01288430392742157,
    0.09216951578855515,
    0.045622218400239944,
    0.034160129725933075,
    0.019247202202677727,
    -0.08454060554504395,
    -0.029509223997592926,
    0.001744906883686781,
    -0.021417716518044472,
    -0.0404200479388237,
    -0.007311005145311356,
    -0.04020741581916809,
    0.024538490921258926,
    0.007418748922646046,
    -0.04168139398097992,
    -0.008022013120353222,
    -0.10288195312023163,
    0.021045571193099022,
    0.03244392201304436,
    -0.023511826992034912,
    0.09980360418558121,
    0.012200070545077324,
    -0.08233863860368729,
    -0.009553073905408382,
    0.03409034386277199,
    -0.06747182458639145,
    -0.0731726586818695,
    0.012397993355989456,
    -0.024833323433995247,
    0.019857056438922882,
    2.0507756729050185e-32,
    -0.04397246614098549,
    -0.06244295462965965,
    -0.09916523844003677,
    0.0231443103402853,
    0.06283207982778549,
    -0.014752579852938652,
    0.002445510821416974,
    -0.023876715451478958,
    -0.023178499191999435,
    -0.0046514966525137424,
    0.0026361849159002304,
    -0.0019078032346442342,
    0.01563948392868042,
    -0.11011264473199844,
    -0.09709576517343521,
    -0.030200200155377388,
    -0.011600221507251263,
    0.0494949035346508,
    -0.020133432000875473,
    0.02237587794661522,
    0.06717429310083389,
    -0.06230105832219124,
    0.0071647390723228455,
    0.03770577535033226,
    -0.0051034013740718365,
    -0.01382488664239645,
    0.012195765040814877,
    -0.022628983482718468,
    -0.008585228584706783,
    0.015374585054814816,
    0.05396736413240433,
    -0.011182074435055256,
    -0.0025357597041875124,
    0.024673525243997574,
    0.0845509022474289,
    0.11963369697332382,
    -0.004077189601957798,
    -0.04411867633461952,
    0.09317950904369354,
    -0.0770660936832428,
    -0.05972793698310852,
    -0.03456101566553116,
    -0.038742706179618835,
    -0.016053326427936554,
    -0.00460432143881917,
    -0.05108940228819847,
    -0.032725125551223755,
    -0.013483340851962566,
    0.054651204496622086,
    0.08868136256933212,
    0.05570726469159126,
    -0.030798189342021942,
    0.1295413076877594,
    -0.050727445632219315,
    0.031684085726737976,
    0.02658987231552601,
    -0.0784275010228157,
    0.042014461010694504,
    -0.07349241524934769,
    0.04611220210790634,
    0.04733043909072876,
    0.023641468957066536,
    -0.04221460595726967,
    -0.013537878170609474,
    -0.03373733535408974,
    -0.06926120817661285,
    -0.06442561745643616,
    -0.008316519670188427,
    0.0882841944694519,
    -0.07472238689661026,
    0.007720225024968386,
    0.0652235895395279,
    0.014306982979178429,
    0.0061193546280264854,
    -0.019222049042582512,
    -0.030393186956644058,
    0.02155645377933979,
    -0.02091621793806553,
    -0.011778515763580799,
    -0.02613145299255848,
    -0.07618167251348495,
    -0.03352073207497597,
    -0.0016875111032277346,
    0.06246696785092354,
    0.10120487213134766,
    -0.02136995643377304,
    0.026315439492464066,
    0.010502568446099758,
    -0.05626450106501579,
    -0.02529807575047016,
    -0.006953406147658825,
    -0.0072719259187579155,
    -0.015254601836204529,
    0.0952189564704895,
    0.09314042329788208,
    -1.91359709846879e-32,
    0.02038700133562088,
    -0.047025684267282486,
    -0.09736323356628418,
    0.07685670256614685,
    0.0508856326341629,
    0.014784062281250954,
    -0.1037827879190445,
    -0.07061918079853058,
    0.11431435495615005,
    0.005968782585114241,
    -0.034760113805532455,
    -0.05667538940906525,
    0.03404754400253296,
    -0.03174259141087532,
    -0.07036800682544708,
    -0.06463447958230972,
    -0.004377962090075016,
    -0.032188642770051956,
    0.054444968700408936,
    0.06208919361233711,
    0.043417613953351974,
    -0.0007621967233717442,
    -0.054782066494226456,
    0.04505274444818497,
    0.03666921332478523,
    -0.013703222386538982,
    0.004898900166153908,
    -0.05523296073079109,
    0.03761208802461624,
    0.06304521858692169,
    -0.05298083275556564,
    -0.1150130033493042,
    -0.0712822899222374,
    0.035225119441747665,
    -0.026406394317746162,
    -0.14472682774066925,
    0.10909893363714218,
    -0.03190106898546219,
    -0.04138658940792084,
    0.004029420204460621,
    0.0375981368124485,
    0.09177888929843903,
    0.04318210855126381,
    -0.01641262322664261,
    -0.023483438417315483,
    0.016014277935028076,
    0.05570783466100693,
    0.025255240499973297,
    -0.025946512818336487,
    -0.06036762148141861,
    0.027015445753932,
    -0.034134406596422195,
    0.037223752588033676,
    0.021138083189725876,
    -0.023304056376218796,
    0.021471237763762474,
    0.05414661765098572,
    -0.033761173486709595,
    -0.029208088293671608,
    0.04994815215468407,
    0.07979217916727066,
    0.0762992575764656,
    -0.017884524539113045,
    -0.009815436787903309,
    0.07464096695184708,
    0.0016893811989575624,
    -0.05777585506439209,
    -0.035643815994262695,
    -0.025868641212582588,
    -0.0722556784749031,
    0.01850740797817707,
    -0.08440788090229034,
    -0.10167285799980164,
    -0.013863342814147472,
    0.12404274195432663,
    -0.0033588216174393892,
    0.04469156637787819,
    -0.05896453559398651,
    -0.08683443069458008,
    0.014303243719041348,
    0.020609505474567413,
    0.05361413210630417,
    -0.06824996322393417,
    0.06339599937200546,
    -0.03367612138390541,
    0.09994354844093323,
    0.003796732285991311,
    -0.04286628216505051,
    0.07440365850925446,
    0.07599851489067078,
    -0.02308293804526329,
    0.00427926005795598,
    0.07227589190006256,
    0.07089361548423767,
    -0.0688835009932518,
    -5.5244004926180423e-08,
    -0.05322806537151337,
    0.03316434845328331,
    -0.011015312746167183,
    -0.014043369330465794,
    0.00126681721303612,
    0.014311878010630608,
    0.02874288521707058,
    -0.0404694601893425,
    -0.03559894487261772,
    -0.11212822049856186,
    0.0886411964893341,
    -0.0003421343571972102,
    0.015952300280332565,
    -0.036946140229701996,
    0.023021982982754707,
    -0.059769995510578156,
    -0.016145963221788406,
    -0.03953755274415016,
    -0.10576403886079788,
    0.03129707649350166,
    0.022184723988175392,
    -0.07028387486934662,
    -0.020349085330963135,
    0.028103778138756752,
    0.008706427179276943,
    -0.008086619898676872,
    -0.0012374075595289469,
    0.06994403898715973,
    -0.013684569858014584,
    0.03307587653398514,
    -0.0519232414662838,
    0.08736541122198105,
    0.01461462676525116,
    -0.10569606721401215,
    -0.04363551735877991,
    0.013832896016538143,
    -0.010542519390583038,
    0.019263973459601402,
    0.06561142206192017,
    0.03591841086745262,
    -0.05007312819361687,
    0.055569086223840714,
    0.016464678570628166,
    0.025877539068460464,
    0.018610745668411255,
    0.00716781010851264,
    -0.05901704728603363,
    0.026051299646496773,
    -0.03271467238664627,
    -0.07623256742954254,
    -0.03356310725212097,
    -0.11539718508720398,
    0.005981857422739267,
    0.005708082113415003,
    -0.020613785833120346,
    0.08890353888273239,
    0.09776271134614944,
    0.017286550253629684,
    -0.002118252217769623,
    -0.0663541927933693,
    0.11627628654241562,
    0.108057402074337,
    0.03110797144472599,
    0.0034433838445693254
]