[
    -0.02009202167391777,
    0.012243734672665596,
    -0.007961990311741829,
    -0.10446073859930038,
    -0.042457230389118195,
    0.047107450664043427,
    0.009511254727840424,
    -0.020231273025274277,
    -0.0474361814558506,
    -0.018161918967962265,
    -0.055017758160829544,
    -0.0302897896617651,
    0.03681546449661255,
    -0.021251434460282326,
    0.1028270348906517,
    -0.0640142410993576,
    0.02380676381289959,
    0.03569100424647331,
    -0.10624441504478455,
    0.07605516910552979,
    0.024555498734116554,
    0.06392581015825272,
    -0.05581648275256157,
    0.03527291864156723,
    -0.07104498147964478,
    -0.015448680147528648,
    -0.004555551800876856,
    -0.06645809859037399,
    0.037446752190589905,
    0.011340963654220104,
    0.04730738326907158,
    0.023708121851086617,
    0.008691275492310524,
    0.08840315043926239,
    -0.009720520116388798,
    0.006315819453448057,
    -0.01822063699364662,
    0.006119806319475174,
    -0.03482131287455559,
    0.0368804857134819,
    0.0092598432675004,
    -0.008708387613296509,
    -0.04792388528585434,
    0.008880126290023327,
    0.08897022157907486,
    0.023931680247187614,
    -0.05978872627019882,
    0.023394962772727013,
    -0.009941918775439262,
    0.011534474790096283,
    -0.08596348762512207,
    -0.012057784013450146,
    -0.07170693576335907,
    0.05840300768613815,
    -0.029982231557369232,
    -0.06372765451669693,
    0.01149732805788517,
    -0.004232728388160467,
    -0.034930333495140076,
    0.015502400696277618,
    0.017906855791807175,
    -0.01622195728123188,
    0.013511755503714085,
    0.03435837849974632,
    -0.08552566170692444,
    0.05452986806631088,
    -0.009308291599154472,
    -0.015575302764773369,
    -0.01911512203514576,
    -0.023250069469213486,
    -0.09625609964132309,
    -0.03779231011867523,
    0.044706348329782486,
    0.06654754281044006,
    0.0018786357250064611,
    -0.014664864167571068,
    -0.006397213786840439,
    0.014980277977883816,
    0.023418359458446503,
    -0.14163869619369507,
    -0.032484930008649826,
    0.011505592614412308,
    -0.0005274114664644003,
    0.03459295257925987,
    -0.08207739144563675,
    -0.00976752582937479,
    -0.015978926792740822,
    -0.03418051078915596,
    -0.0237253587692976,
    -0.05044741928577423,
    0.003390125697478652,
    -0.08856258541345596,
    0.10311601310968399,
    -0.03877266123890877,
    0.08537648618221283,
    0.005327348597347736,
    0.0052820793353021145,
    -0.10966762900352478,
    0.03352080285549164,
    -0.06872329115867615,
    -0.02745511755347252,
    -0.03737344965338707,
    0.030019866302609444,
    0.040136128664016724,
    -0.04614434018731117,
    -0.03749026358127594,
    0.019040608778595924,
    0.05272006615996361,
    0.019559791311621666,
    0.027374666184186935,
    0.012868797406554222,
    0.010099511593580246,
    -0.0690212994813919,
    -0.1265791654586792,
    0.027355920523405075,
    -0.01223652996122837,
    -0.006031553726643324,
    0.024530069902539253,
    0.04789764806628227,
    -0.027067044749855995,
    -0.0951974019408226,
    0.0011930395849049091,
    -0.03649945929646492,
    -0.1435982584953308,
    -0.020818330347537994,
    0.009732246398925781,
    0.011855949647724628,
    1.7922223108953978e-32,
    -0.09138021618127823,
    0.006095156539231539,
    -0.05556197091937065,
    0.054560158401727676,
    0.04527018591761589,
    0.03391645476222038,
    0.0559610016644001,
    0.036405470222234726,
    -0.014015990309417248,
    0.05656343325972557,
    -0.03159599378705025,
    0.03768213838338852,
    -0.0412556417286396,
    0.015311549417674541,
    -0.06529181450605392,
    0.0007205482106655836,
    -0.015683062374591827,
    0.07113217562437057,
    -0.04502207040786743,
    0.07842559367418289,
    -0.022225627675652504,
    0.01496064942330122,
    -0.002594060031697154,
    0.0015119732124730945,
    -0.04779022932052612,
    0.025885941460728645,
    0.012821853160858154,
    -0.04764511063694954,
    0.02483907714486122,
    0.00024959450820460916,
    0.05836169421672821,
    0.03308086469769478,
    0.017019227147102356,
    -0.05239441618323326,
    0.0007301308796741068,
    0.11308752745389938,
    0.007855398580431938,
    -0.016954947263002396,
    0.06263896077871323,
    -0.12295760959386826,
    -0.04417822137475014,
    -0.022348806262016296,
    -0.010075517930090427,
    0.06024923175573349,
    0.011569296941161156,
    0.018660834059119225,
    0.04181786626577377,
    -0.010548223741352558,
    0.023228537291288376,
    0.07181475311517715,
    -0.04966792091727257,
    -0.016619889065623283,
    0.011446460150182247,
    -0.03987913951277733,
    0.051736533641815186,
    -0.02001563087105751,
    -0.03292198106646538,
    0.040983106940984726,
    -0.07932772487401962,
    0.03716246038675308,
    0.005330132320523262,
    -0.05762133747339249,
    -0.024480348452925682,
    -0.012548735365271568,
    0.060343775898218155,
    -0.048512399196624756,
    -0.003138755215331912,
    -0.05021493881940842,
    0.04003249108791351,
    0.02396216057240963,
    -0.0033594488631933928,
    0.0956064984202385,
    -0.011196069419384003,
    0.07267823070287704,
    -0.02001339942216873,
    -0.02149845100939274,
    -0.0022784797474741936,
    -0.056034546345472336,
    0.025395091623067856,
    0.059171728789806366,
    -0.0880926176905632,
    0.07693076878786087,
    0.037772804498672485,
    0.059622470289468765,
    -0.015942633152008057,
    0.008394528180360794,
    0.02861477993428707,
    0.028975337743759155,
    -0.011617839336395264,
    -0.0775412917137146,
    -0.09612784534692764,
    0.02438247576355934,
    0.06902403384447098,
    0.07714947313070297,
    0.012960823252797127,
    -2.018155851606494e-32,
    0.046757593750953674,
    -0.02031913958489895,
    -0.05422291159629822,
    0.024722957983613014,
    0.058273058384656906,
    -0.01432502456009388,
    -0.05116984620690346,
    -0.043747372925281525,
    0.07576104998588562,
    0.06177076697349548,
    0.06201150640845299,
    -0.050688955932855606,
    -0.0226587001234293,
    -0.04869289696216583,
    -0.07784462720155716,
    -0.02812035009264946,
    -0.12047095596790314,
    -0.09615560621023178,
    0.01504827942699194,
    0.10419397056102753,
    -0.033641982823610306,
    -0.0270631592720747,
    -0.013974313624203205,
    0.09955066442489624,
    0.0496809184551239,
    0.05814870446920395,
    -0.014263525605201721,
    -0.008970445021986961,
    0.11144896596670151,
    -0.04313746094703674,
    -0.011607690714299679,
    -0.02716641128063202,
    -0.02584969438612461,
    0.005671879276633263,
    -0.09230651706457138,
    -0.15489046275615692,
    0.05361945927143097,
    -0.00493002450093627,
    -0.03894546627998352,
    -0.03243562951683998,
    0.09221848845481873,
    -0.016338704153895378,
    0.006616754457354546,
    0.01041033398360014,
    0.02298683673143387,
    -0.04467318207025528,
    0.11217699199914932,
    -0.013551878742873669,
    0.028633061796426773,
    -0.021360227838158607,
    0.033196549862623215,
    -0.0404655858874321,
    0.0025071522686630487,
    0.04113907739520073,
    -0.0639486089348793,
    0.04368961974978447,
    0.027778051793575287,
    0.0070568230003118515,
    -0.01125337928533554,
    -0.07089110463857651,
    0.10798151791095734,
    0.022162560373544693,
    -0.03244154155254364,
    0.07635093480348587,
    -0.03416776284575462,
    -0.025863824412226677,
    -0.013767227530479431,
    -0.08162521570920944,
    -0.009562858380377293,
    -0.08615812659263611,
    -0.11443188041448593,
    -0.12519827485084534,
    -0.08045888692140579,
    -0.10086660087108612,
    0.021936267614364624,
    -0.053873512893915176,
    -0.03835108131170273,
    -0.0810440257191658,
    -0.031189879402518272,
    -0.025770341977477074,
    0.11103187501430511,
    -0.046247370541095734,
    -0.06469827145338058,
    0.06914658099412918,
    -0.03740168735384941,
    -0.010533841326832771,
    0.05404768884181976,
    -0.04332287982106209,
    0.004740750417113304,
    0.05943237617611885,
    -0.07581354677677155,
    0.009594585746526718,
    -0.05463380739092827,
    0.029401876032352448,
    -0.07112373411655426,
    -5.72532670162218e-08,
    -0.006045054644346237,
    0.11821866035461426,
    -0.05303452908992767,
    -0.04383125156164169,
    -0.08496743440628052,
    -0.06388727575540543,
    -0.08414150774478912,
    -0.03013264201581478,
    0.019430825486779213,
    0.0028581314254552126,
    0.013867251574993134,
    0.04471846669912338,
    -0.025760583579540253,
    0.022941654548048973,
    0.037958063185214996,
    -0.02990645356476307,
    -0.08791149407625198,
    0.005192307755351067,
    -0.015581619925796986,
    0.12268049269914627,
    -0.06640972197055817,
    -0.025201382115483284,
    -0.023807168006896973,
    -0.009401737712323666,
    0.0036289982963353395,
    0.048976000398397446,
    -0.0004911478026770055,
    0.03712978959083557,
    0.1091557964682579,
    0.03532153740525246,
    -0.011752359569072723,
    0.05156520754098892,
    -0.006624202243983746,
    -0.033234819769859314,
    -0.04414423927664757,
    -0.05959463492035866,
    0.002306669019162655,
    -0.017583083361387253,
    0.03350314497947693,
    0.0026245927438139915,
    0.0042754849418997765,
    0.018922459334135056,
    -0.031069446355104446,
    0.05694703757762909,
    -0.02106473408639431,
    -0.003301832126453519,
    0.025164855644106865,
    0.051156990230083466,
    0.018172137439250946,
    -0.06341828405857086,
    -0.061531297862529755,
    0.0330924317240715,
    0.06053784489631653,
    -0.059270452708005905,
    -0.08324658870697021,
    0.053884103894233704,
    0.0029878404457122087,
    -0.014127814210951328,
    -0.022936807945370674,
    0.01846957765519619,
    0.06447623670101166,
    0.023020319640636444,
    0.08121023327112198,
    -0.013168838806450367
]