[
    -0.03615865111351013,
    0.08124573528766632,
    -0.02508590929210186,
    -0.0676448792219162,
    -0.006010604556649923,
    0.06210462749004364,
    -0.014504477381706238,
    0.010003049857914448,
    0.002473303349688649,
    0.01787557639181614,
    0.06464190036058426,
    -0.03939816355705261,
    -0.0025539875496178865,
    -0.0016268279869109392,
    0.04445136338472366,
    -0.017558490857481956,
    0.073666051030159,
    0.0762462243437767,
    -0.12476564943790436,
    0.07462086528539658,
    0.07677692174911499,
    0.07242903858423233,
    -0.06647805124521255,
    0.01556740328669548,
    -0.12711270153522491,
    -0.011732893995940685,
    -0.020310766994953156,
    -0.04711383581161499,
    0.08298054337501526,
    -0.05623799189925194,
    0.022556181997060776,
    0.09801065921783447,
    0.06379488110542297,
    0.039706040173769,
    -0.01605677232146263,
    -0.020942790433764458,
    -0.008945236913859844,
    -0.028511684387922287,
    -0.04437863454222679,
    -0.014280809089541435,
    0.006488561164587736,
    -0.05837683379650116,
    -0.00424675177782774,
    -0.001246370025910437,
    0.061413172632455826,
    -0.021690281108021736,
    -0.02439511939883232,
    -0.01006224937736988,
    -0.06197648122906685,
    0.012932376936078072,
    -0.08124993741512299,
    -0.053917817771434784,
    -0.04402005299925804,
    0.079014353454113,
    -0.05589395761489868,
    -0.07022229582071304,
    0.02492533065378666,
    0.029398830607533455,
    -0.07242836058139801,
    0.0037858006544411182,
    0.019949935376644135,
    -0.0077036595903337,
    -0.03388906270265579,
    0.06701014190912247,
    0.0007048866245895624,
    0.05639902502298355,
    -0.027150211855769157,
    -0.07293374836444855,
    0.0030014337971806526,
    0.05445201322436333,
    -0.048095185309648514,
    -0.06242535263299942,
    0.011696097441017628,
    0.0162741057574749,
    0.007340197917073965,
    0.03015763685107231,
    -0.0517464205622673,
    0.05897925794124603,
    0.06826341152191162,
    -0.1061793640255928,
    -0.02911626547574997,
    -0.03237150236964226,
    0.006523380521684885,
    0.040804002434015274,
    -0.040686819702386856,
    -0.050895027816295624,
    -0.033592794090509415,
    -0.028331605717539787,
    0.03335052356123924,
    -0.018040981143712997,
    0.11010721325874329,
    -0.03235165402293205,
    0.12645035982131958,
    -0.06788767874240875,
    0.03674965351819992,
    -0.05102579668164253,
    -0.046820249408483505,
    -0.10106750577688217,
    0.04917281121015549,
    -0.029300441965460777,
    0.02220185287296772,
    0.012499438598752022,
    -0.0780964121222496,
    0.019055161625146866,
    0.032029371708631516,
    -0.07894019782543182,
    0.0011741870548576117,
    -0.024002403020858765,
    -0.0036413720808923244,
    0.0283062607049942,
    0.0326656773686409,
    0.05824236944317818,
    0.0420084074139595,
    -0.15108057856559753,
    0.048430539667606354,
    0.005254922900348902,
    -0.012590412050485611,
    0.08039087057113647,
    0.039744459092617035,
    -0.018547922372817993,
    -0.04224433749914169,
    -0.016306960955262184,
    -0.07210059463977814,
    -0.07127831131219864,
    0.00022136930783744901,
    0.02516116574406624,
    -0.06785468757152557,
    1.8509617636059875e-32,
    0.01778145134449005,
    -0.031201208010315895,
    -0.08684851974248886,
    -0.020155461505055428,
    0.05070795118808746,
    0.008176357485353947,
    -0.0074230064637959,
    0.01091294176876545,
    -0.04301832243800163,
    0.0735556036233902,
    0.01191235613077879,
    0.06451765447854996,
    0.030651729553937912,
    -0.04900794476270676,
    -0.027049414813518524,
    0.028563685715198517,
    -0.01876726932823658,
    0.1036529392004013,
    -0.011306937783956528,
    0.07356396317481995,
    0.022024454548954964,
    -0.08069051057100296,
    0.031889889389276505,
    0.03912975266575813,
    -0.04665350168943405,
    0.0034519778564572334,
    0.010660072788596153,
    -0.047267500311136246,
    -0.015008756890892982,
    -0.0161408931016922,
    0.02888253703713417,
    0.038962818682193756,
    0.05665665119886398,
    0.005085809621959925,
    0.05707472562789917,
    0.09307273477315903,
    0.0021230699494481087,
    -0.05887217819690704,
    0.08051824569702148,
    -0.011127308942377567,
    -0.07534630596637726,
    0.008598383516073227,
    0.03405257314443588,
    0.01721317507326603,
    0.014062718488276005,
    -0.00902434904128313,
    -0.02346746437251568,
    -0.02893649786710739,
    0.014349237084388733,
    0.0571538582444191,
    -0.034066226333379745,
    0.0105896620079875,
    0.05597514659166336,
    -0.01533343642950058,
    -0.03339899703860283,
    0.025116847828030586,
    -0.03187120705842972,
    0.05452573299407959,
    -0.03260146453976631,
    0.05949712544679642,
    0.0070553915575146675,
    0.03240417316555977,
    -0.017258362844586372,
    -0.038843151181936264,
    -0.005968772806227207,
    -0.057262446731328964,
    -0.005679916124790907,
    -0.05779919773340225,
    0.028943518176674843,
    -0.03174930065870285,
    -0.011735123582184315,
    0.08182308822870255,
    -0.011909370310604572,
    0.030100738629698753,
    -0.05584053322672844,
    -0.06148960441350937,
    0.03166407346725464,
    0.00454776780679822,
    0.019081469625234604,
    -0.020291008055210114,
    -0.08634987473487854,
    0.027437647804617882,
    0.05885205417871475,
    0.009634764865040779,
    -0.0660797730088234,
    -0.0147393848747015,
    0.046539366245269775,
    0.038479723036289215,
    -0.09883202612400055,
    -0.06783654540777206,
    0.0032993494533002377,
    0.02050342783331871,
    0.009583392180502415,
    0.07301146537065506,
    0.06086058169603348,
    -1.8039327325550833e-32,
    -0.03473294898867607,
    -0.05909132957458496,
    -0.1170031949877739,
    -0.008923705667257309,
    0.05713623762130737,
    -0.023152558133006096,
    -0.04201725497841835,
    -0.05382316932082176,
    0.061314523220062256,
    0.0015678990166634321,
    -0.040156662464141846,
    -0.04009527340531349,
    0.014405099675059319,
    -0.021861692890524864,
    -0.01176640298217535,
    -0.03182682767510414,
    -0.0671432688832283,
    -0.03699609637260437,
    -0.018635446205735207,
    0.07279995828866959,
    0.03321527689695358,
    -0.0016438814345747232,
    -0.025909703224897385,
    0.10019966959953308,
    -0.022839544340968132,
    0.0167438555508852,
    -0.03099151886999607,
    -0.08238613605499268,
    0.05672447383403778,
    0.00690730893984437,
    -0.03275894373655319,
    -0.047537483274936676,
    -0.07500240951776505,
    0.08864327520132065,
    -0.07210642099380493,
    -0.1492561399936676,
    0.09207327663898468,
    -0.0536952018737793,
    -0.010422573424875736,
    -0.044978220015764236,
    0.046157922595739365,
    0.07244070619344711,
    -0.03747904673218727,
    -0.01186482422053814,
    0.021576818078756332,
    -0.06437355279922485,
    0.059211090207099915,
    -0.02614477276802063,
    0.020253434777259827,
    -0.026484312489628792,
    0.018643876537680626,
    -0.056887876242399216,
    0.051795054227113724,
    0.08118738979101181,
    -0.08037109673023224,
    0.04159509018063545,
    0.10602214187383652,
    -0.07160815596580505,
    -0.042662765830755234,
    0.01753474585711956,
    0.08142828196287155,
    0.06209925562143326,
    -0.039098918437957764,
    0.028119027614593506,
    0.033578746020793915,
    -0.010089955292642117,
    -0.00846466701477766,
    -0.06852205097675323,
    -0.030936261638998985,
    -0.060727570205926895,
    -0.0736403688788414,
    -0.05658090114593506,
    -0.036625418812036514,
    -0.05469393730163574,
    0.062302034348249435,
    -0.02937035821378231,
    0.021238796412944794,
    -0.06591930240392685,
    -0.12584030628204346,
    -0.00737734092399478,
    0.06640876084566116,
    -0.014570195227861404,
    -0.0013131790328770876,
    0.06432352215051651,
    -0.09908293187618256,
    0.027203427627682686,
    0.07126835733652115,
    -0.037802815437316895,
    0.031442612409591675,
    0.05390740558505058,
    -0.07795029133558273,
    -0.01964932307600975,
    -0.06902541220188141,
    0.04684484004974365,
    -0.06403478235006332,
    -5.623658694275946e-08,
    -0.09918412566184998,
    -0.014015274122357368,
    -0.035497989505529404,
    0.006120000034570694,
    0.012184645980596542,
    -0.032822225242853165,
    -0.0274641215801239,
    0.021894291043281555,
    -0.036371003836393356,
    -0.06475109606981277,
    0.023049525916576385,
    0.04488660767674446,
    -0.034372635185718536,
    -0.018164590001106262,
    0.07420184463262558,
    -0.012852505780756474,
    -0.01755138300359249,
    0.003981601446866989,
    -0.06110097095370293,
    0.1262989044189453,
    -0.06322956085205078,
    -0.01858687959611416,
    -0.06035808101296425,
    -0.033294517546892166,
    0.022230809554457664,
    -0.008843356743454933,
    -0.015555444173514843,
    0.10880560427904129,
    0.09937243163585663,
    0.023829005658626556,
    -0.02789679914712906,
    0.04099038615822792,
    0.054034873843193054,
    -0.039343468844890594,
    -0.0966012254357338,
    -0.016711022704839706,
    0.0026412911247462034,
    0.015540543012320995,
    0.031095508486032486,
    0.009445671923458576,
    0.008779197931289673,
    0.025806618854403496,
    0.04900367558002472,
    0.09577935189008713,
    0.028243746608495712,
    -0.048474524170160294,
    -0.07281608134508133,
    -0.010898991487920284,
    0.02187899313867092,
    -0.06539607793092728,
    0.000864818983245641,
    -0.023510748520493507,
    0.053409282118082047,
    0.01543895062059164,
    -0.02902337722480297,
    0.034065596759319305,
    0.07486706227064133,
    0.02946765162050724,
    -0.036955732852220535,
    0.016914736479520798,
    0.11790911108255386,
    0.05053270235657692,
    0.08117438107728958,
    -0.05111083760857582
]