[
    -0.028430024161934853,
    -0.0074476380832493305,
    -0.034696515649557114,
    -0.04161718860268593,
    -0.03785606473684311,
    0.032536860555410385,
    -0.017669521272182465,
    0.0077543705701828,
    -0.05446682870388031,
    0.045778390020132065,
    0.03070935234427452,
    -0.03992651402950287,
    0.026342550292611122,
    -0.022042596712708473,
    0.07669949531555176,
    -0.014630750752985477,
    0.052416183054447174,
    0.0147177092730999,
    -0.10169760882854462,
    0.05549905449151993,
    0.04868916794657707,
    0.02728256583213806,
    -0.03732343763113022,
    -0.030856626108288765,
    -0.12756465375423431,
    0.01642773486673832,
    -0.05500391870737076,
    -0.0752510279417038,
    0.051475148648023605,
    -0.08548552542924881,
    0.02933713048696518,
    0.007393404841423035,
    0.04215289652347565,
    0.07014894485473633,
    0.05650707334280014,
    -0.00820112880319357,
    0.02176533453166485,
    -0.03984522446990013,
    0.048230867832899094,
    -0.037416182458400726,
    -0.06646425276994705,
    -0.021377932280302048,
    -0.0441274493932724,
    -0.024764861911535263,
    -0.019411224871873856,
    -0.0021530496887862682,
    -0.036327995359897614,
    -0.02912171185016632,
    -0.02985161356627941,
    0.001096148043870926,
    -0.07555898278951645,
    -0.039469264447689056,
    -0.04089190810918808,
    0.08166659623384476,
    -0.03284268081188202,
    -0.053399547934532166,
    -0.002140345284715295,
    0.049524642527103424,
    -0.06275416910648346,
    -0.04768439382314682,
    -0.015554029494524002,
    0.035724058747291565,
    -0.06703750044107437,
    0.051823940128088,
    0.007906286045908928,
    0.01696854643523693,
    -0.0352993980050087,
    -0.02121257595717907,
    0.0059744506143033504,
    0.032096490263938904,
    -0.07515810430049896,
    0.024843746796250343,
    -0.011491863988339901,
    0.06162916123867035,
    -0.05918148532509804,
    -0.011472177691757679,
    -0.02995341084897518,
    0.07500265538692474,
    0.015290048904716969,
    -0.0940970778465271,
    -0.04321390390396118,
    0.03595605492591858,
    -0.020714279264211655,
    0.021880285814404488,
    -0.09062772244215012,
    -0.03501616045832634,
    -0.02049654722213745,
    0.004253057762980461,
    0.011265789158642292,
    0.009976677596569061,
    0.09764053672552109,
    -0.0396667942404747,
    0.07882360368967056,
    -0.0831969603896141,
    0.007834055460989475,
    -0.030502859503030777,
    0.040310852229595184,
    0.024460548534989357,
    0.08604146540164948,
    0.011675615794956684,
    0.010953590273857117,
    0.026224410161376,
    0.003839766839519143,
    -0.021327612921595573,
    -0.0647999718785286,
    -0.04090183600783348,
    0.004785456694662571,
    -0.01237696222960949,
    0.0062261619605124,
    -0.0029441656079143286,
    0.01009326335042715,
    -0.028069252148270607,
    -0.07996951788663864,
    -0.12897540628910065,
    0.04451041296124458,
    -0.0071365563198924065,
    -0.035745229572057724,
    0.08588173985481262,
    -0.008108551613986492,
    -0.01746716909110546,
    -0.020554421469569206,
    -0.0035671559162437916,
    -0.03241252899169922,
    -0.08548391610383987,
    0.02921612560749054,
    0.001527678337879479,
    0.00027428832254372537,
    1.6376395140376883e-32,
    -0.03163100406527519,
    -0.007692215032875538,
    -0.13080167770385742,
    0.05430253595113754,
    0.03754883259534836,
    0.0031527183018624783,
    0.00803485605865717,
    -0.021618148311972618,
    -0.03657687455415726,
    0.053392235189676285,
    -0.002118769334629178,
    0.008629716001451015,
    -0.036362942308187485,
    -0.06779501587152481,
    -0.015878869220614433,
    -0.004010532982647419,
    -0.03432067856192589,
    0.04913059622049332,
    -0.011118081398308277,
    0.03979012370109558,
    0.03723513334989548,
    -0.02782810479402542,
    0.028660377487540245,
    -4.081155202584341e-05,
    0.009337312541902065,
    0.018018098548054695,
    0.06408417224884033,
    -0.03815865516662598,
    -0.029387187212705612,
    0.007839837111532688,
    0.07393545657396317,
    -0.01219242811203003,
    0.045564617961645126,
    0.003720921464264393,
    0.045695316046476364,
    0.12776081264019012,
    0.006273715756833553,
    -0.04970856383442879,
    0.1204996332526207,
    -0.08736474812030792,
    -0.05241071805357933,
    0.0048746876418590546,
    0.043715160340070724,
    -0.020150652155280113,
    0.03390094265341759,
    -0.011832576245069504,
    0.009816418401896954,
    0.012142995372414589,
    0.08429725468158722,
    0.057084836065769196,
    0.033087391406297684,
    -0.059220995754003525,
    0.09169573336839676,
    -0.009864045307040215,
    0.03908134251832962,
    0.023763535544276237,
    -0.05658858269453049,
    0.02489585615694523,
    -0.035831600427627563,
    0.05380576476454735,
    -0.011166675016283989,
    0.004302092827856541,
    -0.042727030813694,
    0.02405869960784912,
    -0.031044749543070793,
    -0.08758226782083511,
    -0.04684820771217346,
    -0.03822338208556175,
    0.08941423892974854,
    -0.00916697084903717,
    -0.06219583749771118,
    0.030243316665291786,
    -0.040399178862571716,
    0.03908715769648552,
    -0.019725395366549492,
    -0.005969773046672344,
    0.0077015371061861515,
    -0.06607971340417862,
    -0.019018560647964478,
    -0.01586782932281494,
    -0.15415561199188232,
    0.006184658966958523,
    0.03256295993924141,
    0.029049748554825783,
    0.0777207687497139,
    -0.005133107304573059,
    0.033625777810811996,
    0.021215789020061493,
    -0.028310025110840797,
    -0.022805795073509216,
    0.06362762302160263,
    -0.0158020481467247,
    -0.0178163293749094,
    0.05481385439634323,
    0.05091523006558418,
    -1.6511809150855733e-32,
    0.04243161529302597,
    -0.04853895306587219,
    -0.07536962628364563,
    0.06192348524928093,
    0.036772262305021286,
    0.06819989532232285,
    -0.049443766474723816,
    -0.0964733138680458,
    0.06108155846595764,
    -0.02668328396975994,
    -0.037332065403461456,
    -0.009416211396455765,
    0.006698586046695709,
    0.003762107342481613,
    -0.06233688071370125,
    -0.04168420657515526,
    -0.05426989123225212,
    0.004593915771692991,
    0.05636744573712349,
    0.08716385066509247,
    0.005923916585743427,
    -0.002068947535008192,
    0.008020835928618908,
    0.10598160326480865,
    0.0191653985530138,
    -0.020384734496474266,
    -0.04834165796637535,
    -0.04410761594772339,
    0.05810718238353729,
    0.0691940188407898,
    0.012003695592284203,
    -0.07674630731344223,
    -0.07449044287204742,
    0.05992132052779198,
    -0.07435767352581024,
    -0.19462113082408905,
    0.11586937308311462,
    -0.05233531817793846,
    -0.03273031488060951,
    0.018828537315130234,
    0.01400417648255825,
    0.09859228134155273,
    0.022948499768972397,
    0.021315615624189377,
    -0.058163322508335114,
    -0.06105441972613335,
    0.021066714078187943,
    -0.01681440696120262,
    -0.06790576875209808,
    -0.06047874316573143,
    0.022373724728822708,
    -0.06688261777162552,
    -0.008558959700167179,
    -0.011055626906454563,
    -0.014276728965342045,
    0.061270974576473236,
    0.008588074706494808,
    -0.01944640278816223,
    -0.027563907206058502,
    0.040622953325510025,
    0.05616225302219391,
    0.11036669462919235,
    -0.030570434406399727,
    0.024997394531965256,
    0.0527871735394001,
    -0.05693355202674866,
    -0.06335679441690445,
    -0.020769594237208366,
    -0.055083148181438446,
    -0.030987823382019997,
    -0.0397312268614769,
    -0.14389505982398987,
    -0.07941627502441406,
    -0.020830895751714706,
    0.0881567969918251,
    -0.009303023107349873,
    -0.0015514823608100414,
    -0.07676617056131363,
    -0.050352226942777634,
    -0.018909582868218422,
    0.021772874519228935,
    0.06486476212739944,
    -0.09735918045043945,
    0.05421364679932594,
    -0.009508522227406502,
    0.1000748872756958,
    0.037158362567424774,
    -0.02778148651123047,
    0.037629447877407074,
    0.07798697054386139,
    -0.06527271866798401,
    0.006662161089479923,
    0.07016259431838989,
    0.057714175432920456,
    -0.05799079313874245,
    -5.0155282593777883e-08,
    -0.06643619388341904,
    0.02762465551495552,
    -0.02141541615128517,
    -0.027022773399949074,
    -0.013709324412047863,
    0.0057743992656469345,
    -0.015299712307751179,
    0.01662522181868553,
    -0.06670460850000381,
    -0.10228340327739716,
    0.08771531283855438,
    -0.014585421420633793,
    -0.035812314599752426,
    -0.018559981137514114,
    0.01784469000995159,
    -0.01771063543856144,
    -0.03119920939207077,
    0.017778676003217697,
    -0.0850956067442894,
    0.0611683651804924,
    -0.0003649615973699838,
    -0.06928224861621857,
    -0.04878374934196472,
    0.06430225819349289,
    0.038271136581897736,
    -0.01250592339783907,
    -0.00042067337199114263,
    0.09188538044691086,
    0.018711639568209648,
    0.0559716522693634,
    -0.013677029870450497,
    0.03360192850232124,
    0.043745256960392,
    -0.07146790623664856,
    -0.021985001862049103,
    0.012980878353118896,
    0.008727659471333027,
    0.009549898095428944,
    0.061596378684043884,
    0.011092809028923512,
    -0.031603872776031494,
    -0.000690773653332144,
    0.07165968418121338,
    0.027364956215023994,
    0.008707443252205849,
    0.004137590527534485,
    -0.04871995002031326,
    0.03611891344189644,
    -0.004687814507633448,
    -0.1169828251004219,
    -0.03326817601919174,
    -0.06543448567390442,
    0.0035488377325236797,
    0.011175070889294147,
    -0.0311550535261631,
    0.05262463539838791,
    0.07793552428483963,
    0.09773264080286026,
    0.02919032983481884,
    -0.06264641135931015,
    0.13737760484218597,
    0.12202499061822891,
    0.0750804990530014,
    -0.015925701707601547
]