[
    -0.07674454152584076,
    0.009181590750813484,
    -0.00397498207166791,
    -0.07222677022218704,
    -0.02997470088303089,
    0.04406057298183441,
    -0.017675191164016724,
    -0.03980293869972229,
    -0.0018271487206220627,
    0.020804204046726227,
    0.0018333852058276534,
    -0.06653324514627457,
    -0.015902552753686905,
    -0.013627943582832813,
    0.0778949037194252,
    0.06600002944469452,
    0.05494633689522743,
    0.06049976125359535,
    -0.06652706116437912,
    0.04838613420724869,
    0.013687125407159328,
    -0.02605113573372364,
    -0.05961586907505989,
    -0.015636473894119263,
    -0.09089270234107971,
    -0.05520116910338402,
    -0.034334272146224976,
    -0.049594759941101074,
    0.09604845941066742,
    -0.09550848603248596,
    0.055220458656549454,
    0.03805222362279892,
    -0.018038494512438774,
    0.03474866598844528,
    0.0425276979804039,
    -0.033497489988803864,
    0.02235041931271553,
    -0.0327882245182991,
    0.03558563068509102,
    0.01322618406265974,
    -0.020504029467701912,
    -0.009159200824797153,
    -0.06923464685678482,
    -0.073453888297081,
    -0.034886956214904785,
    0.04303206503391266,
    -0.012462913990020752,
    0.0081385662779212,
    -0.023656189441680908,
    -0.004840341862291098,
    -0.08581842482089996,
    -0.046211328357458115,
    -0.008640279062092304,
    0.023839205503463745,
    -0.06841976940631866,
    -0.017896000295877457,
    0.0017320031765848398,
    0.07526365667581558,
    -0.02459324337542057,
    -0.000486074888613075,
    -0.012437037192285061,
    0.003045282093808055,
    -0.045167721807956696,
    0.07446931302547455,
    0.0020408814307302237,
    0.059571001678705215,
    -0.012067298404872417,
    0.009879385121166706,
    0.020034706220030785,
    -0.01577771082520485,
    -0.04367760196328163,
    0.03993372619152069,
    0.02153742127120495,
    -0.01313344482332468,
    -0.05245493724942207,
    -0.005807883106172085,
    -0.01808050274848938,
    -0.007981416769325733,
    0.01692555658519268,
    -0.043918922543525696,
    -0.06164780631661415,
    0.0048485868610441685,
    -0.057312410324811935,
    0.010343626141548157,
    -0.028643188998103142,
    -0.07205841690301895,
    -0.04916645959019661,
    -0.0008828755235299468,
    -0.020658131688833237,
    0.03769855573773384,
    0.054463960230350494,
    -0.0790158361196518,
    0.016966748982667923,
    -0.05387619882822037,
    0.09663264453411102,
    0.030590856447815895,
    -0.015409889630973339,
    0.02003369852900505,
    0.09101200848817825,
    -0.005103224888443947,
    0.03258969634771347,
    0.07564365118741989,
    -0.035344209522008896,
    -0.068233922123909,
    -0.020356355234980583,
    -0.07681133598089218,
    -0.014199941419064999,
    -0.05120948702096939,
    0.03988472744822502,
    -0.012603262439370155,
    0.05281582474708557,
    0.0029570567421615124,
    0.006491980981081724,
    -0.0352957658469677,
    0.07735811173915863,
    0.031246934086084366,
    -0.024302778765559196,
    0.0829860121011734,
    -0.004778927657753229,
    -0.08101756125688553,
    -0.009555952623486519,
    0.07194232940673828,
    -0.010260486975312233,
    -0.04103826358914375,
    0.033245742321014404,
    -0.024542415514588356,
    0.02417033165693283,
    1.8958643253762542e-32,
    -0.020410839468240738,
    -0.03627537935972214,
    -0.11085647344589233,
    0.018834730610251427,
    0.02477007731795311,
    0.028008485212922096,
    -0.015464592725038528,
    0.007423778064548969,
    -0.08669159561395645,
    0.0700422003865242,
    -0.008260108530521393,
    0.03787136822938919,
    0.0150061110034585,
    -0.1261776238679886,
    -0.08378566056489944,
    0.019885366782546043,
    -0.13055115938186646,
    0.08434342592954636,
    -0.058623652905225754,
    -0.008598897606134415,
    0.060480717569589615,
    -0.04604021832346916,
    0.02505757287144661,
    0.05724811926484108,
    -0.0206264927983284,
    -0.023269876837730408,
    0.1065799817442894,
    -0.03587542846798897,
    0.009295310825109482,
    -0.0023344906512647867,
    0.04388795047998428,
    -0.004264047835022211,
    0.029051486402750015,
    0.05804292485117912,
    0.0965515747666359,
    0.1305864304304123,
    0.013558473438024521,
    -0.058034852147102356,
    0.07625226676464081,
    -0.03812422603368759,
    -0.07231437414884567,
    -0.006062750704586506,
    0.045403480529785156,
    -0.02538141794502735,
    0.003846806939691305,
    -0.027571046724915504,
    -0.06515912711620331,
    -0.05567685514688492,
    0.026929525658488274,
    0.053468551486730576,
    0.010171860456466675,
    -0.0016291633946821094,
    0.05765855312347412,
    -0.05057147145271301,
    0.03350945934653282,
    0.010096244513988495,
    -0.06498747318983078,
    0.07589967548847198,
    -0.03855626657605171,
    0.04008663818240166,
    0.011220945976674557,
    0.03510964289307594,
    -0.11192069202661514,
    0.04579463601112366,
    -0.08109748363494873,
    -0.0242005605250597,
    -0.04570692405104637,
    -0.07708695530891418,
    0.08036801218986511,
    -0.05152926221489906,
    -0.024459823966026306,
    0.02218754217028618,
    -0.011103474535048008,
    0.014241037890315056,
    -0.01441064104437828,
    -0.023575033992528915,
    -0.04124287888407707,
    0.01571098156273365,
    0.06607859581708908,
    -0.01791675202548504,
    -0.09708024561405182,
    -0.006784535013139248,
    -0.0007848147070035338,
    0.04050590470433235,
    0.030100664123892784,
    -0.03158560395240784,
    0.0068539283238351345,
    -0.05636638402938843,
    -0.017707770690321922,
    -0.03015555813908577,
    0.06486388295888901,
    0.008097111247479916,
    0.0012123938649892807,
    0.043110210448503494,
    0.05959402769804001,
    -1.8285727104530508e-32,
    0.017961494624614716,
    -0.060565996915102005,
    -0.04787573590874672,
    0.06307767331600189,
    0.07978525757789612,
    0.002243790775537491,
    -0.048013001680374146,
    -0.05457692593336105,
    0.04062854126095772,
    -0.0022753269877284765,
    -0.03356824442744255,
    -0.021609999239444733,
    0.02803172543644905,
    -0.009935272857546806,
    -0.08751466125249863,
    -0.06489785015583038,
    0.0396156907081604,
    0.009044279344379902,
    0.050837814807891846,
    0.041577138006687164,
    0.09100425243377686,
    0.05032336339354515,
    -0.013270800933241844,
    0.054199475795030594,
    0.023751940578222275,
    -0.01410826575011015,
    0.012658716179430485,
    -0.12094732373952866,
    0.1039709746837616,
    0.031124338507652283,
    -0.015183662995696068,
    -0.02688147872686386,
    -0.06924663484096527,
    0.06134319305419922,
    -0.03707600757479668,
    -0.1078604981303215,
    0.1560634970664978,
    -0.06204235926270485,
    -0.0404929481446743,
    -0.025165386497974396,
    0.02121717669069767,
    0.054822418838739395,
    0.004646906163543463,
    -0.05006118491292,
    -0.0014062219997867942,
    -0.036402661353349686,
    -0.029227202758193016,
    -0.0009533879347145557,
    0.02210148610174656,
    -0.0787840485572815,
    0.009663043543696404,
    -0.07275563478469849,
    0.04207509011030197,
    0.025054609403014183,
    -0.020287027582526207,
    0.01297549344599247,
    -0.013605890795588493,
    -0.01647532917559147,
    -0.04266642779111862,
    0.018970292061567307,
    0.09990724921226501,
    0.11242932081222534,
    -0.019272271543741226,
    0.04387287050485611,
    0.09506065398454666,
    0.02562008425593376,
    -0.04394068196415901,
    0.016160225495696068,
    -0.060188405215740204,
    -0.03112906776368618,
    0.02090309001505375,
    -0.13809481263160706,
    -0.06636247783899307,
    -0.05138491466641426,
    0.09364825487136841,
    0.013954436406493187,
    -0.028239844366908073,
    -0.08616777509450912,
    -0.09688690304756165,
    0.014664044603705406,
    0.041471682488918304,
    -0.0033989455550909042,
    -0.03673922270536423,
    0.09500664472579956,
    0.011394523084163666,
    0.08445798605680466,
    0.04589461535215378,
    -0.015304818749427795,
    0.02397521398961544,
    0.07662345468997955,
    -0.04255518317222595,
    -0.03264893591403961,
    0.026062097400426865,
    0.04542991891503334,
    -0.022837655618786812,
    -5.356504217957081e-08,
    -0.01731760986149311,
    -0.007613380439579487,
    -0.007421315647661686,
    -0.026560712605714798,
    -0.07276499271392822,
    -0.050029441714286804,
    -0.02188415266573429,
    -0.015031923539936543,
    -0.08661099523305893,
    -0.050564948469400406,
    0.0425228551030159,
    -0.05840481072664261,
    -0.025895319879055023,
    0.008149144239723682,
    0.040344078093767166,
    -0.05328083038330078,
    -0.031523432582616806,
    -0.009530696086585522,
    -0.05446268990635872,
    -0.016722040250897408,
    0.004207156598567963,
    -0.0568339042365551,
    -0.030242279171943665,
    0.05836290121078491,
    0.010667739436030388,
    0.040524814277887344,
    -0.008734544739127159,
    0.0839855745434761,
    0.005985952913761139,
    0.01001798640936613,
    -0.04867517575621605,
    0.06226757541298866,
    0.011903403326869011,
    -0.08727914839982986,
    -0.051966723054647446,
    0.01365470141172409,
    -0.0206244345754385,
    0.0651383027434349,
    0.07080799341201782,
    0.026281066238880157,
    -0.09051485359668732,
    0.0002026417787419632,
    0.08855950832366943,
    0.03927619382739067,
    -0.004490778315812349,
    -0.024765750393271446,
    -0.06201509013772011,
    0.031373705714941025,
    -0.01680678501725197,
    -0.07248087227344513,
    -0.006025753915309906,
    -0.09008383750915527,
    0.04095835238695145,
    -0.0006258856737986207,
    0.003800190519541502,
    0.08886967599391937,
    0.09209031611680984,
    0.034998804330825806,
    -0.032091256231069565,
    -0.04620976001024246,
    0.1707264482975006,
    0.09503450244665146,
    0.0847846120595932,
    -0.004117913078516722
]