[
    -0.02748858742415905,
    -0.005214556585997343,
    -0.031609587371349335,
    -0.038955654948949814,
    0.012088977731764317,
    0.045556485652923584,
    -0.05639222636818886,
    0.005722436588257551,
    0.02734607271850109,
    0.05047301575541496,
    0.02170385792851448,
    -0.08645857125520706,
    0.02518605813384056,
    -0.050152987241744995,
    0.06720638275146484,
    0.0065244087018072605,
    0.06922099739313126,
    0.07796712219715118,
    -0.050498805940151215,
    -0.004345023073256016,
    0.03211408481001854,
    0.005678295157849789,
    -0.03721024841070175,
    -0.01738351583480835,
    -0.08706092834472656,
    -0.058168839663267136,
    -0.05094859004020691,
    -0.043404679745435715,
    0.05555035546422005,
    -0.05155317112803459,
    0.019354479387402534,
    0.049170032143592834,
    0.026719605550169945,
    0.050086282193660736,
    -0.015550765208899975,
    2.030883297265973e-05,
    0.007744277361780405,
    -0.014814400114119053,
    0.05162924528121948,
    0.029576463624835014,
    -0.06644151359796524,
    -0.05388999357819557,
    -0.019717266783118248,
    -0.032813869416713715,
    0.004916805773973465,
    0.009181720204651356,
    -0.013483399525284767,
    0.012306973338127136,
    -0.05458827316761017,
    0.00896881241351366,
    -0.08503931015729904,
    -0.005191397853195667,
    0.0046927896328270435,
    0.08297361433506012,
    -0.04821990430355072,
    -0.09466881304979324,
    0.025499019771814346,
    0.038573507219552994,
    -0.03443757817149162,
    -0.028387662023305893,
    0.011061555705964565,
    -0.013579858466982841,
    -0.07773779332637787,
    0.06747472286224365,
    -0.0159553661942482,
    0.06563287228345871,
    -0.03755684196949005,
    -0.002982602920383215,
    0.024725932627916336,
    0.03970974683761597,
    -0.07781364023685455,
    0.024061355739831924,
    -0.00460640387609601,
    0.040819376707077026,
    -0.03573887050151825,
    0.01851879060268402,
    -0.05154675617814064,
    0.01930088736116886,
    0.08518943935632706,
    -0.1412656158208847,
    -0.01971246860921383,
    0.010694342665374279,
    -0.00625173794105649,
    0.05167452618479729,
    -0.02872258611023426,
    -0.05604296177625656,
    -0.005476835183799267,
    -0.011298532597720623,
    -0.013747544027864933,
    -0.006179207004606724,
    0.10361410677433014,
    -0.004500456154346466,
    0.04591849818825722,
    -0.05962705984711647,
    0.021595174446702003,
    -0.01180958840996027,
    -0.035897307097911835,
    0.014002946205437183,
    0.09494459629058838,
    -0.0034243923146277666,
    0.012708085589110851,
    0.019260922446846962,
    -0.0734938457608223,
    -0.05153542384505272,
    -0.04101032391190529,
    -0.06792794167995453,
    -0.017506789416074753,
    -0.040124185383319855,
    -0.0010717293480411172,
    -0.00560991745442152,
    0.005278271157294512,
    0.015644142404198647,
    -0.06488494575023651,
    -0.08005042374134064,
    0.0660797655582428,
    -0.046751830726861954,
    -0.0552605502307415,
    0.0808815136551857,
    -0.07207394391298294,
    -0.01758464053273201,
    -0.002505107084289193,
    0.022753015160560608,
    -0.07144030928611755,
    -0.10547429323196411,
    0.053454749286174774,
    0.01785513572394848,
    -0.07595576345920563,
    1.877611836843861e-32,
    -0.0018909939099103212,
    0.002063098130747676,
    -0.07383982092142105,
    -0.011075353249907494,
    0.021363187581300735,
    -0.03424263000488281,
    -0.009876095689833164,
    0.010190335102379322,
    -0.0405372716486454,
    0.13589631021022797,
    0.013747578486800194,
    0.03715578094124794,
    -0.0003054546541534364,
    -0.04859127476811409,
    -0.037668004631996155,
    0.029265915974974632,
    -0.06765761971473694,
    0.06162826716899872,
    -0.05800354480743408,
    0.004685874097049236,
    0.029270613566040993,
    -0.0605427548289299,
    0.06595254689455032,
    0.005113805178552866,
    0.0255154799669981,
    -0.024238688871264458,
    0.026672590523958206,
    0.019133636727929115,
    -0.0175363477319479,
    0.022177964448928833,
    0.046092439442873,
    -0.006866122595965862,
    0.010161664336919785,
    -0.02533475123345852,
    0.026626791805028915,
    0.06395332515239716,
    0.08038706332445145,
    -0.03692992031574249,
    0.026770884171128273,
    0.011747044511139393,
    -0.06753675639629364,
    0.021311238408088684,
    0.10075525939464569,
    0.007050808053463697,
    0.02673982083797455,
    -0.03842056170105934,
    -0.02757847122848034,
    -0.05313495546579361,
    0.05204539746046066,
    0.01528137270361185,
    -0.0025547631084918976,
    -0.050310276448726654,
    0.11239366233348846,
    0.005396172404289246,
    0.016221465542912483,
    0.054054051637649536,
    -0.1094304695725441,
    0.052481379359960556,
    -0.05652150884270668,
    0.05431077629327774,
    -0.020990608260035515,
    0.01333548966795206,
    -0.05691343918442726,
    0.06015967205166817,
    -0.0011843852698802948,
    -0.0007682613795623183,
    -0.053259823471307755,
    -0.04594198614358902,
    0.07669059187173843,
    0.003104033414274454,
    0.027370231226086617,
    0.05336102470755577,
    -0.07760363072156906,
    0.01686842367053032,
    -0.04831012338399887,
    -0.04714144766330719,
    0.045322075486183167,
    0.04290412738919258,
    0.036505039781332016,
    -0.018259335309267044,
    -0.04366215690970421,
    -0.0384625643491745,
    0.01870373822748661,
    0.01436424907296896,
    0.028539424762129784,
    0.0032909016590565443,
    0.07708924263715744,
    -0.01848473772406578,
    -0.013695003464818,
    -0.016807368025183678,
    -0.008011681027710438,
    -0.041797444224357605,
    -0.03959568589925766,
    0.02097252383828163,
    0.022627396509051323,
    -1.8199780835070136e-32,
    0.00018959988665301353,
    -0.0036174640990793705,
    -0.0340973399579525,
    0.030607186257839203,
    0.012643372640013695,
    0.059163354337215424,
    -0.014903583563864231,
    -0.12376464903354645,
    0.0895879864692688,
    -0.012642336077988148,
    -0.05132313445210457,
    -0.05533338710665703,
    0.016719667240977287,
    -0.007281276397407055,
    -0.05375171825289726,
    -0.06475811451673508,
    -0.041371528059244156,
    -0.010403864085674286,
    -0.022915992885828018,
    0.06116744503378868,
    0.06566353142261505,
    0.006013096310198307,
    -0.013046970590949059,
    0.07855048030614853,
    0.006944322492927313,
    -0.015974262729287148,
    -0.018545791506767273,
    -0.07090602070093155,
    0.08295577019453049,
    0.006656039506196976,
    -0.02783520705997944,
    -0.08973680436611176,
    -0.043895866721868515,
    0.05649629235267639,
    -0.0722278505563736,
    -0.1319170445203781,
    0.1555149257183075,
    -0.07610098272562027,
    -0.04346791282296181,
    -0.017857875674962997,
    0.02880634181201458,
    0.07079701125621796,
    0.0005498889368027449,
    -0.08368907123804092,
    -0.040195681154727936,
    -0.08011585474014282,
    -0.02415381744503975,
    0.009604834020137787,
    0.013494862243533134,
    -0.07427949458360672,
    0.022578775882720947,
    -0.004830174148082733,
    -0.04067178815603256,
    0.09001169353723526,
    -0.003925558645278215,
    0.025169143453240395,
    -0.008851652033627033,
    -0.017691923305392265,
    -0.05109751224517822,
    0.04011305421590805,
    0.04086630046367645,
    0.11905290186405182,
    -0.07761304080486298,
    0.004489410202950239,
    0.1376294493675232,
    -0.05830097571015358,
    -0.06291113793849945,
    -0.048139940947294235,
    -0.012509874068200588,
    -0.0459924042224884,
    -0.03331456333398819,
    -0.08806927502155304,
    -0.038436196744441986,
    -0.09360551089048386,
    0.08019544929265976,
    0.017248019576072693,
    -0.05829125642776489,
    -0.09049805253744125,
    -0.06473672389984131,
    0.060755420476198196,
    0.0538182370364666,
    -0.032714203000068665,
    9.68631593423197e-06,
    0.05332634970545769,
    -0.020576227456331253,
    0.07867342233657837,
    0.061007048934698105,
    0.0062039876356720924,
    0.059367064386606216,
    0.06715074926614761,
    -0.07362218201160431,
    -0.07547006011009216,
    0.028497762978076935,
    0.04945211485028267,
    -0.036775872111320496,
    -5.6752071486698696e-08,
    0.006989929359406233,
    0.037961333990097046,
    0.03932108357548714,
    0.027308806777000427,
    -0.029748400673270226,
    0.034425038844347,
    -0.01594208925962448,
    -0.013637540861964226,
    -0.11619199067354202,
    -0.12360002845525742,
    0.06187697499990463,
    0.0010745980544015765,
    -0.040871746838092804,
    -0.06630094349384308,
    0.041352007538080215,
    -0.055705275386571884,
    -0.05971025303006172,
    0.04211805388331413,
    -0.06999444216489792,
    0.03924256190657616,
    -0.01046614721417427,
    -0.019273195415735245,
    -0.06201353296637535,
    0.012059615924954414,
    0.04700930416584015,
    0.01215477753430605,
    -0.005523203872144222,
    0.06274455785751343,
    0.05952706187963486,
    0.033110588788986206,
    -0.028918495401740074,
    -0.0064430758357048035,
    -0.01028588879853487,
    -0.09112478047609329,
    0.0214846134185791,
    -0.01372160017490387,
    -0.013984774239361286,
    0.04033641889691353,
    0.0981944277882576,
    0.022057577967643738,
    -0.0118036437779665,
    0.03875303268432617,
    0.03385869041085243,
    0.08157868683338165,
    0.03201603516936302,
    0.002238908316940069,
    -0.12028422951698303,
    0.060929883271455765,
    0.049703020602464676,
    -0.09930818527936935,
    0.019034242257475853,
    -0.09365309774875641,
    0.014284648932516575,
    0.0037018354050815105,
    -0.012297124601900578,
    0.07769417017698288,
    0.08306331932544708,
    0.05350883677601814,
    -0.0313359797000885,
    -0.028867924585938454,
    0.15608035027980804,
    0.07073554396629333,
    0.042432770133018494,
    -0.039556536823511124
]