[
    0.002787437289953232,
    0.06951302289962769,
    0.02191973105072975,
    -0.063763827085495,
    0.04772694781422615,
    0.10155858099460602,
    -0.058620717376470566,
    -0.04270099848508835,
    -0.03578192740678787,
    -0.010031220503151417,
    0.00036125906626693904,
    -0.0333549864590168,
    -0.015810402110219002,
    -0.06879956275224686,
    0.10067733377218246,
    -0.06865675002336502,
    0.05112525820732117,
    -0.006344507448375225,
    -0.05797858163714409,
    0.109514519572258,
    0.08052514493465424,
    0.07784900069236755,
    -0.004786306992173195,
    0.04116330295801163,
    -0.02076088823378086,
    0.01631287671625614,
    -0.020938875153660774,
    -0.056987788528203964,
    0.027757083997130394,
    0.04875000938773155,
    0.07434621453285217,
    0.05458947643637657,
    -0.022069942206144333,
    0.07985971122980118,
    0.05882510170340538,
    -0.05745016783475876,
    -0.03262658044695854,
    0.08219611644744873,
    -0.06562580913305283,
    0.03936927765607834,
    -0.07140422612428665,
    0.0022012810222804546,
    -0.04118109121918678,
    0.01253358181566,
    0.08147262036800385,
    -0.0029713166877627373,
    -0.0958167016506195,
    -0.05313315615057945,
    -0.01679864712059498,
    -0.008574023842811584,
    -0.029724933207035065,
    -0.016193604096770287,
    -0.02587619237601757,
    0.07277223467826843,
    -0.028379032388329506,
    -0.057584211230278015,
    -0.005590744316577911,
    0.022394103929400444,
    -0.07364270836114883,
    0.01047677081078291,
    0.02632363699376583,
    -0.02117030695080757,
    0.0014676389982923865,
    0.03899598866701126,
    -0.09949665516614914,
    0.05928640067577362,
    -0.019656827673316002,
    -0.0049252817407250404,
    0.008372507058084011,
    0.021303659304976463,
    -0.09557518362998962,
    -0.02259208634495735,
    -0.0012718158541247249,
    0.023190366104245186,
    0.02841334417462349,
    0.03005233407020569,
    0.03755319491028786,
    0.039299070835113525,
    0.0650535449385643,
    -0.16404803097248077,
    -0.07449468970298767,
    0.013787323608994484,
    0.019781935960054398,
    0.03806101158261299,
    -0.07532381266355515,
    -0.015142262913286686,
    -0.0450718067586422,
    -0.025912335142493248,
    -0.015226314775645733,
    -0.026166848838329315,
    -0.025133606046438217,
    -0.039219312369823456,
    0.11072886735200882,
    -0.05142633989453316,
    0.09587828069925308,
    0.026452302932739258,
    -0.018018878996372223,
    -0.11941162496805191,
    0.025499796494841576,
    -0.06078868359327316,
    -0.016302626579999924,
    -0.033299900591373444,
    0.05814192444086075,
    0.006589996162801981,
    -0.03326783329248428,
    -0.039168208837509155,
    0.019849661737680435,
    -0.004030383657664061,
    0.041162434965372086,
    0.012542090378701687,
    0.050354279577732086,
    -0.022503690794110298,
    0.05406356230378151,
    -0.09809784591197968,
    0.048909083008766174,
    0.007037872448563576,
    0.040800806134939194,
    0.0267720278352499,
    0.06757079064846039,
    0.011140440590679646,
    -0.07019182294607162,
    -0.03683708608150482,
    0.03961151838302612,
    -0.11396890878677368,
    -0.0024122786708176136,
    -0.034171782433986664,
    -0.08778440952301025,
    1.9163553959629945e-32,
    -0.007528997026383877,
    -0.04710361361503601,
    -0.009098917245864868,
    -0.013957452028989792,
    0.022480953484773636,
    -0.030732881277799606,
    0.05260845646262169,
    -0.05135057494044304,
    -0.014240559190511703,
    0.08470971137285233,
    -0.012889273464679718,
    -0.0003144614165648818,
    -0.03515317663550377,
    0.08940156549215317,
    -0.034901682287454605,
    -0.010885341092944145,
    0.028958866372704506,
    0.06355924904346466,
    0.0027275069151073694,
    0.06654679775238037,
    -0.004168432205915451,
    -0.0022116557229310274,
    0.029680447652935982,
    -0.017249219119548798,
    -0.05610117316246033,
    0.022179648280143738,
    -0.023811347782611847,
    -0.04024988412857056,
    -0.00398019514977932,
    -0.011017848737537861,
    0.025831231847405434,
    0.040609147399663925,
    0.007977621629834175,
    -0.07929738610982895,
    0.014622412621974945,
    0.06896284967660904,
    0.01923736184835434,
    -0.03064921498298645,
    0.04578271880745888,
    -0.11421192437410355,
    -0.03970981761813164,
    -0.026162518188357353,
    0.05555729568004608,
    0.0464022159576416,
    0.10097281634807587,
    -0.027336440980434418,
    0.008904717862606049,
    -0.04610343277454376,
    0.019031554460525513,
    0.02944432944059372,
    -0.04506957158446312,
    -0.012837721034884453,
    0.0524304062128067,
    -0.06719276309013367,
    -0.03290600702166557,
    -0.0553026981651783,
    -0.07990589737892151,
    0.03375965356826782,
    -0.06367174535989761,
    0.02711506374180317,
    0.00025811424711719155,
    -0.040113724768161774,
    -0.01354118250310421,
    -0.013729732483625412,
    -0.02673458121716976,
    -0.0005640414892695844,
    -0.02426273562014103,
    -0.05151700600981712,
    0.025071460753679276,
    0.023436319082975388,
    -0.03276180103421211,
    0.05162622779607773,
    -0.018063217401504517,
    0.027489859610795975,
    0.07042143493890762,
    -0.05449919030070305,
    0.01337922178208828,
    -0.020284119993448257,
    0.023405293002724648,
    0.027634600177407265,
    -0.06604748964309692,
    0.006925324443727732,
    -0.0017297463491559029,
    0.010609174147248268,
    -0.010266626253724098,
    0.04778019338846207,
    0.05884525924921036,
    0.048757947981357574,
    -0.019116489216685295,
    -0.1153390184044838,
    -0.04126305505633354,
    0.016788868233561516,
    -0.0052329134196043015,
    0.0618785098195076,
    0.03174839913845062,
    -2.067676195997172e-32,
    -0.010532533749938011,
    0.03907161206007004,
    -0.02419368550181389,
    -0.05907762050628662,
    0.0661163255572319,
    0.017672626301646233,
    -0.02634977363049984,
    -0.18005791306495667,
    0.08518188446760178,
    -0.03421957790851593,
    0.032080117613077164,
    -0.07544062286615372,
    -0.028506310656666756,
    -0.02563856542110443,
    -0.10440590977668762,
    0.004680953919887543,
    -0.08742736279964447,
    -0.0873209536075592,
    -0.008467198349535465,
    0.12527619302272797,
    -0.027366790920495987,
    0.003300679149106145,
    -0.018559345975518227,
    0.10996197164058685,
    0.04903825372457504,
    0.01976925879716873,
    -0.06996569037437439,
    0.003849657718092203,
    0.0941719263792038,
    -0.04600238800048828,
    0.015107449144124985,
    0.011348430998623371,
    -0.02496255375444889,
    -0.028593609109520912,
    -0.12197327613830566,
    -0.1537235826253891,
    0.022291075438261032,
    -0.057425357401371,
    -0.06034717336297035,
    -0.040250711143016815,
    0.13532397150993347,
    -0.033704619854688644,
    0.01712825708091259,
    0.02812969870865345,
    -0.02888162061572075,
    0.019317444413900375,
    0.07550348341464996,
    -0.03490392863750458,
    -0.04294658452272415,
    -0.007614975795149803,
    0.006457715295255184,
    -0.01759231463074684,
    -0.007548949681222439,
    0.06835878640413284,
    0.0010225864825770259,
    0.023417960852384567,
    0.0658223107457161,
    -0.028891362249851227,
    -0.04793102294206619,
    -0.060403838753700256,
    0.09120091050863266,
    0.040994491428136826,
    -0.028772545978426933,
    0.016592206433415413,
    0.000934675510507077,
    -0.06831811368465424,
    0.008897852152585983,
    -0.07272624224424362,
    0.007460452150553465,
    -0.07366400957107544,
    -0.12013471126556396,
    -0.050084445625543594,
    -0.014134716242551804,
    -0.08139762282371521,
    0.02652081474661827,
    0.016711384057998657,
    -0.0019100955687463284,
    -0.06228509917855263,
    -0.04876598343253136,
    -0.020731810480356216,
    0.03916001692414284,
    -0.032553497701883316,
    -0.04927951097488403,
    0.04161594435572624,
    -0.036103755235672,
    0.014188561588525772,
    -0.033144883811473846,
    -0.03855722397565842,
    -0.009330902248620987,
    0.09269299358129501,
    -0.08455387502908707,
    0.04162846505641937,
    0.02364867925643921,
    0.076837919652462,
    -0.055023446679115295,
    -5.965158322851494e-08,
    0.08966710418462753,
    0.0436062291264534,
    -0.035575300455093384,
    -0.04624821990728378,
    -0.03088332898914814,
    0.0013993983156979084,
    -0.06430748105049133,
    -0.0314117856323719,
    -0.008007119409739971,
    -0.04015986621379852,
    0.018804384395480156,
    0.09418529272079468,
    -0.03897622600197792,
    -0.013099093921482563,
    0.011099708266556263,
    -0.06458192318677902,
    -0.05561812222003937,
    0.0031933984719216824,
    -0.01613687165081501,
    0.07259418815374374,
    -0.07983486354351044,
    -0.050945039838552475,
    -0.11370240896940231,
    0.026765627786517143,
    0.0328458733856678,
    0.06632772833108902,
    -0.019145691767334938,
    0.010668618604540825,
    0.09521021693944931,
    0.007711970712989569,
    0.03550513833761215,
    -0.005213556345552206,
    -0.01683892495930195,
    -0.03758522495627403,
    0.0016343699535354972,
    -0.021293284371495247,
    -0.009678102098405361,
    0.011125956661999226,
    0.03699012100696564,
    -0.008773144334554672,
    0.009681192226707935,
    -0.009343716315925121,
    -0.01294674538075924,
    0.04877042770385742,
    0.008082465268671513,
    -0.010261268354952335,
    -0.013567608781158924,
    -0.01688515581190586,
    0.025975456461310387,
    -0.07296757400035858,
    -0.05057869851589203,
    -0.029142480343580246,
    0.09548108279705048,
    -0.06384434551000595,
    -0.04647442698478699,
    0.0723518654704094,
    0.0036718249320983887,
    0.016211150214076042,
    -0.028767669573426247,
    -0.032622139900922775,
    0.11191676557064056,
    0.0026619627606123686,
    0.029208337888121605,
    0.029377669095993042
]