[
    -0.01300417073071003,
    0.023884570226073265,
    -0.010890796780586243,
    -0.05416562780737877,
    0.0030419498216360807,
    0.0375538170337677,
    -0.05882858484983444,
    -0.051451414823532104,
    -0.07704567164182663,
    4.479891140363179e-05,
    -0.04777457192540169,
    -0.05088504031300545,
    -0.010066298767924309,
    -0.03939822316169739,
    0.0940258726477623,
    -0.016035525128245354,
    0.07312187552452087,
    0.03503524884581566,
    -0.07468011975288391,
    0.07075544446706772,
    0.018841706216335297,
    0.09967375546693802,
    -0.048259343951940536,
    0.020482633262872696,
    -0.05810414254665375,
    0.006804109085351229,
    0.004535920452326536,
    -0.11898158490657806,
    0.009432127699255943,
    0.00667200330644846,
    0.04741048440337181,
    0.008193857036530972,
    -0.0025296711828559637,
    0.09927451610565186,
    -0.010795589536428452,
    -0.004318125545978546,
    -0.03399521857500076,
    0.06519695371389389,
    -0.031008487567305565,
    -0.0138344531878829,
    -0.059482064098119736,
    0.012878848239779472,
    -0.015488887205719948,
    0.05118997022509575,
    0.03976649418473244,
    -0.029751313850283623,
    -0.11165858060121536,
    -0.0013755070976912975,
    0.014932586811482906,
    0.04910115525126457,
    -0.0058374772779643536,
    -0.021359940990805626,
    -0.0034390813671052456,
    0.0729847252368927,
    -0.004212667234241962,
    -0.10093668103218079,
    -0.04486153647303581,
    0.0022262539714574814,
    -0.07681962847709656,
    0.052584875375032425,
    0.04326416179537773,
    -0.0004954659380018711,
    0.025008665397763252,
    0.05497730150818825,
    -0.05968314781785011,
    0.07454979419708252,
    -0.03850369527935982,
    -0.035080961883068085,
    -0.05229457467794418,
    -0.07861461490392685,
    -0.025993425399065018,
    0.01175101287662983,
    -0.01754443719983101,
    0.07481297105550766,
    -0.005700933281332254,
    0.021446775645017624,
    -0.009587112814188004,
    0.04823031276464462,
    0.0346866138279438,
    -0.0927911177277565,
    -0.03307270258665085,
    0.020570389926433563,
    0.07886233925819397,
    0.054451607167720795,
    -0.08157386630773544,
    0.01614290662109852,
    -0.03469714894890785,
    -0.053916387259960175,
    -0.02770167589187622,
    -0.07432282716035843,
    0.025168735533952713,
    -0.03767611086368561,
    0.0696730986237526,
    -0.045117974281311035,
    0.085026316344738,
    -0.049241047352552414,
    0.041706833988428116,
    -0.09330040961503983,
    0.016195299103856087,
    -0.002937805373221636,
    -0.020222589373588562,
    -0.0958668664097786,
    -0.0014135233359411359,
    -0.017468338832259178,
    -0.09311036020517349,
    -0.10083925724029541,
    0.004350184462964535,
    0.016036851331591606,
    -0.002249637385830283,
    0.04818115755915642,
    0.06445541977882385,
    0.012022399343550205,
    -0.021829059347510338,
    -0.010090089403092861,
    0.04526999965310097,
    -0.07824693620204926,
    0.002618206897750497,
    0.011879579164087772,
    0.07297538965940475,
    -0.004562785383313894,
    -0.11003154516220093,
    0.0008223673212341964,
    -0.0718243345618248,
    -0.11559613049030304,
    -0.026417452841997147,
    0.007660663221031427,
    -0.024408061057329178,
    2.2406666466415832e-32,
    -0.016524290665984154,
    -0.020200395956635475,
    0.003787126624956727,
    -0.007827531546354294,
    0.009321203455328941,
    -0.10356060415506363,
    0.07080495357513428,
    -0.06577082723379135,
    -0.062163155525922775,
    0.04176444187760353,
    -0.031795792281627655,
    0.0305999293923378,
    -0.010693714953958988,
    0.03925872966647148,
    -0.02837635949254036,
    -0.010174396447837353,
    -0.043488774448633194,
    0.0037229706067591906,
    -0.009389030747115612,
    0.05360293388366699,
    0.0005761755746789277,
    -0.02840248867869377,
    0.024901770055294037,
    0.031798478215932846,
    -0.06483031809329987,
    0.015316893346607685,
    0.034693643450737,
    -0.04266859591007233,
    -0.031237022951245308,
    0.011702535673975945,
    -0.007493471261113882,
    0.026066692546010017,
    -0.018136566504836082,
    -0.056940123438835144,
    -0.02478989027440548,
    0.11555970460176468,
    0.09783480316400528,
    -0.04282669350504875,
    -0.008783661760389805,
    -0.10844848304986954,
    -0.01658821851015091,
    0.00901087187230587,
    0.028406063094735146,
    0.054879456758499146,
    0.09000345319509506,
    0.004345048684626818,
    0.04730122163891792,
    0.056716229766607285,
    -0.0048014819622039795,
    0.05033699423074722,
    -0.09685192257165909,
    0.017265625298023224,
    0.022637762129306793,
    -0.052600760012865067,
    -0.004407461266964674,
    -0.015323176980018616,
    -0.008764962665736675,
    0.040356431156396866,
    -0.027321385219693184,
    0.05986212566494942,
    -0.015168656595051289,
    -0.07342923432588577,
    -0.021988416090607643,
    0.0016208186279982328,
    0.010676989331841469,
    -0.02316068485379219,
    -0.0008520936826243997,
    -0.07430077344179153,
    0.06014655530452728,
    0.034306202083826065,
    0.007642996963113546,
    0.042989667505025864,
    -0.021268153563141823,
    0.07866029441356659,
    0.002348054898902774,
    0.02148614265024662,
    0.04559948667883873,
    -0.03944362699985504,
    0.021967314183712006,
    0.012523267418146133,
    -0.06670276075601578,
    0.021254422143101692,
    -0.04409902170300484,
    0.06724183261394501,
    0.02089986391365528,
    -0.002562053268775344,
    0.0049803247675299644,
    0.04491725191473961,
    -0.04756944254040718,
    -0.09278940409421921,
    -0.01995270326733589,
    0.05159614980220795,
    0.04286637902259827,
    0.038274817168712616,
    -0.0017069351160898805,
    -2.2846311639198938e-32,
    0.012108039110898972,
    -0.03959999606013298,
    -0.022481640800833702,
    -0.015032967552542686,
    0.04719352349638939,
    -0.023798653855919838,
    -0.03912031650543213,
    -0.11461923271417618,
    0.14700618386268616,
    0.018107237294316292,
    0.028104063123464584,
    -0.029918812215328217,
    0.027375970035791397,
    0.03566865250468254,
    -0.0879543200135231,
    0.018329061567783356,
    -0.0915595218539238,
    -0.016054300591349602,
    -0.006526262499392033,
    0.0859237015247345,
    -0.02217666059732437,
    0.04169557988643646,
    -0.03366782143712044,
    0.0647866502404213,
    0.053251348435878754,
    0.06682540476322174,
    -0.060441963374614716,
    0.015764422714710236,
    0.07155973464250565,
    -0.09383844584226608,
    0.0020946336444467306,
    -0.046266503632068634,
    -1.1836288649647031e-05,
    -0.0017545315204188228,
    -0.12438180297613144,
    -0.136445090174675,
    0.10876743495464325,
    -0.049930840730667114,
    -0.051723796874284744,
    -0.027432933449745178,
    0.04578772559762001,
    0.01413524616509676,
    0.0013424453791230917,
    0.031222576275467873,
    -0.02216481976211071,
    0.009017287753522396,
    0.04705347493290901,
    -0.008379022590816021,
    -0.058531731367111206,
    -0.02994636632502079,
    -0.020030051469802856,
    -0.009014810435473919,
    0.026986300945281982,
    0.06274347752332687,
    -0.019805416464805603,
    -0.018544631078839302,
    0.048616692423820496,
    -0.017114045098423958,
    -0.07699164003133774,
    -0.05571446195244789,
    0.03263749182224274,
    0.06696461886167526,
    -0.03193271532654762,
    0.044647250324487686,
    0.009954134933650494,
    -0.10678236186504364,
    9.983099880628288e-05,
    -0.1550728678703308,
    0.019732976332306862,
    -0.05531685799360275,
    -0.12016205489635468,
    -0.10345879197120667,
    -0.05707118287682533,
    -0.07325209677219391,
    0.040194276720285416,
    -0.04483257979154587,
    -0.001740046078339219,
    -0.02409188263118267,
    -0.012391890399158001,
    0.01149469893425703,
    0.059448372572660446,
    -0.035666558891534805,
    -0.03803911805152893,
    0.0010808088118210435,
    0.018648721277713776,
    0.06532648205757141,
    0.015566754154860973,
    -0.01579095609486103,
    0.06462304294109344,
    0.1319793462753296,
    -0.1208733320236206,
    0.030854078009724617,
    -0.030094576999545097,
    0.014658094383776188,
    -0.05427328869700432,
    -6.276292907614334e-08,
    0.04403006285429001,
    0.09414875507354736,
    -0.06252877414226532,
    -0.009478768333792686,
    -0.0712457150220871,
    0.022626103833317757,
    -0.04657340422272682,
    0.038012657314538956,
    0.008716818876564503,
    -0.03896310552954674,
    -0.018015457317233086,
    0.102789007127285,
    0.005117478314787149,
    -0.01865197718143463,
    0.04324354603886604,
    -0.07319493591785431,
    0.007347040809690952,
    0.015483626164495945,
    -0.02650097943842411,
    0.056290581822395325,
    -0.06094031035900116,
    -0.04636043310165405,
    -0.015489493496716022,
    -0.025725841522216797,
    0.00683931028470397,
    0.03882746025919914,
    -0.03357842564582825,
    -0.0011271719122305512,
    0.07387901842594147,
    0.03933543339371681,
    -0.04159964621067047,
    0.050788503140211105,
    -0.04870191961526871,
    -0.06399831175804138,
    -0.002436988055706024,
    -0.041436631232500076,
    -0.02443269081413746,
    0.04198170825839043,
    0.09297899901866913,
    -0.04030836001038551,
    0.011799272149801254,
    0.0604378879070282,
    -0.02565700002014637,
    0.05602095648646355,
    -0.032235223799943924,
    -0.02787431888282299,
    -0.021890422329306602,
    0.022412586957216263,
    0.04200345650315285,
    -0.14303599298000336,
    -0.04066162556409836,
    -0.06995107233524323,
    0.03274558484554291,
    -0.019773557782173157,
    -0.05258803814649582,
    0.06422600150108337,
    -0.017825545743107796,
    0.008152901194989681,
    0.006779559887945652,
    -0.012149945832788944,
    0.11433829367160797,
    0.03145800903439522,
    0.0025143383536487818,
    -0.018081894144415855
]