[
    0.0004913042648695409,
    -0.011908735148608685,
    0.020889844745397568,
    -0.0280777420848608,
    0.017059072852134705,
    0.06544943898916245,
    -0.07239525765180588,
    -0.021921856328845024,
    -0.09546937793493271,
    0.024859195575118065,
    -0.009133427403867245,
    -0.05656977370381355,
    0.022242045029997826,
    0.0025456117000430822,
    0.07581868022680283,
    -0.018577441573143005,
    0.08498957753181458,
    -0.009080986492335796,
    -0.06920520961284637,
    0.07083285599946976,
    0.13925696909427643,
    0.06284913420677185,
    -0.09688874334096909,
    0.0161327812820673,
    -0.10009180009365082,
    0.02237529121339321,
    -0.031657297164201736,
    -0.05821317434310913,
    0.010098881088197231,
    -0.024139555171132088,
    -0.0021133858244866133,
    0.003640396986156702,
    0.0233011431992054,
    0.016309667378664017,
    0.028448713943362236,
    -0.04604412615299225,
    0.006949682254344225,
    0.009045432321727276,
    0.02671218290925026,
    0.017938664183020592,
    -0.09790054708719254,
    -0.053603850305080414,
    -0.04916523024439812,
    0.021979020908474922,
    -0.0018584076315164566,
    -0.02557656168937683,
    -0.06788339465856552,
    -0.061143577098846436,
    -0.006786481011658907,
    -0.03264825791120529,
    -0.025879401713609695,
    -0.007231606170535088,
    0.013922168873250484,
    0.05698910355567932,
    -0.004370701499283314,
    -0.09917541593313217,
    -0.02577819675207138,
    0.023870276287198067,
    -0.09141513705253601,
    0.0001057775371009484,
    -0.005828401073813438,
    -0.022438276559114456,
    -0.04585260897874832,
    0.037052374333143234,
    0.01718049868941307,
    0.07948186248540878,
    -0.0532790869474411,
    -0.050296008586883545,
    0.031357161700725555,
    -0.005602322053164244,
    -0.10020862519741058,
    0.03469619154930115,
    -0.017547495663166046,
    0.057502634823322296,
    0.004151870030909777,
    0.026442773640155792,
    -0.020790310576558113,
    0.04066179320216179,
    0.04529966041445732,
    -0.1348734349012375,
    -0.03604605048894882,
    0.05186169221997261,
    0.03311307728290558,
    0.023883657529950142,
    -0.008495553396642208,
    0.00953373871743679,
    -0.06811031699180603,
    -0.009520411491394043,
    -0.0025190336164087057,
    -0.03179808333516121,
    0.04568640515208244,
    -0.06749407947063446,
    0.10697977989912033,
    -0.02589421719312668,
    0.030079396441578865,
    0.02301717735826969,
    0.009104998782277107,
    -0.1038762554526329,
    0.07282354682683945,
    -0.013077295385301113,
    0.030219651758670807,
    -0.05510648712515831,
    -0.04669962450861931,
    -0.0048398179933428764,
    0.0007105994154699147,
    -0.04788900911808014,
    0.01884646527469158,
    -0.011038858443498611,
    -0.010584303177893162,
    0.09485255926847458,
    0.06285623461008072,
    0.040284715592861176,
    0.007801427040249109,
    -0.10222458839416504,
    0.0006438157870434225,
    -0.009678861126303673,
    0.046510521322488785,
    0.004214356187731028,
    0.028304796665906906,
    -0.06820737570524216,
    -0.08139665424823761,
    -0.05772431567311287,
    -0.014269022271037102,
    -0.09618735313415527,
    0.06032785773277283,
    -0.010178156197071075,
    -0.08901957422494888,
    1.9199128826789643e-32,
    -0.003207530826330185,
    -0.0361734963953495,
    -0.04315933585166931,
    0.03725632652640343,
    -0.001008983701467514,
    -0.025976551696658134,
    0.03490222245454788,
    -0.05350401997566223,
    -0.035995665937662125,
    0.055598486214876175,
    0.01573503017425537,
    0.03588138893246651,
    -0.040552690625190735,
    0.025726884603500366,
    -0.028473779559135437,
    -0.05540354549884796,
    0.07007651031017303,
    0.028024012222886086,
    0.04676712676882744,
    0.009251521900296211,
    -0.004266059957444668,
    -0.0466604046523571,
    0.008372753858566284,
    0.030193928629159927,
    -0.013586152344942093,
    0.0678880363702774,
    -0.021355293691158295,
    -0.02464490756392479,
    -0.015587766654789448,
    0.017803773283958435,
    0.03223880007863045,
    0.009338119067251682,
    0.03033413738012314,
    -0.033083900809288025,
    -0.0253338310867548,
    0.08492709696292877,
    0.061461422592401505,
    -0.042319156229496,
    0.004236813168972731,
    -0.11966586858034134,
    -0.04013076424598694,
    0.010885161347687244,
    0.03605211526155472,
    0.03651020675897598,
    0.054025787860155106,
    -0.04019039869308472,
    -0.0402924045920372,
    -0.0059776343405246735,
    0.07086489349603653,
    0.01746637374162674,
    -0.03932132199406624,
    0.021639816462993622,
    0.02290613204240799,
    -0.07218930125236511,
    -0.0014317060122266412,
    -0.030727354809641838,
    -0.0647287517786026,
    0.011897442862391472,
    -0.015672441571950912,
    0.11837819963693619,
    -0.06939145177602768,
    0.06497231870889664,
    -0.035900674760341644,
    0.010575590655207634,
    0.0009536687284708023,
    -0.08059278130531311,
    0.007558281533420086,
    -0.059989023953676224,
    0.025292029604315758,
    0.005378157366067171,
    -0.0843508318066597,
    0.01817072555422783,
    -0.03913174942135811,
    0.040770068764686584,
    -0.0003856355033349246,
    -0.004561577923595905,
    0.053440358489751816,
    -0.015700260177254677,
    0.05806365981698036,
    -0.07342991232872009,
    -0.10717205703258514,
    -0.02112279087305069,
    -0.008037046529352665,
    0.07432675361633301,
    0.01403807383030653,
    -0.02932804264128208,
    0.018945787101984024,
    0.01668316312134266,
    -0.022455628961324692,
    -0.06460537016391754,
    -0.005487168673425913,
    0.002495743101462722,
    0.030534818768501282,
    0.06530240178108215,
    0.026226086542010307,
    -1.9486231567034478e-32,
    0.07264785468578339,
    -0.05241895094513893,
    -0.01921183243393898,
    -0.017686113715171814,
    0.04408201575279236,
    0.008828078396618366,
    -0.03546568751335144,
    -0.12867635488510132,
    0.10577172785997391,
    -0.02306355908513069,
    0.018034599721431732,
    -0.023890802636742592,
    0.027990242466330528,
    0.007029445841908455,
    -0.08146296441555023,
    -0.035065699368715286,
    -0.15452568233013153,
    -0.009192360565066338,
    -0.000915790325962007,
    0.10814107209444046,
    -0.06015164405107498,
    -0.005110578145831823,
    -0.03258724883198738,
    0.0816471204161644,
    -0.05426950752735138,
    0.021927040070295334,
    -0.09487500786781311,
    -0.02122308686375618,
    0.028576377779245377,
    -0.0025772121734917164,
    -0.02530408464372158,
    -0.08216211944818497,
    -0.007924486882984638,
    0.0475037507712841,
    -0.0980096384882927,
    -0.15947555005550385,
    0.031963445246219635,
    -0.06911135464906693,
    -0.029286472126841545,
    -0.024561680853366852,
    0.055483315140008926,
    0.034413449466228485,
    -0.0050078704953193665,
    0.03422567993402481,
    -0.040352944284677505,
    -0.024986427277326584,
    0.018709320574998856,
    -0.03122209757566452,
    0.03328376263380051,
    -0.015491125173866749,
    -0.0010789158986881375,
    -0.012680473737418652,
    -0.01129863876849413,
    0.021036118268966675,
    0.0059969741851091385,
    0.016343003138899803,
    0.03376486524939537,
    -0.022237837314605713,
    -0.024962881579995155,
    0.023417949676513672,
    0.042483408004045486,
    0.10162945836782455,
    -0.02191956713795662,
    0.03775417432188988,
    0.11626023054122925,
    -0.07664475589990616,
    -0.06515476107597351,
    -0.049606598913669586,
    0.02259715460240841,
    -0.028071386739611626,
    -0.05327310040593147,
    -0.07696092873811722,
    -0.03537343814969063,
    -0.04560115560889244,
    0.10290277749300003,
    -0.06642769277095795,
    0.01034642942249775,
    -0.028433118015527725,
    -0.048652488738298416,
    0.027939217165112495,
    0.07114662230014801,
    0.04283349961042404,
    -0.09583042562007904,
    0.08249974250793457,
    -0.0055145625956356525,
    0.14453734457492828,
    0.038761384785175323,
    -0.026391003280878067,
    0.0764545425772667,
    0.11103818565607071,
    -0.0856771394610405,
    0.03244105726480484,
    0.005813720636069775,
    0.03931589052081108,
    -0.03340400010347366,
    -5.6045532659254604e-08,
    -0.011692600324749947,
    0.10198797285556793,
    -0.034633032977581024,
    0.008478221483528614,
    -0.042306166142225266,
    0.033702366054058075,
    -0.0003434362297412008,
    -0.04222424328327179,
    -0.06689555197954178,
    -0.06539340317249298,
    0.01046023704111576,
    0.07899265736341476,
    -0.010821839794516563,
    -0.052333272993564606,
    0.027087341994047165,
    -0.04849713668227196,
    -0.07725559920072556,
    0.008522400632500648,
    -0.055219005793333054,
    0.03450527787208557,
    -0.04011661559343338,
    -0.03800326585769653,
    -0.031147953122854233,
    0.026313848793506622,
    0.05891735479235649,
    0.0031982881482690573,
    -0.012920807115733624,
    0.04282185807824135,
    0.04751870036125183,
    0.11976972222328186,
    0.028663530945777893,
    0.03296412527561188,
    -0.03408629074692726,
    0.0044745346531271935,
    0.006630148738622665,
    -0.0495411716401577,
    -0.0469827726483345,
    0.029341889545321465,
    0.03831207752227783,
    -0.0022940603084862232,
    -0.01749688945710659,
    0.04231613129377365,
    -0.004484287463128567,
    0.05638660117983818,
    0.007656001020222902,
    -0.009890001267194748,
    -0.04864798113703728,
    0.034864671528339386,
    0.04194140434265137,
    -0.08370870351791382,
    -0.0697421208024025,
    -0.06369999051094055,
    0.04646823927760124,
    0.003699197433888912,
    -0.0485585480928421,
    0.10977625101804733,
    0.0036193046253174543,
    0.050377897918224335,
    0.0009657349437475204,
    -0.05981522798538208,
    0.149650439620018,
    0.04646725580096245,
    0.05436411872506142,
    0.0030587990768253803
]