[
    -0.014061298221349716,
    0.023782260715961456,
    0.006368936039507389,
    -0.07446573674678802,
    -0.016674775630235672,
    0.10263040661811829,
    -0.013753600418567657,
    -0.0043434943072497845,
    -0.06147462874650955,
    -0.04582926630973816,
    -0.05940006673336029,
    0.01188216544687748,
    0.012099182233214378,
    -0.05070933699607849,
    0.08444271981716156,
    -0.04569467529654503,
    0.06353896111249924,
    0.03519895672798157,
    -0.10864383727312088,
    0.11601349711418152,
    0.03184482455253601,
    0.046684328466653824,
    -0.047357603907585144,
    -0.0011260733008384705,
    -0.04229239001870155,
    0.009725562296807766,
    0.014189794659614563,
    -0.08411674946546555,
    0.014831699430942535,
    0.0054727219976484776,
    0.08617212623357773,
    0.027652151882648468,
    0.04965026304125786,
    0.09449122846126556,
    0.01173357479274273,
    -0.0506124310195446,
    -0.012961825355887413,
    0.038785822689533234,
    -0.05078117549419403,
    0.012582605704665184,
    -0.04027949273586273,
    -0.009143330156803131,
    -0.04454762861132622,
    0.05955497547984123,
    0.06304997950792313,
    -0.002914918353781104,
    -0.0700579285621643,
    -0.024520447477698326,
    0.04010613262653351,
    0.013270726427435875,
    -0.04197632521390915,
    0.009599991142749786,
    -0.004136377014219761,
    0.09349681437015533,
    -0.02982906810939312,
    -0.032398711889982224,
    -0.031767696142196655,
    0.018906574696302414,
    -0.05731811746954918,
    0.008834226056933403,
    0.03877667337656021,
    0.0032535630743950605,
    0.03177940100431442,
    0.042071592062711716,
    -0.09860989451408386,
    0.07456143945455551,
    -0.01707659289240837,
    -0.0335332490503788,
    -0.027745701372623444,
    -0.06250389665365219,
    -0.06994564086198807,
    0.014224066399037838,
    2.840902379830368e-05,
    0.04529983177781105,
    -0.0029377746395766735,
    -0.02317461185157299,
    0.024488672614097595,
    0.024570146575570107,
    0.05373400077223778,
    -0.14746475219726562,
    -0.08970611542463303,
    0.016290850937366486,
    -0.012712868861854076,
    0.04412345588207245,
    -0.06199675798416138,
    0.028883812949061394,
    -0.056524522602558136,
    -0.020792890340089798,
    -0.020519666373729706,
    -0.05224839225411415,
    -0.010499619878828526,
    -0.0337078683078289,
    0.08608852326869965,
    -0.02520403079688549,
    0.11154694855213165,
    0.021321343258023262,
    0.04593474045395851,
    -0.11883988231420517,
    0.03518517315387726,
    -0.024995386600494385,
    -0.04369530454277992,
    -0.059776172041893005,
    0.04280717298388481,
    0.015329604037106037,
    -0.039509791880846024,
    -0.054420556873083115,
    0.0293081384152174,
    0.02562052756547928,
    -0.005719504784792662,
    0.04534337669610977,
    0.042107533663511276,
    -0.04310109093785286,
    -7.18247756594792e-05,
    -0.04962339624762535,
    0.004091776441782713,
    -0.05125942453742027,
    -0.0056340256705880165,
    0.023172246292233467,
    0.07276520133018494,
    -0.039368078112602234,
    -0.059491485357284546,
    -0.02232092246413231,
    -0.0416087731719017,
    -0.08435305207967758,
    0.010249770246446133,
    0.00613935524597764,
    -0.029851390048861504,
    2.181163269539753e-32,
    -0.05226826295256615,
    -0.006414228118956089,
    -0.010301098227500916,
    0.03638571500778198,
    0.0056932661682367325,
    -0.028469372540712357,
    0.07675032317638397,
    -0.04307892918586731,
    -0.05121616646647453,
    0.07419029623270035,
    -0.0719015821814537,
    0.0450659841299057,
    -0.03222756087779999,
    0.11734064668416977,
    -0.05187210068106651,
    -0.004881351254880428,
    -0.0032410682179033756,
    0.05877002701163292,
    -0.026425067335367203,
    0.07388071715831757,
    0.01541329175233841,
    0.01918748766183853,
    0.03560447692871094,
    -0.0039293221198022366,
    -0.02835998125374317,
    0.030559120699763298,
    0.009853468276560307,
    -0.031995244324207306,
    -0.002037676516920328,
    0.006231354549527168,
    -0.023641496896743774,
    0.029858121648430824,
    0.0021907645277678967,
    -0.07529545575380325,
    -0.025926122441887856,
    0.14055053889751434,
    0.05644520744681358,
    -0.012706847861409187,
    -0.005247890949249268,
    -0.10867660492658615,
    -0.05055176839232445,
    -0.005359831266105175,
    0.038859330117702484,
    0.042678095400333405,
    0.05210944637656212,
    -0.02901068888604641,
    -0.022273102775216103,
    -0.000994328293018043,
    0.032073430716991425,
    0.040122635662555695,
    -0.06404940783977509,
    -0.01024647057056427,
    -0.0022144096437841654,
    -0.04429350793361664,
    -0.008107656612992287,
    -0.027729002758860588,
    -0.07968993484973907,
    0.033273596316576004,
    -0.08297888189554214,
    0.03467043861746788,
    -0.018833059817552567,
    -0.0468897745013237,
    0.01220796536654234,
    0.0056366147473454475,
    0.031161023303866386,
    -0.006486189551651478,
    0.016531135886907578,
    -0.056613191962242126,
    0.04946236312389374,
    0.052769772708415985,
    -0.032491814345121384,
    0.06073766574263573,
    -0.03369564563035965,
    0.059026796370744705,
    0.0585288368165493,
    0.004561217036098242,
    0.012192374095320702,
    -0.05094834789633751,
    0.06290960311889648,
    0.014072932302951813,
    -0.0762324333190918,
    0.014822847209870815,
    0.03293772414326668,
    0.04933363199234009,
    0.006952946074306965,
    0.0463980995118618,
    0.0020593253429979086,
    0.05845575034618378,
    -0.030361585319042206,
    -0.08762644231319427,
    -0.04130659997463226,
    0.02537248469889164,
    0.03951588645577431,
    0.05045456439256668,
    0.0015894381795078516,
    -2.3004155551259416e-32,
    -0.020519256591796875,
    -0.005706943571567535,
    -0.0159481018781662,
    -0.038500525057315826,
    0.03562932461500168,
    -0.00882821623235941,
    -0.0613027960062027,
    -0.12647312879562378,
    0.07577073574066162,
    0.02320810593664646,
    0.03935074061155319,
    -0.0758715569972992,
    0.014294452965259552,
    -0.029825882986187935,
    -0.10907965153455734,
    -0.015797216445207596,
    -0.10102209448814392,
    -0.07898490875959396,
    0.01169680431485176,
    0.10640817880630493,
    -0.05524580553174019,
    0.02178739570081234,
    -0.03155501186847687,
    0.08656644821166992,
    0.06263456493616104,
    0.014052340760827065,
    -0.023155270144343376,
    0.029082046821713448,
    0.09941568970680237,
    -0.0665116235613823,
    -0.038207389414310455,
    -0.059657685458660126,
    -0.04960576817393303,
    -0.00011475349310785532,
    -0.08629991114139557,
    -0.12225178629159927,
    0.043264806270599365,
    -0.05017155036330223,
    -0.04983135685324669,
    -0.0906648114323616,
    0.08665230125188828,
    -0.05192512646317482,
    0.024613238871097565,
    0.04601777717471123,
    -0.005428973585367203,
    0.007600381039083004,
    0.016520345583558083,
    0.006920903455466032,
    -0.0163635965436697,
    0.032588403671979904,
    0.006532877217978239,
    -0.04139351099729538,
    0.0023278307635337114,
    0.07164996862411499,
    -0.01017471682280302,
    -0.015469305217266083,
    0.04399339482188225,
    0.0034182704985141754,
    -0.09903956949710846,
    -0.044675588607788086,
    0.054747506976127625,
    0.02761642448604107,
    -0.01892010122537613,
    0.08597352355718613,
    0.004490215331315994,
    -0.0879761278629303,
    -0.051713038235902786,
    -0.11570533365011215,
    -0.008488746359944344,
    -0.05612456426024437,
    -0.06037032604217529,
    -0.11822592467069626,
    -0.031242894008755684,
    -0.06348302960395813,
    0.043168552219867706,
    -0.05767139047384262,
    -0.010945224203169346,
    -0.03379908949136734,
    -0.030704086646437645,
    0.01902739144861698,
    0.10469065606594086,
    -0.014820572920143604,
    -0.07309765368700027,
    0.04773268848657608,
    -0.030700311064720154,
    0.06295019388198853,
    0.003997821360826492,
    -0.017826087772846222,
    0.017920415848493576,
    0.09381194412708282,
    -0.10117178410291672,
    0.02119862660765648,
    -0.017600256949663162,
    0.031716544181108475,
    -0.0909397304058075,
    -6.133174679234799e-08,
    0.05168918892741203,
    0.10662182420492172,
    -0.048259612172842026,
    -0.05846136808395386,
    -0.08604023605585098,
    -0.03075765259563923,
    -0.08777444809675217,
    -0.006067860405892134,
    -0.0024883933365345,
    -0.052407070994377136,
    0.008000877685844898,
    0.10845056176185608,
    -0.014596263878047466,
    -0.037071146070957184,
    0.03369744494557381,
    -0.037182435393333435,
    -0.056793246418237686,
    0.01797495223581791,
    -0.0015791546320542693,
    0.07865574210882187,
    -0.07459878921508789,
    -0.055564913898706436,
    -0.08143146336078644,
    0.018004190176725388,
    0.025048688054084778,
    0.0697811096906662,
    -0.02349177747964859,
    0.019895456731319427,
    0.08055272698402405,
    0.030612140893936157,
    0.02085193246603012,
    -0.006422470789402723,
    -0.02952502854168415,
    -0.009893854148685932,
    -0.032356150448322296,
    -0.03607654944062233,
    -0.022972434759140015,
    0.012579884380102158,
    0.09536225348711014,
    -0.0637906864285469,
    0.03130599483847618,
    0.04400499537587166,
    -0.004541691392660141,
    0.01773914135992527,
    -0.05344065651297569,
    -0.022378746420145035,
    0.010224718600511551,
    -0.02012019418179989,
    0.05647425353527069,
    -0.0712331011891365,
    -0.06717172265052795,
    -0.037435151636600494,
    0.07521741837263107,
    -0.09018762409687042,
    -0.05618322268128395,
    0.10313031822443008,
    -0.018301932141184807,
    0.0008028929005376995,
    0.03708280622959137,
    -0.00800604559481144,
    0.09882854670286179,
    0.015839332714676857,
    0.022670071572065353,
    0.01908169873058796
]