[
    -0.041514087468385696,
    0.027681687846779823,
    -0.011450608260929585,
    -0.08322327584028244,
    -0.016702789813280106,
    0.08194728940725327,
    0.009120279923081398,
    0.01138634979724884,
    -0.06110691279172897,
    -0.001885097473859787,
    0.0344063900411129,
    -0.04787970706820488,
    0.014335702173411846,
    -0.040893908590078354,
    0.10237731784582138,
    -0.025525955483317375,
    0.059342361986637115,
    0.03263970464468002,
    -0.14830860495567322,
    0.021183809265494347,
    -0.012820255942642689,
    0.08104357123374939,
    -0.053072214126586914,
    0.009631168097257614,
    -0.15787053108215332,
    -0.03244099020957947,
    -0.006931527983397245,
    -0.05735420063138008,
    0.07195880264043808,
    -0.044709235429763794,
    0.00504675367847085,
    -0.000411306245950982,
    0.033875372260808945,
    0.09630165249109268,
    -0.0013417031150311232,
    0.0013722071889787912,
    0.006020619999617338,
    0.02313290908932686,
    -0.026635147631168365,
    -0.0006786693702451885,
    -0.06573929637670517,
    -0.04792981967329979,
    -0.07658471167087555,
    -0.029779093340039253,
    0.058945432305336,
    -0.0006251066224649549,
    -0.04339047893881798,
    -0.04785189777612686,
    -0.0022750019561499357,
    -0.0313260480761528,
    -0.03965752199292183,
    -0.04298556596040726,
    -0.028201792389154434,
    0.06721170246601105,
    -0.02758990414440632,
    -0.03279886394739151,
    0.005843341816216707,
    0.009844665415585041,
    -0.03521500155329704,
    -0.01705513894557953,
    0.0645955502986908,
    -0.02137521654367447,
    -0.0053426846861839294,
    0.0773911327123642,
    -0.030599495396018028,
    0.04826487973332405,
    -0.02233775332570076,
    -0.00018579054449219257,
    0.009201893582940102,
    -0.04924345389008522,
    -0.12009968608617783,
    -0.03224501013755798,
    0.0003938902518711984,
    0.07045536488294601,
    -0.006626853719353676,
    -0.01690443605184555,
    -0.07005512714385986,
    0.035520292818546295,
    0.06709395349025726,
    -0.09943892061710358,
    -0.028055284172296524,
    0.03950702026486397,
    -0.001917957910336554,
    0.08918774873018265,
    -0.0792674794793129,
    -0.006651965901255608,
    -0.04930209740996361,
    -0.05858965590596199,
    0.01708635687828064,
    0.0061951992101967335,
    0.08695175498723984,
    -0.06857268512248993,
    0.08202628791332245,
    -0.062185127288103104,
    -0.018054967746138573,
    -0.02037719078361988,
    -0.019831638783216476,
    -0.07860954850912094,
    -0.016519926488399506,
    -0.0200822576880455,
    0.0040532564744353294,
    0.04282151907682419,
    -0.05319672077894211,
    -0.006301224231719971,
    -0.05334366112947464,
    -0.06757469475269318,
    0.014748265966773033,
    0.00817761942744255,
    0.08240371942520142,
    0.02928159572184086,
    0.003150961361825466,
    -0.0032991021871566772,
    -0.10079777240753174,
    -0.12078548967838287,
    0.015777265653014183,
    -0.015816668048501015,
    -0.03657447546720505,
    0.06936429440975189,
    0.0789107233285904,
    -0.02905626967549324,
    -0.0025306742172688246,
    0.021064255386590958,
    -0.03154720738530159,
    -0.10659684985876083,
    0.04751589149236679,
    -0.0006269019795581698,
    -0.02318517491221428,
    1.8941096061840642e-32,
    -0.01566564291715622,
    0.06591027975082397,
    -0.032199930399656296,
    0.015719851478934288,
    0.03755050525069237,
    -0.024275191128253937,
    -0.014858076348900795,
    -0.026819778606295586,
    -0.07259716838598251,
    0.07011992484331131,
    -0.020697448402643204,
    0.08250349014997482,
    -0.02930436097085476,
    -0.0009218979976139963,
    -0.05613626539707184,
    0.021865615621209145,
    -0.04388410598039627,
    0.08032099157571793,
    -0.02693185955286026,
    0.07867728918790817,
    0.0006759697571396828,
    0.009177052415907383,
    0.03757115826010704,
    -0.006581851281225681,
    -0.0040150973945856094,
    -0.015555489808321,
    0.02415117248892784,
    0.023887600749731064,
    0.06158694997429848,
    0.01963844709098339,
    0.058591872453689575,
    0.03588258475065231,
    0.013576449826359749,
    -0.06396719813346863,
    0.05325860157608986,
    0.0794885978102684,
    0.051113247871398926,
    -0.0716022476553917,
    0.0558449812233448,
    -0.06059090793132782,
    -0.05972800776362419,
    0.02691951021552086,
    0.049158915877342224,
    -0.020529761910438538,
    0.04924045130610466,
    -0.014216447249054909,
    0.05475618690252304,
    -0.006731785833835602,
    0.10345041006803513,
    0.04348728805780411,
    -0.03938780352473259,
    -0.003954155370593071,
    0.070731021463871,
    -0.05542431026697159,
    0.012402839958667755,
    -0.0317043662071228,
    -0.030167602002620697,
    0.05236615613102913,
    -0.056358788162469864,
    0.050281867384910583,
    0.010255248285830021,
    -0.012962087988853455,
    -0.029724908992648125,
    0.02137666754424572,
    -0.0029520161915570498,
    -0.055925220251083374,
    0.0018663817318156362,
    -0.05583404004573822,
    0.04084377363324165,
    -0.019102612510323524,
    -0.09616183489561081,
    0.071706123650074,
    0.0031773976515978575,
    0.02568928897380829,
    -0.040556132793426514,
    -0.024463273584842682,
    -0.03947562724351883,
    -0.047386474907398224,
    0.02962830848991871,
    0.01789057068526745,
    -0.11505553126335144,
    0.016631033271551132,
    0.051226235926151276,
    0.04678047075867653,
    0.009857827797532082,
    -0.010856501758098602,
    0.04384337738156319,
    0.07029315084218979,
    0.004476604517549276,
    -0.04901031032204628,
    9.18432924663648e-05,
    0.04340152442455292,
    -0.015850583091378212,
    0.10785095393657684,
    0.026431778445839882,
    -1.8922088318187846e-32,
    0.038610223680734634,
    -0.023171372711658478,
    -0.03963236138224602,
    -0.0023899655789136887,
    0.06788834184408188,
    0.008144030347466469,
    -0.024973295629024506,
    -0.10086605697870255,
    0.07832621037960052,
    0.02703079767525196,
    0.035138122737407684,
    -0.03396204486489296,
    0.004814367275685072,
    -0.019569920375943184,
    -0.056378450244665146,
    -0.02139534056186676,
    -0.08454013615846634,
    -0.02251981571316719,
    -0.007457054685801268,
    0.07813366502523422,
    0.013442182913422585,
    -0.015756839886307716,
    0.04190456494688988,
    0.09749594330787659,
    0.016495482996106148,
    0.051696859300136566,
    -0.04965049773454666,
    0.00965805258601904,
    0.12677457928657532,
    -0.03229796886444092,
    0.0053183515556156635,
    -0.03513989970088005,
    -0.05333619564771652,
    0.06640668958425522,
    -0.12542736530303955,
    -0.14656084775924683,
    0.039129290729761124,
    -0.038950446993112564,
    0.0003475963603705168,
    -0.029022958129644394,
    0.06086355447769165,
    0.042806997895240784,
    -0.011836090125143528,
    0.006906711030751467,
    0.031982991844415665,
    -0.0395316444337368,
    0.08177077770233154,
    -0.05231691151857376,
    -0.02873370423913002,
    -0.027040598914027214,
    0.05475877970457077,
    -0.07750959694385529,
    0.011369905434548855,
    0.034398261457681656,
    -0.02157573401927948,
    0.07447042316198349,
    0.028805328533053398,
    -0.024556921795010567,
    -0.09657503664493561,
    -0.019349856302142143,
    0.07381287217140198,
    0.06797365099191666,
    0.007069513667374849,
    0.0692402720451355,
    0.03290831297636032,
    -0.018673397600650787,
    0.01161162368953228,
    -0.017863601446151733,
    -0.046282678842544556,
    -0.08719249814748764,
    -0.06946063041687012,
    -0.1121121346950531,
    -0.07374610751867294,
    -0.1336580365896225,
    0.05431117117404938,
    -0.05656800791621208,
    -0.05987260863184929,
    -0.12976732850074768,
    -0.09832178801298141,
    0.02250690385699272,
    -0.0035828431136906147,
    0.007089553866535425,
    -0.06286206841468811,
    0.021761352196335793,
    -0.00811188854277134,
    0.028568986803293228,
    0.027604037895798683,
    -0.03617879003286362,
    0.04748735576868057,
    0.06097740679979324,
    -0.13323341310024261,
    0.02629048377275467,
    -0.031463395804166794,
    0.07577741146087646,
    -0.08330071717500687,
    -5.4341501964927375e-08,
    -0.003278109710663557,
    0.037066973745822906,
    -0.023014668375253677,
    -0.038152772933244705,
    -0.010994954034686089,
    -0.034987181425094604,
    -0.07963734120130539,
    0.0032130994368344545,
    -0.028359519317746162,
    -0.06812643259763718,
    0.008428281173110008,
    0.021246206015348434,
    -0.022427663207054138,
    0.021906139329075813,
    0.08288579434156418,
    -0.042479172348976135,
    -0.05844193324446678,
    0.02297949604690075,
    -0.08316852897405624,
    0.0711803063750267,
    0.006032056640833616,
    -0.03885125368833542,
    -0.030838744714856148,
    -0.027267249301075935,
    0.05403536185622215,
    0.04342270642518997,
    -0.005766460672020912,
    0.09834964573383331,
    0.08006399869918823,
    0.02366756647825241,
    -0.008494528941810131,
    -0.004636075347661972,
    0.013117060996592045,
    -0.03131783381104469,
    -0.07251453399658203,
    -0.043872520327568054,
    0.023372767493128777,
    -0.0005568931810557842,
    0.06833589822053909,
    0.004239708185195923,
    -0.017784498631954193,
    0.018892597407102585,
    0.030454013496637344,
    0.09143030643463135,
    0.02441483363509178,
    -0.0326453261077404,
    -0.02862701192498207,
    0.042894620448350906,
    0.0026270567905157804,
    -0.10915319621562958,
    -0.008771429769694805,
    -0.030384818091988564,
    0.030059505254030228,
    0.05080011859536171,
    -0.03933775797486305,
    0.03231196478009224,
    0.02462080866098404,
    0.016070151701569557,
    -0.008013500832021236,
    -0.006995557341724634,
    0.07205658406019211,
    0.014136052690446377,
    0.06257695704698563,
    -0.03131474554538727
]