[
    -0.031738292425870895,
    0.019178489223122597,
    -0.018040766939520836,
    -0.05551752820611,
    -0.025664014741778374,
    0.0570208765566349,
    -0.014891942031681538,
    -0.04994194209575653,
    -0.022363906726241112,
    -0.010074635036289692,
    -0.010924414731562138,
    -0.04779031127691269,
    0.004204713739454746,
    -0.015586921945214272,
    0.04352923855185509,
    0.056071288883686066,
    0.07912810146808624,
    0.05295197665691376,
    -0.06735294312238693,
    0.019512495025992393,
    0.02236098423600197,
    0.07402990758419037,
    -0.02103397622704506,
    -0.016131006181240082,
    -0.12853777408599854,
    -0.06822658330202103,
    -0.022746462374925613,
    -0.05203225836157799,
    0.04171925038099289,
    -0.04593710973858833,
    0.052424848079681396,
    0.04951084405183792,
    0.11189170181751251,
    0.08519760519266129,
    -0.04024387151002884,
    -0.016761166974902153,
    0.06082293018698692,
    -0.04493946209549904,
    -0.006514602806419134,
    -0.029014827683568,
    -0.0554928220808506,
    -0.0369451567530632,
    -0.051309745758771896,
    -0.006043464411050081,
    0.011866576969623566,
    0.01754758507013321,
    -0.0025989250279963017,
    -0.032547201961278915,
    -0.07321815192699432,
    -0.010153381153941154,
    -0.049550510942935944,
    -0.0026578535325825214,
    -0.004832316655665636,
    0.056517358869314194,
    -0.05811339616775513,
    -0.008709311485290527,
    -0.02085680328309536,
    0.05220010131597519,
    -0.030420871451497078,
    0.03149300068616867,
    -0.0037141917273402214,
    -0.08605576306581497,
    -0.04724007472395897,
    0.055473778396844864,
    -0.010146318934857845,
    0.032762493938207626,
    -0.06164097785949707,
    -0.016304204240441322,
    0.03592271730303764,
    0.04269196465611458,
    -0.07919879257678986,
    0.05898667499423027,
    -0.013729418627917767,
    -0.010807489044964314,
    -0.006513568572700024,
    0.020853834226727486,
    -0.022864339873194695,
    0.020704613998532295,
    0.08795356750488281,
    -0.11446332186460495,
    -0.08990789949893951,
    -0.008355492725968361,
    -0.04059740900993347,
    0.040692802518606186,
    -0.012863504700362682,
    -0.05397477746009827,
    -0.046252720057964325,
    -0.034252993762493134,
    0.01356869749724865,
    0.012148485518991947,
    0.0708388164639473,
    -0.09843994677066803,
    0.05129117891192436,
    -0.04325556382536888,
    0.09859121590852737,
    -0.01516393106430769,
    0.014495116658508778,
    -0.0637165755033493,
    0.03924112394452095,
    0.005320786032825708,
    0.02307937480509281,
    0.011598503217101097,
    -0.07279259711503983,
    -0.05543186143040657,
    -0.019282400608062744,
    -0.08148800581693649,
    -0.047892291098833084,
    -0.018223851919174194,
    0.01619545742869377,
    0.02288234233856201,
    0.056242022663354874,
    -0.024544384330511093,
    0.005938158370554447,
    -0.058801621198654175,
    0.03202247992157936,
    0.026104198768734932,
    0.009895158000290394,
    0.07736600190401077,
    -0.0016165768029168248,
    -0.016047528013586998,
    -0.04787512123584747,
    0.0005784177919849753,
    -0.06328117847442627,
    -0.0826052725315094,
    0.045399878174066544,
    -0.014928984455764294,
    -0.0649726539850235,
    2.1067688769384997e-32,
    0.015706244856119156,
    0.0052320160903036594,
    -0.07938443869352341,
    0.001970652723684907,
    0.027856698259711266,
    -0.04090217500925064,
    -0.006889969576150179,
    -0.017859363928437233,
    -0.03321148082613945,
    0.012744800187647343,
    0.01883840560913086,
    0.055901285260915756,
    0.024978578090667725,
    -0.023602023720741272,
    -0.03945093974471092,
    0.028837775811553,
    -0.05090927705168724,
    0.10877346247434616,
    -0.07919497787952423,
    0.033694639801979065,
    0.060254454612731934,
    -0.034131355583667755,
    0.020729076117277145,
    0.03916601464152336,
    0.0014607022749260068,
    -0.041602715849876404,
    0.00195504748262465,
    -0.006872382014989853,
    0.023197369650006294,
    0.002200355753302574,
    0.0058858213014900684,
    0.00673514511436224,
    0.041418664157390594,
    -0.012633513659238815,
    0.08800704777240753,
    0.12302492558956146,
    0.05847395583987236,
    -0.025654125958681107,
    0.03777734190225601,
    -0.09222719818353653,
    -0.05175047367811203,
    0.012547941878437996,
    0.01843727007508278,
    -0.03191940858960152,
    0.056042011827230453,
    -0.047276824712753296,
    -0.03510642796754837,
    -0.05164114758372307,
    0.05681704357266426,
    0.09635422378778458,
    0.0047568101435899734,
    0.012692319229245186,
    0.02219248190522194,
    -0.03396119177341461,
    0.02899140678346157,
    -0.03332466259598732,
    -0.10255840420722961,
    0.09477192908525467,
    -0.0525275357067585,
    0.0320616289973259,
    0.016095146536827087,
    0.023543067276477814,
    -0.04206160828471184,
    -0.0009997229790315032,
    -0.012703889980912209,
    -0.013033177703619003,
    -0.07412354648113251,
    -0.017616307362914085,
    0.07332371175289154,
    -0.046708688139915466,
    -0.02051539719104767,
    0.036068420857191086,
    -0.04518522694706917,
    0.03968764469027519,
    -0.052005037665367126,
    -0.014300931245088577,
    0.030337540432810783,
    -0.003371309721842408,
    0.11532507836818695,
    -0.06029051914811134,
    -0.07405272871255875,
    0.013912143185734749,
    -0.004768645856529474,
    0.04098218306899071,
    0.024266313761472702,
    -0.029178934171795845,
    0.05314609408378601,
    -0.02119438350200653,
    -0.001644395524635911,
    -0.034013811498880386,
    0.02324061281979084,
    0.02024700492620468,
    -0.053033214062452316,
    0.03765309974551201,
    0.004665090702474117,
    -2.0779603021989286e-32,
    -0.004753696266561747,
    -0.02656836062669754,
    -0.06622396409511566,
    0.02653767168521881,
    0.037365835160017014,
    0.05703732371330261,
    -0.005350546911358833,
    -0.061879463493824005,
    0.08171477168798447,
    0.006249840371310711,
    0.0026134231593459845,
    -0.05443720892071724,
    0.022567974403500557,
    0.001440392225049436,
    -0.10189474374055862,
    -0.07706326246261597,
    -0.03816025331616402,
    0.005655617453157902,
    0.010536006651818752,
    0.12097422778606415,
    0.059530023485422134,
    0.026623830199241638,
    -0.003894244320690632,
    0.09241724759340286,
    -0.015046394430100918,
    0.0042795054614543915,
    -0.0010502669028937817,
    -0.06683249771595001,
    0.06940703839063644,
    -0.024351226165890694,
    -0.04341426491737366,
    -0.06362978368997574,
    -0.08978603780269623,
    0.034727904945611954,
    -0.011790113523602486,
    -0.14700494706630707,
    0.1418035328388214,
    -0.025228500366210938,
    -0.03461693599820137,
    0.006866526789963245,
    0.04563632234930992,
    0.049081288278102875,
    -0.0630648136138916,
    -0.032747652381658554,
    -0.029332228004932404,
    -0.023928377777338028,
    0.047176510095596313,
    0.008710273541510105,
    0.025016434490680695,
    -0.09585332125425339,
    0.06772056221961975,
    -0.036885812878608704,
    0.05851726233959198,
    0.07717172801494598,
    -0.026632143184542656,
    0.017114415764808655,
    0.04328193888068199,
    -0.021178774535655975,
    -0.04419765621423721,
    0.027516741305589676,
    0.03781227022409439,
    0.09116566926240921,
    -0.055841121822595596,
    -0.024449191987514496,
    0.07185294479131699,
    -0.018312614411115646,
    -0.03743581473827362,
    -0.012736717239022255,
    -0.03594851866364479,
    -0.049677927047014236,
    -0.021852310746908188,
    -0.10741822421550751,
    -0.013612319715321064,
    -0.11585073918104172,
    0.10081354528665543,
    0.004261588677763939,
    -0.06655418127775192,
    -0.09689061343669891,
    -0.1318352073431015,
    0.010353283025324345,
    0.02299518510699272,
    0.028261477127671242,
    -0.02888588421046734,
    0.0874108374118805,
    0.019828766584396362,
    0.07830275595188141,
    0.03479654714465141,
    -0.015278410166501999,
    0.06029356271028519,
    0.10252191871404648,
    0.004757547751069069,
    -9.475526167079806e-05,
    -0.04471513628959656,
    0.047444380819797516,
    -0.09092771261930466,
    -5.817436843358337e-08,
    -0.025748176500201225,
    0.03350907191634178,
    -0.001694896724075079,
    -0.06385134905576706,
    -0.03074340522289276,
    0.05196737125515938,
    -0.03305099159479141,
    -0.0441165417432785,
    -0.045661602169275284,
    -0.07655305415391922,
    0.033376846462488174,
    0.020265428349375725,
    -0.06579605489969254,
    -0.06199733912944794,
    0.05971740931272507,
    0.007103531155735254,
    -0.028213687241077423,
    -0.0343572199344635,
    -0.08549630641937256,
    -0.01756378822028637,
    -0.03218600153923035,
    -0.062184907495975494,
    -0.05153035745024681,
    0.03516768664121628,
    0.01620190031826496,
    -0.005136675667017698,
    -0.014443465508520603,
    0.07950706034898758,
    0.005541590508073568,
    3.373555591679178e-05,
    -0.032451897859573364,
    0.047589417546987534,
    -0.0024256077595055103,
    -0.10960928350687027,
    -0.02564254403114319,
    -0.01492990367114544,
    -0.005667423363775015,
    -0.006114546675235033,
    0.09554018825292587,
    0.014259233139455318,
    -0.036068547517061234,
    0.03675828501582146,
    0.04414908215403557,
    0.07079998403787613,
    0.0414741113781929,
    -0.0073831393383443356,
    -0.07936909049749374,
    0.029012762010097504,
    -0.04296927899122238,
    -0.052634626626968384,
    -0.018633350729942322,
    -0.054359644651412964,
    0.05365265533328056,
    -0.012064079754054546,
    -0.0008438710938207805,
    0.1316598802804947,
    0.06161220371723175,
    0.002485255477949977,
    -0.06417310982942581,
    -0.037641435861587524,
    0.1849057972431183,
    0.10802266001701355,
    0.03602305427193642,
    -0.003956099506467581
]