[
    -0.006875339429825544,
    0.03251313790678978,
    0.007186221424490213,
    -0.058169420808553696,
    0.00722922058776021,
    0.061381611973047256,
    -0.05710256099700928,
    -0.05294346809387207,
    -0.01440882496535778,
    -0.000517814070917666,
    -0.01170739158987999,
    -0.003099661786109209,
    -0.03016543574631214,
    -0.03539391607046127,
    0.10632205009460449,
    -0.049882009625434875,
    0.028648998588323593,
    0.031106965616345406,
    -0.11770610511302948,
    0.02829008549451828,
    0.025061318650841713,
    0.023644758388400078,
    -0.024396592751145363,
    0.012521031312644482,
    -0.08110786974430084,
    0.00038908564602024853,
    -0.012901850044727325,
    -0.07689804583787918,
    0.042377352714538574,
    -0.009953376837074757,
    0.05034094676375389,
    0.0370812751352787,
    0.019797271117568016,
    0.0790528729557991,
    -0.014109908603131771,
    0.002264398382976651,
    -0.04844397306442261,
    0.03261929377913475,
    -0.06490015983581543,
    0.043174706399440765,
    -0.05294393375515938,
    -0.005410036537796259,
    -0.0412508025765419,
    0.002923443680629134,
    0.023554742336273193,
    0.04363860934972763,
    -0.09210240095853806,
    0.009755441918969154,
    0.008490782231092453,
    0.0744364932179451,
    -0.021463574841618538,
    -0.019010329619050026,
    -0.024312203750014305,
    0.0910126194357872,
    0.0020875653717666864,
    -0.04289133474230766,
    -0.03854766860604286,
    -0.027860237285494804,
    -0.07972633838653564,
    -0.022235563024878502,
    0.026257917284965515,
    -0.028774717822670937,
    -0.0033105614129453897,
    0.0584162138402462,
    -0.08546370267868042,
    0.04339031130075455,
    0.012770658358931541,
    0.023404093459248543,
    -0.05415074899792671,
    -0.04299820214509964,
    -0.061177995055913925,
    -0.04486298933625221,
    0.011792559176683426,
    0.06169316917657852,
    0.02601557783782482,
    0.03346530720591545,
    -0.0073209162801504135,
    0.01282061729580164,
    0.06960003077983856,
    -0.1256067156791687,
    -0.042494580149650574,
    0.03460828587412834,
    0.012535474263131618,
    0.041788019239902496,
    -0.04768846929073334,
    -0.021371694281697273,
    -0.008128291927278042,
    -0.013752557337284088,
    -0.003484101500362158,
    -0.05869118496775627,
    -0.015248834155499935,
    -0.001350701437331736,
    0.038276996463537216,
    -0.03651343286037445,
    -0.00042435782961547375,
    0.01715713180601597,
    0.008576658554375172,
    -0.08262509107589722,
    0.019022608175873756,
    -0.010055010206997395,
    0.004239869304001331,
    -0.02273670770227909,
    0.03721240162849426,
    -0.03628512844443321,
    -0.07074723392724991,
    -0.06021961197257042,
    0.032833121716976166,
    0.004988169297575951,
    0.02472950890660286,
    0.04106927663087845,
    0.013365481980144978,
    0.008387426845729351,
    -0.01791951060295105,
    -0.10695315897464752,
    0.02240733988583088,
    -0.023870863020420074,
    -0.03938343748450279,
    0.07349077612161636,
    0.05220163241028786,
    0.013978896662592888,
    -0.030995190143585205,
    -0.005102813709527254,
    -0.008883751928806305,
    -0.06405923515558243,
    -0.01355618517845869,
    0.01330634020268917,
    -0.031154708936810493,
    2.122290251283551e-32,
    -0.027234572917222977,
    0.002888253889977932,
    -0.023413393646478653,
    0.04894939810037613,
    0.06324603408575058,
    -0.04925038293004036,
    0.0314369723200798,
    0.02142479456961155,
    -0.03045857697725296,
    0.025961697101593018,
    -0.045541152358055115,
    0.04677886515855789,
    0.0022480112966150045,
    0.05295378714799881,
    -0.028558218851685524,
    -0.06868411600589752,
    -0.038695018738508224,
    0.11494486778974533,
    -0.07821468263864517,
    0.07473945617675781,
    -0.012833653017878532,
    -0.005539546720683575,
    0.015659023076295853,
    0.008768307976424694,
    -0.0564083456993103,
    0.02943231724202633,
    0.023459959775209427,
    -0.015160134993493557,
    0.011107919737696648,
    0.02935069054365158,
    0.04109348729252815,
    0.045327141880989075,
    -0.028168415650725365,
    -0.06083928048610687,
    -0.04449240490794182,
    0.12399285286664963,
    -0.007366036530584097,
    -0.040841735899448395,
    0.0339137502014637,
    -0.07739585638046265,
    -0.06948764622211456,
    -0.0120907723903656,
    0.04476028308272362,
    0.016921615228056908,
    0.06846991926431656,
    -0.02800697088241577,
    -0.0088163698092103,
    -0.018278958275914192,
    0.04917019605636597,
    0.02651885896921158,
    -0.04334143176674843,
    -0.04862523823976517,
    0.06706246733665466,
    -0.033775072544813156,
    0.029323246330022812,
    -0.036234598606824875,
    -0.05213599652051926,
    0.036108601838350296,
    -0.05038795992732048,
    0.06585900485515594,
    0.026230407878756523,
    0.042945440858602524,
    -0.07146713137626648,
    0.019104359671473503,
    0.012395304627716541,
    -0.028759026899933815,
    -0.01005829032510519,
    -0.039497312158346176,
    0.1076529249548912,
    -0.0005859180237166584,
    0.020671747624874115,
    0.09577497094869614,
    -0.043462373316287994,
    0.03824625164270401,
    -0.0010560833616182208,
    -0.02583051286637783,
    0.012387942522764206,
    -0.024340171366930008,
    0.018949134275317192,
    0.04838475212454796,
    -0.05096708983182907,
    0.04636283218860626,
    0.009288348257541656,
    0.013553003780543804,
    -0.007939250208437443,
    0.04687364026904106,
    0.04742492362856865,
    0.04182878136634827,
    -0.07370563596487045,
    -0.05132244899868965,
    -0.015442443080246449,
    0.05505673959851265,
    0.081109918653965,
    0.056927040219306946,
    0.04051880165934563,
    -2.2515186635515808e-32,
    0.005572679452598095,
    0.00484416214749217,
    0.0030821363907307386,
    -0.04593506455421448,
    0.11360020190477371,
    -0.00474052457138896,
    -0.030178064480423927,
    -0.1438526213169098,
    0.08720257133245468,
    0.0056947157718241215,
    0.010307309217751026,
    -0.07342582195997238,
    -0.026964828372001648,
    -0.047512199729681015,
    -0.05190234258770943,
    -0.049799833446741104,
    -0.07456734776496887,
    -0.12028425186872482,
    -0.005782613530755043,
    0.07973542809486389,
    -0.02611255645751953,
    -0.0060546426102519035,
    -0.00021342617401387542,
    0.10192782431840897,
    0.05544615536928177,
    0.032505102455616,
    -0.04709465801715851,
    -0.00940673053264618,
    0.16688984632492065,
    -0.0377851203083992,
    -0.04612357169389725,
    -0.05778270214796066,
    -0.021008756011724472,
    0.042392369359731674,
    -0.06212250888347626,
    -0.11358615010976791,
    0.005105375777930021,
    -0.04988468438386917,
    -0.03436511754989624,
    -0.021844638511538506,
    0.11048480868339539,
    -0.023709367960691452,
    0.029568996280431747,
    0.009191912598907948,
    0.011386343277990818,
    -0.018267473205924034,
    0.050968676805496216,
    -0.07017435133457184,
    -0.06498456746339798,
    -0.01910797320306301,
    0.01404983177781105,
    -0.020837843418121338,
    -0.05055071413516998,
    0.03766002878546715,
    -0.04493854567408562,
    0.02444901131093502,
    0.024419128894805908,
    -0.07656165212392807,
    -0.0797722339630127,
    -0.054265156388282776,
    0.062303997576236725,
    0.047356415539979935,
    -0.02143644355237484,
    0.09808042645454407,
    -0.011605776846408844,
    -0.07104809582233429,
    -0.0028970963321626186,
    -0.09623502939939499,
    -0.020460493862628937,
    -0.07125278562307358,
    -0.1448988914489746,
    -0.1179751604795456,
    -0.06703358143568039,
    -0.11972302943468094,
    0.08389820158481598,
    -0.050353266298770905,
    0.00010245422163279727,
    -0.06203219294548035,
    -0.12227781862020493,
    0.013323894701898098,
    0.016310209408402443,
    -0.028184890747070312,
    -0.07627645879983902,
    0.08412595838308334,
    -0.041168734431266785,
    0.0016825374914333224,
    0.042298197746276855,
    -0.021122395992279053,
    -0.00724625401198864,
    0.1441829651594162,
    -0.09637404978275299,
    0.0087883360683918,
    0.01948161981999874,
    0.06381774693727493,
    -0.06341581046581268,
    -6.20687998775793e-08,
    0.014210034161806107,
    0.10183744132518768,
    0.023239627480506897,
    -0.06456223875284195,
    -0.01642191782593727,
    -0.08849535882472992,
    -0.08627254515886307,
    0.015111563727259636,
    0.0034592333249747753,
    -0.02655293606221676,
    0.005438749212771654,
    0.12041814625263214,
    -0.023370258510112762,
    -0.015250415541231632,
    0.04182621091604233,
    -0.023958401754498482,
    -0.07059840857982635,
    0.01617145724594593,
    -0.038785193115472794,
    0.057833340018987656,
    -0.0749504566192627,
    -0.04928838461637497,
    -0.08231338113546371,
    -0.003760240040719509,
    0.0007721824222244322,
    0.0979699194431305,
    -0.029800817370414734,
    0.0042999074794352055,
    0.08547181636095047,
    0.011545264162123203,
    0.0004253220686223358,
    0.053771115839481354,
    -0.010191524401307106,
    -0.018507253378629684,
    -0.06984937936067581,
    -0.04859872907400131,
    0.006901883520185947,
    0.01578596979379654,
    0.06999339163303375,
    -0.012003108859062195,
    0.01699695736169815,
    0.0567706823348999,
    -0.0007306846091523767,
    0.07294205576181412,
    -0.011297809891402721,
    -0.045557864010334015,
    -0.03182787448167801,
    -0.0071788509376347065,
    -0.009735764935612679,
    -0.10373692214488983,
    -0.04469763860106468,
    -0.018391337245702744,
    0.05788425728678703,
    -0.056016478687524796,
    -0.07434511184692383,
    0.07034893333911896,
    -0.0012208836851641536,
    -0.04655463993549347,
    0.01531410962343216,
    -0.028362711891531944,
    0.08872921019792557,
    0.005142647307366133,
    0.05295679718255997,
    0.03745468333363533
]