[
    -0.07386898249387741,
    0.013210311532020569,
    0.01671796292066574,
    -0.03361954912543297,
    -0.0321555994451046,
    0.03115091100335121,
    -0.04912528768181801,
    -0.026416003704071045,
    0.012853801250457764,
    0.008189902640879154,
    -0.0076372032053768635,
    -0.027000948786735535,
    -0.019041216000914574,
    -0.03538616746664047,
    0.07384215295314789,
    0.038968510925769806,
    0.043131809681653976,
    0.0334264375269413,
    -0.06004735082387924,
    0.02419400028884411,
    0.022195568308234215,
    -0.010283862240612507,
    -0.029632141813635826,
    -0.012344101443886757,
    -0.0672905221581459,
    -0.04128149896860123,
    -0.0549757182598114,
    -0.05685291066765785,
    0.08095326274633408,
    -0.08052727580070496,
    0.024582093581557274,
    0.030888210982084274,
    0.03934907168149948,
    0.024230027571320534,
    -0.014081758446991444,
    -0.03878984600305557,
    0.0037959134206175804,
    -0.006610207259654999,
    0.022570107132196426,
    -0.025319911539554596,
    -0.05414128303527832,
    -0.049817364662885666,
    -0.0512869767844677,
    -0.009132547304034233,
    -0.022446783259510994,
    0.021898292005062103,
    -0.024828901514410973,
    -0.008041982538998127,
    -0.02682245522737503,
    0.027076316997408867,
    -0.07835965603590012,
    -0.050347987562417984,
    0.007272807415574789,
    0.018873929977416992,
    -0.07341812551021576,
    -0.033497657626867294,
    0.015483083203434944,
    0.05002265051007271,
    -0.05414276570081711,
    0.014323816634714603,
    -0.005121627356857061,
    0.023672811686992645,
    -0.05400380864739418,
    0.0711827278137207,
    -0.03163231909275055,
    0.05327906459569931,
    0.020141271874308586,
    -0.00709873903542757,
    0.07328228652477264,
    5.621568925562315e-05,
    -0.0879681184887886,
    0.06774326413869858,
    0.02345636673271656,
    -0.0014074419159442186,
    -0.07767525315284729,
    -0.03495682775974274,
    -0.016459330916404724,
    -0.0005437504150904715,
    0.0032903198152780533,
    -0.06147123873233795,
    -0.062303539365530014,
    0.053457170724868774,
    -0.0312364362180233,
    -0.0007828708039596677,
    -0.07481168955564499,
    -0.0523994155228138,
    -0.052717868238687515,
    0.010901307687163353,
    -0.029581522569060326,
    0.022632520645856857,
    0.07002519816160202,
    -0.08278575539588928,
    0.032078299671411514,
    -0.05537236109375954,
    0.0935731902718544,
    0.008059634827077389,
    0.023249821737408638,
    0.03737879917025566,
    0.09785560518503189,
    -0.00189564551692456,
    0.03429697826504707,
    0.03691624104976654,
    -0.0364605151116848,
    -0.0376351922750473,
    -0.0389045812189579,
    -0.07774186879396439,
    -0.04695243388414383,
    -0.04798007011413574,
    0.026792848482728004,
    0.007707703392952681,
    0.045469798147678375,
    0.006177210249006748,
    -0.021060198545455933,
    -0.08647648245096207,
    0.04633956402540207,
    0.042827755212783813,
    -0.04811058193445206,
    0.08922524005174637,
    0.02099698781967163,
    -0.0035570499021559954,
    -0.0028761017601937056,
    0.02705596387386322,
    -0.0129157779738307,
    -0.0684613436460495,
    0.004129806999117136,
    -0.0160960853099823,
    0.006797994486987591,
    1.9788878750701e-32,
    0.007252193056046963,
    -0.0011846591951325536,
    -0.14524675905704498,
    0.042500726878643036,
    0.04437854886054993,
    0.023532703518867493,
    -0.0007594787748530507,
    -0.010469866916537285,
    -0.1039762794971466,
    0.0444636344909668,
    0.02594713866710663,
    0.004343304317444563,
    0.04128953814506531,
    -0.0863664522767067,
    -0.08439482748508453,
    0.006624309346079826,
    -0.0551404170691967,
    0.11157923936843872,
    -0.042701032012701035,
    0.012130343355238438,
    0.06926987320184708,
    -0.04190538823604584,
    0.027742447331547737,
    0.07166799157857895,
    -0.01026972383260727,
    -0.0018843959551304579,
    0.08423087745904922,
    0.0042294408194720745,
    -0.03374755010008812,
    0.00410003587603569,
    0.01828753761947155,
    -0.03609403222799301,
    0.03029070608317852,
    -0.01581333763897419,
    0.13377410173416138,
    0.10417010635137558,
    0.028249457478523254,
    -0.07436724007129669,
    0.09812718629837036,
    -0.07948146760463715,
    -0.07883429527282715,
    0.00021580267639365047,
    0.012524234130978584,
    -0.035843897610902786,
    -0.005649035330861807,
    -0.011563706211745739,
    -0.060295965522527695,
    -0.011163728311657906,
    0.047855522483587265,
    0.019215520471334457,
    0.00866000633686781,
    -0.001290813903324306,
    0.02871786430478096,
    -0.0331050381064415,
    0.055480148643255234,
    0.03838711604475975,
    -0.05629211291670799,
    0.04236172139644623,
    -0.0484832338988781,
    0.033114947378635406,
    -0.0033411893527954817,
    0.07427021116018295,
    -0.05811009556055069,
    0.06541618704795837,
    -0.08168365806341171,
    -0.04284491017460823,
    -0.05388665571808815,
    -0.07981177419424057,
    0.10927455127239227,
    -0.058641694486141205,
    -0.04449350759387016,
    0.03904015198349953,
    -0.032107576727867126,
    0.030116690322756767,
    -0.029312532395124435,
    -0.026759743690490723,
    -0.004881214816123247,
    -0.017075445502996445,
    0.059839993715286255,
    0.010944831185042858,
    -0.09709931164979935,
    0.03347652778029442,
    -0.010202227160334587,
    0.04138265922665596,
    0.038062434643507004,
    -0.045620281249284744,
    -0.006583466660231352,
    0.005465331953018904,
    -0.016820063814520836,
    -0.012218407355248928,
    0.06586389243602753,
    0.0036575966514647007,
    -0.005351620726287365,
    -0.008116410113871098,
    0.011217468418180943,
    -1.9469269183552113e-32,
    0.03962598368525505,
    -0.004091706592589617,
    -0.051213447004556656,
    0.03273267298936844,
    0.03412514552474022,
    0.013642782345414162,
    -0.030283093452453613,
    -0.0665944442152977,
    0.07419347018003464,
    -0.046693429350852966,
    -0.031152086332440376,
    0.021823298186063766,
    0.04131290689110756,
    -0.040756020694971085,
    -0.10105832666158676,
    -0.03908183425664902,
    -0.03696201369166374,
    0.0023589693009853363,
    0.016610637307167053,
    0.06012430787086487,
    0.05935279652476311,
    -0.009615285322070122,
    0.009221564047038555,
    0.06083296984434128,
    0.0382198803126812,
    -0.051362358033657074,
    -0.04694617912173271,
    -0.035102058202028275,
    0.06966124475002289,
    -0.004846612457185984,
    -0.020029360428452492,
    -0.04471145197749138,
    -0.07202553749084473,
    0.02860093116760254,
    -0.049443263560533524,
    -0.11716148257255554,
    0.139836847782135,
    -0.0197128988802433,
    -0.056370221078395844,
    -0.00638010585680604,
    0.04419649764895439,
    0.09489654004573822,
    0.025330789387226105,
    -0.03632891923189163,
    -0.02985905483365059,
    -0.031814124435186386,
    -0.02283899299800396,
    -0.004266019910573959,
    0.01203969493508339,
    -0.06855898350477219,
    -0.009675854817032814,
    -0.05743782967329025,
    -0.010266337543725967,
    -0.006021329201757908,
    -0.03601599857211113,
    0.03512222319841385,
    -0.0014264034107327461,
    -0.006271508522331715,
    -0.03158940374851227,
    0.013332903385162354,
    0.07688607275485992,
    0.07477785646915436,
    -0.007212426979094744,
    0.04138714447617531,
    0.07859643548727036,
    -0.03534994646906853,
    -0.05973084270954132,
    0.03674516826868057,
    -0.02693401277065277,
    -0.01791507937014103,
    0.010902127251029015,
    -0.17638877034187317,
    -0.03231440857052803,
    -0.04509986564517021,
    0.11205579340457916,
    0.032437194138765335,
    -0.03470287099480629,
    -0.08890914171934128,
    -0.13322582840919495,
    0.013311260379850864,
    0.047393206506967545,
    0.029685571789741516,
    -0.06012513488531113,
    0.0804700180888176,
    0.049265798181295395,
    0.07902184128761292,
    0.06985469907522202,
    -0.009302951395511627,
    0.016211817041039467,
    0.09557677805423737,
    -0.05236721411347389,
    -0.03001517988741398,
    0.024179918691515923,
    0.03390361741185188,
    -0.04111217334866524,
    -5.484034559799511e-08,
    -0.03712364286184311,
    -0.008024596609175205,
    -0.0009835436940193176,
    -0.03828055411577225,
    -0.014231637120246887,
    -0.05429089069366455,
    -0.014820965006947517,
    0.004793674685060978,
    -0.07193101197481155,
    -0.07057853788137436,
    0.06600264459848404,
    -0.027955535799264908,
    -0.03340446203947067,
    -0.04574991390109062,
    0.0659233033657074,
    0.0121479332447052,
    -0.031224381178617477,
    -0.014261147007346153,
    -0.0818847119808197,
    -0.0025027019437402487,
    -0.019353048875927925,
    -0.06805294752120972,
    -0.07064663618803024,
    0.07344949245452881,
    0.016919303685426712,
    0.023024357855319977,
    -0.027439983561635017,
    0.10511800646781921,
    -0.007034107111394405,
    0.0028288946487009525,
    -0.04600505158305168,
    0.06682833284139633,
    0.0595473051071167,
    -0.0646214485168457,
    -0.018085094168782234,
    0.016118444502353668,
    -0.01621204800903797,
    0.017069919034838676,
    0.08988168835639954,
    0.061731450259685516,
    -0.06595238298177719,
    -0.031510431319475174,
    0.08815034478902817,
    0.07363462448120117,
    -0.0025153467431664467,
    -0.02100619673728943,
    -0.0528896227478981,
    0.04333914816379547,
    -0.03162888437509537,
    -0.09018132090568542,
    -0.009964416734874249,
    -0.08975928276777267,
    0.018585864454507828,
    0.009595749899744987,
    0.020325208082795143,
    0.13660842180252075,
    0.11622700095176697,
    0.0941784605383873,
    0.008653475902974606,
    -0.07126406580209732,
    0.13782866299152374,
    0.12775221467018127,
    0.05129406973719597,
    -0.04213215783238411
]