[
    -0.05742049589753151,
    0.0399884358048439,
    0.00019723529112525284,
    -0.043920375406742096,
    -0.011388121172785759,
    0.06853210180997849,
    -0.04869293048977852,
    0.004181099124252796,
    0.023096654564142227,
    0.012737824581563473,
    -0.006166009232401848,
    -0.0374540351331234,
    -0.01687583327293396,
    0.029676733538508415,
    0.06278292089700699,
    0.012011670507490635,
    0.043378520756959915,
    0.050368960946798325,
    -0.021886512637138367,
    0.020609017461538315,
    0.019777936860919,
    0.022956615313887596,
    -0.04681875556707382,
    0.02025185339152813,
    -0.05054381862282753,
    -0.025420863181352615,
    -0.045976489782333374,
    -0.010322312824428082,
    0.07542555034160614,
    -0.049443770200014114,
    -0.0012704090913757682,
    0.03464122489094734,
    0.027828553691506386,
    0.04004707932472229,
    0.019788669422268867,
    -0.009233011864125729,
    0.007884065620601177,
    -0.029727092012763023,
    0.014541327953338623,
    -0.007770952302962542,
    -0.05135189741849899,
    -0.05117861554026604,
    -0.04314280301332474,
    -0.015268907882273197,
    -0.022135281935334206,
    0.0652952641248703,
    0.0023707293439656496,
    0.01955447345972061,
    -0.06738273799419403,
    0.011962388642132282,
    -0.08281246572732925,
    -0.02153640240430832,
    -0.002276908839121461,
    -0.008049034513533115,
    -0.07999167591333389,
    -0.009959311224520206,
    0.03260505571961403,
    0.06097174435853958,
    -0.027044562622904778,
    -0.01305299624800682,
    0.07425111532211304,
    0.014269831590354443,
    -0.06934935599565506,
    0.0442110113799572,
    0.0008430054294876754,
    0.05562448129057884,
    0.023404868319630623,
    0.0012944655027240515,
    0.05475417897105217,
    0.03177199512720108,
    -0.059316325932741165,
    0.02239738404750824,
    0.028828928247094154,
    0.013723456300795078,
    -0.09255817532539368,
    0.008464671671390533,
    -0.006937718950212002,
    0.010805405676364899,
    0.04461650177836418,
    -0.12069211155176163,
    -0.07813078910112381,
    0.017834525555372238,
    -0.021877644583582878,
    -0.0206244345754385,
    -0.017695244401693344,
    -0.05398586392402649,
    -0.02437482215464115,
    0.028054343536496162,
    -0.029223410412669182,
    0.04161009564995766,
    0.057509634643793106,
    -0.11447404325008392,
    0.10109664499759674,
    -0.05331601947546005,
    0.05097120627760887,
    0.03344381973147392,
    -0.007806674111634493,
    0.029639022424817085,
    0.10550713539123535,
    -0.009454156272113323,
    0.010844827629625797,
    0.05354262515902519,
    -0.05918915197253227,
    -0.07907441258430481,
    0.0021985897328704596,
    -0.05192415788769722,
    -0.021781528368592262,
    -0.05173642188310623,
    0.044909149408340454,
    0.004573820624500513,
    0.05003233626484871,
    0.002433073241263628,
    -0.0023572046775370836,
    -0.06257157772779465,
    0.07511003315448761,
    0.05311846733093262,
    -0.024721749126911163,
    0.07044008374214172,
    -0.002611505798995495,
    -0.04935673251748085,
    0.012248649261891842,
    0.011223568581044674,
    0.00013552048767451197,
    -0.0770331546664238,
    -0.03260958939790726,
    -0.0629754438996315,
    0.015387601219117641,
    2.0042114029330707e-32,
    -0.008604243397712708,
    0.003422775771468878,
    -0.1597401201725006,
    0.02326226606965065,
    0.034973159432411194,
    0.0007049827254377306,
    -0.018309351056814194,
    -0.002369386376813054,
    -0.0855269581079483,
    0.020369671285152435,
    -0.019302356988191605,
    -0.015372548252344131,
    0.01482367143034935,
    -0.06849373877048492,
    -0.10045884549617767,
    0.09704367816448212,
    -0.07073809206485748,
    0.11355836689472198,
    -0.07150672376155853,
    0.032456863671541214,
    0.05477938428521156,
    -0.07109752297401428,
    0.05919143930077553,
    0.058020416647195816,
    -0.015023255720734596,
    -0.023967353627085686,
    0.07964671403169632,
    0.024013476446270943,
    -0.07051971554756165,
    -0.019363731145858765,
    0.021127624437212944,
    -0.021331869065761566,
    0.05573788657784462,
    -0.015271508134901524,
    0.1295861005783081,
    0.042395371943712234,
    0.03550237417221069,
    -0.0855751782655716,
    0.05889032036066055,
    -0.05308479443192482,
    -0.05793282762169838,
    0.012836347334086895,
    -0.019381552934646606,
    -0.020180590450763702,
    0.025627393275499344,
    -0.018424661830067635,
    -0.02465791255235672,
    -0.005464439280331135,
    0.028570527210831642,
    0.052005521953105927,
    0.008476835675537586,
    0.0092442212626338,
    0.021706748753786087,
    -0.0746934562921524,
    0.011863411404192448,
    0.06783194094896317,
    -0.06471391022205353,
    0.044844020158052444,
    -0.048398736864328384,
    0.014722665771842003,
    0.039422616362571716,
    0.024199871346354485,
    -0.029584728181362152,
    0.005529740359634161,
    -0.0574612133204937,
    -0.032944515347480774,
    -0.027328116819262505,
    -0.0715339258313179,
    0.10062087327241898,
    -0.04956826940178871,
    -0.022553564980626106,
    0.03461936488747597,
    -0.05604900047183037,
    -0.007082472555339336,
    0.004038894549012184,
    -0.06756532192230225,
    0.0355021208524704,
    0.018489040434360504,
    0.030922912061214447,
    0.030524758622050285,
    -0.04910676181316376,
    0.021583301946520805,
    -0.026528164744377136,
    0.056501466780900955,
    0.009898514486849308,
    -0.043622128665447235,
    0.024556521326303482,
    -0.048193350434303284,
    -0.030515175312757492,
    -0.018031004816293716,
    0.05905044823884964,
    -0.037387918680906296,
    0.009698423556983471,
    0.026723768562078476,
    0.06481408327817917,
    -1.8240952524707687e-32,
    0.04049811512231827,
    -0.035246122628450394,
    -0.025506893172860146,
    0.05855647101998329,
    0.009390351362526417,
    -0.016998639330267906,
    -0.04353724420070648,
    -0.027812914922833443,
    0.04541906341910362,
    -0.0011244668858125806,
    0.039124779403209686,
    -0.041510481387376785,
    0.022138886153697968,
    -0.033317673951387405,
    -0.10770758986473083,
    -0.03201208636164665,
    -0.024379286915063858,
    -0.04564890265464783,
    0.04470335319638252,
    0.061765141785144806,
    0.12970499694347382,
    -0.04478072747588158,
    -0.028039146214723587,
    0.062887042760849,
    0.04974595829844475,
    -0.01962866261601448,
    -0.03117614984512329,
    -0.06252959370613098,
    0.04739565774798393,
    -0.0009285577107220888,
    0.04060647264122963,
    -0.03238812834024429,
    -0.08370965719223022,
    0.04063782840967178,
    -0.015811530873179436,
    -0.14589950442314148,
    0.1810683161020279,
    -0.04745421186089516,
    -0.04783870652318001,
    -0.015044322237372398,
    0.07061803340911865,
    0.09200271964073181,
    -0.008791239000856876,
    -0.023518703877925873,
    -0.024428049102425575,
    -0.03735486790537834,
    0.043368205428123474,
    0.03990265727043152,
    0.025773731991648674,
    -0.055775489658117294,
    0.04603391885757446,
    -0.08522924780845642,
    0.010166033171117306,
    0.010991200804710388,
    -0.019237035885453224,
    0.004390692338347435,
    0.013877962715923786,
    -0.03359270095825195,
    -0.05307677760720253,
    0.018541570752859116,
    0.04285234585404396,
    0.05483582615852356,
    0.018332241103053093,
    0.05145641788840294,
    0.08189701288938522,
    -0.034767065197229385,
    -0.06461694091558456,
    0.0243243221193552,
    -0.03547552227973938,
    -0.011905076913535595,
    -0.0032516219653189182,
    -0.13463032245635986,
    -0.031803760677576065,
    -0.025290654972195625,
    0.08433802425861359,
    -0.029289713129401207,
    -0.032446328550577164,
    -0.09412940591573715,
    -0.11158028244972229,
    0.005605685990303755,
    -0.005966426804661751,
    0.0378209687769413,
    -0.04225749149918556,
    0.10770876705646515,
    0.032515354454517365,
    0.07533171772956848,
    0.04522586613893509,
    0.034338947385549545,
    0.05523550137877464,
    0.10470090061426163,
    -0.038019776344299316,
    0.013857761397957802,
    0.00012935766426380724,
    0.023358644917607307,
    -0.06350883841514587,
    -5.202003450222037e-08,
    -0.06286336481571198,
    0.02570744976401329,
    -0.005218531470745802,
    -0.052888646721839905,
    -0.05125347897410393,
    -0.03851937875151634,
    -0.020067686215043068,
    -0.044338081032037735,
    -0.030412519350647926,
    -0.08122923970222473,
    0.04791979864239693,
    -0.025802690535783768,
    -0.05251308158040047,
    -0.07638747245073318,
    -0.011660278774797916,
    -0.04460243508219719,
    -0.004013401921838522,
    -0.03475367650389671,
    -0.07212117314338684,
    -0.0001776127755874768,
    -0.005781635642051697,
    -0.06169088929891586,
    -0.015101996250450611,
    0.039198923856019974,
    0.006005884613841772,
    0.004620927385985851,
    0.01368367113173008,
    0.1517316997051239,
    -0.025179704651236534,
    -0.01833239383995533,
    -0.007078872993588448,
    0.04818927124142647,
    0.07566173374652863,
    -0.08202258497476578,
    -0.028482021763920784,
    -0.03439588472247124,
    0.01698499172925949,
    0.055461056530475616,
    0.08627604693174362,
    0.016301438212394714,
    -0.022563526406884193,
    -0.02227567508816719,
    0.01684861071407795,
    0.06229158490896225,
    -0.02677115984261036,
    -0.041249830275774,
    -0.06089889630675316,
    0.016873488202691078,
    -0.045725878328084946,
    -0.09472782909870148,
    -0.00236413162201643,
    -0.079705610871315,
    -0.008595109917223454,
    0.03544056415557861,
    0.02121260203421116,
    0.10124051570892334,
    0.10890457034111023,
    0.04716768488287926,
    0.03339172154664993,
    -0.08592382818460464,
    0.14880621433258057,
    0.14431656897068024,
    0.048449497669935226,
    -0.049736253917217255
]