[
    -0.018711669370532036,
    0.014545142650604248,
    -0.03809822350740433,
    -0.10905270278453827,
    -0.041062239557504654,
    0.012127375230193138,
    -0.05152513459324837,
    -0.02747569978237152,
    0.0006324124406091869,
    0.00497228791937232,
    -0.00010651464981492609,
    -0.022231196984648705,
    -0.0008217659778892994,
    -0.032060038298368454,
    0.1010531410574913,
    -0.016602540388703346,
    0.03944813460111618,
    0.024576058611273766,
    -0.10160369426012039,
    0.06790510565042496,
    0.030374320223927498,
    0.03142363578081131,
    -0.028549140319228172,
    -0.0302242673933506,
    -0.12092916667461395,
    -0.00600729463621974,
    -0.026880502700805664,
    -0.05181986093521118,
    0.03171302378177643,
    -0.048183638602495193,
    0.07406466454267502,
    -0.019774027168750763,
    0.02113722264766693,
    0.07517525553703308,
    -0.04842028021812439,
    0.005244104191660881,
    0.03324831277132034,
    0.03282441943883896,
    -0.02285603992640972,
    0.022718407213687897,
    -0.01510484330356121,
    -0.04835475981235504,
    -0.055679332464933395,
    0.008974190801382065,
    0.06064106896519661,
    0.0359402596950531,
    -0.06422725319862366,
    -0.013599222525954247,
    -0.018177207559347153,
    0.010900156572461128,
    -0.04840962588787079,
    -0.025684939697384834,
    -0.02496982365846634,
    0.10003955662250519,
    -0.02447737194597721,
    -0.049474600702524185,
    0.008498755283653736,
    0.005840173456817865,
    -0.09108662605285645,
    -0.00885913148522377,
    0.03412412479519844,
    -0.004768962040543556,
    -0.016183536499738693,
    0.07114478200674057,
    -0.07066729664802551,
    0.018123917281627655,
    0.006443648133426905,
    0.016893813386559486,
    -0.0018136530416086316,
    -0.06751640141010284,
    -0.12403609603643417,
    -0.016384368762373924,
    -0.006269860081374645,
    0.04140189662575722,
    -0.026572715491056442,
    -0.01132682990282774,
    -0.048608340322971344,
    0.011611929163336754,
    0.04218095913529396,
    -0.10754000395536423,
    -0.028652489185333252,
    0.006383109837770462,
    0.02921590581536293,
    0.05794662609696388,
    -0.06604368984699249,
    0.0016785195330157876,
    -0.0424424409866333,
    -0.03367961570620537,
    -0.03023654781281948,
    -0.06731663644313812,
    0.04082317277789116,
    -0.05760137736797333,
    0.11194530129432678,
    -0.048739492893218994,
    0.09914498776197433,
    -0.01916532590985298,
    -0.012099354527890682,
    -0.0570354163646698,
    0.035841748118400574,
    -0.0492481105029583,
    -0.03590855747461319,
    0.00021234367159195244,
    0.006106068380177021,
    0.002227854449301958,
    -0.04695472493767738,
    -0.10514361411333084,
    0.0014626001939177513,
    0.015254972502589226,
    0.013042918406426907,
    0.029397688806056976,
    0.0400659516453743,
    0.015853555873036385,
    -0.05364131182432175,
    -0.10071243345737457,
    0.034905318170785904,
    0.023584606125950813,
    -0.039330895990133286,
    0.024750398471951485,
    0.03651246055960655,
    0.006331233773380518,
    -0.0295046865940094,
    -0.04618436470627785,
    -0.06752141565084457,
    -0.10894370824098587,
    0.004200886934995651,
    0.03454064205288887,
    -0.0003728040028363466,
    2.114823364230334e-32,
    -0.0363711416721344,
    0.007039965130388737,
    -0.0316196046769619,
    0.05454980954527855,
    0.05852091312408447,
    -0.0021533227991312742,
    -0.025310324504971504,
    -0.005594024434685707,
    -0.054800767451524734,
    0.07055234909057617,
    -0.019955778494477272,
    0.02845204621553421,
    -0.05491099879145622,
    -0.012095470912754536,
    -0.0501810647547245,
    0.018585925921797752,
    -0.007470187731087208,
    0.10468471050262451,
    -0.01484233420342207,
    0.08639030158519745,
    0.03193464130163193,
    -0.015936600044369698,
    0.023015670478343964,
    0.002381468890234828,
    0.013443093746900558,
    0.010640610009431839,
    -0.0166985634714365,
    -0.029521236196160316,
    0.0715283751487732,
    -0.022835876792669296,
    0.03938831761479378,
    0.007060498930513859,
    0.047643307596445084,
    -0.037859488278627396,
    -0.014354233630001545,
    0.13714253902435303,
    0.031438976526260376,
    -0.06877925992012024,
    0.08878444880247116,
    -0.07011400163173676,
    -0.034975048154592514,
    0.005318854469805956,
    0.0351545475423336,
    0.05869484320282936,
    0.05154773220419884,
    -0.006466457154601812,
    0.004706334788352251,
    -0.04001668840646744,
    0.05573860928416252,
    0.04490857571363449,
    -0.015473995357751846,
    -0.010773164220154285,
    0.014502599835395813,
    -0.010146738961338997,
    0.018424028530716896,
    -0.05126360058784485,
    -0.033532898873090744,
    0.009754852391779423,
    -0.058318283408880234,
    0.0909041315317154,
    -0.013654898852109909,
    0.0017998229013755918,
    -0.010549740865826607,
    0.0011881139362230897,
    0.037237897515296936,
    -0.08027291297912598,
    -0.001617630012333393,
    -0.04610653594136238,
    0.04693988710641861,
    0.03804957494139671,
    -0.055072613060474396,
    0.06672532856464386,
    -0.03151140362024307,
    0.012290684506297112,
    0.028326816856861115,
    -0.07215980440378189,
    -0.023672612383961678,
    -0.03807217627763748,
    0.012538019567728043,
    0.04727479815483093,
    -0.07013408839702606,
    0.031237903982400894,
    0.01831549033522606,
    0.08343006670475006,
    0.0038540733512490988,
    -0.016167936846613884,
    0.012771599926054478,
    0.07753324508666992,
    -0.0874694436788559,
    -0.05894671753048897,
    -0.01963355764746666,
    0.05829775333404541,
    0.07908298075199127,
    0.07247187942266464,
    0.06385263800621033,
    -2.216560343178889e-32,
    -0.00014105353329796344,
    -0.04306478425860405,
    -0.07142788171768188,
    0.04599952697753906,
    0.07151053845882416,
    0.02362649142742157,
    -0.05881177634000778,
    -0.11727467179298401,
    0.08783654868602753,
    0.03868250176310539,
    0.047665439546108246,
    -0.0385567806661129,
    0.026840481907129288,
    -0.03098861314356327,
    -0.05903910472989082,
    -0.02612137608230114,
    -0.06850142776966095,
    -0.07546539604663849,
    -0.022455446422100067,
    0.08323914557695389,
    0.0179227814078331,
    -0.031091447919607162,
    0.00017680850578472018,
    0.10835769027471542,
    0.023927533999085426,
    0.03857642784714699,
    -0.06039053946733475,
    -0.051844604313373566,
    0.08784528076648712,
    -0.08544853329658508,
    -0.0829043835401535,
    -0.039623990654945374,
    -0.007226897403597832,
    0.036539435386657715,
    -0.08049894124269485,
    -0.17347419261932373,
    0.03909440338611603,
    -0.05694441497325897,
    -0.01665586233139038,
    0.01670832931995392,
    0.09758052974939346,
    0.0061741978861391544,
    -0.0639173611998558,
    0.06115265563130379,
    -0.019479334354400635,
    -0.055554620921611786,
    0.01779462769627571,
    0.005253061186522245,
    0.0009485211921855807,
    -0.03442830964922905,
    0.04113633558154106,
    -0.017327547073364258,
    -0.04316882789134979,
    0.023212891072034836,
    -0.04925620183348656,
    0.08084025979042053,
    -0.0017269955715164542,
    -0.021128831431269646,
    -0.09849578887224197,
    -0.02604302205145359,
    0.07875080406665802,
    0.045262400060892105,
    -0.054039597511291504,
    0.08834857493638992,
    0.015675537288188934,
    -0.03706952556967735,
    0.022827384993433952,
    -0.047554001212120056,
    -0.054190851747989655,
    -0.054760612547397614,
    -0.10607271641492844,
    -0.12007229775190353,
    -0.08348607271909714,
    -0.10580548644065857,
    0.09586583822965622,
    -0.07600286602973938,
    -0.03888114169239998,
    -0.12354394048452377,
    -0.05837837606668472,
    0.048085279762744904,
    0.012400232255458832,
    -0.013860839419066906,
    -0.01621505618095398,
    0.0535251721739769,
    0.0029290339443832636,
    0.03894500806927681,
    0.03877485543489456,
    -0.07081922888755798,
    0.007878013886511326,
    0.060820940881967545,
    -0.07862591743469238,
    -0.01584451273083687,
    -0.03562894091010094,
    0.03427762910723686,
    -0.08511438220739365,
    -5.957457460681326e-08,
    -0.03432479500770569,
    0.022222939878702164,
    0.016811655834317207,
    -0.03640718385577202,
    -0.0677172839641571,
    -0.03851671144366264,
    -0.037851545959711075,
    0.03870800510048866,
    -0.00904380064457655,
    -0.0322953499853611,
    0.013756653293967247,
    0.08737058937549591,
    -0.04172901436686516,
    -0.031138159334659576,
    0.11941143870353699,
    -0.03877637907862663,
    -0.06673935055732727,
    -0.01745416969060898,
    -0.0646325945854187,
    0.0647125393152237,
    -0.05603894963860512,
    -0.05399613827466965,
    -0.04571882635354996,
    0.0007300755241885781,
    0.01184732373803854,
    0.04978950694203377,
    -0.0057604373432695866,
    0.049650806933641434,
    0.07822355628013611,
    0.06863874197006226,
    0.015532291494309902,
    -0.0114872045814991,
    0.02870650589466095,
    0.006653491873294115,
    -0.06709855794906616,
    -0.05292093753814697,
    0.05135732144117355,
    -0.002107189502567053,
    0.035603299736976624,
    -0.031210971996188164,
    0.018421273678541183,
    0.032152287662029266,
    -0.012535490095615387,
    0.0721551775932312,
    -0.013336357660591602,
    -0.019102759659290314,
    -0.012323170900344849,
    0.040935371071100235,
    0.05390363931655884,
    -0.09300831705331802,
    -0.01611345447599888,
    -0.04304088279604912,
    0.09983361512422562,
    -0.00042204075725749135,
    -0.045452456921339035,
    0.0664084330201149,
    0.0019832365214824677,
    0.029849814251065254,
    0.024655718356370926,
    0.04514607414603233,
    0.10414616018533707,
    0.03245018050074577,
    0.07441985607147217,
    0.002021734369918704
]