[
    -0.016104018315672874,
    0.018640320748090744,
    -0.02550983428955078,
    -0.03997080400586128,
    -0.06706953793764114,
    0.06626023352146149,
    -0.04105863720178604,
    -0.05958840996026993,
    -0.024706615135073662,
    -0.0253455750644207,
    0.049244944006204605,
    -0.049548543989658356,
    -0.0027776816859841347,
    -0.05450521409511566,
    0.03655194118618965,
    -0.0011242536129429936,
    0.05281393229961395,
    0.09198242425918579,
    -0.07782697677612305,
    0.012217642739415169,
    -0.01647847332060337,
    0.08378253132104874,
    -0.014121091924607754,
    0.022208789363503456,
    -0.15283076465129852,
    -0.03727424517273903,
    -0.026675937697291374,
    -0.059955894947052,
    0.032018180936574936,
    -0.06459280848503113,
    0.0010357677238062024,
    -0.007788941729813814,
    0.03970027714967728,
    0.09328173100948334,
    -0.016884004697203636,
    0.01998656988143921,
    0.0119631327688694,
    0.013616085983812809,
    0.0034998960327357054,
    -0.008103511296212673,
    -0.052867814898490906,
    -0.05283360555768013,
    -0.063557930290699,
    -0.027887467294931412,
    0.039208728820085526,
    -0.024194303900003433,
    -0.032939452677965164,
    -0.06576480716466904,
    -0.007803918328136206,
    0.015253848396241665,
    -0.06396637111902237,
    -0.05677948147058487,
    -0.019094858318567276,
    0.03584035113453865,
    -0.03929416090250015,
    -0.02012711390852928,
    -0.0019083361839875579,
    0.04816795885562897,
    -0.02820160798728466,
    -0.003672523656859994,
    0.05431320518255234,
    -0.01950293593108654,
    -0.024167073890566826,
    0.11192090809345245,
    -0.05761687085032463,
    0.0712967962026596,
    -0.02658444084227085,
    -0.0520465187728405,
    0.03808514401316643,
    0.013953447341918945,
    -0.1394871026277542,
    -0.02427614852786064,
    -0.041358355432748795,
    0.030853290110826492,
    -0.019204242154955864,
    0.02231862023472786,
    -0.06002890691161156,
    0.024484163150191307,
    0.060099489986896515,
    -0.10166792571544647,
    -0.026110650971531868,
    0.02413089945912361,
    0.024533048272132874,
    0.11500593274831772,
    -0.029980596154928207,
    -0.054946258664131165,
    -0.022925980389118195,
    -0.023974338546395302,
    -0.007108783349394798,
    -0.032966092228889465,
    0.07343340665102005,
    -0.04694235697388649,
    0.11284598708152771,
    -0.08183690905570984,
    0.051997110247612,
    -0.04077495262026787,
    -0.04284542798995972,
    -0.029773227870464325,
    0.0013067309046164155,
    -0.03215068578720093,
    -0.006598836276680231,
    0.02287149429321289,
    -0.10436360538005829,
    0.019068866968154907,
    -0.011001041159033775,
    -0.08874295651912689,
    -0.013644074089825153,
    -0.020546214655041695,
    0.03441797196865082,
    0.04089270532131195,
    0.040639620274305344,
    0.03650214895606041,
    -0.03909192234277725,
    -0.10944537073373795,
    0.06060008332133293,
    -0.01998053677380085,
    -0.056739382445812225,
    0.07472708821296692,
    0.027989357709884644,
    0.0016491500427946448,
    -0.0029563186690211296,
    -0.015066840685904026,
    -0.021333938464522362,
    -0.10339067876338959,
    0.00394676486030221,
    0.025790618732571602,
    -0.0029100452084094286,
    1.9455473287977275e-32,
    0.033506929874420166,
    0.032856836915016174,
    -0.0319187231361866,
    0.020382186397910118,
    -0.016812218353152275,
    -0.027805687859654427,
    -0.008130338042974472,
    -0.035058505833148956,
    -0.02997209131717682,
    0.059541888535022736,
    -0.0010507545666769147,
    0.08787617087364197,
    -0.06364908069372177,
    -0.008621688932180405,
    -0.032388124614953995,
    0.03222082927823067,
    -0.018976200371980667,
    0.09194503724575043,
    -0.021670855581760406,
    0.09761777520179749,
    0.0031547113321721554,
    -0.034062281250953674,
    0.02859875001013279,
    0.005777712911367416,
    0.017158761620521545,
    -0.016514135524630547,
    0.008613268844783306,
    0.033136967569589615,
    0.009534650482237339,
    -0.0004527907003648579,
    0.06054248660802841,
    0.0013404886703938246,
    0.045091573148965836,
    -0.019375821575522423,
    0.04483657330274582,
    0.09184471517801285,
    0.05821102857589722,
    -0.05390014871954918,
    0.06128913536667824,
    -0.09104778617620468,
    -0.03017379529774189,
    0.03579404577612877,
    0.01916155219078064,
    0.0029053629841655493,
    0.07048898935317993,
    -0.05956236645579338,
    -0.016859930008649826,
    -0.05650893971323967,
    0.06034308671951294,
    0.033180639147758484,
    -0.006492245476692915,
    0.007053136359900236,
    0.026637034490704536,
    -0.028568962588906288,
    -0.051436085253953934,
    -0.05774397775530815,
    -0.016741078346967697,
    0.03821124881505966,
    -0.06415389478206635,
    0.07953731715679169,
    -0.02215128019452095,
    0.030964670702815056,
    -0.03932271525263786,
    0.029131948947906494,
    -0.029210178181529045,
    0.004905433394014835,
    -0.025935595855116844,
    -0.048794202506542206,
    0.010284341871738434,
    0.0033170131500810385,
    -0.033149730414152145,
    0.06410575658082962,
    -0.046211689710617065,
    0.017080137506127357,
    -0.013924194499850273,
    -0.05540699511766434,
    -0.03187539801001549,
    -0.0266081765294075,
    0.07014750689268112,
    0.02359919622540474,
    -0.07604773342609406,
    -0.01725819893181324,
    -0.005101204849779606,
    0.044440675526857376,
    -0.03207787498831749,
    -0.03875420242547989,
    0.0743580237030983,
    0.0659157857298851,
    -0.029364027082920074,
    -0.04661981388926506,
    0.013547408394515514,
    0.02727540396153927,
    0.05104393884539604,
    0.1016211211681366,
    0.020845741033554077,
    -2.0136165332339998e-32,
    0.037949927151203156,
    -0.0167023204267025,
    0.0061601134948432446,
    0.02743031084537506,
    0.04974415525794029,
    -0.010196139104664326,
    -0.030779989436268806,
    -0.11266406625509262,
    0.07093952596187592,
    -0.0039186254143714905,
    0.042498547583818436,
    -0.04410739988088608,
    0.005692538805305958,
    0.00030061588040553033,
    -0.05420345813035965,
    -0.04847577214241028,
    -0.05266952887177467,
    -0.013178530149161816,
    -0.04151606559753418,
    0.04240524023771286,
    0.04600414261221886,
    -0.030117345973849297,
    0.04276862367987633,
    0.11612913012504578,
    -0.01442588958889246,
    0.06988886743783951,
    -0.015529102645814419,
    -0.05660080909729004,
    0.04342319816350937,
    -0.07660571485757828,
    -0.027338676154613495,
    -0.013794731348752975,
    -0.010402106679975986,
    0.08533333986997604,
    -0.08537477999925613,
    -0.17830047011375427,
    0.04601407051086426,
    -0.07293025404214859,
    -0.018151747062802315,
    -0.011325167492032051,
    0.07255590707063675,
    0.04678371548652649,
    -0.07242434471845627,
    0.020003896206617355,
    0.025346089154481888,
    -0.07457196712493896,
    0.05811786651611328,
    -0.060800306499004364,
    -0.02792808972299099,
    -0.020164066925644875,
    -0.00883882399648428,
    -0.04522627219557762,
    -0.00019965028332080692,
    0.050552040338516235,
    -0.016352441161870956,
    0.13195490837097168,
    0.01668703928589821,
    -0.029346490278840065,
    -0.0531756617128849,
    -0.0022554248571395874,
    0.0344388447701931,
    0.07150248438119888,
    -0.0064127626828849316,
    0.07403255999088287,
    0.07631272822618484,
    -0.024294737726449966,
    0.03094489313662052,
    -0.021571146324276924,
    -0.0495312437415123,
    -0.07632389664649963,
    -0.05150647088885307,
    -0.08133204281330109,
    -0.056627240031957626,
    -0.1135820671916008,
    0.04057173430919647,
    -0.09026758372783661,
    -0.07860550284385681,
    -0.10824089497327805,
    -0.09429159015417099,
    0.012955506332218647,
    0.031044114381074905,
    -0.023153208196163177,
    -0.007677104789763689,
    0.05526283383369446,
    -0.00457026856020093,
    0.04318397119641304,
    0.04088025540113449,
    -0.0742265060544014,
    0.0425356887280941,
    0.09422999620437622,
    -0.08069539815187454,
    -0.0006673160823993385,
    -0.06130876764655113,
    -0.015478764660656452,
    -0.07536714524030685,
    -5.634161581724584e-08,
    -0.04993868246674538,
    0.05808091163635254,
    -0.007498559076339006,
    -0.011055254377424717,
    0.018936127424240112,
    -0.01705791987478733,
    -0.08554887026548386,
    0.00025663551059551537,
    -0.06001291051506996,
    -0.06600770354270935,
    0.027614500373601913,
    0.042175982147455215,
    -0.06666069477796555,
    -0.020117057487368584,
    0.08677804470062256,
    -0.04357018321752548,
    -0.02376534603536129,
    0.013928941451013088,
    -0.06928306072950363,
    0.07017960399389267,
    -0.0506458505988121,
    -0.024661213159561157,
    -0.04626726731657982,
    -0.01876514032483101,
    0.012724678963422775,
    0.021276993677020073,
    -0.05345816910266876,
    0.11590170860290527,
    0.07553289085626602,
    0.024251209571957588,
    0.03396987169981003,
    -0.020498085767030716,
    0.05076093226671219,
    -0.05939684063196182,
    -0.0657302513718605,
    -0.05739907547831535,
    0.06531228125095367,
    -0.005920248106122017,
    0.07005918771028519,
    -0.008457050658762455,
    -0.01895243488252163,
    0.07818152755498886,
    0.0731411725282669,
    0.14048857986927032,
    -0.01595093123614788,
    -0.045716580003499985,
    -0.05082472041249275,
    0.06596291065216064,
    0.008630228228867054,
    -0.08989647775888443,
    0.045582134276628494,
    -0.027092663571238518,
    0.051773689687252045,
    0.019546329975128174,
    -0.053926531225442886,
    0.013683085329830647,
    0.02835719659924507,
    0.05505981668829918,
    -0.029240325093269348,
    -0.016381843015551567,
    0.09056973457336426,
    0.014691205695271492,
    0.03502899780869484,
    -0.04252922162413597
]