[
    -0.03599965199828148,
    0.04951297864317894,
    -0.023514939472079277,
    -0.06828410178422928,
    -0.027925092726945877,
    0.11038783937692642,
    -0.03772328048944473,
    -0.04957881197333336,
    0.010684508830308914,
    0.03373442962765694,
    0.03127163276076317,
    -0.07231435924768448,
    0.0029562213458120823,
    -0.031927891075611115,
    0.07818778604269028,
    -0.00954387616366148,
    0.09952249377965927,
    0.07538621127605438,
    -0.09611392766237259,
    0.010292166844010353,
    0.03319863975048065,
    0.02119886688888073,
    -0.08457716554403305,
    0.004077499732375145,
    -0.13000528514385223,
    -0.06471379846334457,
    0.02394004538655281,
    -0.036700647324323654,
    0.014651423320174217,
    -0.07833950966596603,
    -0.026421163231134415,
    0.0034976631868630648,
    0.0428268127143383,
    0.037427619099617004,
    0.02641342207789421,
    0.013431677594780922,
    -0.007673087064176798,
    0.0071565513499081135,
    0.008582777343690395,
    -0.028366301208734512,
    -0.07603573799133301,
    -0.05593936890363693,
    -0.029286297038197517,
    -0.043491337448358536,
    0.05583028495311737,
    -0.021092096343636513,
    -0.02337489277124405,
    -0.06404198706150055,
    -0.04336110129952431,
    -0.023719508200883865,
    -0.04992685467004776,
    -0.011226989328861237,
    -0.00196452415548265,
    0.09153896570205688,
    -0.06776609271764755,
    -0.04056743532419205,
    -0.024025121703743935,
    0.027125606313347816,
    -0.056277744472026825,
    0.009179733693599701,
    -0.00808208342641592,
    -0.010445361025631428,
    -0.02645050175487995,
    0.06861063092947006,
    -0.04108105227351189,
    0.06478992849588394,
    -0.05351264402270317,
    -0.04623262211680412,
    0.007145472336560488,
    0.03860025107860565,
    -0.050503022968769073,
    -0.046536557376384735,
    -0.054805051535367966,
    -0.008859746158123016,
    -0.023511016741394997,
    0.051236074417829514,
    -0.017093490809202194,
    0.06516899168491364,
    0.07051177322864532,
    -0.15456728637218475,
    -0.009253311902284622,
    0.039530783891677856,
    -0.01592966727912426,
    0.06306426227092743,
    -0.049979280680418015,
    -0.034704435616731644,
    -0.008572123013436794,
    -0.013281680643558502,
    0.00692997220903635,
    0.0017572359647601843,
    0.11271577328443527,
    -0.06214827671647072,
    0.13613733649253845,
    -0.04962453246116638,
    0.03521331399679184,
    -0.022643933072686195,
    -0.03229689598083496,
    -0.07334641367197037,
    0.04646870866417885,
    -0.011231531389057636,
    -0.0061631049029529095,
    0.01128495391458273,
    -0.07978127896785736,
    -0.015792837366461754,
    -0.014147513546049595,
    -0.05205962061882019,
    -0.006137246266007423,
    -0.020900379866361618,
    0.009966442361474037,
    0.02000432088971138,
    0.03464548662304878,
    0.05029673874378204,
    -0.0710558071732521,
    -0.12477099150419235,
    0.02810998260974884,
    -0.0008844970725476742,
    -0.04233887791633606,
    0.06921731680631638,
    0.03521377965807915,
    -0.011418241076171398,
    -0.01660432480275631,
    0.0483681745827198,
    -0.11024559289216995,
    -0.114736407995224,
    -0.018888959661126137,
    0.004728525411337614,
    -0.0787123367190361,
    2.064466361735458e-32,
    0.01813986897468567,
    -0.01463528536260128,
    -0.06890290230512619,
    0.014321702532470226,
    0.026906173676252365,
    -0.03808533027768135,
    0.0018461968284100294,
    0.0064348457381129265,
    -0.045788466930389404,
    0.08928477019071579,
    -0.013947812840342522,
    0.042594533413648605,
    -0.011833242140710354,
    -0.030177488923072815,
    -0.032162077724933624,
    0.013618580996990204,
    -0.026235250756144524,
    0.0976826399564743,
    -0.005664018448442221,
    0.0665968805551529,
    0.006131242960691452,
    -0.05095317214727402,
    0.04317602142691612,
    -0.008362989872694016,
    -0.030525192618370056,
    -0.030005548149347305,
    -0.002693487796932459,
    -0.029625413939356804,
    0.016668088734149933,
    0.01725490391254425,
    0.06400864571332932,
    0.037968408316373825,
    0.06407981365919113,
    0.004029093775898218,
    0.013038072735071182,
    0.10112044215202332,
    0.025834379717707634,
    -0.043127745389938354,
    0.06708826124668121,
    -0.06840591132640839,
    -0.10306268185377121,
    0.03833358734846115,
    0.06741687655448914,
    0.005317251197993755,
    0.041033610701560974,
    -0.016419552266597748,
    -0.00036292074946686625,
    -0.06915860623121262,
    0.054896850138902664,
    0.061408910900354385,
    -0.0009268095600418746,
    0.0016012227861210704,
    0.07690705358982086,
    0.0033522488083690405,
    -0.006681481376290321,
    -0.03504439815878868,
    -0.005603990517556667,
    0.054838474839925766,
    -0.028259864076972008,
    0.0845276340842247,
    -0.009542684070765972,
    0.04195915907621384,
    -0.037727344781160355,
    0.03671233728528023,
    -0.04663539305329323,
    -0.036815617233514786,
    -0.017897017300128937,
    -0.03443508967757225,
    0.04362686350941658,
    -0.0453016497194767,
    -0.006546364165842533,
    0.0894789844751358,
    0.0077004944905638695,
    0.0007679046248085797,
    -0.05494479089975357,
    -0.05682934820652008,
    0.003718046937137842,
    -0.015504949726164341,
    0.03834402188658714,
    -0.022023435682058334,
    -0.05113740637898445,
    -0.013191700913012028,
    0.04891960695385933,
    0.022120676934719086,
    0.04290232062339783,
    -0.007013625930994749,
    0.059870947152376175,
    -0.003264782717451453,
    -0.027941174805164337,
    -0.04018459469079971,
    -0.00611511617898941,
    0.010694260708987713,
    0.029209155589342117,
    0.11014419794082642,
    0.06899123638868332,
    -2.0705161903487588e-32,
    0.000593553006183356,
    -0.021495498716831207,
    -0.04907253384590149,
    -0.015540814027190208,
    0.04176025465130806,
    0.027863625437021255,
    -0.029744843021035194,
    -0.09752745926380157,
    0.045029204338788986,
    0.035869162529706955,
    -0.04298171401023865,
    -0.052490271627902985,
    -0.004769051447510719,
    0.016682321205735207,
    -0.03812383860349655,
    -0.10923698544502258,
    -0.028838571161031723,
    -0.0412040613591671,
    0.007716627325862646,
    0.08209709078073502,
    0.03332950174808502,
    -0.0003053575346712023,
    -0.016288064420223236,
    0.09078993648290634,
    -0.013892767019569874,
    0.04381090775132179,
    -0.02956477366387844,
    -0.031616102904081345,
    0.04576774314045906,
    -0.008423104882240295,
    -0.014989091083407402,
    -0.046184055507183075,
    -0.09778165072202682,
    0.051903847604990005,
    -0.07135262340307236,
    -0.181834876537323,
    0.07046288251876831,
    -0.10668787360191345,
    -0.027287118136882782,
    -0.04155343770980835,
    0.045637063682079315,
    0.058108992874622345,
    -0.019818007946014404,
    -0.007080188952386379,
    0.015104071237146854,
    -0.07649495452642441,
    0.0351041778922081,
    -0.09401440620422363,
    0.04148358106613159,
    -0.02783288061618805,
    -0.01970002055168152,
    -0.07140692323446274,
    0.02425137534737587,
    0.0715155154466629,
    -0.017699290066957474,
    0.02719609998166561,
    0.09715662151575089,
    -0.08714405447244644,
    -0.00978634599596262,
    0.026261774823069572,
    0.05889453366398811,
    0.09896860271692276,
    0.0021686109248548746,
    0.0719984620809555,
    0.07257252186536789,
    0.00037232256727293134,
    -0.03303064405918121,
    -0.07884316146373749,
    -0.049051232635974884,
    -0.0575563944876194,
    -0.04798119142651558,
    -0.054779063910245895,
    -0.04579693824052811,
    -0.0523202084004879,
    0.06941928714513779,
    0.0041039977222681046,
    -0.005176674108952284,
    -0.10209991037845612,
    -0.09756579250097275,
    0.02733570896089077,
    0.04228755459189415,
    -0.01338365487754345,
    -0.024956198409199715,
    0.087872713804245,
    -0.04563293606042862,
    0.06623253226280212,
    0.07064668834209442,
    -0.0457305908203125,
    0.06037040427327156,
    0.08796309679746628,
    -0.09038883447647095,
    -0.026985587552189827,
    0.015259246341884136,
    0.026462480425834656,
    -0.051989831030368805,
    -5.811243397602084e-08,
    -0.08395597338676453,
    0.04491462558507919,
    -0.00033596623688936234,
    -0.02300720289349556,
    -0.007617836818099022,
    -0.03981047868728638,
    -0.035519834607839584,
    -0.007182613015174866,
    -0.03555116057395935,
    -0.0999545231461525,
    0.026799190789461136,
    0.03495585545897484,
    -0.028645703569054604,
    -0.0002617886057123542,
    0.043255772441625595,
    -0.01024764496833086,
    -0.03721729665994644,
    -0.012803884223103523,
    -0.05819200724363327,
    0.08966070413589478,
    -0.04273609817028046,
    -0.009036142379045486,
    -0.048439741134643555,
    -0.05392538756132126,
    0.04423990100622177,
    -0.0057899560779333115,
    -0.025621237233281136,
    0.1074041798710823,
    0.09050894528627396,
    0.04728059843182564,
    -0.032964933663606644,
    0.007933732122182846,
    0.04841214790940285,
    -0.05157221108675003,
    -0.06793145090341568,
    -0.009484710171818733,
    0.009067326784133911,
    0.006538258399814367,
    0.036196980625391006,
    0.018016112968325615,
    -0.010732264257967472,
    0.008265815675258636,
    0.053000226616859436,
    0.07827555388212204,
    0.07813601195812225,
    -0.030243147164583206,
    -0.13484960794448853,
    0.025206711143255234,
    -0.02246544137597084,
    -0.0977192297577858,
    -0.027913827449083328,
    -0.06669685989618301,
    0.05946490168571472,
    0.01763620413839817,
    -0.0020672224927693605,
    0.03420296311378479,
    0.054702550172805786,
    0.013132350519299507,
    -0.038805339485406876,
    -0.0003840155841317028,
    0.06716540455818176,
    0.014977915212512016,
    0.0430607832968235,
    0.006119237281382084
]