[
    0.08138888329267502,
    -0.024404410272836685,
    -0.010755992494523525,
    -0.08434563875198364,
    -0.006797675974667072,
    0.014850282110273838,
    -0.05344884842634201,
    -0.047817330807447433,
    -0.06356475502252579,
    -0.0020399100612848997,
    -0.005019073374569416,
    -0.07889612764120102,
    0.023701796308159828,
    0.04633718356490135,
    0.10829193145036697,
    -0.00821317546069622,
    0.05476917698979378,
    0.052163321524858475,
    -0.09107585996389389,
    0.06436172127723694,
    0.07735582441091537,
    -0.02759650908410549,
    -0.044571373611688614,
    0.0125292232260108,
    -0.08726666867733002,
    -0.008966430090367794,
    0.0294308103621006,
    -0.06335259974002838,
    0.044116321951150894,
    -0.030803365632891655,
    -0.040221549570560455,
    0.03869888558983803,
    -0.0026473894249647856,
    0.07905702292919159,
    0.019732559099793434,
    -0.023069197311997414,
    -0.01965349353849888,
    0.024592706933617592,
    -0.0039180247113108635,
    0.0012073148973286152,
    -0.045747190713882446,
    0.0264583807438612,
    -0.022129856050014496,
    0.03631306067109108,
    0.002221436705440283,
    -0.0072599658742547035,
    -0.012142198160290718,
    -0.03901384770870209,
    -0.023038402199745178,
    -0.03901360183954239,
    -0.03520778566598892,
    0.004089274909347296,
    -0.053277790546417236,
    0.054662447422742844,
    -0.03562939167022705,
    -0.06246451660990715,
    0.02025282010436058,
    0.09683189541101456,
    -0.013510326854884624,
    -0.047743059694767,
    0.02321120724081993,
    0.01501149870455265,
    -0.009216811507940292,
    0.041043251752853394,
    0.020195959135890007,
    -0.002910015871748328,
    -0.06749538332223892,
    0.015318241901695728,
    -0.05823324993252754,
    -0.012003912590444088,
    -0.04923219978809357,
    0.006680771242827177,
    -0.038694120943546295,
    0.05916479229927063,
    -0.016888288781046867,
    0.021909283474087715,
    -0.052261386066675186,
    0.05574190616607666,
    0.06783910095691681,
    -0.10415896028280258,
    -0.06263979524374008,
    0.04381626471877098,
    0.02298952080309391,
    -0.05285479500889778,
    -0.03443634510040283,
    -0.06910323351621628,
    -0.010485413484275341,
    -0.02056986652314663,
    0.007866764441132545,
    -0.004030807875096798,
    0.03724777698516846,
    -0.044159770011901855,
    0.14781539142131805,
    -0.03877188265323639,
    0.042539238929748535,
    -0.031248116865754128,
    0.03311603516340256,
    -0.05563202500343323,
    0.09686252474784851,
    -0.045820605009794235,
    0.03360392525792122,
    -0.014879499562084675,
    -0.020696494728326797,
    0.012688115239143372,
    -0.028588006272912025,
    0.006916701793670654,
    -0.03301362320780754,
    0.0030001953709870577,
    0.012407243251800537,
    -0.0022292369976639748,
    0.016987938433885574,
    0.05401868745684624,
    -0.06434226036071777,
    -0.06321988254785538,
    0.011700034141540527,
    -0.00745723070576787,
    0.026371687650680542,
    0.06562002748250961,
    0.06090483069419861,
    -0.046182915568351746,
    -0.09316905587911606,
    -0.08238867670297623,
    -0.05069451779127121,
    -0.12029999494552612,
    0.015424879267811775,
    0.016687843948602676,
    -0.05641379952430725,
    1.9495240261865592e-32,
    -0.047475915402173996,
    -0.10515821725130081,
    -0.12337274849414825,
    0.09625107795000076,
    0.009749563410878181,
    -0.032623711973428726,
    0.05270017683506012,
    -0.014286266639828682,
    -0.10490843653678894,
    0.05012137442827225,
    0.009344860911369324,
    0.09479279816150665,
    -0.0009870751528069377,
    0.030032388865947723,
    0.028149375692009926,
    0.028053300455212593,
    0.03601813688874245,
    0.0555773489177227,
    0.035940926522016525,
    0.027593189850449562,
    0.03403351083397865,
    -0.003796859411522746,
    4.5866738219046965e-05,
    0.01151287741959095,
    -0.06721784174442291,
    -0.012990197166800499,
    0.0136583112180233,
    -0.02669352851808071,
    -0.049117084592580795,
    0.021212296560406685,
    0.03421316295862198,
    0.04906466230750084,
    0.036709416657686234,
    0.06960505247116089,
    0.04692595452070236,
    0.13585589826107025,
    0.06076134368777275,
    -0.03938501700758934,
    0.03270755708217621,
    -0.10220251232385635,
    -0.062276508659124374,
    -0.06733674556016922,
    -0.002630868460983038,
    0.02214476279914379,
    0.07345481961965561,
    0.007953577674925327,
    -0.03554883971810341,
    -0.017139779403805733,
    0.02243446744978428,
    0.05617505684494972,
    -0.009535162709653378,
    0.012770204804837704,
    0.039435721933841705,
    -0.07617118954658508,
    0.0063636936247348785,
    -0.0003845689643640071,
    -0.085671566426754,
    0.06820984184741974,
    -0.012137353420257568,
    0.07245334982872009,
    -0.07506129890680313,
    0.05037457123398781,
    -0.02149190381169319,
    0.006361289415508509,
    0.007006040308624506,
    -0.07282114773988724,
    -0.02967049926519394,
    -0.006072896532714367,
    0.02505631186068058,
    -0.009577468037605286,
    5.305663216859102e-05,
    0.09323673695325851,
    0.008284618146717548,
    0.05900239944458008,
    0.028062259778380394,
    -0.05957487225532532,
    0.03020610101521015,
    -0.0318022184073925,
    0.03115321323275566,
    -0.04195929691195488,
    -0.14455749094486237,
    0.023625221103429794,
    -0.05450352281332016,
    0.05541810020804405,
    0.009958222508430481,
    -0.032866157591342926,
    -0.0052843960002064705,
    -0.041104383766651154,
    -0.042658936232328415,
    -0.04631850868463516,
    -0.009555223397910595,
    -0.04434790089726448,
    0.006978385150432587,
    0.06453745067119598,
    0.02607310749590397,
    -1.9841341063578199e-32,
    0.04226827621459961,
    -0.048005759716033936,
    0.0011597081320360303,
    0.0045028873719275,
    -0.0375683456659317,
    -0.0026756927836686373,
    -0.03517055884003639,
    -0.05781857669353485,
    0.0025301571004092693,
    -0.06233903393149376,
    -0.05549865961074829,
    -0.0754375010728836,
    0.03854178637266159,
    0.04524930566549301,
    -0.11874885857105255,
    -0.0167540293186903,
    -0.07528160512447357,
    -0.02627868577837944,
    0.055509794503450394,
    0.12422585487365723,
    0.0190364308655262,
    -0.08079975843429565,
    -0.03843923658132553,
    0.10246921330690384,
    -0.004532518796622753,
    -0.006645104847848415,
    -0.07389450818300247,
    -0.06813617795705795,
    0.06597604602575302,
    0.0013053531292825937,
    0.018763288855552673,
    -0.06404641270637512,
    -0.04619162529706955,
    0.004419746808707714,
    -0.1533365100622177,
    -0.19020982086658478,
    0.07998494803905487,
    -0.09477925300598145,
    -0.008016559295356274,
    -0.036076802760362625,
    -0.03566907346248627,
    0.027260273694992065,
    0.02694953978061676,
    0.03593611717224121,
    -0.03881094977259636,
    0.001991582103073597,
    0.04346408694982529,
    0.022669333964586258,
    -0.025260277092456818,
    -0.030072711408138275,
    0.03789864853024483,
    0.03680399805307388,
    -0.003836049698293209,
    0.034701231867074966,
    -0.01476316899061203,
    0.02925252728164196,
    0.04517361521720886,
    0.040618814527988434,
    -0.03964480385184288,
    0.012901452369987965,
    0.055803101509809494,
    0.0592307485640049,
    -0.03583886846899986,
    0.08629092574119568,
    0.0466993972659111,
    0.022274648770689964,
    -0.07305943965911865,
    -0.03906647115945816,
    0.010950366966426373,
    -0.02826245129108429,
    -0.04834744334220886,
    -0.08569682389497757,
    -0.09160201251506805,
    -0.03396070748567581,
    0.07352790981531143,
    0.010031599551439285,
    0.08376602083444595,
    -0.10244889557361603,
    -0.03198264166712761,
    0.021012993529438972,
    0.05161777511239052,
    0.04042147472500801,
    -0.0715026706457138,
    0.0479913204908371,
    0.00045271249837242067,
    0.11382518708705902,
    0.011621098034083843,
    -0.02545337937772274,
    0.045317575335502625,
    0.09205415844917297,
    -0.07943976670503616,
    0.039196666330099106,
    -0.033170584589242935,
    0.014476950280368328,
    -0.0017515604849904776,
    -5.4887038913875585e-08,
    -0.053255219012498856,
    0.09603280574083328,
    -0.065481036901474,
    -0.025897618383169174,
    -0.08923755586147308,
    0.03152938559651375,
    -0.0167858749628067,
    -0.0041845086961984634,
    -0.047512464225292206,
    -0.07970049232244492,
    0.017528066411614418,
    0.010308775119483471,
    -0.040243349969387054,
    -0.032722823321819305,
    0.01597597263753414,
    -0.03966199979186058,
    0.014835049398243427,
    0.02102484740316868,
    -0.032171666622161865,
    0.12628497183322906,
    -0.07356740534305573,
    -0.015075807459652424,
    -0.011117232963442802,
    0.024335335940122604,
    0.01084556058049202,
    -0.015723710879683495,
    -0.028857292607426643,
    0.0627824068069458,
    0.06715935468673706,
    0.02452857606112957,
    0.0019792967941612005,
    0.05430062487721443,
    -0.032916925847530365,
    -0.010139540769159794,
    0.0017965079750865698,
    -0.04231822490692139,
    -0.014810609631240368,
    0.01888696476817131,
    0.06538718938827515,
    -0.02093944139778614,
    -0.021468201652169228,
    -0.0004138982039876282,
    0.020147573202848434,
    0.051281608641147614,
    0.031684137880802155,
    -0.03587503358721733,
    -0.013258693739771843,
    0.050301212817430496,
    0.04134686291217804,
    -0.06154177710413933,
    -0.10007984936237335,
    -0.042264193296432495,
    -0.06151764839887619,
    -0.012066714465618134,
    -0.014693043194711208,
    0.06795352697372437,
    0.016528835520148277,
    0.06681767106056213,
    0.010680284351110458,
    0.03268503397703171,
    0.07365904748439789,
    0.044537343084812164,
    0.01753518171608448,
    -0.030544986948370934
]