[
    -0.02002219296991825,
    0.046020034700632095,
    -0.046307843178510666,
    -0.07574833184480667,
    -0.0798964723944664,
    0.03950749337673187,
    -0.022051889449357986,
    -0.04032256826758385,
    0.017264636233448982,
    0.02979397401213646,
    0.03669445961713791,
    -0.015966851264238358,
    0.030507542192935944,
    -0.03800663724541664,
    0.08381224423646927,
    0.021347777917981148,
    0.058928925544023514,
    0.047737475484609604,
    -0.11281273514032364,
    0.06222767010331154,
    -0.013151457533240318,
    0.04186312109231949,
    -0.04946153610944748,
    0.0005793566233478487,
    -0.15275442600250244,
    -0.07173558324575424,
    0.008623966947197914,
    -0.07455287128686905,
    0.04503415524959564,
    -0.06995625793933868,
    0.008107539266347885,
    0.008950797840952873,
    0.04697537049651146,
    0.09231723099946976,
    -0.03399362415075302,
    0.022130979225039482,
    0.0013865072978660464,
    0.02813546732068062,
    -0.004170436877757311,
    0.04220511019229889,
    -0.04830380156636238,
    -0.039792124181985855,
    -0.052671365439891815,
    0.016228361055254936,
    0.03517840430140495,
    -0.01982840523123741,
    -0.027064308524131775,
    -0.05335022881627083,
    0.01169628743082285,
    0.005188754294067621,
    -0.09856370091438293,
    -0.04128158465027809,
    -0.022429458796977997,
    0.10232466459274292,
    -0.08157885074615479,
    -0.01958438567817211,
    -0.014194193296134472,
    0.01880788803100586,
    -0.06701089441776276,
    0.0106560830026865,
    0.023714827373623848,
    -0.00010048313561128452,
    -0.0009836098179221153,
    0.08295905590057373,
    -0.061548616737127304,
    0.0715303122997284,
    -0.029675347730517387,
    -0.036626916378736496,
    -0.02800331823527813,
    0.012786585837602615,
    -0.06408247351646423,
    -0.035455286502838135,
    -0.038259491324424744,
    0.05771856755018234,
    -0.0005131229409016669,
    -0.0008868185104802251,
    -0.03249988332390785,
    0.026258405297994614,
    0.0513320229947567,
    -0.131119042634964,
    -0.034706298261880875,
    0.022445540875196457,
    -0.025027362629771233,
    0.04094390198588371,
    -0.04688194394111633,
    0.006895358674228191,
    -0.027368344366550446,
    -0.024597082287073135,
    0.010635438375175,
    -0.039830807596445084,
    0.06719797104597092,
    -0.06834147125482559,
    0.12449006736278534,
    -0.08547084778547287,
    0.09104952216148376,
    -0.006849729456007481,
    -0.009393916465342045,
    -0.10078336298465729,
    0.028943007811903954,
    -0.009450031444430351,
    -0.04071526601910591,
    0.026350511237978935,
    -0.040328312665224075,
    0.02392403781414032,
    -0.008857985958456993,
    -0.05170956999063492,
    0.023103786632418633,
    -0.038399048149585724,
    0.0018286219565197825,
    0.043317969888448715,
    0.05883052572607994,
    0.05806385353207588,
    -0.05689290910959244,
    -0.10573845356702805,
    0.040260203182697296,
    -0.008365420624613762,
    -0.05693819373846054,
    0.07802838087081909,
    0.011464547365903854,
    -0.035286109894514084,
    -0.00460563600063324,
    0.008870420046150684,
    0.0042519583366811275,
    -0.08144835382699966,
    -0.01106314454227686,
    0.00546424463391304,
    -0.052404291927814484,
    2.2492639184499098e-32,
    0.004404956474900246,
    0.007457489613443613,
    -0.03882862627506256,
    0.007533345837146044,
    0.01512009184807539,
    -0.01885121874511242,
    0.01063411682844162,
    -0.039139874279499054,
    -0.02585528790950775,
    0.10404790192842484,
    -0.03088826686143875,
    0.0426902137696743,
    -0.0018774577183648944,
    -0.024060633033514023,
    -0.05385885015130043,
    0.06559206545352936,
    -0.025762679055333138,
    0.11527223140001297,
    -0.019693991169333458,
    0.07195722311735153,
    0.026703452691435814,
    -0.03514155372977257,
    0.003429562086239457,
    0.005180405918508768,
    -0.045610442757606506,
    0.010700482875108719,
    0.029547538608312607,
    -0.014699824154376984,
    0.020845113322138786,
    0.015383405610918999,
    0.025176839902997017,
    0.02292051911354065,
    0.044224802404642105,
    0.007699038367718458,
    0.0496981255710125,
    0.14046087861061096,
    -0.010175506584346294,
    -0.05540357530117035,
    0.09476689249277115,
    -0.06448958069086075,
    -0.06860800087451935,
    -0.0047967578284442425,
    0.0752655565738678,
    -0.02202793024480343,
    0.017619512975215912,
    -0.028916940093040466,
    -0.001786477630957961,
    -0.05064281448721886,
    0.03149830177426338,
    0.044946279376745224,
    -0.021541526541113853,
    -0.009761602617800236,
    0.05337215214967728,
    -0.02211160585284233,
    -0.00682516535744071,
    -0.017733922228217125,
    -0.018459690734744072,
    0.04976045712828636,
    -0.03363609313964844,
    0.08179529756307602,
    -0.0533750094473362,
    0.053349319845438004,
    -0.03578440472483635,
    -0.005956570617854595,
    -0.03556543216109276,
    -0.052744362503290176,
    -0.0525386668741703,
    -0.09443963319063187,
    0.0428561232984066,
    -0.030752062797546387,
    0.009286543354392052,
    0.07001155614852905,
    -0.029560929164290428,
    -0.003064022632315755,
    -0.04377444460988045,
    -0.055530302226543427,
    0.0031701407860964537,
    -0.04034871608018875,
    0.06010835990309715,
    0.0082448311150074,
    -0.06649331003427505,
    -0.03005262464284897,
    0.025210591033101082,
    0.059668976813554764,
    -0.05833642929792404,
    -0.007725236937403679,
    0.04257429763674736,
    0.03326237574219704,
    -0.08192753791809082,
    -0.01854296773672104,
    0.010726316832005978,
    0.04595567286014557,
    0.027535948902368546,
    0.08697185665369034,
    0.036874182522296906,
    -2.2432843256240706e-32,
    -0.004012663383036852,
    -0.03673103451728821,
    -0.02111217938363552,
    0.005921452306210995,
    0.07969056069850922,
    -0.030461585149168968,
    -0.010227655060589314,
    -0.10934117436408997,
    -0.009664342738687992,
    0.008883129805326462,
    9.331722685601562e-05,
    -0.029824569821357727,
    -0.05523256957530975,
    -0.027342725545167923,
    -0.011388082057237625,
    -0.03226873278617859,
    -0.048317622393369675,
    -0.048819102346897125,
    -0.022981416434049606,
    0.07485713809728622,
    -0.016473427414894104,
    -0.019159916788339615,
    0.02605774812400341,
    0.1414872109889984,
    0.07111111283302307,
    0.043036770075559616,
    -0.003050997154787183,
    -0.008931050077080727,
    0.08676598966121674,
    -0.0569678358733654,
    -0.0451267771422863,
    -0.027530988678336143,
    -0.05949275195598602,
    0.028848443180322647,
    -0.07835299521684647,
    -0.15532077848911285,
    0.039035599678754807,
    -0.0744897797703743,
    -0.02840798906981945,
    -0.06880109757184982,
    0.06862565129995346,
    0.039409250020980835,
    -0.043076857924461365,
    -0.015376796014606953,
    0.03381659835577011,
    -0.07340914011001587,
    0.049937374889850616,
    -0.03925737366080284,
    0.014262746088206768,
    -0.020515069365501404,
    0.010365745984017849,
    -0.01695600152015686,
    0.012417995370924473,
    0.059858743101358414,
    -0.02187935821712017,
    0.09746182709932327,
    0.04858836904168129,
    -0.03330755978822708,
    -0.03053443133831024,
    -0.03260469809174538,
    0.06539120525121689,
    0.05281053110957146,
    -0.017267735674977303,
    0.1085338220000267,
    0.0479043610394001,
    -0.02110351249575615,
    0.004172354470938444,
    -0.019760726019740105,
    -0.06813256442546844,
    -0.050010062754154205,
    -0.02909846045076847,
    -0.07760044187307358,
    -0.06332743912935257,
    -0.1426069587469101,
    0.0775461345911026,
    -0.050845060497522354,
    -0.04048504680395126,
    -0.15110202133655548,
    -0.08020823448896408,
    0.0056535834446549416,
    0.06990999728441238,
    -0.054481759667396545,
    -0.027612464502453804,
    0.06473366171121597,
    -0.03061443381011486,
    0.04051924869418144,
    0.05716707184910774,
    -0.06220678612589836,
    -0.010680463165044785,
    0.0893765240907669,
    -0.09059177339076996,
    0.002735763555392623,
    -0.08422251045703888,
    0.0055750696919858456,
    -0.07692673057317734,
    -6.007690700471358e-08,
    -0.07950916141271591,
    0.057520296424627304,
    0.02426849864423275,
    -0.06450868397951126,
    0.0022189696319401264,
    -0.048106398433446884,
    -0.06046528369188309,
    0.020404374226927757,
    -0.04290352389216423,
    -0.046496570110321045,
    0.014326013624668121,
    0.03924940526485443,
    -0.020450815558433533,
    0.01665811613202095,
    0.11134228855371475,
    -0.016581976786255836,
    -0.05702419579029083,
    -0.01594415307044983,
    -0.06931765377521515,
    0.048595573753118515,
    -0.04501135274767876,
    -0.0365673191845417,
    -0.05904668569564819,
    -0.01618267595767975,
    0.03163257613778114,
    0.027700459584593773,
    -0.06306704133749008,
    0.08952287584543228,
    0.11451518535614014,
    0.04710852727293968,
    -0.008231778629124165,
    0.004373945761471987,
    0.03289765119552612,
    -0.03159395605325699,
    -0.04548811912536621,
    -0.03645634651184082,
    0.05790673568844795,
    -0.023303216323256493,
    0.04986387491226196,
    0.02466016262769699,
    -0.0011350091081112623,
    0.032016586512327194,
    0.05294225737452507,
    0.11532316356897354,
    0.02272718958556652,
    -0.023513562977313995,
    -0.03760570287704468,
    0.023841138929128647,
    0.012703180313110352,
    -0.05798878148198128,
    0.004971045535057783,
    -0.04810072109103203,
    0.04170024022459984,
    0.0018147318623960018,
    -0.05118829011917114,
    0.05356498807668686,
    0.050112538039684296,
    0.0329551100730896,
    -0.01751626841723919,
    0.008653717115521431,
    0.08671896159648895,
    0.02227048948407173,
    0.06887898594141006,
    -0.02587171271443367
]