[
    -0.06398335844278336,
    0.06649202853441238,
    -0.037067461758852005,
    -0.06611970067024231,
    -0.022484609857201576,
    0.025818489491939545,
    -0.04840759560465813,
    -0.006073957309126854,
    -0.008236275054514408,
    0.09293673187494278,
    0.01638844981789589,
    -0.036112066358327866,
    0.029023079201579094,
    0.025172581896185875,
    0.02021908201277256,
    0.022145221009850502,
    0.05962568521499634,
    0.011711496859788895,
    -0.09428202360868454,
    0.07765956968069077,
    0.025287801399827003,
    -0.011334613896906376,
    -0.060150645673274994,
    0.024908727034926414,
    -0.09260275959968567,
    -0.0409383550286293,
    -0.01224606018513441,
    -0.06215773522853851,
    0.08933679014444351,
    -0.10519986599683762,
    0.030735468491911888,
    0.07751396298408508,
    0.0008655235869809985,
    0.047472525388002396,
    0.013118384405970573,
    -0.011145324446260929,
    -0.030581772327423096,
    -0.08248172700405121,
    -0.020389046519994736,
    -0.005120757967233658,
    -0.06435994803905487,
    0.015415092930197716,
    -0.056433964520692825,
    -0.027163689956068993,
    -0.029399022459983826,
    0.0005834851763211191,
    -0.010037298314273357,
    0.006910127121955156,
    -0.044574540108442307,
    0.013763589784502983,
    -0.07985610514879227,
    -0.05934605747461319,
    -0.015085466206073761,
    0.03853997588157654,
    -0.025162799283862114,
    -0.1016496792435646,
    0.017047282308340073,
    0.0003219502104911953,
    -0.044979531317949295,
    -0.033416710793972015,
    -0.03714672476053238,
    0.007154792547225952,
    -0.054399002343416214,
    0.031648196280002594,
    0.030590374022722244,
    0.024248072877526283,
    -0.008156577125191689,
    -0.004289274103939533,
    -0.010978532023727894,
    0.04360897094011307,
    0.013223121874034405,
    0.010137571021914482,
    -0.018964320421218872,
    0.021283043548464775,
    0.01970769837498665,
    0.006166520062834024,
    -0.021189846098423004,
    0.03623810410499573,
    0.042941316962242126,
    -0.08058816194534302,
    -0.035766758024692535,
    0.01602221466600895,
    -0.04594386741518974,
    0.003079246496781707,
    -0.054993726313114166,
    -0.05287095531821251,
    -0.022948767989873886,
    -0.000842084176838398,
    0.04945037141442299,
    0.021967176347970963,
    0.0926126092672348,
    -0.05956459790468216,
    0.0661793053150177,
    -0.04461413994431496,
    0.08813899010419846,
    0.01517095509916544,
    0.001982933608815074,
    -0.030345173552632332,
    0.03563092276453972,
    -0.007714047562330961,
    0.02891855128109455,
    0.06254786252975464,
    0.005116553045809269,
    -0.007508294656872749,
    -0.056809499859809875,
    -0.04647238925099373,
    -0.019307680428028107,
    -0.033481113612651825,
    0.023926543071866035,
    0.02837810292840004,
    -0.0037274998612701893,
    -0.058110643178224564,
    -0.01952427625656128,
    -0.11387848109006882,
    0.025555795058608055,
    0.014906180091202259,
    0.009315470233559608,
    0.09533928334712982,
    -0.03228728845715523,
    -0.08082213997840881,
    0.00038954379851929843,
    0.0024104085750877857,
    -0.03740578517317772,
    -0.06900939345359802,
    -0.00022530881687998772,
    0.011465797200798988,
    -0.0756896510720253,
    2.1602713553793822e-32,
    -0.03313765674829483,
    -0.04963047429919243,
    -0.10651839524507523,
    0.01444283127784729,
    0.0026112108025699854,
    -0.038303352892398834,
    0.020594727247953415,
    0.03411320596933365,
    -0.11833402514457703,
    0.01690417155623436,
    0.009196319617331028,
    0.052219588309526443,
    -0.011458287946879864,
    -0.050571270287036896,
    -0.026185598224401474,
    -0.05111876130104065,
    -0.010943355970084667,
    0.1014963909983635,
    0.001211273018270731,
    -0.03318703919649124,
    0.02360333688557148,
    -0.07682070881128311,
    0.04388020187616348,
    0.005608377046883106,
    0.005530187860131264,
    -0.010466164909303188,
    0.04469415917992592,
    -0.016338979825377464,
    -0.005547153297811747,
    0.0010841924231499434,
    0.092135950922966,
    -0.00035796777228824794,
    0.012800331227481365,
    0.0364253856241703,
    0.04150718078017235,
    0.1423608511686325,
    -0.013991405256092548,
    -0.04700758680701256,
    0.08685728162527084,
    -0.04897163808345795,
    -0.07449465990066528,
    -0.012333299033343792,
    0.050818510353565216,
    0.0047628749161958694,
    0.002063666470348835,
    -0.05609054118394852,
    -0.0258971955627203,
    -0.0389992855489254,
    -0.022403262555599213,
    0.04054611921310425,
    -0.0066082836128771305,
    -0.004718871787190437,
    0.10680422186851501,
    -0.03409786522388458,
    0.013007231056690216,
    -0.025754014030098915,
    -0.10465282201766968,
    0.04009232297539711,
    -0.03680245950818062,
    0.07293850183486938,
    -0.025074049830436707,
    0.0077840229496359825,
    -0.02127685770392418,
    0.09716594219207764,
    -0.032353475689888,
    -0.050492044538259506,
    -0.05721159279346466,
    -0.06543432176113129,
    0.056713350117206573,
    -0.016684940084815025,
    0.015246041119098663,
    0.03781747445464134,
    0.06335879117250443,
    0.023805972188711166,
    -0.03499038144946098,
    -0.02436436340212822,
    -0.0031220857053995132,
    -0.01853518933057785,
    0.042392365634441376,
    -0.01945394277572632,
    -0.14803612232208252,
    -0.019077086821198463,
    0.059160102158784866,
    0.03996562212705612,
    0.002472599735483527,
    -0.028771409764885902,
    0.020267438143491745,
    -0.01564115844666958,
    -0.04987117648124695,
    0.0012617668835446239,
    0.013850096613168716,
    0.0364648662507534,
    -0.026447612792253494,
    0.05318146571516991,
    0.08899132907390594,
    -2.1116990471826422e-32,
    -0.02512623742222786,
    -0.05903634428977966,
    -0.04358387365937233,
    -3.7692290788982064e-05,
    0.07424788177013397,
    -0.008013895712792873,
    -0.1134365126490593,
    -0.1401083767414093,
    0.07730042189359665,
    -0.01319391094148159,
    -0.069747194647789,
    -0.03914487361907959,
    -0.0326031856238842,
    -0.0003142825444228947,
    -0.03249933198094368,
    -0.0442512184381485,
    -0.032228682190179825,
    -0.04561512917280197,
    0.01876460760831833,
    0.07216399908065796,
    -0.005271306727081537,
    0.04339803010225296,
    -0.08361566811800003,
    0.0923459455370903,
    0.02040747180581093,
    -0.003852448659017682,
    -0.04036274924874306,
    -0.10622447729110718,
    0.07967919111251831,
    0.04281282797455788,
    -0.027504410594701767,
    -0.10632066428661346,
    -0.06672199070453644,
    0.028789279982447624,
    -0.08417831361293793,
    -0.10564315319061279,
    0.11663896590471268,
    -0.006607909221202135,
    -0.043587494641542435,
    -0.023635856807231903,
    0.012586396187543869,
    0.10825084149837494,
    0.024259623140096664,
    -0.03325171768665314,
    0.0373341403901577,
    -0.08512590080499649,
    0.026971785351634026,
    -0.022346004843711853,
    0.07201128453016281,
    -0.04516591131687164,
    0.0409228652715683,
    0.032239917665719986,
    0.01785758137702942,
    0.013761237263679504,
    -0.02489362843334675,
    0.06674977391958237,
    -0.00242604804225266,
    0.004234968684613705,
    -0.027829520404338837,
    0.03030731901526451,
    0.08515942841768265,
    0.0853637158870697,
    -0.03718407079577446,
    0.007039055693894625,
    0.04871280491352081,
    -0.001116652856580913,
    -0.04519803449511528,
    -0.015559385530650616,
    -0.006893871817737818,
    -0.05298794433474541,
    -0.040444932878017426,
    -0.055979546159505844,
    -0.026771066710352898,
    -0.034741003066301346,
    0.12560798227787018,
    -0.029401632025837898,
    0.009805283509194851,
    -0.012511826120316982,
    -0.034387409687042236,
    0.014454497024416924,
    0.0536469891667366,
    0.03985220938920975,
    -0.05821748450398445,
    0.03785739094018936,
    -0.05074291303753853,
    0.06695932894945145,
    0.07587920129299164,
    -0.02681109309196472,
    0.0033163493499159813,
    0.07830645143985748,
    -0.05780840292572975,
    -0.033388011157512665,
    0.02071196772158146,
    0.03986193984746933,
    -0.04608290269970894,
    -5.96096256799683e-08,
    -0.025433072820305824,
    0.00509130023419857,
    0.006893743295222521,
    -0.025035876780748367,
    -0.00015129221719689667,
    -0.019780006259679794,
    0.02213931269943714,
    0.07554146647453308,
    -0.11043762415647507,
    -0.0459463857114315,
    0.0356888584792614,
    0.006369197275489569,
    0.0026574917137622833,
    0.0035080285742878914,
    0.009463435038924217,
    -0.04203343018889427,
    -0.036726951599121094,
    -0.03607383370399475,
    -0.1234026774764061,
    -0.014680955559015274,
    0.019125010818243027,
    -0.02481788955628872,
    -0.06305767595767975,
    0.04994385316967964,
    0.03596591204404831,
    -0.0013321926817297935,
    0.00283984886482358,
    0.038460779935121536,
    0.028504446148872375,
    0.028832165524363518,
    -0.05844086781144142,
    0.0457628034055233,
    -0.03770365193486214,
    -0.08535465598106384,
    0.02152625098824501,
    0.03273475542664528,
    -0.03015809692442417,
    0.03524250164628029,
    0.024765677750110626,
    0.06455527245998383,
    -0.05224767327308655,
    0.0531933456659317,
    0.10216951370239258,
    0.07561907917261124,
    0.03567454218864441,
    -0.004581560846418142,
    -0.12172497808933258,
    0.009456837549805641,
    -0.009172238409519196,
    -0.11511022597551346,
    -0.012236572802066803,
    -0.06788494437932968,
    0.035617925226688385,
    0.023233018815517426,
    -0.01262072753161192,
    0.11121810972690582,
    0.08489945530891418,
    0.0944284051656723,
    -0.006093267351388931,
    -0.034385669976472855,
    0.21115553379058838,
    0.01699322834610939,
    0.0183117538690567,
    0.03569428622722626
]