[
    -0.04980729892849922,
    0.011233964934945107,
    -0.023170311003923416,
    -0.07055485248565674,
    -0.030920982360839844,
    0.015826113522052765,
    -0.030261939391493797,
    -0.022014958783984184,
    0.007043787278234959,
    0.04098090901970863,
    0.009091137908399105,
    -0.040262237191200256,
    -0.0029531472828239202,
    -0.016983868554234505,
    0.07751431316137314,
    0.06014961749315262,
    0.08318235725164413,
    0.04593954607844353,
    -0.09173791110515594,
    0.01703362539410591,
    0.0130850188434124,
    -0.0007245865999720991,
    -0.05423600226640701,
    -0.02639012038707733,
    -0.08746865391731262,
    -0.06387890130281448,
    -0.03698360174894333,
    -0.045073769986629486,
    0.05965987965464592,
    -0.08137699216604233,
    0.03249697759747505,
    0.020553724840283394,
    0.045473407953977585,
    0.04897090047597885,
    0.0039319670759141445,
    -0.04355239123106003,
    0.03093903139233589,
    -0.044542696326971054,
    0.024311861023306847,
    -0.006951637100428343,
    -0.01612205244600773,
    -0.004996479023247957,
    -0.05092155933380127,
    -0.058155469596385956,
    -0.02365586720407009,
    0.021694201976060867,
    -0.011989239603281021,
    -0.003965656738728285,
    -0.04151051118969917,
    -0.0027841224800795317,
    -0.08656769245862961,
    -0.024623678997159004,
    -0.017303794622421265,
    0.04771147668361664,
    -0.0320129431784153,
    0.005545368418097496,
    0.022148428484797478,
    0.044471222907304764,
    -0.04285530000925064,
    -0.028188316151499748,
    -0.0061371889896690845,
    0.010279571637511253,
    -0.052732519805431366,
    0.06602600961923599,
    -0.026486342772841454,
    0.03911886364221573,
    0.015020444989204407,
    -0.025208605453372,
    0.04970499873161316,
    0.03373824805021286,
    -0.04936244338750839,
    0.03822905570268631,
    0.02411096915602684,
    -0.011213064193725586,
    -0.07914553582668304,
    -0.012876257300376892,
    0.0009100395254790783,
    0.015755902975797653,
    0.04601742699742317,
    -0.05127556249499321,
    -0.08380427956581116,
    0.021498365327715874,
    -0.046648841351270676,
    -0.0336439348757267,
    -0.03494860604405403,
    -0.07888787239789963,
    -0.028512436896562576,
    -0.0048189000226557255,
    -0.012196958996355534,
    0.02723170444369316,
    0.04802997410297394,
    -0.08093900233507156,
    0.05521208420395851,
    -0.032583750784397125,
    0.07602274417877197,
    0.012421471066772938,
    0.02885221503674984,
    0.025971485301852226,
    0.07005495578050613,
    0.016311755403876305,
    0.02411177009344101,
    0.058429643511772156,
    -0.06198294833302498,
    -0.051017604768276215,
    -0.030271748080849648,
    -0.07162831723690033,
    -0.012959912419319153,
    -0.04524662718176842,
    -0.008626927621662617,
    0.015400919131934643,
    0.0258644912391901,
    -0.031180107966065407,
    -0.0074980538338422775,
    -0.08008834719657898,
    0.055574171245098114,
    0.05259769409894943,
    -0.007941129617393017,
    0.0938027948141098,
    -0.011785712093114853,
    -0.04925400763750076,
    -0.00831268634647131,
    0.06042446568608284,
    -0.016052719205617905,
    -0.06552519649267197,
    0.009022112004458904,
    -0.02642088383436203,
    0.0063074370846152306,
    1.9831494829022123e-32,
    -0.03653702512383461,
    -0.05385822057723999,
    -0.14716486632823944,
    -0.0038210763595998287,
    0.05142074078321457,
    0.01619962602853775,
    -0.030802443623542786,
    -0.023203106597065926,
    -0.0503031425178051,
    0.05199625715613365,
    -0.01308397762477398,
    0.026557251811027527,
    0.00536184199154377,
    -0.11677993834018707,
    -0.07371585816144943,
    0.05191491171717644,
    -0.0669933632016182,
    0.11400701850652695,
    -0.05427329242229462,
    0.007987221702933311,
    0.05780726671218872,
    -0.06537506729364395,
    0.015527169220149517,
    0.04869183897972107,
    -0.014101981185376644,
    -0.016485925763845444,
    0.09580036252737045,
    -0.016447393223643303,
    -0.0019218972884118557,
    0.00751809636130929,
    0.02555672638118267,
    -0.00853984896093607,
    0.05269244313240051,
    0.043235789984464645,
    0.09594133496284485,
    0.1305047869682312,
    -0.027196967974305153,
    -0.05068615823984146,
    0.10173538327217102,
    -0.055100906640291214,
    -0.07842300832271576,
    -0.016868725419044495,
    0.029466571286320686,
    -0.038177862763404846,
    0.0021277100313454866,
    -0.0012351084733381867,
    -0.06612849980592728,
    -0.04366029426455498,
    0.07309025526046753,
    0.04668392613530159,
    0.02645518258213997,
    -0.02034304291009903,
    0.07825587689876556,
    -0.02281746082007885,
    0.032306037843227386,
    0.00875352043658495,
    -0.02973266877233982,
    0.05972982197999954,
    -0.04989970475435257,
    0.04761286452412605,
    -0.016212334856390953,
    0.037724461406469345,
    -0.05664367601275444,
    0.04131023958325386,
    -0.05306486412882805,
    -0.039347488433122635,
    -0.06436627358198166,
    -0.0612417608499527,
    0.06492113322019577,
    -0.086311936378479,
    -0.011478093452751637,
    0.053317103534936905,
    -0.0180722177028656,
    0.02130945958197117,
    -0.04804027080535889,
    -0.044428303837776184,
    0.008909202180802822,
    -0.023400938138365746,
    0.04569688066840172,
    -0.026081448420882225,
    -0.08885376900434494,
    -0.0024905293248593807,
    0.003528030589222908,
    0.06820796430110931,
    0.032675664871931076,
    -0.03412182256579399,
    0.0036783257964998484,
    0.006998827680945396,
    0.003373058745637536,
    -0.021840887144207954,
    0.036956436932086945,
    0.020999589934945107,
    -0.01970565691590309,
    0.03354431688785553,
    0.07226435095071793,
    -1.9473916794341676e-32,
    0.02300553023815155,
    -0.03632562980055809,
    -0.06893081218004227,
    0.05041086673736572,
    0.07007929682731628,
    0.05511584132909775,
    -0.05732061341404915,
    -0.07957899570465088,
    0.07659578323364258,
    -0.017309173941612244,
    -0.03161747381091118,
    -0.036169443279504776,
    0.0285826213657856,
    -0.01322928722947836,
    -0.07543306052684784,
    -0.06613997370004654,
    -0.0019984424579888582,
    -0.027709702029824257,
    0.04350491613149643,
    0.07129904627799988,
    0.1127464696764946,
    -0.021605215966701508,
    -0.04183759167790413,
    0.04886602982878685,
    0.01098927017301321,
    -0.042022183537483215,
    -0.028989218175411224,
    -0.09786776453256607,
    0.052786458283662796,
    0.026816977187991142,
    -0.01777999848127365,
    -0.04562530666589737,
    -0.1133970245718956,
    0.03166387975215912,
    -0.03141485154628754,
    -0.13023380935192108,
    0.12467600405216217,
    -0.042912546545267105,
    -0.06307577341794968,
    -0.010074712336063385,
    0.015636686235666275,
    0.11682912707328796,
    -0.003217312740162015,
    -0.0208883173763752,
    -0.012290204875171185,
    -0.026096927002072334,
    0.026284504681825638,
    -0.028000833466649055,
    -0.0009632676956243813,
    -0.08429853618144989,
    0.03016907162964344,
    -0.06582264602184296,
    0.06508154422044754,
    0.012847661972045898,
    -0.03100629150867462,
    0.06353254616260529,
    0.002994780195876956,
    -0.02536841295659542,
    -0.031107570976018906,
    0.01441490463912487,
    0.05745135620236397,
    0.08773420751094818,
    -0.02392028272151947,
    0.024778131395578384,
    0.053792037069797516,
    0.006428011693060398,
    -0.053988415747880936,
    -0.003809267422184348,
    -0.03085683286190033,
    -0.03483261168003082,
    0.03508797660470009,
    -0.12416969239711761,
    -0.10918384045362473,
    -0.04809961095452309,
    0.13816404342651367,
    0.021779043599963188,
    -0.040501561015844345,
    -0.08700759708881378,
    -0.08995721489191055,
    0.015407140366733074,
    0.006360495928674936,
    0.06086202710866928,
    -0.027760179713368416,
    0.0703287348151207,
    -0.007157804444432259,
    0.08712449669837952,
    0.04190806299448013,
    -0.025448178872466087,
    0.04127970710396767,
    0.09000609815120697,
    -0.024234505370259285,
    0.009066203609108925,
    0.04305285960435867,
    0.05215911194682121,
    -0.07798789441585541,
    -5.4080029343595015e-08,
    -0.04706362262368202,
    0.003782070241868496,
    -0.013708780519664288,
    -0.03618818521499634,
    -0.051226697862148285,
    -0.053870946168899536,
    -0.0010659662075340748,
    -0.01525917649269104,
    -0.07240325212478638,
    -0.055785197764635086,
    0.06112438067793846,
    -0.018258903175592422,
    -0.029471511021256447,
    0.006464051082730293,
    0.05367770418524742,
    -0.011481963098049164,
    -0.004523221869021654,
    0.00015629125118721277,
    -0.07279756665229797,
    0.002031805692240596,
    -0.006144978571683168,
    -0.04821094870567322,
    -0.05039713904261589,
    0.05931098014116287,
    0.034245677292346954,
    0.030242327600717545,
    0.02302752435207367,
    0.11228122562170029,
    -0.002923317952081561,
    0.0655677318572998,
    -0.04278349131345749,
    0.061377156525850296,
    0.020585980266332626,
    -0.10660833865404129,
    -0.045412495732307434,
    0.012334025464951992,
    -0.020175766199827194,
    0.025798717513680458,
    0.05577385053038597,
    0.016265541315078735,
    -0.06989462673664093,
    -0.018416037783026695,
    0.07752984017133713,
    0.05826995149254799,
    0.019544800743460655,
    -0.008701886050403118,
    -0.06975673139095306,
    0.030164752155542374,
    -0.03531338647007942,
    -0.07460542023181915,
    -0.03794963285326958,
    -0.08443090319633484,
    0.019388472661376,
    -0.03131892904639244,
    0.006333274766802788,
    0.11562146991491318,
    0.11853168159723282,
    0.03282414749264717,
    -0.0034490555990487337,
    -0.059508875012397766,
    0.14982470870018005,
    0.13151071965694427,
    0.06620782613754272,
    0.0020577930845320225
]