[
    -0.05138006433844566,
    0.010798265226185322,
    -0.04108984395861626,
    -0.04603261500597,
    -0.04216737672686577,
    0.05408916622400284,
    -0.0226044449955225,
    -0.0767083689570427,
    -0.011564912274479866,
    0.017703581601381302,
    0.028190722689032555,
    -0.039818912744522095,
    0.02452765963971615,
    -0.04770994558930397,
    0.03813775256276131,
    -0.027439210563898087,
    0.07912301272153854,
    0.05939430743455887,
    -0.1038203090429306,
    0.04727734252810478,
    0.008723707869648933,
    0.06981167197227478,
    -0.02509838528931141,
    -0.034565284848213196,
    -0.16682595014572144,
    -0.026206906884908676,
    -0.022116411477327347,
    -0.09946402907371521,
    0.03184334188699722,
    -0.07752025127410889,
    0.01502021960914135,
    -0.04212320223450661,
    0.029546961188316345,
    0.08666744083166122,
    0.006918135564774275,
    0.013317362405359745,
    0.02240574359893799,
    0.039479244500398636,
    0.018704893067479134,
    0.0005380049697123468,
    -0.09291037917137146,
    -0.07382255047559738,
    -0.05348183214664459,
    -0.025728626176714897,
    0.03780098631978035,
    -0.01060827262699604,
    -0.07739858329296112,
    -0.046302929520606995,
    0.02534245327115059,
    -0.007266984321177006,
    -0.04844197630882263,
    -0.05786458030343056,
    -0.020913681015372276,
    0.08162903040647507,
    -0.08986224979162216,
    -0.026460634544491768,
    -0.02118382789194584,
    -0.026956263929605484,
    -0.08542802184820175,
    0.0007944634417071939,
    0.004991153720766306,
    0.00981229916214943,
    -0.007595327217131853,
    0.09386748820543289,
    -0.056411925703287125,
    0.05431925505399704,
    -0.03666098788380623,
    -0.020418040454387665,
    0.013794961385428905,
    -0.0018308983417227864,
    -0.06548808515071869,
    -0.01897680014371872,
    -0.023742172867059708,
    0.04880623519420624,
    -0.016193700954318047,
    0.023773038759827614,
    -0.05516396462917328,
    0.0032227567862719297,
    0.08012892305850983,
    -0.11272740364074707,
    -0.022203201428055763,
    0.04359675571322441,
    -0.01245561521500349,
    0.08280876278877258,
    -0.04500686377286911,
    -0.02802310697734356,
    -0.036134589463472366,
    -0.017162950709462166,
    -0.04216356202960014,
    -0.037696171551942825,
    0.09097877889871597,
    -0.05964035540819168,
    0.07984645664691925,
    -0.061237432062625885,
    0.05956155061721802,
    -0.034161292016506195,
    0.00019455495930742472,
    -0.006809810642153025,
    -0.011488054879009724,
    -0.011434043757617474,
    -0.05215788260102272,
    -0.009215369820594788,
    -0.043030060827732086,
    0.01180884800851345,
    -0.051533158868551254,
    -0.08451053500175476,
    0.0207511056214571,
    -0.03629425913095474,
    0.040802083909511566,
    0.03714209422469139,
    0.02994745597243309,
    0.033562880009412766,
    -0.09198437631130219,
    -0.13263414800167084,
    0.025402236729860306,
    -0.0406775139272213,
    -0.03145420178771019,
    0.04972848296165466,
    -0.0022768958006054163,
    0.008368706330657005,
    -0.017017053440213203,
    -0.02293122187256813,
    -0.05270544812083244,
    -0.09703311324119568,
    0.01763533428311348,
    0.026035906746983528,
    -0.03521211817860603,
    2.2518644058275164e-32,
    0.010813809931278229,
    0.03941997140645981,
    -0.030107788741588593,
    0.013599088415503502,
    0.021708860993385315,
    -0.007623984012752771,
    0.024637572467327118,
    -0.020697874948382378,
    -0.02965131215751171,
    0.08828210830688477,
    -0.02793952077627182,
    0.06572093814611435,
    -0.031189190223813057,
    -0.042895425111055374,
    -0.02743581496179104,
    0.010695138014853,
    0.008585263974964619,
    0.08802269399166107,
    -0.03917714208364487,
    0.08445620536804199,
    0.027808748185634613,
    -0.04080198332667351,
    0.03210502862930298,
    0.010380866006016731,
    0.00790444016456604,
    -0.004120378289371729,
    -0.00747654726728797,
    0.013668963685631752,
    0.0553937666118145,
    0.03158925473690033,
    0.043088845908641815,
    0.034585487097501755,
    0.01618681661784649,
    -0.02803727798163891,
    0.014377634972333908,
    0.09666462987661362,
    0.05170905217528343,
    -0.0679401159286499,
    0.09116230905056,
    -0.09037131816148758,
    -0.035542115569114685,
    0.010549349710345268,
    0.06973575055599213,
    0.008415690623223782,
    0.032127685844898224,
    -0.01951487734913826,
    0.05415620282292366,
    -0.0008716309093870223,
    0.0261222030967474,
    0.040765851736068726,
    -0.01837688870728016,
    0.011044060811400414,
    -0.012671207077801228,
    -0.007211478892713785,
    0.015117908827960491,
    -0.014706263318657875,
    -0.010798837058246136,
    0.049053631722927094,
    -0.05022739619016647,
    0.09803422540426254,
    -0.032675281167030334,
    0.03987673670053482,
    -0.026004774495959282,
    0.029033128172159195,
    -0.013366516679525375,
    -0.07831553369760513,
    -0.028680739924311638,
    -0.08551375567913055,
    0.06771039217710495,
    -0.021257704123854637,
    -0.04675387218594551,
    0.055086877197027206,
    -0.025867996737360954,
    0.030418559908866882,
    -0.03507866710424423,
    -0.027550630271434784,
    0.018748685717582703,
    -0.018915444612503052,
    0.04596512392163277,
    1.2302127288421616e-05,
    -0.09398052841424942,
    -0.008976452052593231,
    0.029736587777733803,
    0.09241814911365509,
    0.02310624159872532,
    -0.017912521958351135,
    0.05388134717941284,
    0.04570731148123741,
    -0.06859103590250015,
    -0.04580205678939819,
    -0.005309949163347483,
    0.014650904573500156,
    0.060744982212781906,
    0.06039903312921524,
    -0.006008422467857599,
    -2.2190381383336286e-32,
    0.014770378358662128,
    -0.07680711895227432,
    -0.043759483844041824,
    -0.0017835914622992277,
    0.049618545919656754,
    -0.00026612525107339025,
    -0.030047450214624405,
    -0.11659331619739532,
    0.054283495992422104,
    0.022353317588567734,
    0.05614059790968895,
    -0.013039164245128632,
    0.03012128919363022,
    -0.037158142775297165,
    -0.030869638547301292,
    -0.043499547988176346,
    -0.06670482456684113,
    -0.003522176295518875,
    -0.004501808434724808,
    0.10135355591773987,
    0.019690880551934242,
    -0.0008763254154473543,
    0.026384709402918816,
    0.10641885548830032,
    0.020779924467206,
    0.07727992534637451,
    -0.041086114943027496,
    -0.009739121422171593,
    0.07818733155727386,
    -0.0419786274433136,
    -0.04378185421228409,
    -0.06771857291460037,
    -0.058087725192308426,
    0.036756858229637146,
    -0.1032981127500534,
    -0.17633311450481415,
    0.04636067524552345,
    -0.07012239098548889,
    -0.0381070151925087,
    -0.01727130077779293,
    0.076510488986969,
    0.018172618001699448,
    -0.022315045818686485,
    0.009978540241718292,
    -0.0029120061080902815,
    -0.1129506304860115,
    0.030668094754219055,
    -0.01070545893162489,
    -0.020041516050696373,
    -0.01792021282017231,
    0.02661377377808094,
    -0.025652261450886726,
    -0.018717776983976364,
    0.06324253231287003,
    -0.01167954970151186,
    0.08320305496454239,
    -0.024500958621501923,
    -0.011678338050842285,
    -0.014745322987437248,
    -0.014338701963424683,
    0.07210563868284225,
    0.10228181630373001,
    -0.03245440497994423,
    0.08327281475067139,
    0.09961889684200287,
    -0.05004410818219185,
    -0.01696176826953888,
    -0.014768308959901333,
    -0.047610312700271606,
    -0.06993696093559265,
    -0.03888741135597229,
    -0.10474827885627747,
    -0.024761827662587166,
    -0.09016700834035873,
    0.07690410315990448,
    -0.06724309176206589,
    -0.05202082172036171,
    -0.13703154027462006,
    -0.057282015681266785,
    0.036758195608854294,
    0.024627787992358208,
    -0.026514669880270958,
    -0.06467342376708984,
    0.060773298144340515,
    0.014004387892782688,
    0.044254932552576065,
    0.08796077221632004,
    -0.057759564369916916,
    0.024808349087834358,
    0.08229832351207733,
    -0.08490455150604248,
    -0.02238544449210167,
    -0.04726730287075043,
    0.022355323657393456,
    -0.07110093533992767,
    -5.8309023387437264e-08,
    -0.037333667278289795,
    0.06308262795209885,
    0.01180677954107523,
    -0.056139059364795685,
    0.022016074508428574,
    -0.06821120530366898,
    -0.06360092759132385,
    -0.008917798288166523,
    -0.046952251344919205,
    -0.05933287739753723,
    0.07808484882116318,
    0.04645750671625137,
    -0.021908506751060486,
    -0.03498112037777901,
    0.06799594312906265,
    -0.012847745791077614,
    -0.05959288403391838,
    -0.0018612646963447332,
    -0.07453162968158722,
    0.025824761018157005,
    -0.0730959102511406,
    -0.03478129208087921,
    -0.026049844920635223,
    0.02568257413804531,
    0.04194563254714012,
    0.010066150687634945,
    -0.019543569535017014,
    0.02121475711464882,
    0.09182494878768921,
    0.10100547224283218,
    -0.024711858481168747,
    -0.03826218470931053,
    0.031990114599466324,
    -0.014808555133640766,
    -0.021686727181077003,
    0.0058398135006427765,
    0.005369734019041061,
    -0.033908721059560776,
    0.06239236146211624,
    0.017798399552702904,
    0.011769108474254608,
    0.039197370409965515,
    0.06686518341302872,
    0.1296522468328476,
    0.011499741114675999,
    -0.04982345923781395,
    -0.05279136821627617,
    0.040623266249895096,
    0.014564543031156063,
    -0.10617979615926743,
    -0.022891385480761528,
    -0.039391711354255676,
    0.042555589228868484,
    0.013643448241055012,
    -0.06606099754571915,
    0.05339780077338219,
    0.04623953253030777,
    0.055434200912714005,
    -0.011199945583939552,
    0.03934605419635773,
    0.09041349589824677,
    0.034552402794361115,
    0.035675615072250366,
    -0.020583011209964752
]