[
    0.0008909977041184902,
    0.006029956974089146,
    -0.015439516864717007,
    -0.0459810234606266,
    -0.06550370156764984,
    0.058722157031297684,
    0.013165275566279888,
    -0.00016633799532428384,
    -0.004475455265492201,
    0.03127147629857063,
    -0.007915250957012177,
    -0.03647393733263016,
    -0.00470268540084362,
    0.020097166299819946,
    0.11734112352132797,
    0.04860159382224083,
    0.09387148916721344,
    0.05433302000164986,
    -0.07463757693767548,
    0.023386411368846893,
    -0.06031133979558945,
    -0.01825200580060482,
    -0.0252881720662117,
    -0.007567068561911583,
    -0.07124756276607513,
    -0.05288968235254288,
    -0.04638269171118736,
    -0.05347183346748352,
    0.054122813045978546,
    -0.09642041474580765,
    0.020529478788375854,
    0.0596611425280571,
    0.051742035895586014,
    0.07131130993366241,
    -0.014418470673263073,
    0.0005066990270279348,
    -0.0006592257996089756,
    -0.035494767129421234,
    -0.004398633725941181,
    -0.01792898401618004,
    -0.018879704177379608,
    0.013727118261158466,
    -0.019614674150943756,
    -0.07198069244623184,
    -0.018243011087179184,
    0.006523639429360628,
    -0.006937895901501179,
    -0.018475523218512535,
    -0.05338144674897194,
    -0.005367015954107046,
    -0.041418347507715225,
    -0.049185071140527725,
    -0.014986541122198105,
    0.09414414316415787,
    -0.01725095883011818,
    0.02837124466896057,
    0.007268211338669062,
    0.04222575202584267,
    -0.018269075080752373,
    -0.022595597431063652,
    -0.01900804415345192,
    0.0194469653069973,
    -0.09824203699827194,
    0.07060341536998749,
    -0.027210764586925507,
    0.011482438072562218,
    0.02710437774658203,
    0.031189611181616783,
    0.009097183123230934,
    0.0035278804134577513,
    -0.027878081426024437,
    -0.0008790027932263911,
    0.05648139864206314,
    -0.007946217432618141,
    -0.01740347035229206,
    -0.01569247618317604,
    0.0011562313884496689,
    0.02120729722082615,
    0.08194395154714584,
    -0.05130019038915634,
    -0.05928077548742294,
    0.07494550198316574,
    -0.05862431228160858,
    -0.021006204187870026,
    -0.08985400199890137,
    -0.05888034403324127,
    -0.011459201574325562,
    0.015617892146110535,
    0.02056865766644478,
    -0.021108802407979965,
    0.020000148564577103,
    -0.05666635185480118,
    0.0666736364364624,
    -0.09169276058673859,
    -0.002770911203697324,
    0.03503744676709175,
    0.013548026792705059,
    -0.0001539808145025745,
    0.10124339908361435,
    0.008433273062109947,
    0.057632822543382645,
    0.03323332220315933,
    -0.011044193059206009,
    -0.09708510339260101,
    -0.05143459141254425,
    -0.04069768264889717,
    -0.03275756165385246,
    -0.02181970700621605,
    0.008377336896955967,
    0.02397572062909603,
    -0.04510590434074402,
    -0.04985933378338814,
    -0.02319345436990261,
    -0.07039305567741394,
    0.04000813513994217,
    0.06434327363967896,
    -0.026656415313482285,
    0.08502860367298126,
    0.025360237807035446,
    -0.07851219177246094,
    0.007389924488961697,
    0.028599873185157776,
    -0.03201066702604294,
    -0.07001173496246338,
    -0.00556076830253005,
    0.053840722888708115,
    -0.032490238547325134,
    1.733870330510198e-32,
    -0.004556477535516024,
    -0.06471319496631622,
    -0.12664958834648132,
    0.08980490267276764,
    0.09167928248643875,
    0.0023930720053613186,
    0.005810721777379513,
    -0.009280253201723099,
    -0.06788991391658783,
    0.03797008842229843,
    -0.00938746239989996,
    0.021930987015366554,
    0.004706312902271748,
    -0.05566136911511421,
    -0.06720853596925735,
    -0.03335446119308472,
    -0.08767317235469818,
    0.08162014186382294,
    -0.07527057826519012,
    0.006495124194771051,
    0.02910962887108326,
    0.0025323033332824707,
    0.03680829703807831,
    0.07173894345760345,
    0.03525339439511299,
    -0.029639236629009247,
    0.08512008190155029,
    -0.0470433346927166,
    -0.003875182708725333,
    -0.001704850816167891,
    0.029895732179284096,
    0.04127702862024307,
    0.029736798256635666,
    0.062036074697971344,
    0.06165975704789162,
    0.15693995356559753,
    -0.015295210294425488,
    -0.03415793180465698,
    0.08123841881752014,
    -0.062000975012779236,
    -0.09438268095254898,
    -0.023335330188274384,
    -0.0021862590219825506,
    -0.036737751215696335,
    0.029212497174739838,
    -0.0063573336228728294,
    -0.05517779290676117,
    -0.06722349673509598,
    0.046989280730485916,
    0.05192217975854874,
    0.009388062171638012,
    -0.012661751359701157,
    0.081458181142807,
    -0.011063368991017342,
    0.05018804967403412,
    -0.013534401543438435,
    -0.04878096282482147,
    0.01937715895473957,
    -0.043759457767009735,
    0.03387217968702316,
    -0.03869366645812988,
    0.02166839689016342,
    -0.06162317469716072,
    0.05767090991139412,
    -0.05928201600909233,
    -0.03872130438685417,
    -0.061181094497442245,
    -0.04944947734475136,
    0.08911310136318207,
    -0.08393863588571548,
    -0.016644662246108055,
    0.06560088694095612,
    0.05762626603245735,
    0.012109932489693165,
    -0.06137816235423088,
    -0.0374130941927433,
    -0.0341404564678669,
    -0.0469156876206398,
    0.019263770431280136,
    0.03555716201663017,
    -0.09447752684354782,
    -0.012674693018198013,
    0.012047622352838516,
    0.10020751506090164,
    0.07541495561599731,
    -0.06203046068549156,
    0.006135718431323767,
    -0.01623648963868618,
    -0.026638716459274292,
    -0.012726057320833206,
    0.00047894055023789406,
    0.027723507955670357,
    -0.0191277377307415,
    0.08106464147567749,
    0.07911498844623566,
    -1.749578461520236e-32,
    0.045610424131155014,
    -0.03682441636919975,
    -0.09438921511173248,
    0.052251700311899185,
    0.0587725006043911,
    0.05802306905388832,
    -0.07529281079769135,
    -0.06628575176000595,
    0.06965871900320053,
    -0.061346378177404404,
    -0.10106019675731659,
    -0.0029836553148925304,
    -0.02418232150375843,
    0.021079789847135544,
    -0.060613494366407394,
    -0.09601103514432907,
    -0.03727736324071884,
    -0.021358555182814598,
    0.07369957864284515,
    0.06762772053480148,
    0.08388805389404297,
    -0.011178736574947834,
    -0.04338022693991661,
    0.0824538916349411,
    0.03536435589194298,
    -0.059479985386133194,
    -0.005094427149742842,
    -0.07685822248458862,
    0.04391499608755112,
    0.06667022407054901,
    -0.006548556964844465,
    -0.0766865611076355,
    -0.11231836676597595,
    0.0010084410896524787,
    -0.03945153206586838,
    -0.09147147834300995,
    0.1314036250114441,
    -0.07983829826116562,
    -0.05330785736441612,
    -0.042058851569890976,
    0.0172492153942585,
    0.03189438208937645,
    0.024311423301696777,
    -0.028904540464282036,
    0.02529127709567547,
    -0.03921626880764961,
    0.002744941972196102,
    -0.06107058748602867,
    -0.015432987362146378,
    -0.0709582269191742,
    0.003897189162671566,
    -0.043698929250240326,
    0.00831827986985445,
    -0.018375780433416367,
    -0.03436372056603432,
    0.030695293098688126,
    0.0115137230604887,
    -0.05477939918637276,
    -0.04382001981139183,
    0.005752569064497948,
    0.04576140269637108,
    0.07668598741292953,
    0.012575846165418625,
    0.024881692603230476,
    0.025832686573266983,
    0.0018544548656791449,
    -0.0688992291688919,
    0.013544266112148762,
    -0.06829885393381119,
    -0.01281286496669054,
    0.00552199175581336,
    -0.10555251687765121,
    -0.052852049469947815,
    -0.014826963655650616,
    0.15249066054821014,
    0.01745670661330223,
    -0.01722797192633152,
    -0.08469878882169724,
    -0.06800201535224915,
    0.019683947786688805,
    0.011916225776076317,
    0.031219329684972763,
    -0.012792401947081089,
    0.057842351496219635,
    -0.004195399582386017,
    0.11094003170728683,
    0.010354275815188885,
    -0.01207529567182064,
    0.05213074013590813,
    0.060524776577949524,
    -0.03260449320077896,
    -0.03349573537707329,
    0.07040802389383316,
    0.04314501956105232,
    -0.03091074340045452,
    -5.1111598509123723e-08,
    -0.08432715386152267,
    0.022698616608977318,
    -0.005746293347328901,
    -0.02863427996635437,
    -0.024037182331085205,
    -0.007664223201572895,
    0.016077354550361633,
    0.035768549889326096,
    -0.03128936141729355,
    -0.030620776116847992,
    0.049514710903167725,
    -0.007272626738995314,
    -0.04375922679901123,
    -0.00909134279936552,
    0.04209856316447258,
    -0.021002400666475296,
    -0.019468307495117188,
    0.013871828094124794,
    -0.09295446425676346,
    -0.004941308870911598,
    -0.00957112479954958,
    -0.04004504904150963,
    -0.07345788925886154,
    0.03123956173658371,
    0.008660897612571716,
    -0.013637133873999119,
    0.03144240006804466,
    0.12964940071105957,
    -0.028771787881851196,
    0.02915029227733612,
    -0.06993205100297928,
    0.06602617353200912,
    -0.02390178106725216,
    -0.07143495231866837,
    0.0116283493116498,
    0.01198786124587059,
    -0.008352987468242645,
    0.035604897886514664,
    0.06192667409777641,
    0.03187292814254761,
    -0.1187187060713768,
    0.01193303894251585,
    0.043943166732788086,
    0.02590056136250496,
    0.0158796776086092,
    0.024387139827013016,
    -0.09233516454696655,
    0.042663343250751495,
    0.004640917293727398,
    -0.10024867951869965,
    -0.0004903653170913458,
    -0.046578604727983475,
    0.0045659239403903484,
    -0.03633520379662514,
    -0.006903438828885555,
    0.10480726510286331,
    0.13096794486045837,
    0.05320676416158676,
    0.030683986842632294,
    -0.03441354259848595,
    0.08376321196556091,
    0.07282302528619766,
    0.024641547352075577,
    0.024197453632950783
]