[
    -0.03994418680667877,
    0.009504834190011024,
    -0.007138047832995653,
    -0.07530776411294937,
    -0.07249536365270615,
    0.009291302412748337,
    0.014996935613453388,
    0.00040171912405639887,
    -0.02933689020574093,
    0.047076594084501266,
    0.009740853682160378,
    -0.007943930104374886,
    -0.0053907763212919235,
    -0.016876811161637306,
    0.04212770611047745,
    0.09511378407478333,
    0.08100591599941254,
    0.05201471224427223,
    -0.08262887597084045,
    0.05758235603570938,
    0.03785824403166771,
    0.03842739760875702,
    -0.04896951839327812,
    -0.012489428743720055,
    -0.12151769548654556,
    -0.026390917599201202,
    -0.027153506875038147,
    -0.029294930398464203,
    0.083224818110466,
    -0.08145402371883392,
    0.03311989828944206,
    0.05632076412439346,
    0.030777880921959877,
    0.05659300461411476,
    0.02112577110528946,
    -0.01294898521155119,
    0.014484775252640247,
    -0.053967200219631195,
    0.02513658069074154,
    -0.018415937200188637,
    0.006690606940537691,
    0.010332639329135418,
    -0.028860999271273613,
    -0.051923152059316635,
    -0.004598756320774555,
    0.03202077001333237,
    -0.03657839819788933,
    -0.023520303890109062,
    -0.02276858687400818,
    0.005242214538156986,
    -0.08699579536914825,
    -0.0523265041410923,
    -0.029841480776667595,
    0.05668659880757332,
    -0.03987345099449158,
    -0.005066380370408297,
    0.017056424170732498,
    0.05304790660738945,
    -0.01087621133774519,
    -0.00914126355201006,
    0.012152831070125103,
    -0.00598851777613163,
    -0.052656389772892,
    0.03542556241154671,
    -0.004924135282635689,
    0.03477047011256218,
    0.009658746421337128,
    -0.06672767549753189,
    0.026125114411115646,
    -0.0010354401310905814,
    -0.01648501493036747,
    0.013951380737125874,
    0.04948582872748375,
    0.002663260791450739,
    -0.11071287095546722,
    -0.0062639350071549416,
    -0.029302993789315224,
    -0.007010574918240309,
    0.004007253795862198,
    -0.08396090567111969,
    -0.06772574782371521,
    -0.02210160903632641,
    -0.07477326691150665,
    0.0057222587056458,
    -0.02314000576734543,
    -0.06491921097040176,
    -0.04995125159621239,
    -0.0015206850366666913,
    0.07527979463338852,
    0.06825888901948929,
    0.09531846642494202,
    -0.07045287638902664,
    0.05744607746601105,
    -0.0760066881775856,
    0.06072607636451721,
    -0.0029910458251833916,
    0.04061923176050186,
    -0.007528994232416153,
    0.07841562479734421,
    0.04209906980395317,
    0.03817647323012352,
    0.03040304034948349,
    -0.0529731847345829,
    -0.05672404170036316,
    -0.0012115336721763015,
    -0.03661750629544258,
    -0.022995494306087494,
    0.0028525558300316334,
    -0.018907597288489342,
    -0.013936713337898254,
    -0.019419200718402863,
    -0.04223179072141647,
    -0.0034142001532018185,
    -0.10591226816177368,
    -0.0012623975053429604,
    0.04989320784807205,
    -0.023740334436297417,
    0.057028137147426605,
    -0.011252477765083313,
    -0.07813003659248352,
    -0.03481004387140274,
    0.021420061588287354,
    -0.05936650559306145,
    -0.05573861300945282,
    0.008012265898287296,
    -0.02932841144502163,
    -0.012171957641839981,
    2.07930242287398e-32,
    -0.024290863424539566,
    -0.026198986917734146,
    -0.09217163920402527,
    0.01132725179195404,
    0.0657602995634079,
    0.0005419139633886516,
    -0.007497395388782024,
    -0.029381312429904938,
    -0.03528290241956711,
    -0.006305506452918053,
    0.015368104912340641,
    0.03389982506632805,
    0.01694781519472599,
    -0.11201334744691849,
    -0.09815823286771774,
    -0.006222582887858152,
    -0.03314319998025894,
    0.05333404988050461,
    -0.06498201936483383,
    0.021931318566203117,
    0.06486839056015015,
    -0.030649475753307343,
    0.004314787685871124,
    0.040454987436532974,
    -0.04109000414609909,
    0.025814238935709,
    0.043300386518239975,
    -0.027977418154478073,
    0.0046189711429178715,
    0.011079419404268265,
    0.03501668572425842,
    -0.0025653778575360775,
    0.03188787400722504,
    -0.005929884966462851,
    0.09300684928894043,
    0.1196056455373764,
    -0.02008502371609211,
    -0.04799539968371391,
    0.09126907587051392,
    -0.08337291330099106,
    -0.059085629880428314,
    -0.006197012960910797,
    0.018960777670145035,
    -0.02278863824903965,
    -0.01919967122375965,
    -0.02551562711596489,
    -0.03964289277791977,
    0.02578728273510933,
    0.07406240701675415,
    0.09825746715068817,
    0.05051792040467262,
    -0.04262707009911537,
    0.10316357761621475,
    -0.026323851197957993,
    0.02783454954624176,
    0.0021812119521200657,
    -0.06866979598999023,
    0.062039412558078766,
    -0.046829935163259506,
    0.046321623027324677,
    -0.015601875260472298,
    0.012581510469317436,
    -0.03480955585837364,
    0.011969044804573059,
    -0.043460965156555176,
    -0.06803754717111588,
    -0.04974988102912903,
    -0.027421634644269943,
    0.07554543763399124,
    -0.08227188885211945,
    -0.03986002132296562,
    0.04668271541595459,
    0.041585203260183334,
    0.04621349647641182,
    -0.03409390151500702,
    -0.02822299860417843,
    -0.009802651591598988,
    -0.04992349073290825,
    -0.021710697561502457,
    -0.05416558310389519,
    -0.10503387451171875,
    -0.013344955630600452,
    0.02079160325229168,
    0.0552946999669075,
    0.08404357731342316,
    -0.017711365595459938,
    -0.017043251544237137,
    0.03131633624434471,
    -0.03526504337787628,
    -0.010990554466843605,
    0.023580096662044525,
    0.0361650213599205,
    -0.06208641827106476,
    0.08444444090127945,
    0.06600681692361832,
    -1.998322176235451e-32,
    0.023330193012952805,
    -0.04172182083129883,
    -0.10112455487251282,
    0.04191017523407936,
    0.04008385166525841,
    0.04313318058848381,
    -0.07781986147165298,
    -0.08398894965648651,
    0.09227268397808075,
    -0.012830882333219051,
    -0.04469522088766098,
    -0.03424059599637985,
    0.02789478376507759,
    -0.016991401091217995,
    -0.08487976342439651,
    -0.052786365151405334,
    -0.05859477445483208,
    0.02135252207517624,
    0.07289867103099823,
    0.06718091666698456,
    0.041401591151952744,
    0.035573285073041916,
    -0.05237144976854324,
    0.0828273668885231,
    0.00558895617723465,
    -0.007067330181598663,
    0.009935304522514343,
    -0.044352348893880844,
    0.054854147136211395,
    0.09326533228158951,
    -0.0228207278996706,
    -0.105015330016613,
    -0.0790691152215004,
    0.06029767915606499,
    -0.02443121187388897,
    -0.15696242451667786,
    0.15590867400169373,
    -0.035404957830905914,
    -0.04410883039236069,
    0.009829683229327202,
    0.016629422083497047,
    0.09763176739215851,
    0.05093557760119438,
    -0.020841257646679878,
    -0.0031369677744805813,
    0.00040816960972733796,
    0.031825337558984756,
    0.0015470123616978526,
    -0.03390692174434662,
    -0.06451083719730377,
    0.050349581986665726,
    -0.032337650656700134,
    0.027085542678833008,
    0.030762676149606705,
    -0.02439172752201557,
    0.04670979455113411,
    -0.006676909048110247,
    -0.025184214115142822,
    -0.0449528694152832,
    0.022318731993436813,
    0.07395759969949722,
    0.08589717000722885,
    -0.016874458640813828,
    0.002443759236484766,
    0.06060900166630745,
    0.019194921478629112,
    -0.048006076365709305,
    -0.06124812364578247,
    -0.047089602798223495,
    -0.053830619901418686,
    -0.008682229556143284,
    -0.13250595331192017,
    -0.09456484764814377,
    -0.013406787067651749,
    0.1498984843492508,
    0.00995505042374134,
    0.03895429149270058,
    -0.035145021975040436,
    -0.07251481711864471,
    0.014339080080389977,
    0.042943622916936874,
    0.02287166938185692,
    -0.026653777807950974,
    0.058408189564943314,
    -0.03402872383594513,
    0.11258083581924438,
    -0.015649165958166122,
    -0.055526286363601685,
    0.03697698935866356,
    0.0940229594707489,
    -0.021099522709846497,
    0.0060706976801157,
    0.06395377963781357,
    0.02920164167881012,
    -0.061363376677036285,
    -5.519327217484715e-08,
    -0.08469915390014648,
    0.034549545496702194,
    -0.014013783074915409,
    -0.02408500388264656,
    -0.03245566785335541,
    -0.002072181785479188,
    -0.019009092822670937,
    0.02975664660334587,
    -0.055052246898412704,
    -0.108070008456707,
    0.06852306425571442,
    0.0013472503051161766,
    -0.025154953822493553,
    -0.015140258707106113,
    0.02677641063928604,
    -0.04799749702215195,
    -0.027212269604206085,
    0.00497729005292058,
    -0.09260906279087067,
    0.03628665953874588,
    0.0029767549131065607,
    -0.0711086243391037,
    -0.02181057818233967,
    0.028167730197310448,
    0.02924383245408535,
    -0.013128022663295269,
    0.019812053069472313,
    0.10308782756328583,
    -0.02527298592031002,
    0.044284313917160034,
    -0.04031120240688324,
    0.0667211040854454,
    0.024089211598038673,
    -0.09770752489566803,
    -0.031913839280605316,
    0.02813868224620819,
    -0.007713870145380497,
    0.010862800292670727,
    0.0790356695652008,
    0.04274299740791321,
    -0.06046252325177193,
    0.050336651504039764,
    0.022659042850136757,
    0.02913583070039749,
    0.01189713180065155,
    0.019902219995856285,
    -0.0366072803735733,
    0.01061311922967434,
    -0.020594904199242592,
    -0.06213720887899399,
    -0.0060969023033976555,
    -0.09196192771196365,
    -0.00453842943534255,
    -0.020713506266474724,
    -0.036390312016010284,
    0.0759660005569458,
    0.07390084117650986,
    0.02758822590112686,
    -0.011058435775339603,
    -0.05935049057006836,
    0.1378338485956192,
    0.12041235715150833,
    0.03860843554139137,
    0.00923681166023016
]