[
    -0.07086412608623505,
    -0.0442865751683712,
    0.0003022506134584546,
    -0.05483769252896309,
    -0.08561383932828903,
    0.05362297222018242,
    -0.0643492341041565,
    -0.04088812693953514,
    -0.03584935516119003,
    0.05235015228390694,
    -0.009056732058525085,
    -0.0012441707076504827,
    0.009590506553649902,
    -0.008198501542210579,
    0.024172170087695122,
    0.04744853079319,
    0.08062927424907684,
    0.0525231808423996,
    -0.0747704803943634,
    0.06811261177062988,
    0.06308077275753021,
    0.02111481875181198,
    -0.03968159481883049,
    -0.016992731019854546,
    -0.1009335070848465,
    -0.008479050360620022,
    -0.04572523385286331,
    -0.05266515910625458,
    0.04006802290678024,
    -0.09446662664413452,
    0.035370465368032455,
    0.03514811769127846,
    0.04581509903073311,
    0.04251886531710625,
    0.020370835438370705,
    0.007442258298397064,
    -0.008400904946029186,
    -0.08219842612743378,
    0.03716316819190979,
    -0.04760149493813515,
    -0.035476263612508774,
    -0.026078641414642334,
    -0.011840475723147392,
    -0.018407927826046944,
    0.006371504161506891,
    0.03313923627138138,
    -0.018471287563443184,
    -0.047298774123191833,
    -0.03744567185640335,
    0.024873515591025352,
    -0.03818308934569359,
    -0.022852938622236252,
    0.000288978946628049,
    0.061652738600969315,
    -0.045083317905664444,
    -0.0522790402173996,
    -0.0027007698081433773,
    0.02490018494427204,
    -0.03903460502624512,
    -0.031479064375162125,
    -0.011562807485461235,
    0.029225919395685196,
    -0.05682005360722542,
    0.04796344414353371,
    -0.0946677029132843,
    0.04327985644340515,
    0.005366689525544643,
    -0.03799769654870033,
    0.030514711514115334,
    0.015355409123003483,
    -0.08338690549135208,
    0.04239524155855179,
    0.021146181970834732,
    0.044971611350774765,
    -0.0753217339515686,
    -0.007614114787429571,
    0.005010569468140602,
    0.010542013682425022,
    0.01145023014396429,
    -0.1164676621556282,
    -0.0400729738175869,
    -0.030313989147543907,
    -0.028253082185983658,
    0.0025227151345461607,
    -0.04953422397375107,
    -0.0628032311797142,
    -0.04488268867135048,
    0.064766064286232,
    0.08382548391819,
    0.05705159902572632,
    0.07650158554315567,
    -0.0115572614595294,
    0.060512155294418335,
    -0.09926598519086838,
    0.08128517121076584,
    -0.03754657134413719,
    0.01945210061967373,
    0.03215843066573143,
    0.08280046284198761,
    0.03981306776404381,
    0.051784466952085495,
    0.004898743238300085,
    -0.051816876977682114,
    -0.043624844402074814,
    -0.0237002894282341,
    -0.027407580986618996,
    -0.03019893914461136,
    0.0008322868379764259,
    -0.03663265332579613,
    0.012021301314234734,
    0.013372752815485,
    -0.03133225068449974,
    -0.020221544429659843,
    -0.11321406066417694,
    0.002450154395774007,
    0.03012307547032833,
    -0.057230640202760696,
    0.06076084077358246,
    0.02375607192516327,
    -0.04312363266944885,
    -0.022181421518325806,
    0.01467761117964983,
    -0.05846135690808296,
    -0.05290677770972252,
    0.040029481053352356,
    0.012455244548618793,
    -0.01212232280522585,
    2.3855003341639543e-32,
    -0.0464191697537899,
    -0.03393079340457916,
    -0.08820531517267227,
    0.01187975239008665,
    0.026937147602438927,
    -0.005365685094147921,
    0.022408518940210342,
    -0.02023434452712536,
    -0.07702723890542984,
    0.013477673754096031,
    0.03543888404965401,
    -0.018671514466404915,
    0.02720111981034279,
    -0.09906797856092453,
    -0.07399715483188629,
    -0.06597912311553955,
    0.00990046001970768,
    0.051944099366664886,
    -0.04146774858236313,
    0.011144953779876232,
    0.049051765352487564,
    -0.03389118239283562,
    0.008781282231211662,
    0.014572033658623695,
    -0.021640602499246597,
    0.00018079837900586426,
    0.02408139407634735,
    -0.028353994712233543,
    -0.009426984004676342,
    0.012290636077523232,
    0.04709721729159355,
    -0.019565816968679428,
    -0.004117863718420267,
    0.005832253955304623,
    0.07322876900434494,
    0.079807348549366,
    -0.0021033186931163073,
    -0.05548597872257233,
    0.0794808566570282,
    -0.08640787750482559,
    -0.041988007724285126,
    -0.03358658403158188,
    -0.03819279372692108,
    -0.03530082479119301,
    -0.023936482146382332,
    -0.05086208134889603,
    -0.01858365535736084,
    0.03141799569129944,
    0.07218394428491592,
    0.07794442772865295,
    0.034302968531847,
    -0.03370761498808861,
    0.053468361496925354,
    -0.029536547139286995,
    0.01553291268646717,
    0.003204867709428072,
    -0.05866376683115959,
    0.05391927808523178,
    -0.06474240869283676,
    0.04397501051425934,
    -0.05137559399008751,
    0.02409493923187256,
    -0.053097326308488846,
    0.012890518642961979,
    -0.016935858875513077,
    -0.0606253556907177,
    -0.06369366496801376,
    -0.03815010190010071,
    0.08474051207304001,
    -0.056794241070747375,
    -0.012159092351794243,
    0.011897736229002476,
    0.035889267921447754,
    0.021111181005835533,
    -0.02223818376660347,
    -0.02520199492573738,
    0.016768749803304672,
    -0.04456459358334541,
    0.0022148091811686754,
    -0.017961032688617706,
    -0.12515966594219208,
    -0.017344247549772263,
    0.013686224818229675,
    0.04045344144105911,
    0.1089208573102951,
    -0.04871402308344841,
    0.0074183521792292595,
    0.019915958866477013,
    -0.06275429576635361,
    -0.03914826735854149,
    0.04763965681195259,
    -0.007806350011378527,
    -0.03237810358405113,
    0.05179806426167488,
    0.05628512054681778,
    -2.3254956087214982e-32,
    0.014751904644072056,
    -0.015796184539794922,
    -0.0830872505903244,
    0.06515651196241379,
    0.03216485679149628,
    0.05106498673558235,
    -0.0748170018196106,
    -0.11487356573343277,
    0.09895027428865433,
    -0.013685652986168861,
    -0.037236664444208145,
    -0.015977099537849426,
    0.018303928896784782,
    -0.023759283125400543,
    -0.04464661702513695,
    -0.0699038878083229,
    -0.03947976231575012,
    0.001135283149778843,
    0.05067947506904602,
    0.09134510159492493,
    0.0018835121300071478,
    0.06113589182496071,
    0.0035240615252405405,
    0.08111628890037537,
    0.019995510578155518,
    0.0029172750655561686,
    -0.02979767695069313,
    -0.010695242322981358,
    0.059133756905794144,
    0.08439011126756668,
    -0.04669167846441269,
    -0.1383436918258667,
    -0.08737026154994965,
    0.042006585747003555,
    -0.03490094467997551,
    -0.15992893278598785,
    0.0816415473818779,
    -0.02234184555709362,
    -0.040795981884002686,
    0.008808146230876446,
    0.03077823482453823,
    0.08641212433576584,
    0.05432296544313431,
    -0.010576266795396805,
    -0.0299421064555645,
    -0.01772635243833065,
    -0.0008634006953798234,
    -0.0175828468054533,
    -0.044446464627981186,
    -0.04533480480313301,
    -0.010737642645835876,
    0.021383635699748993,
    0.018312618136405945,
    0.02082117274403572,
    0.0015899583231657743,
    0.03203566372394562,
    0.006206732243299484,
    -0.03442666679620743,
    -0.010219276882708073,
    0.005415290594100952,
    0.08296220004558563,
    0.11703434586524963,
    -0.006181682925671339,
    -0.01776614971458912,
    0.100410096347332,
    -0.024823972955346107,
    -0.08256324380636215,
    -0.05606876686215401,
    -0.03293886035680771,
    -0.062169149518013,
    0.013257456012070179,
    -0.1084592416882515,
    -0.08333467692136765,
    -0.012995203956961632,
    0.14735624194145203,
    0.009098292328417301,
    0.04907696321606636,
    -0.05247614160180092,
    -0.081926129758358,
    0.0034593830350786448,
    0.03315454721450806,
    0.03900190815329552,
    -0.03443319723010063,
    0.0548558346927166,
    -0.03576284274458885,
    0.09738579392433167,
    0.0017757690511643887,
    -0.05185609683394432,
    0.055310409516096115,
    0.10895269364118576,
    -0.012807588092982769,
    0.03639424592256546,
    0.046322401612997055,
    0.0752127468585968,
    -0.059893809258937836,
    -6.480606629111207e-08,
    -0.07902286946773529,
    0.03275022283196449,
    -0.030579933896660805,
    -0.026594821363687515,
    0.009597188793122768,
    -0.0030094189569354057,
    0.025540592148900032,
    0.03318651393055916,
    -0.06733988225460052,
    -0.06768529117107391,
    0.11701314896345139,
    -0.019925223663449287,
    0.026286926120519638,
    -0.04534351825714111,
    0.035044196993112564,
    -0.04116719588637352,
    -0.0560552179813385,
    0.01297642569988966,
    -0.12502746284008026,
    0.019347451627254486,
    0.003122464520856738,
    -0.08797065168619156,
    -0.05626050382852554,
    0.05605965852737427,
    0.012232968583703041,
    -0.01381539087742567,
    -0.017324117943644524,
    0.03572281450033188,
    0.019152605906128883,
    0.03222111985087395,
    -0.022719575092196465,
    0.059156302362680435,
    0.024578368291258812,
    -0.08731883764266968,
    -0.033964917063713074,
    0.031649135053157806,
    -0.01972033642232418,
    0.01314446609467268,
    0.08151080459356308,
    0.09645292907953262,
    -0.06086604297161102,
    0.08734092116355896,
    0.06122248247265816,
    0.049247756600379944,
    0.023326601833105087,
    0.006339564919471741,
    -0.07022111117839813,
    -0.006398512050509453,
    -0.01872292533516884,
    -0.09531396627426147,
    -0.0036866492591798306,
    -0.08094298839569092,
    0.0006237872294150293,
    0.010813701897859573,
    -0.027738133445382118,
    0.12341119349002838,
    0.08831306546926498,
    0.06109447032213211,
    0.025080299004912376,
    -0.016995714977383614,
    0.08511724323034286,
    0.09944924712181091,
    0.022666390985250473,
    -0.003649679245427251
]