[
    -0.051971811801195145,
    0.03977042809128761,
    -0.004403130151331425,
    -0.06641525030136108,
    -0.044096700847148895,
    0.058552853763103485,
    -0.03294166177511215,
    -0.06031796336174011,
    0.01817202940583229,
    0.052791230380535126,
    0.028211379423737526,
    -0.0016758684068918228,
    -0.0312457587569952,
    0.03180936351418495,
    0.025769446045160294,
    0.03743809461593628,
    0.07356244325637817,
    0.05109824612736702,
    -0.08005999028682709,
    0.014683823101222515,
    0.02634957619011402,
    0.02962605096399784,
    -0.025699594989418983,
    -0.003444935427978635,
    -0.14390186965465546,
    -0.013538148254156113,
    -0.030449703335762024,
    -0.028231516480445862,
    0.07392781227827072,
    -0.090439572930336,
    -0.018771041184663773,
    0.023021018132567406,
    0.042605265974998474,
    0.0786375105381012,
    -0.01933114230632782,
    -0.01240655779838562,
    0.036936964839696884,
    -0.1129150390625,
    0.003937652800232172,
    -0.010658400133252144,
    -0.011715119704604149,
    -0.011186973191797733,
    -0.03483576700091362,
    0.00017406402912456542,
    -0.00923904124647379,
    -0.04023755341768265,
    0.012442919425666332,
    -0.016741158440709114,
    -0.09040951728820801,
    -0.018268855288624763,
    -0.05821114405989647,
    -0.04991363361477852,
    -0.047362398356199265,
    0.09182146936655045,
    -0.017812473699450493,
    -0.07741580158472061,
    0.014200875535607338,
    0.03220820054411888,
    0.0042468104511499405,
    -0.0019512734143063426,
    0.02767811343073845,
    0.005254440475255251,
    -0.1248442605137825,
    0.047521065920591354,
    -0.02323179692029953,
    -0.017858823761343956,
    0.012188483029603958,
    0.005738279316574335,
    0.00425345916301012,
    0.031023703515529633,
    -0.04960208386182785,
    -0.0350835882127285,
    0.035476140677928925,
    -0.010326513089239597,
    -0.02240099385380745,
    0.011500474996864796,
    -0.0046464428305625916,
    0.020200278609991074,
    0.03558990731835365,
    -0.08265992999076843,
    -0.08562186360359192,
    -0.01976802945137024,
    -0.009512865915894508,
    0.030013268813490868,
    -0.06781584024429321,
    -0.07761704176664352,
    -0.016958199441432953,
    -0.007546550594270229,
    0.07174419611692429,
    0.0218312069773674,
    0.06343036890029907,
    -0.0636245459318161,
    0.11060884594917297,
    -0.08724731206893921,
    0.02274584025144577,
    0.01562422327697277,
    0.030170802026987076,
    -0.02998732216656208,
    0.05804292485117912,
    -0.00952143780887127,
    0.08215568959712982,
    0.032258834689855576,
    -0.08179543912410736,
    -0.019986804574728012,
    0.023798923939466476,
    -0.043492164462804794,
    -0.010084581561386585,
    -0.021290870383381844,
    -0.02930612675845623,
    0.02180580236017704,
    -0.004153592977672815,
    0.022583769634366035,
    -0.014372971840202808,
    -0.0937434583902359,
    0.03982333838939667,
    0.05883977189660072,
    -0.0021655906457453966,
    0.09199787676334381,
    0.012812023051083088,
    -0.09044640511274338,
    -0.044034067541360855,
    0.0476934053003788,
    -0.0014482177793979645,
    -0.08594878017902374,
    0.00965089164674282,
    0.02776447869837284,
    -0.0818549394607544,
    1.56897932981654e-32,
    -0.007470158394426107,
    -0.0719868540763855,
    -0.1727951467037201,
    -0.019190363585948944,
    0.03165845200419426,
    0.008515998721122742,
    0.007661482784897089,
    0.01181798055768013,
    -0.08868694305419922,
    0.05947466194629669,
    -0.004920252598822117,
    0.027728905901312828,
    -0.004423283040523529,
    -0.046104930341243744,
    -0.038866423070430756,
    0.04352271929383278,
    -0.004134282935410738,
    0.06649336963891983,
    -0.0012665134854614735,
    0.02368992194533348,
    0.03781944513320923,
    -0.065854012966156,
    0.028504978865385056,
    0.04970047250390053,
    -0.019815009087324142,
    0.006004983559250832,
    0.03962037339806557,
    -0.04168202728033066,
    -0.03994922339916229,
    0.02029273472726345,
    0.05169681832194328,
    0.035063885152339935,
    0.06687495112419128,
    0.03317325562238693,
    0.04727189987897873,
    0.13593077659606934,
    -0.04395359754562378,
    -0.02275869809091091,
    0.076205775141716,
    -0.051096439361572266,
    -0.053795404732227325,
    -0.006684174295514822,
    -0.009562479332089424,
    -0.02194729633629322,
    0.030497482046484947,
    -0.00943437498062849,
    -0.028182076290249825,
    -0.011748936958611012,
    0.12152430415153503,
    0.008833802305161953,
    0.024090148508548737,
    -0.010303793475031853,
    0.10735000669956207,
    -0.032309066504240036,
    -0.01589048095047474,
    0.02472997084259987,
    -0.05794127658009529,
    0.053262099623680115,
    -0.02674081362783909,
    0.04090631380677223,
    -0.04672035947442055,
    0.01177614089101553,
    -0.03234582766890526,
    0.06737188249826431,
    -0.003466743743047118,
    -0.034033067524433136,
    -0.06182529777288437,
    -0.025422265753149986,
    0.0451180599629879,
    -0.035086773335933685,
    -0.03388114273548126,
    0.06065976619720459,
    0.054573312401771545,
    -0.0019785037729889154,
    -0.053833406418561935,
    -0.020503276959061623,
    0.038578908890485764,
    -0.05190785974264145,
    0.045954130589962006,
    -0.04178149625658989,
    -0.1131238117814064,
    -0.019294381141662598,
    0.0915452241897583,
    0.012415220960974693,
    -0.018747171387076378,
    -0.006103509105741978,
    0.004754098132252693,
    0.010189147666096687,
    0.008874362334609032,
    -0.007631712127476931,
    0.04160603508353233,
    -0.015287505462765694,
    0.003126403084024787,
    0.07116654515266418,
    0.08009858429431915,
    -1.5878341122669357e-32,
    0.017097266390919685,
    -0.055511344224214554,
    -0.07660152018070221,
    0.017026036977767944,
    0.006624155677855015,
    0.01953117363154888,
    -0.09213129431009293,
    -0.08060787618160248,
    0.02592812106013298,
    -0.04135001078248024,
    -0.03892616182565689,
    -0.04687700793147087,
    0.019651412963867188,
    -0.012239625677466393,
    -0.021175390109419823,
    -0.05565764382481575,
    0.008604053407907486,
    -0.03162156045436859,
    0.0275393296033144,
    0.05560418218374252,
    0.10233893245458603,
    -0.008931539952754974,
    -0.04593902826309204,
    0.08105599135160446,
    -0.030601290985941887,
    -0.047080978751182556,
    0.012989579699933529,
    -0.12393709272146225,
    0.03782759979367256,
    0.09566141664981842,
    0.0039479900151491165,
    -0.031429193913936615,
    -0.08406037837266922,
    0.06755093485116959,
    -0.02544448897242546,
    -0.1579870581626892,
    0.10421052575111389,
    -0.034647874534130096,
    -0.0625516027212143,
    -0.04007602110505104,
    0.026782555505633354,
    0.10912712663412094,
    -0.040377769619226456,
    0.00858626700937748,
    0.009996261447668076,
    -0.04075784608721733,
    0.049471620470285416,
    -0.008480498567223549,
    0.0012034571263939142,
    -0.06944084912538528,
    0.022319713607430458,
    -0.0383945070207119,
    -0.012543999589979649,
    0.024378575384616852,
    -0.030068187043070793,
    0.09406612068414688,
    0.01610569655895233,
    -0.04621820151805878,
    -0.02828029729425907,
    0.052439622581005096,
    0.036578357219696045,
    0.04319815710186958,
    -0.021620096638798714,
    0.025343628600239754,
    0.08073664456605911,
    0.023825960233807564,
    -0.06913149356842041,
    0.00011287457891739905,
    -0.003329833736643195,
    -0.020992709323763847,
    0.026648882776498795,
    -0.05990610271692276,
    -0.04929371550679207,
    -0.04291253909468651,
    0.10800288617610931,
    -0.03125371038913727,
    -0.021019436419010162,
    -0.07269392907619476,
    -0.137405127286911,
    0.09315702319145203,
    0.0585244745016098,
    0.06210267171263695,
    -0.030080553144216537,
    0.06386983394622803,
    0.009846343658864498,
    0.07379645854234695,
    0.06961549818515778,
    -0.008918480016291142,
    0.013204092159867287,
    0.07766830176115036,
    -0.035318925976753235,
    -0.016097107902169228,
    -0.010590909980237484,
    0.016598043963313103,
    -0.026980437338352203,
    -4.866202019115917e-08,
    -0.09044736623764038,
    -0.009269793517887592,
    -0.053899023681879044,
    0.031691741198301315,
    -0.054566819220781326,
    0.049563467502593994,
    -0.04960435628890991,
    0.05171658843755722,
    -0.07580384612083435,
    -0.050964802503585815,
    0.04459064453840256,
    0.004901406355202198,
    -0.04870154336094856,
    0.018270380795001984,
    0.027928179129958153,
    -0.02631913498044014,
    0.0043436321429908276,
    0.03836354613304138,
    -0.09733627736568451,
    0.020180057734251022,
    -0.025838784873485565,
    -0.03993557393550873,
    0.017476439476013184,
    0.01670202799141407,
    0.011685957200825214,
    -0.018366409465670586,
    -0.0019724243320524693,
    0.1079111397266388,
    0.0638868436217308,
    0.03843405097723007,
    -0.0330827459692955,
    0.033271368592977524,
    0.017895622178912163,
    -0.07622131705284119,
    -0.02572036348283291,
    0.01150920893996954,
    -0.014411717653274536,
    0.01290112268179655,
    0.04470406845211983,
    0.04390657693147659,
    -0.016616204753518105,
    0.029423898085951805,
    0.04528703913092613,
    0.07074470072984695,
    -0.014084451831877232,
    -0.03995436057448387,
    -0.12118151038885117,
    0.020939523354172707,
    0.04042693227529526,
    -0.05464005470275879,
    0.02336135506629944,
    -0.06159625202417374,
    -0.011633853428065777,
    0.016581518575549126,
    0.029946673661470413,
    0.07094176113605499,
    0.08489201962947845,
    0.008429857902228832,
    -0.06215568631887436,
    -0.021080395206809044,
    0.15384741127490997,
    0.04839935526251793,
    0.11149200052022934,
    -0.0645655170083046
]