[
    0.00558973103761673,
    0.04081793501973152,
    -0.043748822063207626,
    -0.12408097833395004,
    0.0162417683750391,
    0.019343212246894836,
    0.03644644096493721,
    0.016787007451057434,
    -0.011688003316521645,
    0.042953185737133026,
    0.02925020456314087,
    0.03495686501264572,
    0.05146585777401924,
    0.01849319599568844,
    0.10510651022195816,
    -0.03288037329912186,
    -0.016405051574110985,
    -0.02361263521015644,
    -0.10569304972887039,
    0.07584618031978607,
    0.0703505277633667,
    0.031915921717882156,
    -0.00991604384034872,
    -0.00823965948075056,
    -0.10654643177986145,
    0.037809669971466064,
    0.008538180030882359,
    -0.04865747690200806,
    0.03351705148816109,
    -0.07602854073047638,
    0.008293723687529564,
    0.007662069518119097,
    0.01656571589410305,
    0.1348900943994522,
    0.00017972971545532346,
    -0.07255639135837555,
    0.026577016338706017,
    -0.06371843814849854,
    -0.04513227194547653,
    -0.02515050210058689,
    0.010258634574711323,
    -0.021921370178461075,
    -0.07674232125282288,
    -0.00833127275109291,
    0.026510216295719147,
    0.05059974640607834,
    -0.008076553232967854,
    0.006800937466323376,
    -0.06828209012746811,
    -0.02096586301922798,
    -0.05233345925807953,
    0.0447879396378994,
    -0.046453770250082016,
    0.11151605099439621,
    -0.050063733011484146,
    -0.10006363689899445,
    0.07578859478235245,
    0.07878915965557098,
    0.011863949708640575,
    -0.0010677049867808819,
    0.10101818293333054,
    -0.01928311213850975,
    0.011341278441250324,
    0.02218586765229702,
    -0.05535499379038811,
    0.03059295192360878,
    0.025210751220583916,
    0.010889594443142414,
    -0.051267098635435104,
    -0.0048296148888766766,
    -0.06419260799884796,
    -0.039518073201179504,
    -0.0009168082033284009,
    0.07891742140054703,
    -0.01623019576072693,
    -0.056122127920389175,
    -0.005356044042855501,
    0.0505656935274601,
    0.01410854235291481,
    -0.08557180315256119,
    -0.051691934466362,
    -0.0012063086032867432,
    -0.006273061502724886,
    -0.01299248170107603,
    -0.09998474270105362,
    0.0031644890550523996,
    -0.045543983578681946,
    -0.005542460363358259,
    -0.03679598122835159,
    -0.03833518922328949,
    0.03645152971148491,
    -0.01707593910396099,
    0.12270636856555939,
    0.04451509565114975,
    0.048907119780778885,
    -0.026392288506031036,
    0.011957520619034767,
    -0.09518478065729141,
    0.03495632857084274,
    -0.0619041807949543,
    0.025570685043931007,
    0.11198443919420242,
    -0.04641610383987427,
    -0.04466138780117035,
    -0.0705946609377861,
    -0.08344189077615738,
    0.042344268411397934,
    0.01826160028576851,
    -0.0334915891289711,
    -0.0005175213445909321,
    -0.005615748465061188,
    0.017017578706145287,
    -0.11134467273950577,
    -0.08881865441799164,
    0.03320612385869026,
    0.006273242179304361,
    -0.08011066913604736,
    0.10034359991550446,
    0.006363841705024242,
    -0.05875436216592789,
    -0.03951972350478172,
    -0.06364352256059647,
    -0.02604614943265915,
    -0.05452847108244896,
    -0.0024012308567762375,
    -0.0818914920091629,
    -0.0314367339015007,
    1.569771759945788e-32,
    -0.11463593691587448,
    -0.024885859340429306,
    -0.14124129712581635,
    0.031709931790828705,
    0.05344367027282715,
    0.013974704779684544,
    0.023552117869257927,
    0.022269630804657936,
    -0.09026359021663666,
    0.04185810312628746,
    0.010556528344750404,
    0.06364797055721283,
    -0.03291712701320648,
    0.00971602089703083,
    0.004181654192507267,
    0.04601536691188812,
    -0.09351599216461182,
    0.023478487506508827,
    0.08740799874067307,
    -0.0020682336762547493,
    0.05523953214287758,
    -0.0382680743932724,
    0.07149941474199295,
    0.03444323316216469,
    0.0098895113915205,
    -0.030726313591003418,
    -0.0014427918940782547,
    -0.06783517450094223,
    0.07292681932449341,
    0.012720104306936264,
    -0.004421268589794636,
    0.003995159175246954,
    0.09207593649625778,
    0.025673778727650642,
    0.08426529914140701,
    0.11995658278465271,
    0.010417451150715351,
    -0.04669581353664398,
    0.06449536979198456,
    -0.027550160884857178,
    -0.0226895734667778,
    -0.015090993605554104,
    0.004920533858239651,
    0.006851915270090103,
    -0.01978910155594349,
    -0.02715977653861046,
    0.01727752573788166,
    0.005560030695050955,
    0.046552691608667374,
    0.09305240213871002,
    -0.03402914106845856,
    0.010949957184493542,
    0.018855175003409386,
    -0.08314969390630722,
    -0.02730703353881836,
    0.022694017738103867,
    -0.09135205298662186,
    0.029805125668644905,
    -0.005422641057521105,
    0.003986175172030926,
    -0.014012928120791912,
    0.057649265974760056,
    0.03400775417685509,
    0.01100461371243,
    -0.03557512164115906,
    -0.047505103051662445,
    0.027681032195687294,
    -0.07304050028324127,
    0.044274572283029556,
    -0.04293743148446083,
    -0.005486039910465479,
    0.014438129961490631,
    0.025619367137551308,
    -0.003823328297585249,
    -0.028995255008339882,
    -0.0048876008950173855,
    -0.02757372334599495,
    -0.0286945179104805,
    0.023151785135269165,
    0.007066079881042242,
    -0.10742177069187164,
    -0.0008496629307046533,
    0.03328445553779602,
    0.030453775078058243,
    -0.06701219826936722,
    -0.005545508582144976,
    -0.01563936099410057,
    0.03586280345916748,
    0.0018807013984769583,
    0.018698392435908318,
    0.022163379937410355,
    -0.005714399740099907,
    0.01599167101085186,
    0.03315873444080353,
    0.045446041971445084,
    -1.5780783907758738e-32,
    -0.025484424084424973,
    -0.0461212620139122,
    -0.04565630480647087,
    0.04954945296049118,
    -0.0003073606640100479,
    -0.013998391106724739,
    -0.049989551305770874,
    -0.051076699048280716,
    0.0597987063229084,
    0.00366662978194654,
    0.0009736120700836182,
    -0.04866146668791771,
    -0.014715689234435558,
    -0.04794915020465851,
    -0.06704020500183105,
    -0.06416492909193039,
    -0.05489186570048332,
    -0.05666385218501091,
    0.03358124569058418,
    0.049571119248867035,
    -0.006393406540155411,
    -0.04210030287504196,
    0.027811437845230103,
    0.09759177267551422,
    0.007680236827582121,
    0.017562363296747208,
    -0.03354482725262642,
    -0.057266391813755035,
    0.08099716901779175,
    -0.014959768392145634,
    0.015471274964511395,
    -0.07473547011613846,
    -0.03091980703175068,
    0.02521863579750061,
    -0.08415260910987854,
    -0.15061573684215546,
    0.15941208600997925,
    -0.04319662228226662,
    -0.03574134036898613,
    -0.053760331124067307,
    0.04527559131383896,
    0.10387948900461197,
    -0.0051346952095627785,
    0.001207748893648386,
    -0.04319613426923752,
    -0.04176892340183258,
    0.004423836246132851,
    0.009094588458538055,
    0.051246292889118195,
    -0.036844175308942795,
    0.1420058310031891,
    -0.03211594745516777,
    0.07143457978963852,
    -0.05874102935194969,
    -0.014242563396692276,
    0.09205682575702667,
    0.05232055485248566,
    0.02435864321887493,
    -0.07446278631687164,
    0.014348764903843403,
    0.09286920726299286,
    0.0017681869212538004,
    -0.021489717066287994,
    0.04939977824687958,
    0.0019909797701984644,
    -0.023279711604118347,
    0.006556801497936249,
    -0.030863039195537567,
    -0.05030842125415802,
    -0.017985988408327103,
    -0.008509442210197449,
    -0.07913662493228912,
    -0.05249250680208206,
    -0.07174602895975113,
    0.0362585112452507,
    -0.09617440402507782,
    -0.016353324055671692,
    -0.03748590499162674,
    -0.04560432210564613,
    -0.008926529437303543,
    0.07222728431224823,
    0.08889127522706985,
    -0.11711869388818741,
    0.046562377363443375,
    0.019811110571026802,
    0.04819933697581291,
    -0.007831014692783356,
    -0.01962193287909031,
    -0.017329202964901924,
    -0.013305574655532837,
    -0.09558442234992981,
    -0.038092970848083496,
    -0.08266434818506241,
    0.06801749765872955,
    -0.0002807509445119649,
    -4.682915388798392e-08,
    -0.03910638764500618,
    0.004580609034746885,
    -0.015401355922222137,
    -0.02041134424507618,
    -0.0521380677819252,
    -0.033740412443876266,
    0.028017889708280563,
    0.006764604710042477,
    7.288772849278757e-06,
    -0.07217902690172195,
    0.07096705585718155,
    -0.026067977771162987,
    -0.02940148487687111,
    -0.002510215388610959,
    0.023078780621290207,
    -0.021748796105384827,
    0.003187136724591255,
    -0.0538615919649601,
    -0.016361452639102936,
    0.09259320050477982,
    0.05269023776054382,
    -0.0490751750767231,
    0.02932298369705677,
    0.011646559461951256,
    0.09515967965126038,
    0.03533143177628517,
    0.053033825010061264,
    0.0656813532114029,
    0.04928489774465561,
    0.038305070251226425,
    -0.06152958795428276,
    -0.02251979149878025,
    -0.017173947766423225,
    -0.012298289686441422,
    -0.06058812513947487,
    -0.0391518697142601,
    0.03837252035737038,
    0.046046577394008636,
    0.02977571077644825,
    0.03970133885741234,
    -0.041321348398923874,
    -0.021823180839419365,
    0.017359064891934395,
    0.03305016830563545,
    0.012577753514051437,
    -0.012439078651368618,
    -0.04475003108382225,
    0.07973331958055496,
    0.026108190417289734,
    -0.0067189475521445274,
    -0.06722872704267502,
    -0.03843066841363907,
    0.005396235268563032,
    0.05954674258828163,
    -0.05125626549124718,
    0.02463158406317234,
    0.014787111431360245,
    0.062437284737825394,
    0.021511327475309372,
    0.03750930726528168,
    0.11722482740879059,
    0.05735528841614723,
    0.007571367081254721,
    -0.005557616241276264
]