[
    0.0005192173994146287,
    -0.002867161063477397,
    -0.04405519738793373,
    -0.07388181984424591,
    -0.02721448801457882,
    0.05829150974750519,
    -0.0829939991235733,
    0.004456817638128996,
    -0.10046649724245071,
    0.028431251645088196,
    0.009801723062992096,
    -0.014417982660233974,
    -0.026420248672366142,
    -0.037653520703315735,
    0.0530543178319931,
    0.028640324249863625,
    0.05593302473425865,
    0.0388503298163414,
    -0.0718967467546463,
    0.01992698386311531,
    0.0495731495320797,
    0.045415911823511124,
    -0.057670071721076965,
    0.03509974852204323,
    -0.1387581080198288,
    -0.0031026622746139765,
    -0.05027960240840912,
    -0.0356539785861969,
    0.042414408177137375,
    -0.056483276188373566,
    -0.016342729330062866,
    0.030541179701685905,
    0.0592910498380661,
    0.03835299238562584,
    0.02326004020869732,
    0.010733836330473423,
    0.0637933611869812,
    -0.015601487830281258,
    0.01702944003045559,
    0.0020298471208661795,
    -0.07252590358257294,
    -0.0646652802824974,
    -0.08565341681241989,
    -0.038008496165275574,
    -0.011402453295886517,
    0.03210045397281647,
    -0.006702639162540436,
    -0.062440741807222366,
    -0.06564562767744064,
    -0.00804069358855486,
    -0.030966831371188164,
    -0.036113981157541275,
    0.0038595024961978197,
    -0.0034028117079287767,
    -0.011955899186432362,
    -0.05800023302435875,
    0.01209410559386015,
    0.06220787391066551,
    0.012297961860895157,
    -0.03129924088716507,
    0.06144367530941963,
    0.016300439834594727,
    -0.07127565145492554,
    0.071847103536129,
    -0.026026112958788872,
    0.026275556534528732,
    -0.03300786390900612,
    -0.023000190034508705,
    0.037051163613796234,
    -0.039461731910705566,
    -0.1286064088344574,
    -0.01587102562189102,
    -0.011495961807668209,
    0.013347700238227844,
    -0.01127039548009634,
    0.02526908740401268,
    -0.03805183991789818,
    0.05383811891078949,
    0.08289101719856262,
    -0.11868389695882797,
    -0.056169942021369934,
    0.03651372715830803,
    0.011205209419131279,
    0.02512197010219097,
    -0.0382857583463192,
    -0.03463315963745117,
    -0.01964305154979229,
    -0.01592777483165264,
    0.006501206662505865,
    0.016983071342110634,
    0.09843795001506805,
    -0.05710954964160919,
    0.14571845531463623,
    -0.038660578429698944,
    0.020894933491945267,
    -0.007488088682293892,
    -0.009471723809838295,
    -0.07966060936450958,
    0.015019871294498444,
    -0.040211163461208344,
    0.02881954424083233,
    0.03704449161887169,
    -0.06189526244997978,
    0.0061414809897542,
    -0.07311582565307617,
    -0.04716460779309273,
    0.031176883727312088,
    -0.016840515658259392,
    0.023221738636493683,
    0.015441209077835083,
    0.00014466853463090956,
    0.023739390075206757,
    -0.07299789786338806,
    -0.15360012650489807,
    0.01682909019291401,
    -0.03985292464494705,
    -0.0673329308629036,
    0.03644516319036484,
    0.019407182931900024,
    -0.00783940777182579,
    -2.4530498194508255e-05,
    -0.03304125741124153,
    -0.03882996365427971,
    -0.12936906516551971,
    0.03815020993351936,
    0.029069919139146805,
    -0.004747967701405287,
    1.5788379070632988e-32,
    -0.006028464529663324,
    0.04276832938194275,
    -0.110768161714077,
    0.07063106447458267,
    0.03726711496710777,
    -0.03488932177424431,
    0.04262777417898178,
    0.009471425786614418,
    -0.08581939339637756,
    0.01684306003153324,
    0.0769399106502533,
    0.053260426968336105,
    -0.08829469978809357,
    -0.02135528437793255,
    -0.001097212778404355,
    -0.002333451062440872,
    0.007261598017066717,
    0.07008518278598785,
    0.0522594153881073,
    0.05101219564676285,
    0.027217598631978035,
    -0.05557830631732941,
    0.018379582092165947,
    -0.006208227016031742,
    0.057452570647001266,
    0.007583230268210173,
    0.011766522191464901,
    0.04982918128371239,
    0.009134887717664242,
    0.034290239214897156,
    0.08009158074855804,
    0.028614144772291183,
    0.04015817493200302,
    -0.06930913031101227,
    -0.008065665140748024,
    0.07107670605182648,
    0.06475452333688736,
    -0.09761316329240799,
    0.08364732563495636,
    -0.07115167379379272,
    -0.04778968170285225,
    -0.00905599631369114,
    -0.009309530258178711,
    0.02632364258170128,
    0.08890534192323685,
    -0.0021514908876270056,
    0.02867300622165203,
    0.0034125051461160183,
    0.0748644769191742,
    0.027832023799419403,
    -0.053525280207395554,
    0.01366132777184248,
    0.01474517211318016,
    -0.06549263745546341,
    0.008495863527059555,
    -0.04122547432780266,
    -0.020539328455924988,
    0.01551160030066967,
    -0.07896456122398376,
    0.05794353783130646,
    -0.023950789123773575,
    0.04739273339509964,
    -0.016962802037596703,
    0.05164076015353203,
    0.024636700749397278,
    -0.05321266129612923,
    -0.015287867747247219,
    -0.026613973081111908,
    0.02060699462890625,
    -0.00028611361631192267,
    -0.08594518899917603,
    0.02019238844513893,
    -0.02147779054939747,
    0.026774831116199493,
    -0.042360689491033554,
    -0.08349551260471344,
    0.01020236685872078,
    -0.0011475869687274098,
    0.02669697254896164,
    -0.006324406247586012,
    -0.11671698093414307,
    0.07602675259113312,
    0.05181746184825897,
    0.0494399219751358,
    0.03460676968097687,
    -0.044912997633218765,
    0.046739328652620316,
    0.06280909478664398,
    0.010685019195079803,
    0.005852583330124617,
    0.027161147445440292,
    -0.022090692073106766,
    0.032990068197250366,
    0.09389343857765198,
    0.07028918713331223,
    -1.598351994907712e-32,
    0.047615896910429,
    -0.027707723900675774,
    -0.056178364902734756,
    0.06041431799530983,
    0.03443416208028793,
    0.017329026013612747,
    -0.09523674845695496,
    -0.028004594147205353,
    0.06750382483005524,
    -0.02013322338461876,
    0.02853550761938095,
    -0.08680044859647751,
    -0.006295355036854744,
    -0.029363511130213737,
    -0.08376726508140564,
    -0.056112151592969894,
    -0.12361559271812439,
    -0.039600636810064316,
    0.02606159634888172,
    0.06945757567882538,
    0.04161452874541283,
    -0.02914297953248024,
    0.009900265373289585,
    0.0789831131696701,
    -0.0030181340407580137,
    -0.013715443201363087,
    -0.06888456642627716,
    -0.03999389708042145,
    0.053497813642024994,
    -0.029179813340306282,
    -0.027854053303599358,
    -0.08219364285469055,
    -0.038447797298431396,
    0.08939792960882187,
    -0.07732028514146805,
    -0.15224885940551758,
    0.0247315913438797,
    -0.08489997684955597,
    -0.01710524968802929,
    0.028429551050066948,
    0.05287856236100197,
    0.033471766859292984,
    0.006716538220643997,
    0.002902898471802473,
    -0.008835702203214169,
    -0.05267000570893288,
    0.06830213218927383,
    -0.059846941381692886,
    0.012625020928680897,
    -0.06102935969829559,
    0.0761934146285057,
    -0.04758457466959953,
    -0.0073120309971272945,
    -0.025765327736735344,
    -0.00043314785580150783,
    0.06959651410579681,
    0.025329647585749626,
    0.021572263911366463,
    -0.05975330248475075,
    0.012448618188500404,
    0.05126124620437622,
    0.07955922186374664,
    0.01445552334189415,
    0.05407675355672836,
    0.08252300322055817,
    -0.02984836883842945,
    -0.032072149217128754,
    -0.03307042643427849,
    -0.015263725072145462,
    -0.03381115570664406,
    -0.042520374059677124,
    -0.12007022649049759,
    -0.06117658317089081,
    -0.02871740236878395,
    0.03874942287802696,
    -0.0776548758149147,
    -0.03779592737555504,
    -0.12436923384666443,
    -0.06718093901872635,
    0.029357431456446648,
    -0.03362182155251503,
    0.07997165620326996,
    -0.05684233829379082,
    0.05941033363342285,
    0.017917662858963013,
    0.08243769407272339,
    0.033691439777612686,
    -0.00903593935072422,
    0.054940707981586456,
    0.08021251857280731,
    -0.08892490714788437,
    -0.013774971477687359,
    -0.04852619394659996,
    0.06339456140995026,
    -0.03447507321834564,
    -4.8737895497197314e-08,
    -0.04140361025929451,
    0.0600351057946682,
    -0.05907617509365082,
    0.0033244132064282894,
    -0.005210401955991983,
    0.030070198699831963,
    -0.0429038442671299,
    -0.06522738188505173,
    -0.026608837768435478,
    -0.08151654154062271,
    0.0397309735417366,
    0.027581971138715744,
    0.005872710607945919,
    -0.014273232780396938,
    0.040994636714458466,
    -0.02127235010266304,
    -0.06541415303945541,
    0.03196202218532562,
    -0.08132157474756241,
    0.07764437049627304,
    -0.04724014550447464,
    0.001663867151364684,
    0.005713812541216612,
    -0.011202997528016567,
    0.0351998545229435,
    -0.02120119147002697,
    -0.012385308742523193,
    0.11318875849246979,
    0.03920728340744972,
    0.07321775704622269,
    0.020966313779354095,
    0.008289434015750885,
    0.03475197032094002,
    -0.043412383645772934,
    -0.02412114478647709,
    -0.03228669986128807,
    -0.013010011054575443,
    0.054943427443504333,
    0.08793730288743973,
    0.040613025426864624,
    -0.03225937858223915,
    0.015921039506793022,
    0.015046350657939911,
    0.11015401035547256,
    -0.06073721870779991,
    -0.015191178768873215,
    -0.08896198123693466,
    0.033158931881189346,
    0.0010890390258282423,
    -0.06919628381729126,
    0.003670497564598918,
    -0.04681164026260376,
    0.043904852122068405,
    0.020586220547556877,
    -0.015753356739878654,
    0.07971460372209549,
    0.025097504258155823,
    0.052617985755205154,
    -0.01068174373358488,
    -0.02645133063197136,
    0.061850614845752716,
    0.026680869981646538,
    0.06060216575860977,
    -0.0017810699064284563
]