[
    -0.07308938354253769,
    -0.008814027532935143,
    -0.03215953707695007,
    -0.06727969646453857,
    -0.09641753137111664,
    -0.008619722910225391,
    0.015247062779963017,
    -0.03540647402405739,
    -0.005818045232445002,
    0.06107723340392113,
    0.01019471324980259,
    -0.03694147244095802,
    0.02646765299141407,
    0.01211518608033657,
    0.07433129101991653,
    0.06965480744838715,
    0.0693400427699089,
    0.04464523494243622,
    -0.08661241829395294,
    0.028628971427679062,
    0.006659242790192366,
    0.010129032656550407,
    -0.058953866362571716,
    0.005848783999681473,
    -0.09058557450771332,
    -0.04769852012395859,
    0.002683826955035329,
    -0.030221939086914062,
    0.06354393064975739,
    -0.10386689007282257,
    -0.0001227145257871598,
    0.027195356786251068,
    0.024863481521606445,
    0.07025428116321564,
    -0.02737707644701004,
    -0.028028253465890884,
    -0.016274044290184975,
    -0.06969723105430603,
    0.02585546113550663,
    -0.015308421105146408,
    0.0050105503760278225,
    0.015011554583907127,
    -0.024063006043434143,
    -0.07532179355621338,
    -0.024168385192751884,
    0.0068100858479738235,
    -0.004995523951947689,
    -0.019210604950785637,
    -0.03780107572674751,
    -0.005532077047973871,
    -0.046812739223241806,
    -0.027530211955308914,
    -0.005120298359543085,
    0.11082164943218231,
    -0.03583469241857529,
    0.004931031260639429,
    0.006989470683038235,
    0.055489059537649155,
    -0.015247591771185398,
    -0.025169923901557922,
    -0.007245612796396017,
    0.00842361617833376,
    -0.06846798211336136,
    0.06341341882944107,
    0.007403528783470392,
    -0.012885725125670433,
    0.01712201163172722,
    -0.02769729495048523,
    -0.017345858737826347,
    -0.002277133986353874,
    -0.01719670183956623,
    -0.01804632693529129,
    0.05444458872079849,
    0.008177854120731354,
    -0.008392468094825745,
    -0.0032249486539512873,
    -0.004756697919219732,
    0.019152499735355377,
    0.05261722207069397,
    -0.043112438172101974,
    -0.09303466230630875,
    -0.0024110772646963596,
    -0.06534215062856674,
    -0.01098791602998972,
    -0.0954241156578064,
    -0.07708072662353516,
    -0.035897038877010345,
    -0.007468261756002903,
    0.027059046551585197,
    0.01177162118256092,
    0.03203703463077545,
    -0.03177538141608238,
    0.07370272278785706,
    -0.07225693017244339,
    0.04262086749076843,
    0.009495805017650127,
    0.04057087376713753,
    0.01696782186627388,
    0.043870918452739716,
    0.028157882392406464,
    0.035289693623781204,
    0.06894760578870773,
    -0.04644147679209709,
    -0.047538865357637405,
    -0.0022773873060941696,
    -0.04486984387040138,
    -0.010714908130466938,
    -0.037470560520887375,
    -0.012618912383913994,
    0.013119871728122234,
    -0.024167777970433235,
    -0.0606338270008564,
    0.013110993430018425,
    -0.04948823153972626,
    0.03555494546890259,
    0.04201752692461014,
    -0.026686441153287888,
    0.08496753126382828,
    0.007602720055729151,
    -0.09289270639419556,
    0.004188302904367447,
    0.031198259443044662,
    -0.039511725306510925,
    -0.04378132522106171,
    0.01734055019915104,
    0.0594157837331295,
    0.020580539479851723,
    1.9490952646220968e-32,
    -0.034887414425611496,
    -0.08403894305229187,
    -0.10921020060777664,
    0.024839185178279877,
    0.05743090435862541,
    -0.008797886781394482,
    -0.010461165569722652,
    -0.007999680936336517,
    -0.060150302946567535,
    0.029729314148426056,
    -0.02210756205022335,
    0.022681383416056633,
    -0.004097473341971636,
    -0.0653577446937561,
    -0.06324612349271774,
    -0.00030063834856264293,
    -0.07066965848207474,
    0.05206196755170822,
    -0.05033962056040764,
    0.031044205650687218,
    0.03439445421099663,
    -0.009287269786000252,
    0.014670039527118206,
    0.038398586213588715,
    -0.015750180929899216,
    -0.015062007121741772,
    0.07316911220550537,
    -0.030256392434239388,
    -0.00801894348114729,
    0.0029313385020941496,
    0.04655339941382408,
    0.027586383745074272,
    0.04260918125510216,
    0.06978145241737366,
    0.03702019527554512,
    0.13303574919700623,
    -0.02106310985982418,
    -0.02045067399740219,
    0.08620553463697433,
    -0.11394349485635757,
    -0.058417908847332,
    -0.031628936529159546,
    0.032607302069664,
    -0.025712672621011734,
    0.03853248804807663,
    -0.00603087292984128,
    -0.06091037765145302,
    -0.05352717638015747,
    0.07190549373626709,
    0.07233896851539612,
    0.033127445727586746,
    -0.008586862124502659,
    0.08742550760507584,
    -0.009889969602227211,
    0.021517084911465645,
    -0.03466447815299034,
    -0.06143863499164581,
    0.06103494390845299,
    -0.0345432348549366,
    0.05588715523481369,
    -0.0425633005797863,
    0.04798749461770058,
    -0.030397536233067513,
    0.03569367527961731,
    -0.04202850162982941,
    -0.021912075579166412,
    -0.08112004399299622,
    -0.03796059638261795,
    0.07117774337530136,
    -0.07207664102315903,
    -0.015250619500875473,
    0.049930885434150696,
    0.05511469021439552,
    0.04139549285173416,
    -0.07910474389791489,
    -0.0335678793489933,
    -0.017118774354457855,
    -0.012617478147149086,
    0.04107019305229187,
    -0.02207263559103012,
    -0.14863558113574982,
    0.0025979098863899708,
    0.022438088431954384,
    0.08454355597496033,
    0.055818118155002594,
    -0.05709875002503395,
    -0.03292631357908249,
    -0.00906754843890667,
    0.046680256724357605,
    0.009803651832044125,
    0.006008881609886885,
    0.03581813722848892,
    0.003766475711017847,
    0.08919758349657059,
    0.06905443221330643,
    -1.9653253151239001e-32,
    0.012258155271410942,
    -0.03835618495941162,
    -0.11716555804014206,
    0.08104733377695084,
    0.04390251263976097,
    0.04518578201532364,
    -0.08293022215366364,
    -0.055519286543130875,
    0.07694333791732788,
    -0.046694424003362656,
    -0.0437796376645565,
    -0.012208116240799427,
    0.019719481468200684,
    0.013597388751804829,
    -0.05184648185968399,
    -0.08235161751508713,
    0.003418877488002181,
    -0.021194832399487495,
    0.049493514001369476,
    0.06650041788816452,
    0.09567764401435852,
    0.014612218365073204,
    -0.07173103094100952,
    0.08440040796995163,
    0.013766284100711346,
    -0.052707869559526443,
    -0.021537363529205322,
    -0.08370593190193176,
    0.044014956802129745,
    0.07093122601509094,
    0.016256220638751984,
    -0.0791323333978653,
    -0.12107326835393906,
    0.028440335765480995,
    -0.034471530467271805,
    -0.1604374796152115,
    0.14228439331054688,
    -0.014187341555953026,
    -0.06775984913110733,
    -0.043382931500673294,
    -0.008603892289102077,
    0.05594855919480324,
    0.005333383101969957,
    -0.02148330956697464,
    0.021330343559384346,
    -0.027942588552832603,
    0.0366944819688797,
    -0.07739099115133286,
    -0.02570844255387783,
    -0.07823631167411804,
    0.03083769790828228,
    -0.013354186899960041,
    0.06143992394208908,
    -8.048379822866991e-05,
    -0.024247735738754272,
    0.0585031695663929,
    0.029835745692253113,
    -0.0037240127567201853,
    -0.027258284389972687,
    0.01817430555820465,
    0.06549829244613647,
    0.07870397716760635,
    -0.0026935997884720564,
    0.036592282354831696,
    0.022676434367895126,
    0.05870828032493591,
    -0.07088668644428253,
    0.013372208923101425,
    -0.01935514248907566,
    -0.02775983326137066,
    0.04556122049689293,
    -0.11045985668897629,
    -0.0989852324128151,
    -0.04033207520842552,
    0.2017243653535843,
    0.009421546012163162,
    -0.026333404704928398,
    -0.09521481394767761,
    -0.08753149211406708,
    -0.02100784331560135,
    0.00820364523679018,
    0.04239622876048088,
    -0.03002258576452732,
    0.06991025060415268,
    -0.02570793777704239,
    0.10113760828971863,
    0.031866077333688736,
    -0.05539027974009514,
    0.022747235372662544,
    0.07379060238599777,
    -0.03031901828944683,
    -0.016415072605013847,
    0.03248433768749237,
    -0.0037668319419026375,
    -0.04669304937124252,
    -5.468666586239124e-08,
    -0.06756526976823807,
    0.02147599309682846,
    -0.005434215068817139,
    -0.03921988606452942,
    -0.029743384569883347,
    -0.012691491283476353,
    -0.018818270415067673,
    -0.0019134532194584608,
    -0.06029090657830238,
    -0.03319130465388298,
    0.04605899378657341,
    -0.017316915094852448,
    -0.036494117230176926,
    0.0002967232430819422,
    0.030738085508346558,
    -0.021366337314248085,
    -0.017555344849824905,
    0.02166653797030449,
    -0.09213076531887054,
    -0.011656899936497211,
    -0.021942656487226486,
    -0.045228198170661926,
    -0.05948059260845184,
    0.0352051705121994,
    0.030144114047288895,
    0.012727410532534122,
    0.00528226001188159,
    0.10442555695772171,
    -0.007021203171461821,
    0.07785287499427795,
    -0.04472638666629791,
    0.07339617609977722,
    -0.005622954107820988,
    -0.09296990185976028,
    0.010812805034220219,
    0.015652982518076897,
    0.018894940614700317,
    0.022277459502220154,
    0.033146124333143234,
    -0.014344383962452412,
    -0.10659659653902054,
    0.0169466994702816,
    0.06089287996292114,
    0.013751075603067875,
    0.04893290251493454,
    0.024723516777157784,
    -0.04066884517669678,
    0.029784608632326126,
    0.017427461221814156,
    -0.08881893754005432,
    -0.003830223111435771,
    -0.06988305598497391,
    0.00020442032837308943,
    -0.023598045110702515,
    -0.008456681855022907,
    0.049258891493082047,
    0.07878412306308746,
    0.031485628336668015,
    -0.0065193744376301765,
    -0.038237035274505615,
    0.1559590995311737,
    0.09366174042224884,
    0.05359777435660362,
    -0.0033409344032406807
]