[
    -0.0323018953204155,
    0.026404570788145065,
    0.010050193406641483,
    -0.077182337641716,
    0.01912067085504532,
    0.07104542851448059,
    -0.007452609948813915,
    -0.021228324621915817,
    -0.05745437368750572,
    -0.03970073536038399,
    -0.06804940104484558,
    -0.004013329278677702,
    0.029844867065548897,
    -0.023862922564148903,
    0.10994698852300644,
    -0.04311631992459297,
    0.03812778368592262,
    0.057289209216833115,
    -0.09510775655508041,
    0.09156916290521622,
    0.01286783441901207,
    0.029403068125247955,
    -0.05512060970067978,
    0.017070161178708076,
    -0.07031558454036713,
    -0.01636011153459549,
    0.021244844421744347,
    -0.040883634239435196,
    0.004794839303940535,
    0.019680362194776535,
    0.040944673120975494,
    0.029138987883925438,
    -0.017021793872117996,
    0.08836168050765991,
    0.010938622057437897,
    -0.08595415204763412,
    -0.07178584486246109,
    0.06660094112157822,
    -0.04599643498659134,
    0.01970505900681019,
    -0.04206842929124832,
    -0.008907181210815907,
    -0.04417899250984192,
    0.046163901686668396,
    0.06562840193510056,
    -0.026029478758573532,
    -0.09326731413602829,
    -0.03256094455718994,
    0.029471533372998238,
    0.027239302173256874,
    -0.05541840195655823,
    0.0016917622415348887,
    -0.03209925815463066,
    0.07971996068954468,
    -0.00644627446308732,
    -0.047617409378290176,
    -0.02610599994659424,
    0.020631015300750732,
    -0.061510708183050156,
    0.0038779026363044977,
    0.040169354528188705,
    -0.07305624336004257,
    0.0005225397180765867,
    0.03282463178038597,
    -0.12685833871364594,
    0.08981119841337204,
    -0.0026775829028338194,
    0.017850985750555992,
    -0.014708414673805237,
    -0.021423758938908577,
    -0.08472651988267899,
    0.008969572372734547,
    -0.020796457305550575,
    0.025969110429286957,
    -0.006785325240343809,
    0.0023235406260937452,
    0.042415913194417953,
    0.03850936517119408,
    0.02512325718998909,
    -0.13012142479419708,
    -0.08377061784267426,
    0.0049734171479940414,
    0.009202598594129086,
    0.031634971499443054,
    -0.006520163267850876,
    -0.009205986745655537,
    -0.037968918681144714,
    -0.03784113749861717,
    -0.05427182838320732,
    -0.045016370713710785,
    -0.002904314547777176,
    -0.06147800013422966,
    0.08391264081001282,
    -0.03307748958468437,
    0.08906137198209763,
    0.0038765519857406616,
    0.012470709159970284,
    -0.0932869017124176,
    0.03579556941986084,
    -0.03941803798079491,
    -0.0316171757876873,
    -0.05921667441725731,
    0.05916954204440117,
    0.029553530737757683,
    -0.06237358972430229,
    -0.08747592568397522,
    0.051980987191200256,
    0.03169352933764458,
    0.025005141273140907,
    0.030316168442368507,
    0.028432846069335938,
    0.0013081792276352644,
    0.02149777300655842,
    -0.06569233536720276,
    0.013266841880977154,
    -0.023260846734046936,
    -0.019962191581726074,
    0.018614819273352623,
    0.10549375414848328,
    0.045755110681056976,
    -0.028943033888936043,
    -0.005335189867764711,
    -0.017796874046325684,
    -0.08521842211484909,
    -0.027188310399651527,
    0.004401268903166056,
    -0.029351554811000824,
    2.648207746272587e-32,
    -0.01856093294918537,
    -0.015306615270674229,
    -0.039781734347343445,
    0.06230049952864647,
    0.0587884783744812,
    -0.007799034006893635,
    0.05984439328312874,
    -0.025024574249982834,
    -0.021496793255209923,
    0.05655607208609581,
    -0.06144801527261734,
    0.011739463545382023,
    -0.0520830973982811,
    0.10763537883758545,
    -0.08146847039461136,
    0.01574203558266163,
    -0.02725263498723507,
    0.06388892978429794,
    -0.01150426734238863,
    0.06736026704311371,
    -0.004505642224103212,
    -0.023171288892626762,
    0.03942349925637245,
    0.005399198736995459,
    -0.01913185603916645,
    0.020413123071193695,
    0.04027215391397476,
    -0.04499773308634758,
    -0.011154735460877419,
    0.023569418117403984,
    0.018639082089066505,
    0.014530577696859837,
    0.024697797372937202,
    -0.041813045740127563,
    -0.033994339406490326,
    0.1232052743434906,
    0.06657660752534866,
    -0.03243387117981911,
    0.034256257116794586,
    -0.11891759932041168,
    -0.04790891334414482,
    -0.03203127533197403,
    0.03375106304883957,
    0.017191963270306587,
    0.03638502210378647,
    -0.0475984551012516,
    0.012823673896491528,
    0.018045391887426376,
    0.03658325970172882,
    0.052212975919246674,
    -0.08277110010385513,
    0.010084927082061768,
    0.008688562549650669,
    -0.06355592608451843,
    -0.0045819659717381,
    -0.04341378062963486,
    -0.07346269488334656,
    0.037968482822179794,
    -0.06308288127183914,
    0.04409712180495262,
    -0.05259551852941513,
    -0.006369837559759617,
    0.013651820831000805,
    -0.01673995889723301,
    0.03471354767680168,
    0.0537845678627491,
    -0.04476176202297211,
    -0.07788259536027908,
    0.029413370415568352,
    0.03134995698928833,
    -0.026387276127934456,
    0.028453735634684563,
    -0.023115653544664383,
    0.056588299572467804,
    0.04044661298394203,
    0.003317921655252576,
    -0.008789324201643467,
    -0.021159006282687187,
    0.08424722403287888,
    0.015193024650216103,
    -0.08799782395362854,
    0.017624473199248314,
    0.024563604965806007,
    0.07712174206972122,
    -0.028475698083639145,
    0.04099099338054657,
    0.05144596844911575,
    0.030124137178063393,
    -0.01321503333747387,
    -0.08674163371324539,
    -0.03855527564883232,
    0.01719805784523487,
    0.06158842146396637,
    0.044887471944093704,
    0.03485027700662613,
    -2.6944173108241744e-32,
    -0.016769828274846077,
    0.0057488176971673965,
    -0.007273775991052389,
    -0.0555771104991436,
    0.036649856716394424,
    -0.017115578055381775,
    -0.07295805960893631,
    -0.13146455585956573,
    0.11998703330755234,
    -0.011694512329995632,
    0.0071531324647367,
    -0.021845035254955292,
    -0.03277168422937393,
    -0.06288478523492813,
    -0.10653163492679596,
    -0.03835367411375046,
    -0.1253521591424942,
    -0.06738622486591339,
    0.02261640690267086,
    0.0951438620686531,
    -0.026789218187332153,
    -0.021048996597528458,
    -0.044950272887945175,
    0.08530550450086594,
    0.06327135115861893,
    0.05880105495452881,
    -0.01919708028435707,
    0.025798695161938667,
    0.11201347410678864,
    -0.06030752882361412,
    -0.06554467231035233,
    -0.07721701264381409,
    0.007150792516767979,
    0.005448186304420233,
    -0.07556898891925812,
    -0.15086793899536133,
    0.04104378819465637,
    -0.01900964044034481,
    -0.06180717796087265,
    -0.06700979918241501,
    0.08402556926012039,
    -0.04574863612651825,
    0.03298172354698181,
    0.0282406285405159,
    0.03347969427704811,
    -0.03502087667584419,
    0.025324290618300438,
    -0.04226701334118843,
    -0.017535416409373283,
    0.015727054327726364,
    0.023443028330802917,
    -0.028210701420903206,
    0.001704440452158451,
    0.04548942670226097,
    -0.060008883476257324,
    -0.01558645348995924,
    0.024531517177820206,
    0.012866216711699963,
    -0.04401512071490288,
    -0.03135408088564873,
    0.05004655942320824,
    0.07004391402006149,
    0.000776784319896251,
    0.07395114749670029,
    0.02002524398267269,
    -0.07057033479213715,
    -0.041249316185712814,
    -0.14259478449821472,
    -0.0426408089697361,
    -0.044635191559791565,
    -0.10129008442163467,
    -0.1190815195441246,
    -0.04752151668071747,
    -0.10391929000616074,
    0.07728463411331177,
    -0.04353548213839531,
    -0.041683949530124664,
    -0.0195162296295166,
    -0.02566794864833355,
    0.03652573004364967,
    0.06926331669092178,
    -0.007412913255393505,
    -0.06667062640190125,
    0.07725454866886139,
    -0.027461320161819458,
    0.023186026141047478,
    0.019988631829619408,
    -0.00034122177748940885,
    0.01629062555730343,
    0.04617901146411896,
    -0.09872648119926453,
    0.04420129582285881,
    -0.029648253694176674,
    0.005308572668582201,
    -0.09732409566640854,
    -6.972391020099167e-08,
    0.06643885374069214,
    0.09559883922338486,
    -0.03396914526820183,
    -0.02170860581099987,
    -0.05203929543495178,
    -0.028370918706059456,
    -0.06759543716907501,
    -0.012287115678191185,
    -0.027859600260853767,
    -0.019653234630823135,
    0.027550699189305305,
    0.11186649650335312,
    0.016129551455378532,
    -0.03400351107120514,
    0.03456990048289299,
    -0.04787755757570267,
    -0.05058978125452995,
    -0.0012189662083983421,
    -0.035935331135988235,
    0.06180503964424133,
    -0.07348395138978958,
    -0.04091639444231987,
    -0.0729137733578682,
    0.027002999559044838,
    0.025816624984145164,
    0.06754417717456818,
    -0.00055690947920084,
    0.005459541454911232,
    0.09117687493562698,
    0.051550235599279404,
    -0.021686654537916183,
    0.011270440183579922,
    -0.015399616211652756,
    -0.030941417440772057,
    -0.03834288939833641,
    -0.003956436179578304,
    0.03374927490949631,
    -0.004998613614588976,
    0.06803338974714279,
    -0.0265138391405344,
    0.016400553286075592,
    -0.021636182442307472,
    -0.006374414078891277,
    0.05035834386944771,
    0.0017969288164749742,
    -0.05364934727549553,
    -0.012936719693243504,
    -0.03365056589245796,
    0.003945714794099331,
    -0.06430310010910034,
    -0.037079937756061554,
    -0.03803020715713501,
    0.07384902983903885,
    -0.06002321094274521,
    -0.09723355621099472,
    0.09779839962720871,
    -0.014002669602632523,
    0.009898343123495579,
    0.023631857708096504,
    -0.007102713454514742,
    0.10894982516765594,
    0.03372029587626457,
    0.02202586457133293,
    0.008793474175035954
]