[
    -0.02254890650510788,
    0.049578070640563965,
    0.015182950533926487,
    -0.05751020833849907,
    0.016660626977682114,
    0.10583528131246567,
    -0.028693199157714844,
    -0.002181875053793192,
    -0.001969791017472744,
    0.03573931008577347,
    0.057031888514757156,
    -0.06119706481695175,
    -0.0002677974116522819,
    0.02042938955128193,
    0.09430856257677078,
    -0.014349160715937614,
    0.08789616078138351,
    0.07362881302833557,
    -0.11675804853439331,
    0.06177172064781189,
    0.08681856095790863,
    0.03823234140872955,
    -0.08391188085079193,
    0.03013972006738186,
    -0.07344324886798859,
    -0.0812484547495842,
    -0.03074445016682148,
    -0.04256100580096245,
    0.038833171129226685,
    -0.06780292093753815,
    0.027801314368844032,
    0.07495059818029404,
    -0.0007299052667804062,
    0.059824615716934204,
    -0.008407107554376125,
    -0.028835497796535492,
    0.009043353609740734,
    -0.06958398222923279,
    -0.037610746920108795,
    -0.019383512437343597,
    -0.04560388997197151,
    -0.018339654430747032,
    -0.06339669227600098,
    -0.0021089790388941765,
    0.043791260570287704,
    -0.013302460312843323,
    -0.014605268836021423,
    -0.04081476852297783,
    -0.07454025000333786,
    0.016566256061196327,
    -0.08654622733592987,
    -0.027010461315512657,
    0.0026249317452311516,
    0.09310629963874817,
    -0.020293502137064934,
    -0.11310555040836334,
    -0.03209683299064636,
    0.011883953586220741,
    -0.034593336284160614,
    -0.01273520477116108,
    0.007136507425457239,
    -0.05978948995471001,
    -0.04866785183548927,
    0.02336248569190502,
    -0.01843002438545227,
    0.047783464193344116,
    -0.021708907559514046,
    -0.11191381514072418,
    0.03673670068383217,
    0.01830979436635971,
    -0.05777451768517494,
    -0.017794294282794,
    -0.034160442650318146,
    0.031901802867650986,
    -0.016999196261167526,
    -0.008661860600113869,
    -0.03900068253278732,
    0.06493405997753143,
    0.11417253315448761,
    -0.11412724107503891,
    -0.027061844244599342,
    -0.023051323369145393,
    -0.01022046897560358,
    0.03880855441093445,
    0.008216176182031631,
    -0.050943512469530106,
    -0.09328626841306686,
    -0.010719901882112026,
    0.011761199682950974,
    -0.0296065304428339,
    0.09779103100299835,
    -0.03268945962190628,
    0.12092112749814987,
    -0.046604786068201065,
    0.045852914452552795,
    -0.036707449704408646,
    -0.04208590090274811,
    -0.09009804576635361,
    0.012912624515593052,
    -0.0036222056951373816,
    -0.005176819860935211,
    -0.004780675750225782,
    -0.08885424584150314,
    -0.030880268663167953,
    0.020908039063215256,
    -0.07517466694116592,
    0.010262497700750828,
    -0.009630871005356312,
    -0.00912262313067913,
    0.0592447854578495,
    0.010594167746603489,
    0.026335785165429115,
    0.0067635178565979,
    -0.0971471518278122,
    0.029603900387883186,
    0.019035501405596733,
    0.03457227349281311,
    0.07476458698511124,
    0.027199208736419678,
    -0.031481098383665085,
    -0.03318781033158302,
    0.014960908330976963,
    -0.04190594330430031,
    -0.06626186519861221,
    0.0179591067135334,
    0.001510683330707252,
    -0.08550848066806793,
    2.284211659373444e-32,
    0.002006916794925928,
    0.00806666724383831,
    -0.08465272933244705,
    0.007889935746788979,
    0.05051349848508835,
    -0.036165352910757065,
    0.003739250125363469,
    0.011705591343343258,
    -0.02114880643785,
    0.026182541623711586,
    -0.02348189800977707,
    0.01842176355421543,
    0.0029736098367720842,
    0.005545101594179869,
    -0.0010000639595091343,
    -0.02200208604335785,
    -0.03760559856891632,
    0.06916854530572891,
    -0.009939025156199932,
    0.04160754382610321,
    0.000591653457377106,
    -0.047906771302223206,
    0.01059572771191597,
    0.03946610540151596,
    -0.04864026606082916,
    -0.04682302102446556,
    0.0008833999163471162,
    -0.046369634568691254,
    -0.033899541944265366,
    0.006648079492151737,
    0.027625735849142075,
    0.0517079196870327,
    0.05673925578594208,
    -0.02662559784948826,
    0.039071399718523026,
    0.09726858139038086,
    0.0065141115337610245,
    -0.03335307538509369,
    0.02732926979660988,
    -0.02194715104997158,
    -0.09751061350107193,
    0.02806459181010723,
    0.021466638892889023,
    0.03425110504031181,
    0.024628760293126106,
    -0.07019504904747009,
    -0.0015303954714909196,
    -0.07140041887760162,
    0.020845919847488403,
    0.049601320177316666,
    -0.023150263354182243,
    0.019133001565933228,
    0.07882010191679001,
    -0.05130186304450035,
    -0.030229970812797546,
    -0.015563340857625008,
    -0.057118963450193405,
    0.028490867465734482,
    -0.06678252667188644,
    0.06751234829425812,
    0.001975197345018387,
    -0.03439835086464882,
    -0.017254626378417015,
    0.014868734404444695,
    -0.013891453854739666,
    -0.033257413655519485,
    -0.02398505061864853,
    -0.046625010669231415,
    0.04065020754933357,
    -0.024311479181051254,
    -0.029282309114933014,
    0.06808266043663025,
    0.034943386912345886,
    -0.031200869008898735,
    -0.05766964703798294,
    -0.07287054508924484,
    0.0218633022159338,
    -0.010169873014092445,
    0.04612089321017265,
    -0.05960705131292343,
    -0.08894612640142441,
    -0.023733047768473625,
    0.08764674514532089,
    0.039900440722703934,
    -0.0072603714652359486,
    -0.044927749782800674,
    0.0693398043513298,
    0.01014962512999773,
    -0.04021016135811806,
    -0.06518843024969101,
    0.004301674198359251,
    0.01750282756984234,
    -0.025366002693772316,
    0.06249372661113739,
    0.11699453741312027,
    -2.251901580836361e-32,
    -0.032275158911943436,
    -0.02232849784195423,
    -0.06550995260477066,
    -0.007828418165445328,
    0.0387246273458004,
    1.4924903553037439e-05,
    -0.017343794927001,
    -0.0750189945101738,
    0.08792895078659058,
    -0.032241035252809525,
    -0.052383698523044586,
    -0.057182859629392624,
    -0.006015296094119549,
    0.027925048023462296,
    -0.04418279975652695,
    -0.07452380657196045,
    -0.09807682782411575,
    -0.05056653171777725,
    0.011918788775801659,
    0.06389857083559036,
    0.07530111074447632,
    0.004065885208547115,
    -0.031021229922771454,
    0.0811014324426651,
    -0.014385220594704151,
    0.028347505256533623,
    -0.01584317348897457,
    -0.06725434213876724,
    0.0849747285246849,
    -0.00712791969999671,
    -0.00938508752733469,
    -0.08347618579864502,
    -0.04364427179098129,
    0.03904847800731659,
    -0.027450697496533394,
    -0.13636726140975952,
    0.07124434411525726,
    -0.03086182475090027,
    -0.029555315151810646,
    -0.027028987184166908,
    0.07704810053110123,
    0.03138814866542816,
    -0.03838449344038963,
    -0.0003905485209543258,
    0.02710731141269207,
    -0.04877335950732231,
    0.09868422895669937,
    -0.06854244321584702,
    0.013637183234095573,
    -0.051401443779468536,
    0.04337525740265846,
    -0.044820789247751236,
    0.02548055164515972,
    0.12662936747074127,
    -0.024655334651470184,
    -0.0135197713971138,
    0.047679100185632706,
    -0.03424606844782829,
    -0.04723791033029556,
    0.027465589344501495,
    0.06215789169073105,
    0.09626274555921555,
    -0.017314080148935318,
    0.005582200828939676,
    0.08282305300235748,
    -0.03526761382818222,
    -0.013908258639276028,
    -0.0888017863035202,
    0.008431658148765564,
    -0.04300331324338913,
    -0.09021682292222977,
    -0.09327887743711472,
    -0.008913600817322731,
    -0.061181630939245224,
    0.09042197465896606,
    -0.05401578173041344,
    -0.0037734059151262045,
    -0.04351477697491646,
    -0.11509452015161514,
    0.02595807984471321,
    0.031874366104602814,
    0.0232223067432642,
    -0.02596137672662735,
    0.06789204478263855,
    -0.02971217781305313,
    0.04388325288891792,
    0.039102084934711456,
    -0.005988153163343668,
    0.0732915922999382,
    0.10076156258583069,
    -0.05229121819138527,
    -0.0075887516140937805,
    -0.037347398698329926,
    0.013907543383538723,
    -0.08493787050247192,
    -6.34227674822796e-08,
    -0.03142958879470825,
    0.0656253769993782,
    -0.0636916235089302,
    -0.004719990771263838,
    -0.012214710004627705,
    0.052055664360523224,
    -0.03540753945708275,
    -0.003588659455999732,
    -0.06903603672981262,
    -0.04219944402575493,
    0.07899247854948044,
    0.05030001327395439,
    -0.014359133318066597,
    -0.04056062176823616,
    0.04659441486001015,
    -0.021518949419260025,
    -0.06065365672111511,
    0.019584182649850845,
    -0.0615500770509243,
    0.09595233201980591,
    -0.06398279964923859,
    0.0006050000665709376,
    -0.07726117968559265,
    -0.017518021166324615,
    0.011611890979111195,
    0.019736550748348236,
    -0.04688704386353493,
    0.09969572722911835,
    0.057010941207408905,
    0.043786726891994476,
    -0.013715830631554127,
    0.02874000556766987,
    0.02341250516474247,
    -0.05274365469813347,
    -0.0885372906923294,
    -0.017708810046315193,
    -0.04991256073117256,
    0.023851772770285606,
    0.049738891422748566,
    0.022414738312363625,
    0.013789476826786995,
    0.042588092386722565,
    0.039120711386203766,
    0.11060146242380142,
    0.08567682653665543,
    -0.025981822982430458,
    -0.10350647568702698,
    -0.02581273391842842,
    0.010991052724421024,
    -0.04283924773335457,
    0.0003902495082002133,
    -0.06462083011865616,
    0.04010889306664467,
    0.011325189843773842,
    -0.03159487619996071,
    0.06469306349754333,
    0.027035009115934372,
    -0.023052163422107697,
    -0.01626710034906864,
    -0.0011232858523726463,
    0.1840476244688034,
    0.03102576918900013,
    0.013502686284482479,
    -0.01657406985759735
]