[
    -0.007440556306391954,
    -0.014637625776231289,
    -0.030965887010097504,
    -0.06955781579017639,
    -0.047256410121917725,
    0.05079515278339386,
    -0.033066678792238235,
    -0.06026597321033478,
    -0.0001689167838776484,
    -0.024225065484642982,
    -0.020716285333037376,
    -0.013216876424849033,
    0.03391676023602486,
    -0.024124344810843468,
    0.11035601794719696,
    -0.03182462602853775,
    0.04427245259284973,
    0.0380726158618927,
    -0.1169576495885849,
    0.05798422917723656,
    0.008019491098821163,
    0.05483550950884819,
    -0.03181460127234459,
    -0.045174114406108856,
    -0.11207488179206848,
    -0.020183825865387917,
    -0.014433275908231735,
    -0.0865335538983345,
    -0.028884200379252434,
    -0.07505384087562561,
    0.04317692667245865,
    0.03305526077747345,
    0.024755438789725304,
    0.08380967378616333,
    -0.013217915780842304,
    0.016620948910713196,
    -0.02926991693675518,
    0.07116737216711044,
    0.015249731950461864,
    0.020000135526061058,
    -0.09331906586885452,
    -0.03456009551882744,
    -0.021816879510879517,
    -0.002238659653812647,
    0.04504070803523064,
    -0.01007004827260971,
    -0.0831313356757164,
    -0.06528987735509872,
    0.06223189830780029,
    0.02575799636542797,
    -0.018135176971554756,
    -0.02392422780394554,
    -0.007736593019217253,
    0.10016576200723648,
    -0.07723626494407654,
    -0.05116775259375572,
    -0.039173275232315063,
    -0.026125522330403328,
    -0.11595846712589264,
    0.015336886048316956,
    -0.0046561239287257195,
    0.01878834143280983,
    0.05035761743783951,
    0.05871811509132385,
    -0.11257186532020569,
    0.03846198320388794,
    -0.02448313869535923,
    -0.008558540605008602,
    -0.05737776309251785,
    -0.017076075077056885,
    -0.09545809030532837,
    -0.00706879748031497,
    -0.022733112797141075,
    0.04694599285721779,
    -0.001062419032678008,
    0.015325779095292091,
    0.005915481131523848,
    -0.009025800041854382,
    0.060551904141902924,
    -0.1531989872455597,
    -0.012393216602504253,
    0.027424797415733337,
    -0.012846488505601883,
    0.06661775708198547,
    -0.10052064806222916,
    -0.004166574217379093,
    -0.010089674033224583,
    0.007667085621505976,
    -0.04105561599135399,
    -0.03876345232129097,
    0.008085792884230614,
    -0.04670645296573639,
    0.06860020756721497,
    -0.055055320262908936,
    0.08408179134130478,
    -0.006346242967993021,
    -0.013959369622170925,
    -0.07250849902629852,
    0.01630411110818386,
    -0.018487172201275826,
    -0.05514815077185631,
    0.010423566214740276,
    0.059738580137491226,
    -0.0073502142913639545,
    -0.05898639187216759,
    -0.08594222366809845,
    0.0292260330170393,
    0.013554388657212257,
    0.02574322558939457,
    0.027560997754335403,
    0.03316304832696915,
    0.014935252256691456,
    -0.06852854043245316,
    -0.13191339373588562,
    0.027317984029650688,
    -0.03378881514072418,
    0.011906308121979237,
    0.02460293285548687,
    0.02485625259578228,
    0.004243742674589157,
    -0.04903845489025116,
    -0.0012242485536262393,
    -0.06111573427915573,
    -0.06969088315963745,
    -0.019642088562250137,
    0.04415489360690117,
    -0.012605278752744198,
    3.034800214140793e-32,
    -0.014892068691551685,
    0.022828593850135803,
    -0.011005197651684284,
    0.048392415046691895,
    0.03908471390604973,
    -0.02710122987627983,
    0.04782414063811302,
    -0.006152118556201458,
    -0.0504196472465992,
    0.09170985966920853,
    -0.020125487819314003,
    0.050971273332834244,
    -0.009437148459255695,
    0.004704943858087063,
    -0.06321727484464645,
    0.02263903059065342,
    -0.0017960633849725127,
    0.07412464916706085,
    -0.05193670466542244,
    0.06636969745159149,
    -0.006944338325411081,
    -0.0013779905857518315,
    0.018609030172228813,
    0.03473766893148422,
    -0.02747785858809948,
    -0.0030259990599006414,
    0.009119978174567223,
    -0.013408921658992767,
    0.04262207821011543,
    -0.010258189402520657,
    0.0243417676538229,
    0.011095311492681503,
    -0.002959007862955332,
    -0.03593329340219498,
    0.016066063195466995,
    0.13572263717651367,
    0.046124815940856934,
    -0.03290926292538643,
    0.09321153908967972,
    -0.08981844782829285,
    -0.033932410180568695,
    -0.022138701751828194,
    0.058075062930583954,
    0.04259711503982544,
    0.027349643409252167,
    -0.004817741457372904,
    0.04910566657781601,
    0.002168163424357772,
    0.02456650324165821,
    0.027625231072306633,
    -0.040346551686525345,
    0.00546844070777297,
    0.008667662739753723,
    -0.01764434203505516,
    0.008373775519430637,
    -0.018670951947569847,
    -0.030016811564564705,
    0.04579245299100876,
    -0.03486789017915726,
    0.07081925868988037,
    -0.04562562331557274,
    0.01784481108188629,
    -0.04323397949337959,
    0.00020443284302018583,
    0.010619082488119602,
    -0.062236204743385315,
    -0.012284384109079838,
    -0.09283731877803802,
    0.06562663614749908,
    0.03173824027180672,
    -0.02626441791653633,
    0.06861381977796555,
    -0.046845268458127975,
    0.03650180622935295,
    0.014676403254270554,
    -0.022646795958280563,
    0.0015648114494979382,
    -0.07135600596666336,
    0.06817305833101273,
    0.034348636865615845,
    -0.07901621609926224,
    0.008989186957478523,
    0.022733869031071663,
    0.08567793667316437,
    -0.008197806775569916,
    0.00466484110802412,
    0.0431549958884716,
    0.04802562668919563,
    -0.08132769912481308,
    -0.0658775195479393,
    -0.035184573382139206,
    0.048594579100608826,
    0.0817003920674324,
    0.06129659712314606,
    -0.012746253050863743,
    -2.977579206257878e-32,
    -0.015176809392869473,
    -0.02597442828118801,
    -0.029905611649155617,
    -0.00418883515521884,
    0.0755157396197319,
    -0.023352492600679398,
    -0.02687416598200798,
    -0.12652382254600525,
    0.08179017901420593,
    0.045986831188201904,
    0.03467078506946564,
    -0.03468628600239754,
    -0.02673371694982052,
    -0.019894953817129135,
    -0.016638275235891342,
    -0.00994875468313694,
    -0.09908618777990341,
    -0.03714746981859207,
    -0.0059264423325657845,
    0.13974304497241974,
    -0.02496642805635929,
    0.010739139281213284,
    0.008339815773069859,
    0.13379640877246857,
    0.05157395452260971,
    0.08580261468887329,
    -0.05132478475570679,
    -0.016838643699884415,
    0.10039994865655899,
    -0.06987342238426208,
    -0.050693850964307785,
    -0.0742620974779129,
    -0.020622238516807556,
    0.006825932301580906,
    -0.09647446870803833,
    -0.18968777358531952,
    0.016983432695269585,
    -0.023400578647851944,
    -0.030381735414266586,
    -0.03701150789856911,
    0.07469095289707184,
    -0.024650707840919495,
    -0.043076012283563614,
    0.03840408846735954,
    0.020652830600738525,
    -0.09501323848962784,
    0.0384872667491436,
    -0.028017453849315643,
    -0.013183079659938812,
    0.008003372699022293,
    -0.003700385568663478,
    -0.015951888635754585,
    -0.052085064351558685,
    0.022386498749256134,
    0.0034897516015917063,
    0.0601855106651783,
    -0.013659661635756493,
    -0.0357942134141922,
    -0.0226867888122797,
    -0.056483712047338486,
    0.09668628871440887,
    0.06818140298128128,
    -0.008527976460754871,
    0.07975154370069504,
    0.028820453211665154,
    -0.04025678709149361,
    -0.021234121173620224,
    -0.06092354655265808,
    -0.05890282616019249,
    -0.0672573521733284,
    -0.06904242187738419,
    -0.11139121651649475,
    -0.08240194618701935,
    -0.11632239818572998,
    0.06647934019565582,
    -0.059899818152189255,
    -0.009835509583353996,
    -0.09688728302717209,
    -0.03266473487019539,
    0.04159500449895859,
    0.059166889637708664,
    -0.053733941167593,
    -0.05557304248213768,
    0.056899577379226685,
    -0.030423611402511597,
    0.01368370745331049,
    0.06336028128862381,
    -0.0402703583240509,
    -0.006456269882619381,
    0.07776293903589249,
    -0.07827265560626984,
    0.012515893206000328,
    -0.04663035273551941,
    0.029800351709127426,
    -0.09548167884349823,
    -7.594272233291122e-08,
    -0.023030268028378487,
    0.08302685618400574,
    0.01676667109131813,
    -0.032023634761571884,
    -0.022424452006816864,
    -0.07123450189828873,
    -0.016175473108887672,
    0.005360259674489498,
    -0.024796074256300926,
    -0.0011943805729970336,
    0.04002811759710312,
    0.06557374447584152,
    -0.023642903193831444,
    -0.03756318986415863,
    0.07892529666423798,
    -0.018922744318842888,
    -0.07042445242404938,
    -0.02395694889128208,
    -0.06959245353937149,
    0.031691767275333405,
    -0.06830034404993057,
    -0.047927435487508774,
    -0.054350845515728,
    0.014886272139847279,
    0.02180045284330845,
    0.043810658156871796,
    -0.02394302934408188,
    -0.02570411004126072,
    0.1092478334903717,
    0.04301230236887932,
    0.005688648205250502,
    -0.02057982049882412,
    -0.028577739372849464,
    -0.024446841329336166,
    -0.007172378711402416,
    -0.03351171314716339,
    0.015913931652903557,
    -0.023368414491415024,
    0.04273660480976105,
    0.004291859455406666,
    0.010505895130336285,
    0.02688424102962017,
    0.008119857870042324,
    0.07834304124116898,
    -0.017509441822767258,
    -0.05493314564228058,
    -0.04105403274297714,
    0.0028585537802428007,
    0.04175639525055885,
    -0.10127556324005127,
    -0.04306371882557869,
    -0.03708557039499283,
    0.04584382474422455,
    -0.045707155019044876,
    -0.07341207563877106,
    0.09822128713130951,
    0.01191116776317358,
    0.03210050240159035,
    0.004429129883646965,
    0.017690015956759453,
    0.076072096824646,
    0.029625538736581802,
    0.03930896148085594,
    -0.0014033053303137422
]