[
    -0.002828561933711171,
    0.056528568267822266,
    -0.023326247930526733,
    -0.03246550261974335,
    -0.08103864639997482,
    0.04664764925837517,
    -0.05180627852678299,
    -0.014752698130905628,
    0.01947857066988945,
    0.03453397378325462,
    0.08658549934625626,
    -0.015090743079781532,
    0.05216645449399948,
    -0.021881813183426857,
    0.031839240342378616,
    -0.009373746812343597,
    0.05430315062403679,
    0.055920813232660294,
    -0.11912928521633148,
    0.05170730501413345,
    0.04461148753762245,
    0.07360322028398514,
    -0.06994017958641052,
    0.00010804464545799419,
    -0.16123487055301666,
    -0.0503646619617939,
    -0.03774325177073479,
    -0.053138334304094315,
    0.0564892403781414,
    -0.08499225974082947,
    0.006266184151172638,
    0.02756403759121895,
    0.04257388785481453,
    0.07437416911125183,
    -0.047936610877513885,
    0.015030045993626118,
    0.020323047414422035,
    -0.006802384741604328,
    -0.02183600142598152,
    -0.01686277985572815,
    -0.0570380873978138,
    -0.016168853268027306,
    -0.04666052386164665,
    0.01739165373146534,
    0.03731159865856171,
    -0.027974199503660202,
    -0.04005829989910126,
    -0.06181103363633156,
    -0.02981559932231903,
    -0.028653636574745178,
    -0.10237471014261246,
    -0.05344225466251373,
    -0.0032546278089284897,
    0.11895757913589478,
    -0.06390254944562912,
    -0.04607931897044182,
    0.015866244211792946,
    0.020889868959784508,
    -0.07153839617967606,
    -0.02052220143377781,
    0.029522605240345,
    -0.027721308171749115,
    -0.006594733335077763,
    0.03423419967293739,
    -0.03152462840080261,
    0.05439142510294914,
    -0.0034596615005284548,
    -0.07711509615182877,
    0.025524456053972244,
    0.04540988430380821,
    -0.08690289407968521,
    -0.05133657157421112,
    0.017010416835546494,
    0.0522325374186039,
    -0.044046297669410706,
    0.013113184832036495,
    -0.03235485404729843,
    0.03536859527230263,
    0.06330554932355881,
    -0.12066055089235306,
    -0.017301784828305244,
    0.025834839791059494,
    -0.028040055185556412,
    0.08217041194438934,
    -0.05389230325818062,
    -0.04396592825651169,
    -0.019688433036208153,
    -0.010069181211292744,
    0.021057553589344025,
    -0.045614175498485565,
    0.08066709339618683,
    -0.035221394151449203,
    0.10315728932619095,
    -0.09229353070259094,
    0.08948509395122528,
    -0.0485541895031929,
    -0.016014138236641884,
    -0.09026342630386353,
    0.010756147094070911,
    0.0028745224699378014,
    0.01627729833126068,
    0.007191321346908808,
    -0.0859033539891243,
    -0.0023797103203833103,
    0.016056664288043976,
    -0.07074172794818878,
    0.0010025856317952275,
    -0.004747974686324596,
    -0.02881905622780323,
    0.037597399204969406,
    0.0104820616543293,
    0.04257902130484581,
    -0.032343409955501556,
    -0.13071541488170624,
    0.07028184831142426,
    0.028812821954488754,
    -0.04522242769598961,
    0.06847133487462997,
    0.02872587740421295,
    -0.0290952380746603,
    -0.0062202331610023975,
    -0.016222568228840828,
    -0.02300831489264965,
    -0.09851638972759247,
    0.018430523574352264,
    0.009297018870711327,
    -0.03852640837430954,
    2.362917177506338e-32,
    0.016895221546292305,
    0.00933937355875969,
    -0.0722530335187912,
    -0.022671645507216454,
    0.0012561886105686426,
    -0.04203112795948982,
    0.0077028037048876286,
    -0.026456523686647415,
    -0.011717822402715683,
    0.027933096513152122,
    -0.014869454316794872,
    -0.0008327976684086025,
    -0.012489913031458855,
    -0.024403130635619164,
    -0.05100018158555031,
    0.025138063356280327,
    0.022725693881511688,
    0.11442488431930542,
    -0.024396194145083427,
    0.04653915762901306,
    0.02863822691142559,
    -0.06310394406318665,
    0.03314922749996185,
    -0.009096591733396053,
    -0.02993730455636978,
    -0.009437638334929943,
    -0.0026607359759509563,
    -0.007236842066049576,
    -0.009894665330648422,
    0.0015447725309059024,
    0.055802926421165466,
    0.06581427901983261,
    0.021505223587155342,
    -0.004168342333287001,
    0.016973186284303665,
    0.10355760902166367,
    -0.00022522930521517992,
    -0.03476940095424652,
    0.09635328501462936,
    -0.04605028033256531,
    -0.055962394922971725,
    0.0337013378739357,
    0.021616000682115555,
    -0.012273131869733334,
    0.045479435473680496,
    -0.028795946389436722,
    0.03613884374499321,
    -0.06072636693716049,
    0.0011500281980261207,
    0.0490274578332901,
    0.006919284351170063,
    0.007758290972560644,
    0.030810344964265823,
    -0.0169299878180027,
    -0.0438954159617424,
    0.012434232048690319,
    -0.020592236891388893,
    0.03317984938621521,
    -0.040673986077308655,
    0.073533795773983,
    -0.02920328453183174,
    -0.005488066002726555,
    -0.02818877249956131,
    0.030340829864144325,
    0.02665853127837181,
    -0.05958462134003639,
    -0.014351136051118374,
    -0.05400674417614937,
    0.015109822154045105,
    -0.008919999934732914,
    -0.030295325443148613,
    0.05562422052025795,
    0.005711864680051804,
    -0.008556504733860493,
    -0.05406460165977478,
    -0.057713866233825684,
    0.062098413705825806,
    -0.026687651872634888,
    0.07712770253419876,
    -0.006256225053220987,
    -0.04654929041862488,
    -0.025318004190921783,
    -0.004036996979266405,
    0.025136565789580345,
    -0.01247533317655325,
    -0.028139255940914154,
    0.06456439942121506,
    0.049186255782842636,
    -0.10457222908735275,
    -0.029868075624108315,
    -0.009789416566491127,
    0.019269121810793877,
    0.01948213204741478,
    0.09005924314260483,
    0.02798692137002945,
    -2.2919843218946687e-32,
    0.026245560497045517,
    -0.0268742386251688,
    -0.0342714786529541,
    0.04756411164999008,
    0.039325229823589325,
    0.00526467664167285,
    -0.06147700175642967,
    -0.08223406970500946,
    0.01821478269994259,
    0.016774700954556465,
    -0.011817408725619316,
    -0.06528285890817642,
    -0.024298306554555893,
    0.018834905698895454,
    -0.03900798782706261,
    -0.04551994800567627,
    -0.04163116216659546,
    -0.07531026750802994,
    -0.037696074694395065,
    0.08326297253370285,
    0.04703015089035034,
    -0.00014951681077945977,
    -0.06682860851287842,
    0.1327015608549118,
    0.010870750993490219,
    0.07446230202913284,
    -0.005618393421173096,
    -0.04981518164277077,
    -0.008581511676311493,
    -0.05151158198714256,
    -0.026707937940955162,
    -0.061705686151981354,
    -0.017973504960536957,
    0.06911527365446091,
    -0.05313762277364731,
    -0.14779429137706757,
    0.07505659759044647,
    -0.07054319977760315,
    -0.05343236029148102,
    -0.009044126607477665,
    0.04719821363687515,
    0.09109991788864136,
    -0.061795588582754135,
    -0.02652904950082302,
    0.008923787623643875,
    -0.09142611175775528,
    0.034441396594047546,
    -0.001134529709815979,
    0.009947797283530235,
    -0.019620021805167198,
    0.025919446721673012,
    -0.021081866696476936,
    -0.009012886323034763,
    0.07913222908973694,
    -0.023442404344677925,
    0.08103660494089127,
    0.0538879930973053,
    -0.0493229515850544,
    -0.04667503759264946,
    0.02041982114315033,
    0.053061868995428085,
    0.02427925355732441,
    -0.04723307490348816,
    0.051754698157310486,
    0.06021071970462799,
    -0.03316584974527359,
    0.014893103390932083,
    -0.03302701190114021,
    -0.03413405641913414,
    -0.08263646066188812,
    -0.016918934881687164,
    -0.049946315586566925,
    -0.039876583963632584,
    -0.14578190445899963,
    0.09868352860212326,
    -0.037783749401569366,
    -0.02817755565047264,
    -0.0979381799697876,
    -0.11113292723894119,
    -0.009003546088933945,
    0.053340181708335876,
    -0.036627549678087234,
    0.019076822325587273,
    0.05395770072937012,
    -0.046424251049757004,
    0.03950751945376396,
    0.05777972936630249,
    -0.04312741756439209,
    0.04421275481581688,
    0.07781201601028442,
    -0.1024220883846283,
    -0.008352693170309067,
    -0.07542414218187332,
    0.017156772315502167,
    -0.07012558728456497,
    -6.505043614879469e-08,
    -0.06912770867347717,
    0.03893757611513138,
    0.01252476591616869,
    -0.01879865676164627,
    0.002432279521599412,
    -0.045616306364536285,
    -0.03396765887737274,
    0.04619018733501434,
    -0.0742192268371582,
    -0.04714164137840271,
    0.0303738284856081,
    0.01732489839196205,
    -0.046422701328992844,
    -0.032862141728401184,
    0.10194500535726547,
    -0.025725936517119408,
    -0.03733271732926369,
    0.012761780060827732,
    -0.08156401664018631,
    0.07095218449831009,
    -0.06650227308273315,
    -0.035664986819028854,
    -0.040066786110401154,
    -0.028982503339648247,
    0.034149691462516785,
    0.01062331348657608,
    -0.016591280698776245,
    0.11639769375324249,
    0.07468824088573456,
    0.057635050266981125,
    0.001218830468133092,
    0.007984981872141361,
    0.06733960658311844,
    -0.049708038568496704,
    -0.07389558851718903,
    -0.041227538138628006,
    0.04629077389836311,
    -0.0067809587344527245,
    0.015379979275166988,
    0.010381431318819523,
    0.02550116367638111,
    0.04593066871166229,
    0.04673859849572182,
    0.10360931605100632,
    0.01360809151083231,
    -0.06185613572597504,
    -0.07213083654642105,
    0.03809738904237747,
    -0.0068896254524588585,
    -0.09234432131052017,
    0.026840386912226677,
    -0.01307141687721014,
    0.027042226865887642,
    0.05626162514090538,
    -0.05073366314172745,
    0.09012723714113235,
    0.07242927700281143,
    0.03910249471664429,
    -0.05541180819272995,
    0.01584029383957386,
    0.14313754439353943,
    0.042971398681402206,
    0.0677039697766304,
    -0.05592568218708038
]