[
    -0.04818708822131157,
    0.047179169952869415,
    -0.03643634542822838,
    -0.13330763578414917,
    -0.022605804726481438,
    0.05452191084623337,
    -0.04041431471705437,
    -0.000797283835709095,
    -0.01677287556231022,
    0.014934845268726349,
    -0.009651070460677147,
    0.023581892251968384,
    -0.006584946997463703,
    -0.03279433771967888,
    0.10122901201248169,
    -0.06846940517425537,
    0.040953926742076874,
    0.022968368604779243,
    -0.11501707136631012,
    0.06197402998805046,
    0.054753534495830536,
    0.046340569853782654,
    -0.07533110678195953,
    0.04023199528455734,
    -0.0977981835603714,
    -0.018013758584856987,
    -0.029794098809361458,
    -0.0858270525932312,
    0.040093794465065,
    -0.04414182901382446,
    0.06216873228549957,
    -0.03852918744087219,
    0.060922279953956604,
    0.047656942158937454,
    -0.014452959410846233,
    -0.008061816915869713,
    0.005500050727277994,
    0.013109641149640083,
    -0.06055473908782005,
    0.015970567241311073,
    -0.02743125520646572,
    -0.03992556035518646,
    -0.07249204814434052,
    0.0017240260494872928,
    0.057206761091947556,
    0.03587959706783295,
    -0.08295445889234543,
    -0.010612055659294128,
    -0.035016853362321854,
    0.0008798563503660262,
    -0.058801181614398956,
    -0.023832760751247406,
    -0.027938010171055794,
    0.07653933763504028,
    -0.043254632502794266,
    -0.08511121571063995,
    -0.010974425822496414,
    0.03801283240318298,
    -0.08940745145082474,
    -0.029120048508048058,
    0.04588192328810692,
    0.010333409532904625,
    0.007924905978143215,
    0.06616143137216568,
    -0.04380668327212334,
    0.04073074460029602,
    0.006837756838649511,
    -0.014476479962468147,
    0.0010611509205773473,
    0.0015338107477873564,
    -0.11146748811006546,
    -0.015343034639954567,
    0.018576037138700485,
    0.07892462611198425,
    -0.028972424566745758,
    -0.05026371031999588,
    -0.030509280040860176,
    0.06525374203920364,
    0.030649743974208832,
    -0.09421267360448837,
    -0.01828901842236519,
    -0.0023737947922199965,
    -0.01678534597158432,
    0.052151527255773544,
    -0.06508205831050873,
    -0.017375843599438667,
    -0.06905359774827957,
    -0.06817329674959183,
    -0.019270796328783035,
    -0.07221397757530212,
    0.039508502930402756,
    -0.023726481944322586,
    0.09223726391792297,
    -0.05540626123547554,
    0.03561289235949516,
    -0.025835657492280006,
    -0.0230068638920784,
    -0.06513585150241852,
    0.010240217670798302,
    -0.028676165267825127,
    0.013496003113687038,
    0.0583687424659729,
    0.024408206343650818,
    -0.015756450593471527,
    -0.06295839697122574,
    -0.06731197983026505,
    0.04305540397763252,
    0.0369102843105793,
    0.02070753276348114,
    -0.0001792260882211849,
    0.018299173563718796,
    -0.015331177972257137,
    -0.06836292147636414,
    -0.1164543405175209,
    0.037082839757204056,
    0.0037784771993756294,
    -0.06009434536099434,
    0.07444238662719727,
    0.0704864114522934,
    0.030004026368260384,
    -0.03653303533792496,
    -0.020496312528848648,
    -0.07661809772253036,
    -0.09314180910587311,
    0.010344251058995724,
    0.03291871026158333,
    -0.03277590498328209,
    1.703842768128824e-32,
    -0.04494582861661911,
    0.009932432323694229,
    -0.06733202934265137,
    0.06187594681978226,
    0.06862358003854752,
    -0.005513694137334824,
    -0.002526078838855028,
    -0.014014354906976223,
    -0.04238995909690857,
    0.017068317160010338,
    -0.049303364008665085,
    0.05129557102918625,
    -0.005932621657848358,
    0.03243059292435646,
    0.015063232742249966,
    -0.007394387386739254,
    -0.04484357312321663,
    0.09676462411880493,
    0.0012482419842854142,
    0.07970913499593735,
    0.033690426498651505,
    -0.03534204140305519,
    0.018018940463662148,
    -0.0023578896652907133,
    0.03929208964109421,
    0.024191249161958694,
    0.01011645421385765,
    -0.017916416749358177,
    0.0542033426463604,
    1.5675514077884145e-05,
    0.05469372868537903,
    0.003584788180887699,
    0.0227217935025692,
    -0.04000265523791313,
    0.0489250011742115,
    0.11348912864923477,
    0.03476222977042198,
    -0.0442245714366436,
    0.11356542259454727,
    -0.06447094678878784,
    -0.0656202882528305,
    -0.0018325586570426822,
    0.023695148527622223,
    0.015023903921246529,
    0.047691117972135544,
    0.05008716881275177,
    0.011908371932804585,
    -0.0061500538140535355,
    0.05747317522764206,
    0.026805933564901352,
    -0.025066250935196877,
    -0.011445834301412106,
    0.06803587079048157,
    -0.015719115734100342,
    0.017705410718917847,
    -0.04492589458823204,
    -0.043697018176317215,
    0.025167295709252357,
    -0.04575685039162636,
    0.08131557703018188,
    0.006756244692951441,
    0.030156441032886505,
    0.0025941794738173485,
    0.0007877530879341066,
    0.0008196464041247964,
    -0.06270931661128998,
    0.0005270343972370028,
    -0.06701972335577011,
    0.07618395239114761,
    -0.005235076881945133,
    -0.06833279132843018,
    0.08401545882225037,
    -0.003262797836214304,
    0.021261153742671013,
    -0.009456700645387173,
    -0.04159554839134216,
    -0.0004369824309833348,
    -0.06460045278072357,
    0.0024354823399335146,
    0.00901734922081232,
    -0.14745399355888367,
    0.06180885061621666,
    0.04287520796060562,
    0.06378978490829468,
    0.043047837913036346,
    -0.01588643155992031,
    0.021891316398978233,
    0.045345816761255264,
    -0.058525051921606064,
    -0.04577145725488663,
    -0.029138410463929176,
    0.03826265409588814,
    0.031219875440001488,
    0.08164629340171814,
    0.03600431978702545,
    -1.8344585576044118e-32,
    0.016826994717121124,
    -0.017385181039571762,
    -0.058535680174827576,
    0.023641813546419144,
    0.03757690265774727,
    0.026535674929618835,
    -0.05115601420402527,
    -0.06826481968164444,
    0.07760993391275406,
    0.003146764123812318,
    0.025977063924074173,
    -0.02128787524998188,
    -0.001799759455025196,
    0.013589296489953995,
    -0.043231263756752014,
    -0.028903406113386154,
    -0.10050960630178452,
    -0.08470476418733597,
    0.011004867032170296,
    0.044466037303209305,
    0.03547497093677521,
    0.025711288675665855,
    -0.011891444213688374,
    0.121087446808815,
    0.023363791406154633,
    0.048804644495248795,
    -0.05848365277051926,
    -0.03837805241346359,
    0.10783867537975311,
    -0.10912106931209564,
    -0.06771348416805267,
    -0.07907862216234207,
    -0.05263940989971161,
    0.028748175129294395,
    -0.11315378546714783,
    -0.13455723226070404,
    0.07421005517244339,
    -0.04491756856441498,
    0.0026725544594228268,
    -0.04998650401830673,
    0.09216424822807312,
    -0.014662941917777061,
    -0.010812475346028805,
    0.009834484197199345,
    9.195767233904917e-06,
    -0.04282074049115181,
    0.016434257850050926,
    -0.031596411019563675,
    0.006549878977239132,
    -0.013544281013309956,
    0.054087843745946884,
    -0.052669212222099304,
    -0.03289059177041054,
    0.05218573287129402,
    -0.0711570680141449,
    0.023204805329442024,
    0.02691582590341568,
    -0.012631919234991074,
    -0.05650164932012558,
    -0.020078584551811218,
    0.059048645198345184,
    0.050702258944511414,
    -0.04722375050187111,
    0.08944498747587204,
    0.028620092198252678,
    -0.0514523945748806,
    0.03611982241272926,
    -0.033194974064826965,
    -0.038279131054878235,
    -0.05122900381684303,
    -0.08455297350883484,
    -0.1324247568845749,
    -0.12157558649778366,
    -0.06565234065055847,
    0.05576857924461365,
    -0.03469865396618843,
    -0.020792696624994278,
    -0.08976096659898758,
    -0.09774681180715561,
    0.02175528183579445,
    0.03461752459406853,
    0.006738678552210331,
    -0.05516161024570465,
    0.03100314363837242,
    -0.04838283360004425,
    0.04587323218584061,
    0.05252712965011597,
    -0.05391509458422661,
    0.013722599484026432,
    0.08659261465072632,
    -0.1094321757555008,
    -0.024603595957159996,
    0.007228709291666746,
    0.06167969852685928,
    -0.07637044787406921,
    -5.4764569767939975e-08,
    -0.01927764154970646,
    0.06517432630062103,
    0.006300617475062609,
    -0.04169526323676109,
    -0.06372105330228806,
    -0.026579836383461952,
    -0.06504621356725693,
    0.06130610406398773,
    -0.013908619061112404,
    -0.07802524417638779,
    0.04115305840969086,
    0.0379154346883297,
    0.00173056626226753,
    -0.015100005082786083,
    0.09989090263843536,
    -0.01632481813430786,
    -0.08976668119430542,
    0.0352553054690361,
    -0.05494268238544464,
    0.06637606769800186,
    -0.04296822473406792,
    -0.02307925373315811,
    -0.07883848994970322,
    -0.03893185779452324,
    0.0339219756424427,
    0.0390595942735672,
    0.01692805252969265,
    0.07118605822324753,
    0.04703287407755852,
    0.05631566047668457,
    -0.03910140320658684,
    0.04040146619081497,
    0.04623901844024658,
    0.00809088908135891,
    -0.06417792290449142,
    -0.05713610723614693,
    -0.014036150649189949,
    0.02866588905453682,
    0.028505204245448112,
    -0.035033296793699265,
    -0.02287026308476925,
    0.031914446502923965,
    0.03623642772436142,
    0.05353778973221779,
    0.006918488536030054,
    -0.062144335359334946,
    -0.020385228097438812,
    0.029164502397179604,
    0.021469952538609505,
    -0.11413514614105225,
    -0.03243887424468994,
    -0.011092234402894974,
    0.06397875398397446,
    0.014462362974882126,
    -0.028022445738315582,
    0.039125774055719376,
    0.027655094861984253,
    0.0005141494330018759,
    0.001999122556298971,
    0.0490504615008831,
    0.1031552404165268,
    0.02978179045021534,
    0.04830310121178627,
    0.017811845988035202
]