[
    -0.05447638779878616,
    0.024226006120443344,
    -0.0537673681974411,
    -0.10264530777931213,
    -0.0849791020154953,
    0.024681705981492996,
    0.04131479188799858,
    0.013608246110379696,
    -0.007437107153236866,
    -0.04592167213559151,
    -0.0466531440615654,
    0.01277894712984562,
    0.020283279940485954,
    0.036838043481111526,
    0.0442090667784214,
    -0.008805537596344948,
    0.07752478867769241,
    0.03732476383447647,
    -0.03215242549777031,
    0.07006929814815521,
    0.027975473552942276,
    0.09152626246213913,
    -0.08979935944080353,
    0.025099290534853935,
    -0.08865825086832047,
    -0.04630398750305176,
    -0.00575235765427351,
    -0.06567537039518356,
    0.06872741878032684,
    -0.029559392482042313,
    0.006161846220493317,
    0.033065859228372574,
    -0.012655986472964287,
    0.04951271042227745,
    -0.004023994784802198,
    -0.02086675353348255,
    -0.011478014290332794,
    0.015361011028289795,
    -0.020642895251512527,
    0.048732902854681015,
    -0.010854332707822323,
    0.01063753105700016,
    -0.01551744993776083,
    0.020144028589129448,
    0.058460742235183716,
    0.018523260951042175,
    -0.051711440086364746,
    -0.008890550583600998,
    0.004955336917191744,
    0.03717893734574318,
    -0.06125442311167717,
    -0.029350759461522102,
    -0.017263978719711304,
    0.0690774992108345,
    -0.04763586074113846,
    -0.04939154535531998,
    -0.011619334109127522,
    0.00028978934278711677,
    -0.07678360491991043,
    0.03222476691007614,
    0.06971172988414764,
    -0.03760960325598717,
    -0.0009955941932275891,
    0.0035222743172198534,
    -0.07963325083255768,
    0.05707653611898422,
    -0.025121022015810013,
    -0.0465318001806736,
    0.010269309394061565,
    -0.025091394782066345,
    -0.061702314764261246,
    0.003942085895687342,
    0.010395864956080914,
    0.04670964926481247,
    -0.03477581590414047,
    -0.034175824373960495,
    -0.020507395267486572,
    0.009007898159325123,
    0.0716017484664917,
    -0.1493971049785614,
    -0.05586395412683487,
    -0.010507617145776749,
    0.009961502626538277,
    0.003404788440093398,
    -0.05407751351594925,
    0.002730604959651828,
    -0.05194604769349098,
    -0.01763242669403553,
    -0.025906050577759743,
    -0.016210488975048065,
    0.07881425321102142,
    -0.053299177438020706,
    0.0726584643125534,
    -0.09090811759233475,
    0.08841543644666672,
    0.012053019367158413,
    -0.034139785915613174,
    -0.12025465071201324,
    0.041749872267246246,
    -0.04338435083627701,
    -0.026813721284270287,
    -0.03805417940020561,
    0.021144738420844078,
    0.03723294660449028,
    -0.018955757841467857,
    -0.050710633397102356,
    0.01800435036420822,
    0.01111522689461708,
    0.051204580813646317,
    0.05167621374130249,
    -0.017650144174695015,
    0.005220243241637945,
    -0.044220127165317535,
    -0.08804300427436829,
    -0.006460284814238548,
    0.04627332463860512,
    -0.010516182519495487,
    0.008019456639885902,
    0.01752813532948494,
    -0.0047947438433766365,
    -0.06332260370254517,
    0.02337818220257759,
    -0.02796880714595318,
    -0.06041634827852249,
    0.019243456423282623,
    -0.019873347133398056,
    -0.000659500015899539,
    2.082887533707194e-32,
    -0.021455926820635796,
    0.0388382188975811,
    -0.08238006383180618,
    0.03377719968557358,
    0.04601443186402321,
    0.023501574993133545,
    0.016587231308221817,
    -0.016411330550909042,
    -0.04967309534549713,
    0.0018866953905671835,
    -0.04833614081144333,
    0.06853070855140686,
    0.0022371956147253513,
    -0.012974200770258904,
    -0.08650936186313629,
    0.037827834486961365,
    -0.01165183074772358,
    0.10039642453193665,
    -0.04926625266671181,
    0.03817662596702576,
    0.007821976207196712,
    0.030690768733620644,
    0.011386575177311897,
    0.09154514968395233,
    -0.05818165838718414,
    0.024573009461164474,
    0.0036777895875275135,
    -0.020688729360699654,
    0.07181514799594879,
    -0.005590094719082117,
    0.03709593787789345,
    -0.014889419078826904,
    0.03507736697793007,
    -0.0483875498175621,
    0.023721933364868164,
    0.12901055812835693,
    0.023578716441988945,
    -0.04884343966841698,
    0.1237332820892334,
    -0.11332950741052628,
    -0.06441539525985718,
    -0.015704261139035225,
    -0.0009054167894646525,
    0.05097810924053192,
    0.02479354664683342,
    -0.011428945697844028,
    -0.008355203084647655,
    0.010934455320239067,
    0.01692444272339344,
    0.08326533436775208,
    -0.06721115112304688,
    -0.020291784778237343,
    0.014909133315086365,
    0.01519813109189272,
    0.023556632921099663,
    -0.05613379552960396,
    -0.07691479474306107,
    0.09031626582145691,
    -0.07472612708806992,
    0.0468716062605381,
    0.08803331106901169,
    0.024357518181204796,
    -0.0008578426786698401,
    0.034061092883348465,
    0.005794617813080549,
    -0.09564696997404099,
    -0.02553781308233738,
    -0.07543878257274628,
    0.05861254781484604,
    -0.0039236401207745075,
    -0.05638593062758446,
    0.0836825966835022,
    0.0022410426754504442,
    0.03531646728515625,
    -0.032914988696575165,
    -0.06750977784395218,
    -0.013571127317845821,
    -0.03321094065904617,
    0.025466587394475937,
    0.044526901096105576,
    -0.11506704241037369,
    0.05494921654462814,
    0.02952471747994423,
    0.08603879809379578,
    -0.005937427282333374,
    -0.006234530359506607,
    0.015260325744748116,
    0.01614273525774479,
    -0.04407640919089317,
    -0.05408436432480812,
    -0.03625661879777908,
    0.06554712355136871,
    0.05960208922624588,
    0.13298939168453217,
    0.0333016961812973,
    -2.0949792563469275e-32,
    0.0070900870487093925,
    -0.01697869412600994,
    0.02512456849217415,
    0.01331421174108982,
    0.03170160576701164,
    -0.012895233929157257,
    -0.049153078347444534,
    -0.07250257581472397,
    0.09796594083309174,
    0.03156724572181702,
    0.04325700178742409,
    -0.06465336680412292,
    0.011696108616888523,
    -0.01831122487783432,
    -0.06039195507764816,
    -0.06925211101770401,
    -0.12560966610908508,
    -0.026449108496308327,
    0.011571161448955536,
    0.07468706369400024,
    0.033233560621738434,
    0.02014056406915188,
    -0.05335066840052605,
    0.08438751101493835,
    0.01451899018138647,
    0.03235093504190445,
    -0.014490834437310696,
    -0.037526704370975494,
    0.0749913901090622,
    -0.07327968627214432,
    -0.043734483420848846,
    -0.06675655394792557,
    -0.005255559924989939,
    0.027045629918575287,
    -0.07916413247585297,
    -0.14364346861839294,
    0.07999750971794128,
    0.021429380401968956,
    -0.031329378485679626,
    -0.02276347205042839,
    0.13007327914237976,
    -0.021986840292811394,
    -0.008581829257309437,
    -0.024609673768281937,
    0.018279941752552986,
    -0.06778514385223389,
    0.089567631483078,
    -0.04093011096119881,
    0.02497183158993721,
    -0.04432894289493561,
    0.025595473125576973,
    -0.08913232386112213,
    0.024883881211280823,
    0.04152859374880791,
    -0.059168193489313126,
    0.027856307104229927,
    0.016765769571065903,
    0.010074777528643608,
    -0.024371663108468056,
    -0.03577150031924248,
    0.09001748263835907,
    0.005527190398424864,
    -0.03660506010055542,
    0.0810203030705452,
    0.0261219572275877,
    -0.04757092148065567,
    -0.03240193799138069,
    -0.05005510523915291,
    -0.042884886264801025,
    -0.02766861766576767,
    -0.09482018649578094,
    -0.1174214780330658,
    -0.054671723395586014,
    -0.05001053586602211,
    0.0659470334649086,
    -0.08082138746976852,
    -0.01860109157860279,
    -0.11128538101911545,
    -0.08508569002151489,
    -0.05185766890645027,
    0.02029130980372429,
    -0.005086343269795179,
    -0.036225251853466034,
    0.07735790312290192,
    -0.004171642474830151,
    0.025051847100257874,
    0.08082479983568192,
    -0.07164651900529861,
    0.011032186448574066,
    0.06509614735841751,
    -0.07959888875484467,
    -0.0007312590023502707,
    -0.003514807904139161,
    -0.015080696903169155,
    -0.10169704258441925,
    -5.9541083174963205e-08,
    -0.036773793399333954,
    0.09267724305391312,
    -0.004400510806590319,
    -0.032309338450431824,
    -0.03527431562542915,
    -0.040551409125328064,
    -0.05268276855349541,
    0.02580488845705986,
    -0.04336902126669884,
    -0.024479202926158905,
    0.003567151725292206,
    0.03164603188633919,
    -0.014919992536306381,
    -0.04691799730062485,
    0.10253092646598816,
    -0.03736060485243797,
    -0.07195544987916946,
    -0.03642752394080162,
    -0.03847968205809593,
    0.06046221777796745,
    -0.07303094863891602,
    -0.05973925441503525,
    -0.02956845797598362,
    0.030776379629969597,
    -0.017933988943696022,
    0.049030303955078125,
    -0.0047747851349413395,
    0.09518216550350189,
    0.033841487020254135,
    0.05211876705288887,
    -0.004155184142291546,
    0.04258289933204651,
    0.025133905932307243,
    -0.015149092301726341,
    -0.10322605818510056,
    -0.0447787381708622,
    -0.02509441412985325,
    0.010519933886826038,
    0.05998647212982178,
    -0.03557700291275978,
    -0.00036191410617902875,
    0.027329932898283005,
    -0.0067930156365036964,
    0.06669767200946808,
    -0.001964124385267496,
    -0.04957558959722519,
    0.01708666980266571,
    -0.017645038664340973,
    0.024217089638113976,
    -0.05479985103011131,
    -0.011059099808335304,
    -0.06543568521738052,
    0.10591767728328705,
    -0.014178851619362831,
    -0.038987092673778534,
    0.05700591206550598,
    0.044993430376052856,
    0.005879848729819059,
    -0.009247291833162308,
    0.029250606894493103,
    0.08380776643753052,
    0.08041834831237793,
    0.059089191257953644,
    -0.011377775110304356
]