[
    -0.03765406459569931,
    0.05267198756337166,
    -0.058318305760622025,
    -0.03806595876812935,
    -0.020709238946437836,
    0.0708586573600769,
    -0.028504222631454468,
    -0.05138321965932846,
    -0.0018251962028443813,
    0.00020771892741322517,
    0.022236132994294167,
    -0.0032113047782331705,
    0.012808379717171192,
    -0.0329161137342453,
    0.08062455803155899,
    0.029721848666667938,
    0.0741715058684349,
    0.06700754165649414,
    -0.059165243059396744,
    0.10519310086965561,
    -0.007228590082377195,
    0.06717932224273682,
    -0.06022428721189499,
    0.04025792330503464,
    -0.11618436127901077,
    0.01711384207010269,
    0.02239290438592434,
    -0.07576240599155426,
    0.04389883577823639,
    -0.06814347952604294,
    0.02765335515141487,
    -0.007688525132834911,
    0.0068965330719947815,
    0.10430404543876648,
    -0.0432794913649559,
    -0.04143427312374115,
    0.007506605237722397,
    0.021782176569104195,
    0.01368728931993246,
    -0.013924555853009224,
    -0.048469509929418564,
    -0.04402168467640877,
    -0.056710727512836456,
    -0.026925863698124886,
    0.04183438792824745,
    0.005921225529164076,
    -0.05107290297746658,
    0.022615456953644753,
    0.014869867824018002,
    -0.037106264382600784,
    -0.05422086641192436,
    -0.04385020583868027,
    -0.04522009938955307,
    0.11612647771835327,
    -0.09911655634641647,
    -0.09582081437110901,
    0.0024694185703992844,
    0.004405150655657053,
    -0.02567088045179844,
    0.023176303133368492,
    0.05662786588072777,
    -0.03586794435977936,
    0.03645477816462517,
    0.0752093717455864,
    -0.09359143674373627,
    0.04176132008433342,
    -0.0267644040286541,
    0.010791406035423279,
    0.0019154311157763004,
    0.04338449612259865,
    -0.03297441452741623,
    -0.03580708056688309,
    0.018334971740841866,
    0.05813528969883919,
    0.035090770572423935,
    -0.026417605578899384,
    -0.03354489803314209,
    0.008263255469501019,
    0.045532502233982086,
    -0.12153542786836624,
    -0.007525386288762093,
    0.0050924778915941715,
    -0.011014387011528015,
    0.09934940189123154,
    -0.04027332365512848,
    -0.025987084954977036,
    -0.03591861203312874,
    -0.008314378559589386,
    -0.004672621842473745,
    -0.011740569025278091,
    0.008014519698917866,
    -0.036963578313589096,
    0.08051411807537079,
    -0.06212823465466499,
    0.06854864209890366,
    -0.06084279716014862,
    -0.03508889675140381,
    -0.07327525317668915,
    0.0014161164872348309,
    0.016521159559488297,
    -0.043934889137744904,
    0.009004076011478901,
    -0.05984296649694443,
    -0.02537192776799202,
    0.020591726526618004,
    -0.11196649819612503,
    0.013703170232474804,
    -0.08385677635669708,
    0.0031908689998090267,
    0.07252775877714157,
    0.02560790628194809,
    0.007289758417755365,
    -0.0824822261929512,
    -0.1654791235923767,
    0.0991637334227562,
    -0.02545904740691185,
    0.018786830827593803,
    0.07152985036373138,
    -0.031633201986551285,
    0.020840175449848175,
    -0.00033272182918153703,
    -0.029521632939577103,
    -0.04613712430000305,
    -0.030184566974639893,
    0.03266133740544319,
    0.01077679730951786,
    -0.0897119790315628,
    2.2978207982832952e-32,
    0.014999263919889927,
    -0.005782329011708498,
    -0.017713872715830803,
    0.014093728736042976,
    0.055716998875141144,
    0.02192729339003563,
    0.016247468069195747,
    -0.037839192897081375,
    -0.021967435255646706,
    0.0651123896241188,
    0.0095656868070364,
    0.024780381470918655,
    0.0618620365858078,
    -0.0005066798184998333,
    -0.0529874749481678,
    -0.021903052926063538,
    -0.0439460314810276,
    0.06598427146673203,
    -0.04005524516105652,
    0.030573135241866112,
    0.024432426318526268,
    -0.0180500615388155,
    0.005057355854660273,
    0.043829210102558136,
    -0.08532486855983734,
    -0.00042161234887316823,
    0.022394094616174698,
    0.007325304206460714,
    0.03135029971599579,
    0.03386661037802696,
    0.023431429639458656,
    0.03989925980567932,
    0.01796894147992134,
    -0.045666083693504333,
    0.08688269555568695,
    0.11966957896947861,
    0.04051642864942551,
    -0.07502596825361252,
    0.09522144496440887,
    -0.06531286984682083,
    -0.05335395410656929,
    0.011848730966448784,
    0.015062619931995869,
    -0.024851225316524506,
    0.06534824520349503,
    0.024258943274617195,
    -0.01592019945383072,
    -0.09409373998641968,
    -0.003145751776173711,
    0.01800999976694584,
    -0.008526439778506756,
    0.02770664542913437,
    0.05281369388103485,
    -0.013304855674505234,
    0.03278601914644241,
    -0.06059403344988823,
    -0.09371374547481537,
    0.07121255248785019,
    -0.041569966822862625,
    0.038117337971925735,
    -0.007486079819500446,
    0.050730444490909576,
    -0.02919953316450119,
    -0.02354460209608078,
    -0.06192399933934212,
    -0.08937240391969681,
    -0.02803553082048893,
    -0.07744482904672623,
    0.013629553839564323,
    -0.01892431266605854,
    0.01398124173283577,
    0.08934280276298523,
    -0.025190571323037148,
    0.023892927914857864,
    -0.0680028647184372,
    -0.027350395917892456,
    0.024927062913775444,
    0.023313676938414574,
    0.07911216467618942,
    -0.005834389477968216,
    -0.07833541929721832,
    -0.030677078291773796,
    0.006210537161678076,
    0.06691601127386093,
    -0.05807826295495033,
    -0.032831158488988876,
    0.043474722653627396,
    0.004559584427624941,
    -0.027355629950761795,
    0.007266473025083542,
    -0.009492225013673306,
    0.021483508870005608,
    0.013105591759085655,
    0.06927617639303207,
    -0.058474473655223846,
    -2.2642789486033444e-32,
    -0.0108619574457407,
    -0.023379826918244362,
    -0.0783151239156723,
    0.03970858082175255,
    0.041615188121795654,
    -0.007884666323661804,
    -0.03458385914564133,
    -0.05766192823648453,
    0.06754293292760849,
    0.039647482335567474,
    0.03297782316803932,
    -0.022842828184366226,
    -0.028477473184466362,
    0.003839530050754547,
    0.008782871067523956,
    -0.030166631564497948,
    -0.055555399507284164,
    -0.009457720443606377,
    -0.02790132723748684,
    0.0398559495806694,
    0.01633276231586933,
    0.03208797797560692,
    -0.035598065704107285,
    0.07958202809095383,
    0.03353247791528702,
    0.03717868775129318,
    0.0028533705044537783,
    -0.02176823653280735,
    0.12319926917552948,
    -0.0619664303958416,
    -0.03938722610473633,
    -0.0063850972801446915,
    -0.0658559650182724,
    -0.02253071963787079,
    -0.0994873121380806,
    -0.13169477880001068,
    0.04602374881505966,
    -0.03761480003595352,
    -0.007705607917159796,
    -0.09376153349876404,
    0.0860164612531662,
    0.04024916887283325,
    -0.00403053080663085,
    -0.015504738315939903,
    -0.0006072200485505164,
    -0.08766741305589676,
    0.052234966307878494,
    -0.028754182159900665,
    0.028200272470712662,
    -0.03442917764186859,
    0.029342729598283768,
    -0.05238756164908409,
    0.020713213831186295,
    0.09345920383930206,
    -0.02158825658261776,
    0.0016360548324882984,
    -0.02593197301030159,
    -0.015938127413392067,
    -0.06481975317001343,
    -0.011903894133865833,
    0.09721154719591141,
    0.056964579969644547,
    -0.07793743163347244,
    0.038232531398534775,
    0.03510181978344917,
    -0.04963368922472,
    -0.054737262427806854,
    -0.06294876337051392,
    -0.010918905958533287,
    -0.09190942347049713,
    -0.04070715233683586,
    -0.12254956364631653,
    -0.056857526302337646,
    -0.11042331904172897,
    0.07689818739891052,
    -0.08565933257341385,
    -0.030405892059206963,
    -0.0991060808300972,
    -0.09379892796278,
    0.014454771764576435,
    0.0748218446969986,
    -0.04860137030482292,
    -0.0381840243935585,
    0.03943575173616409,
    -0.015369797125458717,
    0.05852438881993294,
    -0.01565380021929741,
    -0.008922583423554897,
    -0.02064240165054798,
    0.11050889641046524,
    -0.06681188195943832,
    -0.01619885116815567,
    -0.054430484771728516,
    0.020482664927840233,
    -0.023583754897117615,
    -6.48678337711317e-08,
    -0.030047833919525146,
    0.007759765721857548,
    0.06783020496368408,
    -0.06437018513679504,
    0.023614075034856796,
    -0.029768625274300575,
    -0.03510653227567673,
    -0.007883240468800068,
    -0.007658408489078283,
    -0.033979181200265884,
    0.07141899317502975,
    0.027489647269248962,
    0.027660567313432693,
    -0.03752848133444786,
    0.08202644437551498,
    -0.01640942506492138,
    -0.038869187235832214,
    -0.04219658300280571,
    -0.04673704877495766,
    -0.002116130432114005,
    -0.05657387524843216,
    -0.04479893296957016,
    -0.06935536116361618,
    -0.006943607237190008,
    -9.382335701957345e-05,
    0.03784416988492012,
    -0.040249112993478775,
    0.04976920410990715,
    0.030405890196561813,
    0.0727684274315834,
    -0.001095523708499968,
    0.010579610243439674,
    0.02850060537457466,
    -0.033062372356653214,
    -0.07897165417671204,
    0.010904151014983654,
    -0.04065122827887535,
    0.004563459195196629,
    0.0866737887263298,
    -0.025917749851942062,
    -0.017128756269812584,
    0.012950681149959564,
    0.04955964908003807,
    0.08621574938297272,
    -0.029219895601272583,
    -0.02013717219233513,
    -0.06009497120976448,
    0.015144390985369682,
    -0.022589897736907005,
    -0.08906460553407669,
    0.003920132759958506,
    -0.04761327803134918,
    0.10446706414222717,
    0.052365489304065704,
    -0.02339518442749977,
    0.11359615623950958,
    0.06497415155172348,
    0.04829536750912666,
    -0.03237215429544449,
    -0.006699118763208389,
    0.14741265773773193,
    0.021253487095236778,
    0.03762875869870186,
    0.010995224118232727
]