[
    -0.018741171807050705,
    0.02975999005138874,
    -0.04702425375580788,
    -0.05441940575838089,
    -0.05622513219714165,
    0.004712185822427273,
    0.0060524591244757175,
    -0.09173953533172607,
    -0.06408565491437912,
    0.03311121463775635,
    0.009932927787303925,
    -0.05174725130200386,
    -0.0166514590382576,
    -0.01551373116672039,
    0.04091024026274681,
    0.03840428963303566,
    0.07716608792543411,
    0.027318449690937996,
    -0.0884348601102829,
    -0.026140455156564713,
    0.0765376016497612,
    0.0211044754832983,
    -0.021183030679821968,
    0.02217033877968788,
    -0.1392420530319214,
    -0.014800995588302612,
    -0.0287028755992651,
    -0.06874057650566101,
    0.018481843173503876,
    -0.05384243279695511,
    0.010906963609158993,
    -0.05833557993173599,
    0.05570684000849724,
    0.01328101847320795,
    -0.025000033900141716,
    0.036545250564813614,
    0.03928288444876671,
    -0.03930824622511864,
    0.01241366472095251,
    0.009439551271498203,
    -0.008083950728178024,
    -0.03904571011662483,
    -0.012321959249675274,
    -0.025011027231812477,
    -0.04677953943610191,
    -0.006131385453045368,
    0.00644752336665988,
    -0.03406341373920441,
    -0.03649211302399635,
    0.009140398353338242,
    -0.04045353829860687,
    -0.046429943293333054,
    -0.006517252419143915,
    0.11627540737390518,
    -0.03010418638586998,
    0.0235845148563385,
    0.009320646524429321,
    -0.002486220095306635,
    0.00028759235283359885,
    -0.0055351112969219685,
    -0.05027377977967262,
    -0.01358748134225607,
    -0.011662785895168781,
    0.03841619938611984,
    -0.024165328592061996,
    -0.01789436861872673,
    -0.02228100784122944,
    -0.06393653899431229,
    0.016172094270586967,
    -0.04343952611088753,
    -0.025168420746922493,
    -0.011378373019397259,
    0.04584876075387001,
    -0.015842583030462265,
    0.01625674217939377,
    -0.03851347416639328,
    -0.022178588435053825,
    -0.015988416969776154,
    0.13216263055801392,
    -0.11482539772987366,
    -0.012785292230546474,
    0.014696420170366764,
    0.0003699852095451206,
    0.08888863772153854,
    -0.06189892441034317,
    -0.010721491649746895,
    -0.06608704477548599,
    -0.06070786342024803,
    0.010514268651604652,
    -0.012499144300818443,
    0.06652869284152985,
    -0.07797457277774811,
    0.014175212942063808,
    -0.06295668333768845,
    0.009226915426552296,
    0.011020174250006676,
    0.0046774763613939285,
    0.04363325983285904,
    0.03239494562149048,
    -0.03124057687819004,
    0.013158864341676235,
    -0.05190631002187729,
    -0.07318967580795288,
    -0.04559824615716934,
    -0.03313899412751198,
    -0.06899289786815643,
    -0.022070275619626045,
    -0.017220420762896538,
    0.0028203369583934546,
    0.015396722592413425,
    -0.010766852647066116,
    0.024566451087594032,
    -0.06430251896381378,
    -0.05332082882523537,
    0.07237719744443893,
    0.03446107357740402,
    -0.03534077852964401,
    0.06878149509429932,
    -0.03883395344018936,
    -0.06982345134019852,
    -0.021497590467333794,
    0.02081097476184368,
    -0.0035496591590344906,
    -0.11287225037813187,
    0.11811655759811401,
    0.024507785215973854,
    -0.03874920681118965,
    1.8679065146730908e-32,
    0.0110845435410738,
    -0.01918456330895424,
    -0.04397251456975937,
    -0.003976779989898205,
    0.053613584488630295,
    -0.05774547532200813,
    0.0028663119301199913,
    0.0024676837492734194,
    -0.022091837599873543,
    0.043061986565589905,
    -0.004445120692253113,
    0.03794694319367409,
    -0.024377303197979927,
    -0.10080049932003021,
    -0.029496416449546814,
    -0.04614366963505745,
    -0.05570491775870323,
    0.0712967962026596,
    -0.05625428631901741,
    0.06830713152885437,
    -0.017519604414701462,
    0.010645264759659767,
    -0.02034451998770237,
    0.019232425838708878,
    0.03549756109714508,
    -0.020611189305782318,
    0.0009903527097776532,
    -0.03758284077048302,
    0.028067193925380707,
    0.041196681559085846,
    0.04031645506620407,
    -0.01002511102706194,
    0.04195789620280266,
    -0.013020075857639313,
    0.013601803220808506,
    0.08486178517341614,
    -0.009826290421187878,
    0.01277160458266735,
    0.027037423104047775,
    -0.1410459280014038,
    -0.056904591619968414,
    0.011873931623995304,
    0.04309749975800514,
    -0.008716797456145287,
    0.02157524786889553,
    0.001378538436256349,
    -0.017221227288246155,
    -0.05126330628991127,
    0.039684828370809555,
    0.0872679129242897,
    0.002253612270578742,
    -0.038987789303064346,
    0.09079556912183762,
    -0.01689007692039013,
    0.04123842343688011,
    -0.024743543937802315,
    -0.015215029008686543,
    0.05915428698062897,
    0.0030665851663798094,
    0.03393034264445305,
    0.02733907476067543,
    0.05977071076631546,
    -0.06255220621824265,
    0.09924376755952835,
    0.017937054857611656,
    -0.09227161109447479,
    -0.02546471543610096,
    -0.06677107512950897,
    0.09744755923748016,
    -0.04320577159523964,
    -0.0370803102850914,
    0.08127855509519577,
    -0.00048297701869159937,
    0.017564667388796806,
    -0.06332175433635712,
    -0.03858849033713341,
    0.004505816847085953,
    -0.014883832074701786,
    0.03808159381151199,
    -0.0401078462600708,
    -0.12069642543792725,
    -0.019787192344665527,
    0.06763604283332825,
    0.04082956910133362,
    0.06291905790567398,
    -0.05052489787340164,
    -0.019849251955747604,
    -0.028766633942723274,
    0.01846342533826828,
    -0.008657664991915226,
    -0.015270007774233818,
    0.03793463110923767,
    0.011399677954614162,
    0.059069905430078506,
    0.02849975973367691,
    -1.9296102702628666e-32,
    -0.024235690012574196,
    -0.05275215208530426,
    -0.06776037067174911,
    0.03107079118490219,
    0.08068718016147614,
    0.08568275719881058,
    -0.07918479293584824,
    -0.08480625599622726,
    0.09584490209817886,
    -0.05775494500994682,
    -0.007784752640873194,
    -0.02939251810312271,
    -0.07279122620820999,
    0.02301226183772087,
    -0.0015700050862506032,
    -0.10785795748233795,
    -0.031235432252287865,
    -0.03918668255209923,
    0.020727727562189102,
    0.07182332873344421,
    0.03049696795642376,
    0.023962484672665596,
    -0.023143546655774117,
    0.05331747233867645,
    0.024138331413269043,
    -0.032064784318208694,
    -0.012240300886332989,
    -0.006467839702963829,
    0.14573357999324799,
    0.044206347316503525,
    -0.0442756824195385,
    -0.09024397283792496,
    -0.037590719759464264,
    0.07040464133024216,
    -0.07860122621059418,
    -0.13976725935935974,
    0.091883584856987,
    -0.04537487402558327,
    -0.012242414057254791,
    -0.013119989074766636,
    0.05078894644975662,
    0.012930928729474545,
    0.029094474390149117,
    -0.0071046375669538975,
    0.008616657927632332,
    0.019236812368035316,
    0.028536971658468246,
    -0.020278995856642723,
    -0.09452082961797714,
    -0.06266969442367554,
    -0.009706059470772743,
    -0.06634842604398727,
    -0.01684878207743168,
    0.026072759181261063,
    -0.026781266555190086,
    0.08056087046861649,
    0.05264749005436897,
    -0.02622588723897934,
    0.01760748401284218,
    -0.0286745335906744,
    0.05995027720928192,
    0.11866860836744308,
    -0.07778537273406982,
    0.08295028656721115,
    -0.016912665218114853,
    0.0015463136369362473,
    -0.03364468365907669,
    -0.09263046830892563,
    0.018583517521619797,
    -0.04942126199603081,
    -0.012136326171457767,
    -0.12984241545200348,
    -0.06012999638915062,
    -0.03811584413051605,
    0.1074039489030838,
    -0.036217015236616135,
    -0.05652964487671852,
    -0.09413909167051315,
    -0.08657990396022797,
    0.004049006383866072,
    0.025260766968131065,
    0.04495503753423691,
    -0.04144085571169853,
    0.07514031231403351,
    0.019804611802101135,
    0.08029308170080185,
    0.09254799783229828,
    -0.05263364687561989,
    0.028426645323634148,
    0.08282262086868286,
    -0.029681358486413956,
    -0.0008565284078940749,
    0.007249835412949324,
    0.043831419199705124,
    -0.07303599268198013,
    -5.2526900162774837e-08,
    -0.03703805431723595,
    0.025532178580760956,
    0.023550307378172874,
    -0.04671506583690643,
    -0.00934392586350441,
    -0.0022074428852647543,
    -0.021796489134430885,
    0.01265617087483406,
    -0.034577347338199615,
    -0.0029667536728084087,
    0.06122405454516411,
    0.018784282729029655,
    0.0014507968444377184,
    -0.026025069877505302,
    0.03416557237505913,
    -0.037693560123443604,
    -0.016259463503956795,
    0.02180451527237892,
    -0.07960659265518188,
    0.00395271135494113,
    -0.02852622978389263,
    -0.06672174483537674,
    -0.043654266744852066,
    0.06443267315626144,
    0.001650413847528398,
    0.0310934167355299,
    -0.019119828939437866,
    0.0482960045337677,
    0.02962956763803959,
    0.09424008429050446,
    -0.014947762712836266,
    0.10206855088472366,
    0.009698760695755482,
    -0.014933346770703793,
    0.002812156220898032,
    -0.011953040957450867,
    -0.016210686415433884,
    -0.01338860671967268,
    0.06399817019701004,
    -0.02506001852452755,
    -0.047490350902080536,
    0.010341779328882694,
    0.05627571791410446,
    0.04556780681014061,
    0.05712686851620674,
    -0.013399484567344189,
    -0.04865358769893646,
    -0.0027858614921569824,
    0.04581890627741814,
    -0.0815143808722496,
    -0.01781904324889183,
    -0.08464188873767853,
    0.06615085154771805,
    -0.02862248197197914,
    0.020774997770786285,
    0.07197290658950806,
    0.12104121595621109,
    -0.038129836320877075,
    -0.03271215036511421,
    -0.044656604528427124,
    0.1763065904378891,
    0.12457431852817535,
    0.06217482313513756,
    0.02039126120507717
]