[
    -0.07651039958000183,
    0.002587048802524805,
    0.050806064158678055,
    -0.08342713862657547,
    -0.033874742686748505,
    -0.013194779865443707,
    -0.033051006495952606,
    -0.029553554952144623,
    0.027518009766936302,
    0.001107633812353015,
    -0.021492071449756622,
    0.021533634513616562,
    0.013992277905344963,
    -0.03992680087685585,
    0.0058931512758135796,
    0.030602218583226204,
    0.0983438640832901,
    0.03138508275151253,
    -0.023507338017225266,
    0.008001372218132019,
    0.038735661655664444,
    -0.007422017399221659,
    -0.031474944204092026,
    -0.041380152106285095,
    -0.06221407279372215,
    0.008198724128305912,
    -0.065220907330513,
    -0.05919579789042473,
    0.06864576786756516,
    -0.034713950008153915,
    0.0846857950091362,
    0.028462054207921028,
    0.03134338930249214,
    0.009913763031363487,
    -0.008294790983200073,
    -0.028504079207777977,
    0.048380665481090546,
    -0.07265244424343109,
    0.09490878134965897,
    0.016239546239376068,
    0.0034850246738642454,
    -0.056209173053503036,
    -0.018231729045510292,
    -0.03505851700901985,
    -0.019304154440760612,
    0.006508009973913431,
    -0.022482572123408318,
    -0.007239948958158493,
    -0.024864966049790382,
    0.03835095465183258,
    -0.06541308015584946,
    -0.052170321345329285,
    -0.042430371046066284,
    0.1055874153971672,
    -0.01566368155181408,
    -0.023087121546268463,
    0.03498070687055588,
    0.015385695733129978,
    0.004835217725485563,
    0.006057454738765955,
    -0.0205808337777853,
    0.010640360414981842,
    -0.06250350922346115,
    0.02877875417470932,
    -0.038078416138887405,
    0.04771967604756355,
    0.0032507090363651514,
    -0.00523516908288002,
    0.0810772180557251,
    0.03368258848786354,
    -0.011661249212920666,
    0.08944029361009598,
    0.04107760265469551,
    0.0006577749736607075,
    -0.1233513280749321,
    -0.001788239344023168,
    0.006642388179898262,
    -0.03849700093269348,
    -0.009155120700597763,
    -0.10303206741809845,
    -0.05343063175678253,
    0.0025291836354881525,
    -0.01753930374979973,
    -0.05314137041568756,
    -0.032700516283512115,
    -0.06907197833061218,
    0.008393579162657261,
    -0.06348143517971039,
    -0.0359778106212616,
    0.04779645428061485,
    0.04238779470324516,
    -0.08896394073963165,
    0.001389751210808754,
    -0.05474187806248665,
    0.033404640853405,
    0.029452361166477203,
    -0.002001035027205944,
    0.018314842134714127,
    0.07643518596887589,
    0.005489131901413202,
    0.029063154011964798,
    0.0577363483607769,
    -0.0163384061306715,
    -0.038757920265197754,
    -0.03634661063551903,
    -0.08816194534301758,
    -0.04912427440285683,
    -0.020548148080706596,
    0.022250313311815262,
    0.03527388349175453,
    0.007816721685230732,
    -0.033399686217308044,
    -0.03172086551785469,
    -0.04926738142967224,
    0.06861458718776703,
    0.025090645998716354,
    0.012518046423792839,
    0.12251842767000198,
    -0.02692573517560959,
    -0.06892948597669601,
    -0.014358029700815678,
    0.03999873623251915,
    -0.003043585456907749,
    -0.057466521859169006,
    0.03826794773340225,
    -0.057602718472480774,
    -0.02929302304983139,
    1.7070195416119213e-32,
    0.013055351562798023,
    -0.03712772950530052,
    -0.10582198947668076,
    0.021840831264853477,
    0.07983419299125671,
    0.013171174563467503,
    -0.015638550743460655,
    -0.013263874687254429,
    -0.035496149212121964,
    0.05113780498504639,
    -0.009953920729458332,
    -0.00780232809484005,
    0.002121679950505495,
    -0.09709546715021133,
    -0.06945831328630447,
    0.00010177570948144421,
    -0.05161503702402115,
    0.07377547025680542,
    -0.033971428871154785,
    0.018246613442897797,
    0.043043434619903564,
    -0.06002276763319969,
    0.04213689640164375,
    0.08055178076028824,
    0.008724691346287727,
    -0.012900331057608128,
    0.050687409937381744,
    -0.013110975734889507,
    -0.04689393937587738,
    0.011316630057990551,
    -0.007192419376224279,
    0.021306712180376053,
    0.05945460498332977,
    0.03162175789475441,
    0.09855635464191437,
    0.0763925313949585,
    0.014669880270957947,
    -0.0764307901263237,
    0.04167874902486801,
    -0.09047909826040268,
    -0.0435592457652092,
    -0.007270423229783773,
    0.026735370978713036,
    -0.050494879484176636,
    -0.024375947192311287,
    -0.04052840918302536,
    -0.04140866547822952,
    0.02677743509411812,
    0.09010595828294754,
    0.055701740086078644,
    -0.006025891285389662,
    -0.02297050505876541,
    0.022647200152277946,
    -0.030277006328105927,
    0.024813352152705193,
    0.015854032710194588,
    -0.06953046470880508,
    0.03632427379488945,
    -0.0018350863829255104,
    0.01732618175446987,
    0.009905645623803139,
    0.02783431112766266,
    -0.03489908203482628,
    0.04310092702507973,
    -0.020514482632279396,
    -0.05675886571407318,
    -0.05767296999692917,
    -0.08020254224538803,
    0.10844380408525467,
    -0.051732029765844345,
    -0.038268014788627625,
    0.056534383445978165,
    -0.009888354688882828,
    0.042620331048965454,
    -0.03964142128825188,
    0.03369823098182678,
    0.006109265610575676,
    -0.03454769402742386,
    0.06236090883612633,
    -0.02670435421168804,
    -0.11568304151296616,
    -0.03312179446220398,
    0.07721785455942154,
    0.07704068720340729,
    0.050221268087625504,
    0.03310993313789368,
    -0.006809180602431297,
    -0.025065723806619644,
    0.01723339781165123,
    -0.03165934234857559,
    0.08393337577581406,
    -0.016305100172758102,
    -0.02599978633224964,
    -0.040108948945999146,
    0.0561336874961853,
    -1.6386184069583355e-32,
    -0.03094625473022461,
    -0.051457393914461136,
    -0.14777381718158722,
    0.032984547317028046,
    0.06245195493102074,
    0.03251548111438751,
    -0.059062276035547256,
    -0.06839567422866821,
    0.035414230078458786,
    -0.0054692900739610195,
    -0.07544679939746857,
    0.020977698266506195,
    0.03947220370173454,
    -0.0011194981634616852,
    -0.11024822294712067,
    -0.06676297634840012,
    0.04600648954510689,
    -0.06464984267950058,
    0.03938110172748566,
    0.04529871046543121,
    0.05101208761334419,
    0.018489325419068336,
    0.037678420543670654,
    0.07952947169542313,
    0.06075206398963928,
    -0.022718235850334167,
    0.01571020856499672,
    -0.05523381754755974,
    0.03394532576203346,
    0.04663572087883949,
    -0.04859370365738869,
    -0.04704012721776962,
    -0.03557281568646431,
    0.06451281905174255,
    -0.02818135730922222,
    -0.10535898059606552,
    0.14995986223220825,
    0.010279789566993713,
    -0.0184787530452013,
    -0.019942203536629677,
    0.004613012541085482,
    0.11721411347389221,
    0.07147341221570969,
    -0.09439310431480408,
    -0.04494411125779152,
    -0.029041411355137825,
    0.040768302977085114,
    0.08757977187633514,
    0.008242106065154076,
    -0.052884895354509354,
    -0.0016260257689282298,
    -0.04920034483075142,
    0.043707720935344696,
    0.00655504921451211,
    -0.05444657430052757,
    -0.001398331020027399,
    -0.014155170880258083,
    -0.019261781126260757,
    0.05432417616248131,
    -0.006056453101336956,
    0.04097266495227814,
    0.11929353326559067,
    -0.004640101920813322,
    -0.007743529975414276,
    0.07979456335306168,
    0.007807204499840736,
    -0.09167938679456711,
    -0.014355571940541267,
    -0.030333051458001137,
    -0.029839089140295982,
    0.007686479017138481,
    -0.19072750210762024,
    -0.003416478866711259,
    -0.07184024155139923,
    0.12016183137893677,
    0.019133945927023888,
    -0.029643068090081215,
    -0.08352933824062347,
    -0.1074531227350235,
    -0.004743671510368586,
    0.04768098518252373,
    0.042681481689214706,
    -0.08246035873889923,
    0.06323104351758957,
    -0.021153772249817848,
    0.06358689814805984,
    0.03036816418170929,
    -0.013699347153306007,
    0.02516353316605091,
    0.06485377997159958,
    -0.03705732524394989,
    0.029293468222022057,
    0.0345088392496109,
    0.019426560029387474,
    -0.03665008023381233,
    -4.667386122036987e-08,
    -0.03036498837172985,
    0.015203030779957771,
    0.018146967515349388,
    -0.04497058317065239,
    0.01783907413482666,
    -0.028371579945087433,
    -0.032846346497535706,
    0.004299798980355263,
    -0.04103342071175575,
    -0.03951569274067879,
    0.0398133359849453,
    -0.03262445703148842,
    0.030375581234693527,
    -0.07448551058769226,
    0.019960319623351097,
    -0.015478239394724369,
    0.020767105743288994,
    -0.02491239458322525,
    -0.11010117083787918,
    -0.05201468616724014,
    -0.010986513458192348,
    -0.059209566563367844,
    -0.06000684201717377,
    0.08135619014501572,
    0.04840172827243805,
    -0.0017397269839420915,
    -0.026366176083683968,
    0.053732335567474365,
    -0.00022190196614246815,
    0.06070971488952637,
    -0.06013309210538864,
    0.10293719917535782,
    0.024615727365016937,
    -0.06141981855034828,
    -0.01838647574186325,
    0.04549430310726166,
    -0.038661256432533264,
    0.03126930817961693,
    0.07101445645093918,
    0.0426735058426857,
    -0.051828235387802124,
    -0.021761847659945488,
    0.05112114176154137,
    0.061055269092321396,
    -0.024411780759692192,
    -0.005782881751656532,
    -0.06827996671199799,
    0.010507317259907722,
    -0.03848743066191673,
    -0.009835143573582172,
    -0.019649315625429153,
    -0.046064719557762146,
    0.03383490815758705,
    -0.006139966659247875,
    0.039036449044942856,
    0.10393459349870682,
    0.11962821334600449,
    0.034867871552705765,
    0.026871457695961,
    -0.06661167740821838,
    0.1124902293086052,
    0.11102734506130219,
    0.06556393206119537,
    -0.008766263723373413
]