[
    -0.039366550743579865,
    0.014566089026629925,
    -0.03336162120103836,
    -0.09731396287679672,
    -0.009292744100093842,
    0.04229864105582237,
    -0.019786866381764412,
    -0.03540147468447685,
    -0.03648383170366287,
    -0.035202693194150925,
    -0.0036154750268906355,
    -0.028519634157419205,
    0.004993340466171503,
    -0.040586505085229874,
    0.06022496521472931,
    -0.010240476578474045,
    0.07834651321172714,
    0.04130071401596069,
    -0.07331396639347076,
    0.056536491960287094,
    0.02817470394074917,
    0.08902234584093094,
    -0.036570314317941666,
    -8.504567813361064e-05,
    -0.16238445043563843,
    -0.020824389532208443,
    -0.009092354215681553,
    -0.08664428442716599,
    0.02537795528769493,
    -0.0426870658993721,
    0.005552222486585379,
    0.015812870115041733,
    0.029224922880530357,
    0.07412693649530411,
    0.01444024033844471,
    -0.00869878102093935,
    0.047984275966882706,
    0.016500089317560196,
    0.0039124940522015095,
    0.018279286101460457,
    -0.03147876635193825,
    -0.045353978872299194,
    -0.07146964967250824,
    0.02213257923722267,
    0.04410778731107712,
    -0.02195700630545616,
    -0.04912876710295677,
    -0.053937457501888275,
    0.007928946986794472,
    0.024293934926390648,
    -0.060103707015514374,
    -0.02678501605987549,
    -0.0523441806435585,
    0.0625537782907486,
    -0.03271004557609558,
    -0.05105476826429367,
    -0.02590900845825672,
    0.024373909458518028,
    -0.04069312661886215,
    0.03007896989583969,
    0.0483526773750782,
    -0.006978705059736967,
    -0.016479354351758957,
    0.07997743040323257,
    -0.015117505565285683,
    0.04476548358798027,
    -0.03347432613372803,
    -0.04363938421010971,
    -0.006653203628957272,
    -0.026216983795166016,
    -0.11285511404275894,
    -0.02574535831809044,
    -0.03212057799100876,
    0.06035532057285309,
    -0.03836246579885483,
    0.014554486609995365,
    -0.04412149637937546,
    0.036920707672834396,
    0.07649316638708115,
    -0.1256953328847885,
    -0.02511434257030487,
    0.04415135458111763,
    0.03992820531129837,
    0.06635114550590515,
    -0.08772577345371246,
    -0.014910903759300709,
    -0.01770964451134205,
    -0.02048770897090435,
    -0.04617955535650253,
    -0.018808266147971153,
    0.07326877862215042,
    -0.08700636029243469,
    0.09371818602085114,
    -0.05417359992861748,
    0.0826333612203598,
    0.009261414408683777,
    -0.02595536969602108,
    -0.0770915150642395,
    0.010826487094163895,
    -0.03890492394566536,
    -0.04028487578034401,
    -0.020984642207622528,
    -0.005660112947225571,
    0.031000768765807152,
    -0.07129037380218506,
    -0.05091865733265877,
    0.03145256265997887,
    -0.0030285289976745844,
    0.020355258136987686,
    0.054079122841358185,
    0.03483171388506889,
    0.05889463797211647,
    -0.0693780928850174,
    -0.12303587049245834,
    0.06252838671207428,
    -0.02397589385509491,
    -0.0011899546952918172,
    0.05628237873315811,
    0.02306291274726391,
    -0.01909514144062996,
    -0.03789296746253967,
    -0.020474465563893318,
    -0.05718464031815529,
    -0.10650372505187988,
    0.0429605096578598,
    0.022787055000662804,
    -0.05249844118952751,
    1.8404475543850575e-32,
    0.003963469993323088,
    0.04480553790926933,
    -0.06980718672275543,
    0.08053287863731384,
    0.01975545659661293,
    0.02587190270423889,
    0.040881313383579254,
    -0.02152392268180847,
    -0.04652111604809761,
    0.07834194600582123,
    -0.035795215517282486,
    0.07057534158229828,
    -0.05489831417798996,
    -0.012408500537276268,
    -0.01988247036933899,
    0.020271040499210358,
    0.0056799473240971565,
    0.09200987219810486,
    0.02030441351234913,
    0.047313231974840164,
    0.013760183937847614,
    -0.019779322668910027,
    0.00042015494545921683,
    0.018104780465364456,
    0.014311999082565308,
    0.04973095655441284,
    0.007734634913504124,
    -0.01117484737187624,
    0.009041298180818558,
    0.01682807132601738,
    0.03569481894373894,
    0.014130580238997936,
    0.04971984028816223,
    -0.02615247294306755,
    0.02829580008983612,
    0.09110456705093384,
    0.05435202270746231,
    -0.08441497385501862,
    0.07147988677024841,
    -0.10095231980085373,
    -0.02316204272210598,
    0.02444312907755375,
    0.029866617172956467,
    0.03716958686709404,
    0.03078351356089115,
    -0.012858946807682514,
    0.006530772428959608,
    -0.0016895689768716693,
    0.0733000636100769,
    0.050804026424884796,
    -0.06244422122836113,
    0.003926972392946482,
    0.01668430119752884,
    -0.05241081863641739,
    0.0004772085230797529,
    -0.05678771808743477,
    -0.03212439641356468,
    0.028588753193616867,
    -0.06185675039887428,
    0.08076931536197662,
    -0.004314473830163479,
    0.053191281855106354,
    -0.03760750964283943,
    0.03722725808620453,
    -0.0001892340660560876,
    -0.06150005757808685,
    -0.011875797063112259,
    -0.05689089745283127,
    0.05931980535387993,
    0.004346043802797794,
    -0.04690621793270111,
    0.06853390485048294,
    -0.0048764487728476524,
    0.022123847156763077,
    -0.03655782714486122,
    -0.05804538354277611,
    -0.009266763925552368,
    -0.060571394860744476,
    0.04704698920249939,
    -0.0006404340965673327,
    -0.10823456197977066,
    0.042986780405044556,
    0.04997989907860756,
    0.06809791177511215,
    -0.012427601963281631,
    -0.03200136497616768,
    0.05613284930586815,
    0.03664158657193184,
    -0.057277612388134,
    -0.05471033975481987,
    -0.03170610964298248,
    0.022599903866648674,
    0.052491798996925354,
    0.07792522013187408,
    0.002532718703150749,
    -1.904337582530569e-32,
    0.02641102857887745,
    -0.06805481761693954,
    -0.03219706565141678,
    -0.0011168624041602015,
    0.029893146827816963,
    0.005086545832455158,
    -0.01671990193426609,
    -0.0672418624162674,
    0.07556337863206863,
    0.03747057914733887,
    0.05252442881464958,
    -0.038576699793338776,
    -0.0016752849332988262,
    -0.040474891662597656,
    -0.02605266682803631,
    -0.028788622468709946,
    -0.10322990268468857,
    -0.046978872269392014,
    -0.002654467476531863,
    0.06083734333515167,
    0.015328941866755486,
    0.014840187504887581,
    0.03864727541804314,
    0.1006794348359108,
    0.010002139024436474,
    0.05322565138339996,
    -0.04387127608060837,
    -0.04039604961872101,
    0.09742721915245056,
    -0.052363380789756775,
    -0.02496383711695671,
    -0.05607779324054718,
    -0.011137096211314201,
    0.041959796100854874,
    -0.1222209632396698,
    -0.14487381279468536,
    0.06591776013374329,
    -0.06575482338666916,
    -0.007308267988264561,
    -0.07825088500976562,
    0.08763831108808517,
    0.03347078710794449,
    -0.04036586359143257,
    0.027245284989476204,
    -0.01425167080014944,
    -0.08791836351156235,
    0.08107026666402817,
    -0.05148112028837204,
    0.002030316274613142,
    -0.030414706096053123,
    0.01141232531517744,
    -0.04789179936051369,
    0.008543399162590504,
    0.02560277096927166,
    -0.04806624725461006,
    0.07867317646741867,
    0.02786928042769432,
    0.00659216707572341,
    -0.03385917842388153,
    -0.030236033722758293,
    0.09502719342708588,
    0.07416807115077972,
    -0.0319826565682888,
    0.07938627898693085,
    0.06023086607456207,
    -0.04510920122265816,
    -0.02872163988649845,
    -0.05036759376525879,
    -0.03842778876423836,
    -0.043016672134399414,
    -0.08795006573200226,
    -0.12139151245355606,
    -0.08369003236293793,
    -0.06803926825523376,
    0.01126150507479906,
    -0.07301432639360428,
    -0.0017222429160028696,
    -0.1163262277841568,
    -0.08852532505989075,
    0.02631731703877449,
    0.0368851013481617,
    -0.004548255819827318,
    -0.08947541564702988,
    0.07265547662973404,
    0.010964114218950272,
    0.04992358759045601,
    0.046092208474874496,
    -0.028300609439611435,
    0.025119438767433167,
    0.08918383717536926,
    -0.13120801746845245,
    -0.011759262531995773,
    -0.04259039834141731,
    0.030500609427690506,
    -0.0640173852443695,
    -5.469622266218721e-08,
    -0.03297046199440956,
    0.08438795804977417,
    -0.04276397451758385,
    -0.02129414491355419,
    -0.043194569647312164,
    -0.037679046392440796,
    -0.06873839348554611,
    -0.005872553214430809,
    -0.02429332211613655,
    -0.037459224462509155,
    0.04028133302927017,
    0.053863104432821274,
    -0.0634915828704834,
    -0.021980509161949158,
    0.0913248062133789,
    -0.021250324323773384,
    -0.06531301885843277,
    0.007387452758848667,
    -0.05148585885763168,
    0.06651891767978668,
    -0.06543242931365967,
    -0.006045750342309475,
    -0.06446365267038345,
    0.0020998395048081875,
    0.015184566378593445,
    0.01935093104839325,
    -0.012098933570086956,
    0.05633191391825676,
    0.1045081689953804,
    0.09116102755069733,
    0.001965538365766406,
    -0.01164282951503992,
    0.0019769761711359024,
    -0.01155064906924963,
    -0.07748574763536453,
    -0.04163741692900658,
    0.007435325533151627,
    0.012995840050280094,
    0.08172816783189774,
    0.006089006084948778,
    -0.023095550015568733,
    0.019839078187942505,
    0.03383341804146767,
    0.10060902684926987,
    -0.011065262369811535,
    -0.04265226423740387,
    -0.05215859040617943,
    0.013745191507041454,
    0.034328654408454895,
    -0.08959207683801651,
    -0.023404963314533234,
    -0.03419703245162964,
    0.04542108252644539,
    -0.02249983325600624,
    -0.05914432555437088,
    0.06981836259365082,
    0.026592548936605453,
    0.03446856886148453,
    -0.009258891455829144,
    -0.0017866819398477674,
    0.08045154064893723,
    0.04722100868821144,
    0.06548066437244415,
    -0.049380239099264145
]