[
    0.0012694495962932706,
    0.050654951483011246,
    -0.0026397891342639923,
    -0.061251960694789886,
    0.03707752376794815,
    0.07410702854394913,
    0.025693228468298912,
    -0.02481623739004135,
    -0.0612497441470623,
    0.010422125458717346,
    0.015314890071749687,
    -0.03158769756555557,
    -0.0023849541321396828,
    -0.04482772946357727,
    0.1261337697505951,
    -0.06616026163101196,
    0.02147049829363823,
    0.007987790741026402,
    -0.10517863184213638,
    0.0682717114686966,
    0.017625583335757256,
    0.08738076686859131,
    -0.053529564291238785,
    0.001823256490752101,
    -0.08756338059902191,
    -0.03236526623368263,
    0.024046726524829865,
    -0.024608002975583076,
    0.032357361167669296,
    0.014554901048541069,
    0.0662914514541626,
    0.05296216905117035,
    -0.011998269706964493,
    0.08355109393596649,
    -0.0008438354707323015,
    -0.0534273162484169,
    -0.027940738946199417,
    -0.005039875861257315,
    -0.07353077828884125,
    0.033517155796289444,
    -0.033534374088048935,
    -0.011280774138867855,
    -0.05765112116932869,
    0.0001405526272719726,
    0.04997117817401886,
    0.04704882949590683,
    -0.06415733695030212,
    0.012458241544663906,
    0.01430029422044754,
    0.022697102278470993,
    -0.03630445525050163,
    0.003055476350709796,
    -0.025346212089061737,
    0.012467608787119389,
    -0.013696215115487576,
    -0.07424969971179962,
    -0.044720012694597244,
    0.02052920311689377,
    -0.04855867102742195,
    0.001334461267106235,
    0.014587954618036747,
    -0.011608547531068325,
    -0.01171165332198143,
    0.05440506711602211,
    -0.07707098871469498,
    0.05472002178430557,
    -0.021804992109537125,
    -0.012393917888402939,
    -0.03526819869875908,
    -0.019633885473012924,
    -0.09485629945993423,
    -0.06397972255945206,
    0.008527742698788643,
    0.02300206758081913,
    0.0009380035335198045,
    0.02598271332681179,
    -0.007980679161846638,
    -0.009866561740636826,
    0.057619061321020126,
    -0.11516308039426804,
    -0.09368891268968582,
    0.02160351164638996,
    0.021286914125084877,
    0.049841560423374176,
    -0.02660415694117546,
    -0.006599577143788338,
    -0.02638096548616886,
    -0.03305739164352417,
    -0.029154758900403976,
    -0.022232020273804665,
    0.003973144106566906,
    -0.075202077627182,
    0.14047332108020782,
    -0.017828451469540596,
    0.08561815321445465,
    0.013506253249943256,
    0.01665581949055195,
    -0.11218251287937164,
    0.04931376501917839,
    -0.0667385384440422,
    -0.021560188382864,
    -0.029650432989001274,
    0.03286541625857353,
    0.03042786382138729,
    -0.10838198661804199,
    -0.07930522412061691,
    0.017585553228855133,
    0.01961389183998108,
    0.04524112865328789,
    0.015945682302117348,
    0.02313704788684845,
    0.01069604977965355,
    0.01717868261039257,
    -0.12261795997619629,
    0.0697820857167244,
    -0.035456378012895584,
    -0.00908608641475439,
    0.031859058886766434,
    0.11100847274065018,
    -0.04063915088772774,
    -0.04831458628177643,
    -0.017038581892848015,
    -0.005546605680137873,
    -0.1088903397321701,
    -0.005181950516998768,
    -0.013338480144739151,
    -0.01150661613792181,
    1.640726949950123e-32,
    -0.07991672307252884,
    0.004816807806491852,
    -0.0713670551776886,
    0.06597365438938141,
    0.03885428234934807,
    0.0019381243037059903,
    0.05792143940925598,
    0.0006067550857551396,
    -0.036894477903842926,
    0.08383996039628983,
    -0.030864574015140533,
    0.03237716853618622,
    -0.05361005663871765,
    0.05757015943527222,
    -0.015155751258134842,
    0.009873814880847931,
    0.005501133389770985,
    0.06829901784658432,
    -0.043390095233917236,
    0.04299509897828102,
    -0.007027546875178814,
    -0.015804437920451164,
    0.031127965077757835,
    -0.022108756005764008,
    -0.03862559050321579,
    0.06596574932336807,
    0.03599172085523605,
    -0.055499330163002014,
    -0.0161163117736578,
    0.008955776691436768,
    0.028789883479475975,
    0.04486808553338051,
    0.011864186264574528,
    -0.023831989616155624,
    -0.019106540828943253,
    0.11225670576095581,
    0.019129764288663864,
    -0.04446198418736458,
    0.017469286918640137,
    -0.10016685724258423,
    -0.0522969551384449,
    -0.02963224984705448,
    0.013631577603518963,
    0.03732060641050339,
    0.0556098036468029,
    -0.002261267974972725,
    0.014196772128343582,
    0.010620728135108948,
    0.05480148270726204,
    0.0560419075191021,
    -0.0874188169836998,
    0.0006760093965567648,
    0.05898745730519295,
    -0.05792132765054703,
    0.03627047687768936,
    -0.026401318609714508,
    -0.06737921386957169,
    0.031246071681380272,
    -0.06830553710460663,
    0.06321989744901657,
    -0.021733896806836128,
    0.02915146015584469,
    -0.056139927357435226,
    -0.018083957955241203,
    0.024018513038754463,
    -0.015409841202199459,
    -0.006529384758323431,
    -0.09118413925170898,
    0.07868936657905579,
    -0.010068325325846672,
    0.0020349600818008184,
    0.08457545191049576,
    0.009955615736544132,
    0.029179327189922333,
    -0.005462886765599251,
    -0.031170109286904335,
    -0.01000491064041853,
    -0.005194977391511202,
    0.021548205986618996,
    0.04397508502006531,
    -0.07845016568899155,
    0.05037493258714676,
    0.029685502871870995,
    0.022614607587456703,
    -0.027447044849395752,
    0.024269288405776024,
    0.016765262931585312,
    0.019078848883509636,
    -0.017500251531600952,
    -0.0743924081325531,
    -0.026979433372616768,
    0.010090341791510582,
    0.04074274003505707,
    0.07064295560121536,
    0.024224357679486275,
    -1.8169303205289192e-32,
    -0.007785120513290167,
    -0.04260917380452156,
    -0.017353493720293045,
    -0.018023420125246048,
    0.041727833449840546,
    -0.03862142190337181,
    -0.04797326400876045,
    -0.07565019279718399,
    0.08558467775583267,
    -0.011797831393778324,
    0.017369026318192482,
    -0.07852017879486084,
    0.014530890621244907,
    -0.05389179661870003,
    -0.049920763820409775,
    -0.02907666750252247,
    -0.10554628819227219,
    -0.09971094131469727,
    0.015189752914011478,
    0.12634211778640747,
    -0.02512231282889843,
    -0.04724613204598427,
    -0.021532027050852776,
    0.09460778534412384,
    0.029074911028146744,
    0.04570557922124863,
    -0.014502016827464104,
    0.003422416979447007,
    0.10569194704294205,
    -0.053187642246484756,
    -0.029531197622418404,
    -0.06172436475753784,
    -0.005048306658864021,
    0.01939862221479416,
    -0.07650713622570038,
    -0.18873465061187744,
    0.05172464996576309,
    -0.04283422231674194,
    -0.04290851205587387,
    -0.01934232749044895,
    0.10909492522478104,
    -0.0035245660692453384,
    0.019592484459280968,
    0.04039779305458069,
    0.020925916731357574,
    -0.00804921891540289,
    0.08879019320011139,
    -0.03072921372950077,
    0.004978054203093052,
    -0.024269722402095795,
    0.032204579561948776,
    -0.045961689203977585,
    0.0022790792863816023,
    0.041337259113788605,
    -0.03255903348326683,
    0.014776010066270828,
    0.05995411053299904,
    -0.026865988969802856,
    -0.050962068140506744,
    -0.03509581461548805,
    0.0913149043917656,
    0.05239007994532585,
    0.012866037897765636,
    0.08859463036060333,
    0.02023177780210972,
    -0.05815067142248154,
    -0.024430356919765472,
    -0.09638850390911102,
    -0.009859363548457623,
    -0.08747179061174393,
    -0.15229012072086334,
    -0.1403876096010208,
    -0.053776245564222336,
    -0.118987075984478,
    0.03623206540942192,
    -0.05536363273859024,
    -0.04051092639565468,
    -0.061950284987688065,
    -0.03922279179096222,
    0.02178526110947132,
    0.034268781542778015,
    -0.010879806242883205,
    -0.10472752153873444,
    0.07828337699174881,
    0.020703153684735298,
    0.021567968651652336,
    -0.006192247848957777,
    -0.008986661210656166,
    0.02174251899123192,
    0.0712815374135971,
    -0.08681602776050568,
    0.051447100937366486,
    -0.031904783099889755,
    0.08104462921619415,
    -0.06458886712789536,
    -5.3493319995823185e-08,
    0.01219765841960907,
    0.09605006873607635,
    -0.022637398913502693,
    -0.07813221961259842,
    -0.044988617300987244,
    -0.03345974534749985,
    -0.047482747584581375,
    -0.034821487963199615,
    -0.009899964556097984,
    -0.008540170267224312,
    0.007089788094162941,
    0.08218934386968613,
    -0.007063159253448248,
    -0.026046045124530792,
    0.026195155456662178,
    -0.0505882166326046,
    -0.053818151354789734,
    0.039624910801649094,
    -0.01622094213962555,
    0.11386776715517044,
    -0.03922077268362045,
    -0.02848748117685318,
    -0.03489667549729347,
    -0.02324681542813778,
    0.0045034755021333694,
    0.03938866779208183,
    -0.024237440899014473,
    0.03866158798336983,
    0.09364692866802216,
    0.05610382556915283,
    -0.03250334784388542,
    0.04592380300164223,
    0.006518699694424868,
    -0.026906399056315422,
    -0.057705432176589966,
    -0.021250078454613686,
    0.019635289907455444,
    0.03209320083260536,
    0.05321395769715309,
    -0.047460172325372696,
    -0.019841711968183517,
    -0.011721726506948471,
    0.002716884482651949,
    0.06305394321680069,
    -0.037967752665281296,
    -0.03298194333910942,
    -0.02075617015361786,
    -0.014482371509075165,
    0.028013871982693672,
    -0.06462723016738892,
    -0.07768668234348297,
    0.0014048510929569602,
    0.09186850488185883,
    -0.03601166978478432,
    -0.057417869567871094,
    0.07688292115926743,
    0.016210876405239105,
    -0.030362505465745926,
    -0.01790480688214302,
    0.01948818564414978,
    0.09350769966840744,
    0.008514023385941982,
    0.022196702659130096,
    0.030656006187200546
]