[
    -0.05331248417496681,
    0.0806925818324089,
    -0.014667442068457603,
    -0.05125124379992485,
    -0.047081541270017624,
    0.10283013433218002,
    -0.008110009133815765,
    -0.006030340678989887,
    -0.03528387472033501,
    0.03281981125473976,
    0.07351194322109222,
    -0.09293271601200104,
    0.021778708323836327,
    -0.025341015309095383,
    0.048967283219099045,
    -0.05510520562529564,
    0.08341506123542786,
    0.09707857668399811,
    -0.13114428520202637,
    0.04531517252326012,
    0.06007552891969681,
    0.03104778751730919,
    -0.11804607510566711,
    0.04007560387253761,
    -0.10848842561244965,
    -0.023191116750240326,
    -0.025544609874486923,
    -0.03632590174674988,
    0.05492832139134407,
    -0.06520996987819672,
    -0.01758662424981594,
    0.005205369088798761,
    0.0300756823271513,
    0.04240738973021507,
    0.020746950060129166,
    0.012450187467038631,
    0.02967679128050804,
    0.0038611157797276974,
    -0.025002162903547287,
    -0.019091134890913963,
    -0.059603989124298096,
    -0.058461423963308334,
    -0.03330174833536148,
    -0.03599952906370163,
    0.059212036430835724,
    -0.028270050883293152,
    0.002952689304947853,
    -0.03761056065559387,
    -0.06627509742975235,
    -0.05063848942518234,
    -0.057441346347332,
    -0.00861508958041668,
    -0.012162206694483757,
    0.09153023362159729,
    -0.05376875773072243,
    -0.05177843198180199,
    -0.010385552421212196,
    0.007510831113904715,
    -0.04592384397983551,
    -0.020692074671387672,
    0.01794511079788208,
    -0.020240766927599907,
    -0.03820209205150604,
    0.05688351392745972,
    0.010731194168329239,
    0.06940977275371552,
    -0.049123819917440414,
    -0.05239768698811531,
    0.05345085635781288,
    0.027514509856700897,
    -0.07248419523239136,
    -0.08146736025810242,
    -0.04165317863225937,
    -0.008349507115781307,
    0.026595305651426315,
    0.01624392345547676,
    -0.006934547331184149,
    0.02352568320930004,
    0.08676009625196457,
    -0.11673043668270111,
    -0.01053264457732439,
    -0.005890442989766598,
    -0.010461208410561085,
    0.042686060070991516,
    -0.015232625417411327,
    -0.057212959975004196,
    -0.0474250353872776,
    -0.04913009703159332,
    -0.0001519829238532111,
    -0.04954148083925247,
    0.12737849354743958,
    -0.025862643495202065,
    0.12385886907577515,
    -0.05885189026594162,
    0.005391376558691263,
    -0.009247570298612118,
    -0.05699124559760094,
    -0.12160756438970566,
    0.007682660594582558,
    -0.009972636587917805,
    0.017716364935040474,
    0.027347484603524208,
    -0.09796644747257233,
    -0.00518631748855114,
    0.037436049431562424,
    -0.06532754749059677,
    0.016965430229902267,
    -0.02006184495985508,
    0.02462821640074253,
    0.004259256646037102,
    0.015540658496320248,
    0.06947526335716248,
    -0.02954133227467537,
    -0.11934059113264084,
    0.05207512155175209,
    0.03631334379315376,
    -0.06339611113071442,
    0.044141240417957306,
    0.035492490977048874,
    0.00932713970541954,
    -0.011542129330337048,
    0.0045403954572975636,
    -0.10114336013793945,
    -0.10043556988239288,
    0.007798571605235338,
    -0.0015163627685979009,
    -0.05840655416250229,
    2.0276779435953299e-32,
    -0.010623274371027946,
    -0.0053128027357161045,
    -0.050558190792798996,
    -0.034693729132413864,
    0.07246654480695724,
    -0.0010323014575988054,
    -0.01063552312552929,
    0.017922978848218918,
    -0.039828233420848846,
    0.0685792863368988,
    0.01190650649368763,
    0.034158892929553986,
    -0.05508917197585106,
    -0.0005121153662912548,
    -0.018528273329138756,
    0.009994124993681908,
    -0.05404505133628845,
    0.0732959434390068,
    0.037444815039634705,
    0.0705791711807251,
    0.003947156015783548,
    -0.03452363982796669,
    0.0141315758228302,
    -0.009128279983997345,
    0.014466001652181149,
    -0.015500141307711601,
    -0.05072984844446182,
    -0.02173917181789875,
    0.04578437656164169,
    0.020185561850667,
    0.03796330839395523,
    0.10860150307416916,
    0.05923164635896683,
    -0.02062554471194744,
    0.0023534665815532207,
    0.07181303203105927,
    0.0019503360381349921,
    -0.04692595452070236,
    0.056675639003515244,
    -0.06032361835241318,
    -0.1125955730676651,
    0.03697871044278145,
    0.05499996989965439,
    0.0318618044257164,
    0.02150562033057213,
    -0.01940939389169216,
    0.0365452915430069,
    -0.044083189219236374,
    0.02625836804509163,
    0.04530690237879753,
    -0.01803738623857498,
    0.0243275947868824,
    0.03429710865020752,
    -0.03456472232937813,
    -0.0014369870768859982,
    -0.05659094080328941,
    -0.044010523706674576,
    0.049523621797561646,
    -0.0677720382809639,
    0.08840740472078323,
    0.019424552097916603,
    -0.011240522377192974,
    -0.024692339822649956,
    0.009002584964036942,
    -0.006467984989285469,
    -0.02369816042482853,
    -0.022623753175139427,
    -0.05613899976015091,
    0.022675802931189537,
    -0.0008361488580703735,
    -0.0679970309138298,
    0.1076408103108406,
    0.01002716924995184,
    0.004197371192276478,
    -0.04560313746333122,
    -0.06955655664205551,
    0.05058608576655388,
    -0.012391321361064911,
    0.04379836097359657,
    -0.03772004321217537,
    -0.0800102949142456,
    -0.012214967980980873,
    0.08594299107789993,
    0.04577825590968132,
    0.05503782629966736,
    -0.017387622967362404,
    0.0419410839676857,
    0.015163742937147617,
    0.014531265012919903,
    -0.06618016213178635,
    -0.005650884471833706,
    -0.00045999596477486193,
    0.02584570087492466,
    0.09474065154790878,
    0.049453459680080414,
    -2.0234111929754327e-32,
    -0.015811443328857422,
    -0.011490339413285255,
    -0.06966772675514221,
    0.040956877171993256,
    0.028530994430184364,
    0.019165530800819397,
    -0.04081130400300026,
    -0.0760737732052803,
    0.06438975781202316,
    0.005608053877949715,
    -0.02685857191681862,
    -0.04324130713939667,
    -0.004499916918575764,
    0.002080014906823635,
    -0.04159233719110489,
    -0.10126281529664993,
    -0.05331004410982132,
    -0.04425615817308426,
    -0.01717071793973446,
    0.07842903584241867,
    0.08280505985021591,
    -0.03040066547691822,
    -0.03861073777079582,
    0.09371655434370041,
    -0.0021585319191217422,
    0.03102412261068821,
    -0.07580656558275223,
    -0.04812747985124588,
    0.02710500918328762,
    -0.0032141166739165783,
    0.008112221956253052,
    -0.03074517659842968,
    -0.07088735699653625,
    0.020609987899661064,
    -0.07667607814073563,
    -0.15787804126739502,
    0.03785104304552078,
    -0.02341260015964508,
    -0.032285481691360474,
    -0.023983824998140335,
    0.09406676888465881,
    0.037214476615190506,
    -0.015206461772322655,
    -0.017829980701208115,
    0.017726125195622444,
    -0.07737793773412704,
    0.05323716625571251,
    -0.09528788179159164,
    0.04256149008870125,
    -0.0076622129417955875,
    0.020479850471019745,
    -0.10943718999624252,
    0.02371342107653618,
    0.11192552000284195,
    -0.043939027935266495,
    0.05894744396209717,
    0.07073097676038742,
    -0.04993687942624092,
    -0.021599862724542618,
    0.03202381357550621,
    0.03694447502493858,
    0.08169318735599518,
    -0.03648685663938522,
    0.050563983619213104,
    0.06841941922903061,
    0.0016311979852616787,
    -0.047913793474435806,
    -0.05402328446507454,
    -0.02445896528661251,
    -0.04417908936738968,
    -0.02716543711721897,
    -0.07532346248626709,
    0.027828311547636986,
    -0.0666169598698616,
    0.0407608337700367,
    -0.02735220082104206,
    0.0009576317388564348,
    -0.09809615463018417,
    -0.07567808777093887,
    0.028039637953042984,
    0.05435391888022423,
    0.019867798313498497,
    -0.00960866454988718,
    0.04029008001089096,
    -0.0925515741109848,
    0.07051219791173935,
    0.03642565384507179,
    -0.027854979038238525,
    0.06683939695358276,
    0.06863732635974884,
    -0.09789540618658066,
    -0.013667489401996136,
    0.021277226507663727,
    -0.015574179589748383,
    -0.06438831239938736,
    -5.592287166678034e-08,
    -0.06149710714817047,
    0.03718262538313866,
    -0.0471024252474308,
    0.006468437146395445,
    -0.014100054278969765,
    0.012715687975287437,
    -0.03132975846529007,
    -0.05540381371974945,
    -0.0381852425634861,
    -0.05173947662115097,
    0.05383335053920746,
    0.035692907869815826,
    0.012477842159569263,
    -0.02171352319419384,
    0.03290821239352226,
    -0.022588659077882767,
    -0.030826276168227196,
    0.003919519484043121,
    -0.0558345764875412,
    0.08554137498140335,
    -0.05567936226725578,
    -0.009418768808245659,
    -0.03584859147667885,
    -0.00568669056519866,
    0.032192833721637726,
    0.006029671058058739,
    -0.01128795463591814,
    0.15418262779712677,
    0.10569419711828232,
    0.09957277029752731,
    -0.007775967475026846,
    -0.0007955405744723976,
    0.04161141440272331,
    -0.022794870659708977,
    -0.06725379079580307,
    -0.005490913987159729,
    -0.03924480453133583,
    -0.012418112717568874,
    0.01792326755821705,
    0.0033948335330933332,
    0.03019455261528492,
    0.004578772466629744,
    0.033785268664360046,
    0.08957158774137497,
    0.10133859515190125,
    -0.0674155056476593,
    -0.07840193063020706,
    -0.007539799436926842,
    0.025416065007448196,
    -0.0762990415096283,
    0.006578374188393354,
    -0.032465528696775436,
    0.05433528125286102,
    0.009265299886465073,
    0.008032716810703278,
    0.023196233436465263,
    0.05927887186408043,
    0.02544444426894188,
    -0.06226382032036781,
    -0.0013516900362446904,
    0.06454203277826309,
    -0.03219740837812424,
    0.03891778737306595,
    -0.037429556250572205
]