[
    -0.021117646247148514,
    0.07288020104169846,
    0.023044511675834656,
    -0.043047863990068436,
    0.00707701500505209,
    0.07126621901988983,
    -0.0009320445824414492,
    -0.01118948683142662,
    -0.056189365684986115,
    -0.012368990108370781,
    -0.0022044291254132986,
    -0.007328388746827841,
    0.01812627539038658,
    -0.032309554517269135,
    0.09163252264261246,
    -0.06042766198515892,
    0.058813899755477905,
    0.04140830785036087,
    -0.08696606010198593,
    0.07950007170438766,
    0.021957114338874817,
    0.031305186450481415,
    -0.06942328065633774,
    -0.006528179161250591,
    -0.066155806183815,
    -0.0164205189794302,
    0.030722303315997124,
    -0.042766790837049484,
    -0.004058229736983776,
    0.00045258813770487905,
    0.047902192920446396,
    0.02387251704931259,
    0.01171448640525341,
    0.055988699197769165,
    0.023993853479623795,
    -0.05661729350686073,
    -0.06017259135842323,
    0.019498907029628754,
    -0.05918789654970169,
    0.015598266385495663,
    -0.047490444034338,
    -0.016770489513874054,
    -0.023526333272457123,
    0.024959301576018333,
    0.041323818266391754,
    0.030646326020359993,
    -0.09172502160072327,
    -0.015079465694725513,
    0.04827665910124779,
    0.03142469748854637,
    -0.015137920156121254,
    0.02049005776643753,
    0.00998853798955679,
    0.041096173226833344,
    -0.009182394482195377,
    -0.06323295086622238,
    -0.08419277518987656,
    -0.006785219069570303,
    -0.09376455843448639,
    -0.01690794713795185,
    0.055098243057727814,
    5.2032941312063485e-05,
    -0.028868859633803368,
    0.0701611116528511,
    -0.058140773326158524,
    0.06154416874051094,
    -0.009710866026580334,
    0.010128956288099289,
    -0.025299254804849625,
    -0.03366093337535858,
    -0.06871849298477173,
    0.004825287498533726,
    -0.058366190642118454,
    0.04225959628820419,
    0.03193255886435509,
    0.017781587317585945,
    0.032689739018678665,
    0.01474041398614645,
    0.05220746621489525,
    -0.10047991573810577,
    -0.060515936464071274,
    -0.02012821100652218,
    0.01297045312821865,
    0.009652821347117424,
    -0.0312647670507431,
    0.010676645673811436,
    -0.06891299784183502,
    -0.008955354802310467,
    -0.005244246684014797,
    -0.08189594745635986,
    0.023510314524173737,
    -0.04352903738617897,
    0.09071113914251328,
    -0.01105168741196394,
    0.06851071864366531,
    0.010256819427013397,
    -0.0053556389175355434,
    -0.10890093445777893,
    0.0058091385290026665,
    -0.004904346074908972,
    -0.004403939004987478,
    -0.08095244318246841,
    0.051923975348472595,
    0.041527315974235535,
    -0.06460094451904297,
    -0.09534084796905518,
    0.020346220582723618,
    0.01317642629146576,
    0.03961868956685066,
    0.03620549291372299,
    0.023759696632623672,
    -0.020898645743727684,
    0.04590325430035591,
    -0.06300879269838333,
    0.010009328834712505,
    -0.012927324511110783,
    -0.028344977647066116,
    0.008992782793939114,
    0.0844661295413971,
    -0.010334594175219536,
    -0.02321808598935604,
    -0.017640599980950356,
    -0.0608295239508152,
    -0.08015654981136322,
    0.012305420823395252,
    0.025427306070923805,
    -0.026429912075400352,
    1.9777483802337716e-32,
    -0.01476350612938404,
    -0.027362847700715065,
    0.003699201624840498,
    0.05291787162423134,
    0.030339431017637253,
    -0.03708072379231453,
    0.059397757053375244,
    -0.050687383860349655,
    -0.045012686401605606,
    0.05874137580394745,
    -0.0603192038834095,
    0.02476833574473858,
    -0.04364609718322754,
    0.06537467241287231,
    -0.06066472828388214,
    0.006708802189677954,
    -0.014918630011379719,
    0.09534046053886414,
    -0.05348805710673332,
    0.06519629061222076,
    -0.013388623483479023,
    0.013293377123773098,
    0.040355321019887924,
    -0.024639520794153214,
    -0.05001445859670639,
    -0.016185317188501358,
    0.0385093130171299,
    -0.049120042473077774,
    0.012852226383984089,
    0.031245101243257523,
    -0.0042745620012283325,
    0.02056051790714264,
    0.0028655969072133303,
    -0.04370661452412605,
    -0.05503041297197342,
    0.159538134932518,
    -0.00107896002009511,
    -0.039795923978090286,
    0.021215973421931267,
    -0.08317960053682327,
    -0.06092851981520653,
    -0.026574496179819107,
    0.032453808933496475,
    0.06028227135539055,
    0.08319249749183655,
    -0.034213028848171234,
    -0.022973818704485893,
    0.0012769378954544663,
    0.007846465334296227,
    0.024522198364138603,
    -0.09904903918504715,
    0.01084792148321867,
    -0.0024088136851787567,
    -0.0529046505689621,
    -0.011424018070101738,
    -0.025304725393652916,
    -0.05763150006532669,
    0.07976581901311874,
    -0.07487481087446213,
    0.07881385833024979,
    -0.04372941702604294,
    0.034145504236221313,
    -0.04641065374016762,
    -0.02467256598174572,
    -0.009967188350856304,
    -0.016127338632941246,
    0.005668925121426582,
    -0.10627804696559906,
    0.033987704664468765,
    0.040379494428634644,
    0.009830339811742306,
    0.07117920368909836,
    -0.012754379771649837,
    0.04281629994511604,
    0.02523823082447052,
    -0.00037135666934773326,
    -0.00595693476498127,
    -0.02153000794351101,
    0.040638238191604614,
    0.04023163393139839,
    -0.07754234969615936,
    0.014808258973062038,
    -0.013261726126074791,
    0.05645458772778511,
    0.013979663141071796,
    0.022951358929276466,
    0.021870406344532967,
    0.009555916301906109,
    -0.04692898690700531,
    -0.0838683471083641,
    -0.010635911487042904,
    0.0360528938472271,
    0.0822049155831337,
    0.02508343942463398,
    0.05295779928565025,
    -2.074757080092938e-32,
    -0.03954581171274185,
    -0.019105777144432068,
    -0.0049184937961399555,
    -0.017414148896932602,
    0.04822748154401779,
    0.0012941487366333604,
    -0.03283665329217911,
    -0.10558135062456131,
    0.05697435140609741,
    -0.020203839987516403,
    0.000543631671462208,
    -0.035534828901290894,
    0.04505554959177971,
    -0.017395198345184326,
    -0.060447219759225845,
    -0.0215234886854887,
    -0.11092167347669601,
    -0.0741322711110115,
    0.006162839476019144,
    0.11053122580051422,
    -0.023352310061454773,
    0.007284107618033886,
    -0.04183493182063103,
    0.12155888974666595,
    0.01757027581334114,
    0.024831654503941536,
    -0.06074388325214386,
    0.04244456812739372,
    0.10373659431934357,
    -0.07691196352243423,
    -0.08317163586616516,
    -0.06953664124011993,
    -0.05464577302336693,
    0.04690586030483246,
    -0.07277906686067581,
    -0.14325451850891113,
    0.04633210971951485,
    -0.04796285554766655,
    -0.04294021800160408,
    -0.04496602714061737,
    0.10493505746126175,
    -0.05937276780605316,
    0.0224522203207016,
    -0.002025267109274864,
    0.030370520427823067,
    -0.003315202658995986,
    0.05019932985305786,
    -0.06782732903957367,
    0.02410091646015644,
    -0.005719341803342104,
    0.007872003130614758,
    0.0012999573955312371,
    0.003872642992064357,
    0.09799306839704514,
    -0.033564209938049316,
    -0.052988018840551376,
    0.030475834384560585,
    -0.005922588519752026,
    -0.09472761303186417,
    -0.01720694825053215,
    0.027634089812636375,
    0.049267642199993134,
    -0.02023695781826973,
    0.10051370412111282,
    0.02903209812939167,
    -0.07319766283035278,
    -0.056493524461984634,
    -0.11013197898864746,
    -0.024884594604372978,
    -0.07383785396814346,
    -0.11974368989467621,
    -0.10637098550796509,
    -0.04665405675768852,
    -0.11959231644868851,
    0.1026473343372345,
    -0.039365921169519424,
    -0.002975720213726163,
    -0.02529314160346985,
    -0.05131320655345917,
    0.015942038968205452,
    0.028408342972397804,
    -0.00788488145917654,
    -0.09894199669361115,
    0.09419531375169754,
    -0.005678649991750717,
    0.04785801097750664,
    0.013593046925961971,
    -0.04836159199476242,
    0.03335198387503624,
    0.13752613961696625,
    -0.11750096827745438,
    0.06577689945697784,
    -0.008483685553073883,
    0.018451357260346413,
    -0.06654705852270126,
    -5.691371995908412e-08,
    0.031279053539037704,
    0.10235171765089035,
    -0.0016361377201974392,
    -0.05485595390200615,
    -0.027247289195656776,
    -0.007352475076913834,
    -0.05247391387820244,
    0.03232679143548012,
    -0.006332932971417904,
    -0.03602686524391174,
    -0.0008263703784905374,
    0.11924077570438385,
    0.04962420091032982,
    -0.042833175510168076,
    0.02057025581598282,
    -0.04556825011968613,
    -0.0469948910176754,
    0.041499145328998566,
    -0.029963485896587372,
    0.07661623507738113,
    -0.03942255303263664,
    -0.027053406462073326,
    -0.043318890035152435,
    0.03021729551255703,
    -0.015494088642299175,
    0.06910622119903564,
    -0.02371293306350708,
    -0.019660798832774162,
    0.07431673258543015,
    0.06009669601917267,
    -0.019682368263602257,
    -0.020908787846565247,
    0.00010108615242643282,
    -0.017489871010184288,
    -0.03845596686005592,
    -0.01743646338582039,
    -0.014789379201829433,
    0.039688996970653534,
    0.06432430446147919,
    -0.03007035329937935,
    0.0015150930266827345,
    0.03615245595574379,
    0.0015576332807540894,
    0.05842314288020134,
    -0.016040248796343803,
    -0.08863907307386398,
    -0.01693069189786911,
    -0.046203650534152985,
    0.008276170119643211,
    -0.09087163954973221,
    -0.07241018861532211,
    -0.05641057342290878,
    0.07550248503684998,
    -0.044426485896110535,
    -0.07640217244625092,
    0.07215159386396408,
    0.0032232918310910463,
    0.008930778130888939,
    -0.010519132949411869,
    0.03974485769867897,
    0.12779326736927032,
    0.033282119780778885,
    -0.00110818597022444,
    0.06212765350937843
]