[
    -0.009020859375596046,
    0.041773803532123566,
    -0.03763746842741966,
    -0.056862205266952515,
    -0.01090500969439745,
    0.08442986756563187,
    -0.0136564327403903,
    -0.008959832601249218,
    0.017150819301605225,
    0.02652890235185623,
    0.030444670468568802,
    -0.09808381646871567,
    -0.019252492114901543,
    -0.0148012051358819,
    0.01660279557108879,
    -0.0449741892516613,
    0.072086863219738,
    0.04495379328727722,
    -0.08755628764629364,
    0.05443888157606125,
    0.08953462541103363,
    0.0766286551952362,
    -0.06769728660583496,
    0.033792223781347275,
    -0.1118435263633728,
    -0.029983218759298325,
    -0.051514964550733566,
    -0.0397021509706974,
    0.09336397796869278,
    -0.051885735243558884,
    0.01004734542220831,
    0.051262419670820236,
    0.035021062940359116,
    0.0022111248690634966,
    0.016701485961675644,
    0.006297191139310598,
    0.060709040611982346,
    -0.04123002290725708,
    -0.018656359985470772,
    -0.0033991688396781683,
    -0.018583375960588455,
    -0.005205635447055101,
    -0.05479314178228378,
    0.02622758038341999,
    0.055094167590141296,
    0.015317141078412533,
    -0.010193362832069397,
    -0.04406006634235382,
    -0.05258598551154137,
    -0.00900542177259922,
    -0.06020895019173622,
    -0.0442722849547863,
    -0.0356573760509491,
    0.06399010121822357,
    -0.04581631347537041,
    -0.07030132412910461,
    0.0007607260486111045,
    0.012009619735181332,
    -0.05493154749274254,
    0.0009888865752145648,
    0.039714500308036804,
    -0.047944337129592896,
    -0.023319851607084274,
    0.04284880310297012,
    -0.03243675082921982,
    0.06154843047261238,
    -0.012109015136957169,
    -0.046442579478025436,
    0.011791170574724674,
    0.019482502713799477,
    -0.08628116548061371,
    -0.020690979436039925,
    0.05264567583799362,
    -0.02272399142384529,
    -0.02390340156853199,
    0.04931629076600075,
    -0.05400530621409416,
    0.051416683942079544,
    0.057317279279232025,
    -0.135114386677742,
    0.020174015313386917,
    -0.014501119032502174,
    0.015945421531796455,
    0.04378708079457283,
    -0.035039979964494705,
    -0.029674366116523743,
    -0.01384497620165348,
    -0.06454929709434509,
    0.01937120221555233,
    0.0009931671665981412,
    0.13936585187911987,
    -0.061061080545186996,
    0.14150430262088776,
    -0.0526944175362587,
    0.02500505931675434,
    -0.013279839418828487,
    -0.03857187181711197,
    -0.11437471210956573,
    0.05072350054979324,
    -0.020649434998631477,
    0.023338841274380684,
    0.01761121116578579,
    -0.06390426307916641,
    -0.01151903998106718,
    0.0035067179705947638,
    -0.04391481727361679,
    -0.010810227133333683,
    0.0006380114355124533,
    0.018058763816952705,
    0.04542110487818718,
    0.02225276455283165,
    0.0158827044069767,
    -0.03757911175489426,
    -0.08921831101179123,
    0.04680709168314934,
    0.031249690800905228,
    -0.0006815416272729635,
    0.030973751097917557,
    0.07132036983966827,
    -0.03063913621008396,
    -0.0394512377679348,
    0.006128879729658365,
    -0.06439521163702011,
    -0.11726651340723038,
    0.015339273028075695,
    -0.01384061761200428,
    -0.07535082846879959,
    1.932239851125656e-32,
    -0.02800733968615532,
    -0.004255166742950678,
    -0.09076067060232162,
    -0.004660196602344513,
    0.006558259949088097,
    -0.03399527817964554,
    0.008642777800559998,
    0.04730073735117912,
    -0.066085584461689,
    0.058824293315410614,
    -0.011266033165156841,
    -0.004336068406701088,
    -0.014009346254169941,
    0.016132287681102753,
    -0.05299437418580055,
    -0.008466135710477829,
    -0.017909200862050056,
    0.07521873712539673,
    0.01940147764980793,
    0.042162373661994934,
    0.00691338162869215,
    -0.036053113639354706,
    0.017720775678753853,
    0.011551898904144764,
    0.021514859050512314,
    0.045069798827171326,
    -0.01804940216243267,
    -0.04429996758699417,
    -0.004078565631061792,
    -0.00921441800892353,
    0.042505618184804916,
    0.0831526443362236,
    0.08246270567178726,
    -0.055213723331689835,
    0.03178202733397484,
    0.08923459053039551,
    0.012282024137675762,
    -0.0711430236697197,
    0.07199156284332275,
    -0.05272723734378815,
    -0.048914697021245956,
    0.03674200177192688,
    0.03061840869486332,
    -0.005030171480029821,
    0.039018839597702026,
    -0.014271078631281853,
    -0.008695915341377258,
    -0.03028949536383152,
    0.07541196793317795,
    0.034358371049165726,
    -0.037152811884880066,
    0.02253379486501217,
    0.028274882584810257,
    -0.02480468899011612,
    -0.01032183039933443,
    -0.055020514875650406,
    -0.07489659637212753,
    0.050564661622047424,
    -0.06537515670061111,
    0.03335895016789436,
    0.005956261418759823,
    0.0408690869808197,
    -0.037209413945674896,
    0.023802801966667175,
    -0.03556938096880913,
    0.0041045211255550385,
    -0.04154767841100693,
    -0.037243954837322235,
    0.022646695375442505,
    -0.024805689230561256,
    -0.06500369310379028,
    0.06654497236013412,
    0.004140917211771011,
    0.01579384319484234,
    -0.033731285482645035,
    -0.07416220009326935,
    0.012585083954036236,
    -0.03811394050717354,
    0.008553426712751389,
    -0.03496110811829567,
    -0.08726999908685684,
    0.01860746555030346,
    0.06313128769397736,
    0.048244409263134,
    0.02103564143180847,
    -0.029515840113162994,
    0.09197689592838287,
    0.062386978417634964,
    -0.005162200890481472,
    -0.06755438446998596,
    0.005141668953001499,
    0.015595106407999992,
    -0.021655479446053505,
    0.08444495499134064,
    0.007771441712975502,
    -1.9405946772241254e-32,
    0.002114336472004652,
    0.01865001767873764,
    -0.08449763804674149,
    0.02311951108276844,
    0.01797696389257908,
    0.04176045209169388,
    -0.04652295261621475,
    -0.08604737371206284,
    0.112157441675663,
    0.017739830538630486,
    -0.012234710156917572,
    -0.06057361513376236,
    -0.015332136303186417,
    0.02048126980662346,
    -0.045660827308893204,
    -0.10924256592988968,
    -0.08850381523370743,
    -0.048217061907052994,
    0.003559268545359373,
    0.05760312080383301,
    0.034213416278362274,
    -0.0179291944950819,
    -0.005969615187495947,
    0.07125671207904816,
    -0.016792025417089462,
    0.023399125784635544,
    -0.0005123243317939341,
    -0.07640332728624344,
    0.050381701439619064,
    0.027851397171616554,
    -0.0068096136674284935,
    -0.06316244602203369,
    -0.05114971101284027,
    0.047716520726680756,
    -0.09904636442661285,
    -0.1493137776851654,
    0.10117723047733307,
    -0.04743874445557594,
    -0.048358723521232605,
    -0.04761608690023422,
    0.06870362162590027,
    0.07743709534406662,
    -0.014507540501654148,
    -0.010405313223600388,
    -0.018087008967995644,
    -0.05848539620637894,
    0.06489632278680801,
    -0.030509892851114273,
    0.023266751319169998,
    -0.046234894543886185,
    0.056020744144916534,
    -0.07239899784326553,
    -0.011324177496135235,
    0.09177824854850769,
    -0.0446188747882843,
    0.07842566817998886,
    0.08522186428308487,
    -0.051487114280462265,
    -0.008912168443202972,
    0.018177064135670662,
    0.04423213005065918,
    0.058052290230989456,
    -0.06120537221431732,
    0.05411529168486595,
    0.10728847980499268,
    -0.027743235230445862,
    -0.05522431433200836,
    -0.07902281731367111,
    0.0080291498452425,
    -0.055122774094343185,
    -0.05886693298816681,
    -0.0652456283569336,
    -0.02520555630326271,
    -0.04826069995760918,
    0.05097637698054314,
    -0.004402907565236092,
    -0.015227057971060276,
    -0.0702391192317009,
    -0.09857913851737976,
    0.05387045815587044,
    0.07285357266664505,
    0.028859280049800873,
    -0.012932763434946537,
    0.07107064127922058,
    -0.03769192099571228,
    0.033085599541664124,
    0.04761863872408867,
    -0.025542931631207466,
    0.012380487285554409,
    0.0905972272157669,
    -0.09066374599933624,
    -0.016062354668974876,
    -0.01952122338116169,
    0.022573858499526978,
    -0.05865898355841637,
    -5.571375538693246e-08,
    -0.0536862351000309,
    0.05590396001935005,
    -0.03833600878715515,
    -0.011193864047527313,
    -0.044329166412353516,
    -0.011247142218053341,
    -0.026610765606164932,
    -0.021785730496048927,
    -0.07964061200618744,
    -0.06492629647254944,
    0.056644272059202194,
    0.03057699091732502,
    -0.038686275482177734,
    -0.028109686449170113,
    0.02645820379257202,
    -0.005916434805840254,
    -0.09332931786775589,
    0.0049669500440359116,
    -0.0681043490767479,
    0.08486198633909225,
    -0.04677792638540268,
    -0.04251036047935486,
    -0.0754377543926239,
    -0.03311622887849808,
    0.04041630029678345,
    0.017075389623641968,
    0.021760916337370872,
    0.1875818520784378,
    0.08644714951515198,
    0.03827910125255585,
    -0.008323414251208305,
    0.013613373972475529,
    0.0472443513572216,
    -0.06159310042858124,
    -0.08773573487997055,
    -0.028498971834778786,
    -0.024313971400260925,
    0.03141114115715027,
    0.0646461620926857,
    0.047787219285964966,
    -0.025745654478669167,
    -0.009573987685143948,
    0.013607998378574848,
    0.07279982417821884,
    0.06963331997394562,
    -0.014806016348302364,
    -0.10031015425920486,
    0.008945805951952934,
    0.0023684364277869463,
    -0.09098930656909943,
    -0.0019483310170471668,
    -0.05415399745106697,
    0.06700785458087921,
    0.0359831377863884,
    -0.005755142774432898,
    0.0218982957303524,
    0.025001071393489838,
    0.008478456176817417,
    -0.04660525172948837,
    -0.020459715276956558,
    0.11413058638572693,
    0.037063200026750565,
    0.06964793801307678,
    -0.03920510411262512
]