[
    -0.07996396720409393,
    0.046504102647304535,
    -0.0805010125041008,
    -0.07902240753173828,
    -0.057914480566978455,
    0.07727959752082825,
    -0.07487645000219345,
    0.027499062940478325,
    -0.0213291198015213,
    -0.004821574315428734,
    0.06396397948265076,
    -0.05619761347770691,
    0.01691134087741375,
    -0.018933432176709175,
    0.05271691456437111,
    0.030241701751947403,
    0.03615627810359001,
    0.030064478516578674,
    -0.11457622051239014,
    0.08518852293491364,
    0.009176352992653847,
    0.016837475821375847,
    -0.016648370772600174,
    0.008790893480181694,
    -0.03701277822256088,
    0.013457399792969227,
    0.026846090331673622,
    -0.03581453859806061,
    0.08863985538482666,
    0.0010829275706782937,
    0.04298894479870796,
    0.04109762981534004,
    0.03077365830540657,
    0.07767954468727112,
    0.003443429945036769,
    -0.021691415458917618,
    -0.030871886759996414,
    0.03819885477423668,
    0.016496775671839714,
    0.0023878125939518213,
    -0.0037360473070293665,
    -0.007676607463508844,
    0.0037467079237103462,
    -0.043520618230104446,
    0.032098181545734406,
    0.029185017570853233,
    -0.026822641491889954,
    -0.013659646734595299,
    -0.022320345044136047,
    0.00410267012193799,
    -0.10557028651237488,
    -0.05016329139471054,
    -0.026530439034104347,
    0.10737196356058121,
    -0.006962206680327654,
    0.018689656630158424,
    -0.021581578999757767,
    0.004480856470763683,
    -0.08305152505636215,
    0.014207452535629272,
    0.044409893453121185,
    0.08685809373855591,
    -0.04466225579380989,
    -0.0013181472895666957,
    -0.09567912667989731,
    0.01227653119713068,
    0.012404078617691994,
    -0.022388719022274017,
    0.07160162180662155,
    0.01875874772667885,
    -0.0097179114818573,
    0.07124196738004684,
    -0.014485050924122334,
    0.09069649130105972,
    -0.07513940334320068,
    0.0351061075925827,
    0.002059204038232565,
    0.07088175415992737,
    0.0002531431382521987,
    -0.17090609669685364,
    -0.09242220222949982,
    0.007034407928586006,
    -0.023496950045228004,
    -0.05733722820878029,
    -0.06970606744289398,
    -0.023546939715743065,
    -0.01172955147922039,
    0.01817016862332821,
    -0.027422545477747917,
    0.029672697186470032,
    -0.0016512247966602445,
    -0.07988518476486206,
    0.17710627615451813,
    -0.0857786014676094,
    0.0802696943283081,
    0.01300700381398201,
    0.038469817489385605,
    -0.07027743011713028,
    0.001308971899561584,
    -0.0365668386220932,
    -0.03094908408820629,
    -0.024651946499943733,
    -0.009970159269869328,
    0.054661624133586884,
    -0.07600142061710358,
    -0.03203056752681732,
    -0.02694389410316944,
    -0.03018234483897686,
    0.0047282264567911625,
    -0.00318571412935853,
    0.004085072316229343,
    -0.024671677500009537,
    -0.04563477262854576,
    -0.047444168478250504,
    0.01480861660093069,
    0.011128592304885387,
    0.05249639227986336,
    0.06307541579008102,
    0.05893190577626228,
    -0.08618523180484772,
    -0.07972666621208191,
    0.02602824941277504,
    -0.08141237497329712,
    -0.06742282956838608,
    0.013660814613103867,
    -0.04973415285348892,
    -0.07185088098049164,
    1.812145617710691e-32,
    -0.08514399081468582,
    -0.04275029897689819,
    -0.08745699375867844,
    0.056670449674129486,
    -0.0005936870584264398,
    -0.0051496862433850765,
    0.013227908872067928,
    -0.008142651058733463,
    -0.07231257110834122,
    0.06020527333021164,
    0.05719407647848129,
    0.0130770830437541,
    -0.02233925089240074,
    -0.03835347667336464,
    -0.10681477934122086,
    0.03709941357374191,
    -0.03796195983886719,
    0.069537453353405,
    -0.008541369810700417,
    0.09772291779518127,
    0.018494337797164917,
    0.015766769647598267,
    0.011189310811460018,
    0.04090150445699692,
    -0.08550813049077988,
    -0.03251456841826439,
    0.016350088641047478,
    -0.0327066071331501,
    -0.04672789201140404,
    0.002908716443926096,
    0.056557368487119675,
    -0.0038379274774342775,
    0.05862259492278099,
    -0.08952625095844269,
    -0.008418568409979343,
    0.08728460967540741,
    0.04563317075371742,
    -0.05109497159719467,
    0.061315570026636124,
    -0.0355825312435627,
    -0.1003706082701683,
    -0.032548513263463974,
    0.022268645465373993,
    0.01227532047778368,
    0.05492669343948364,
    -0.037036534398794174,
    -0.02349998615682125,
    -0.014606033451855183,
    0.0357942134141922,
    0.06562978029251099,
    -0.016804775223135948,
    -0.06216791644692421,
    0.011655421927571297,
    -0.05102090910077095,
    -0.030274968594312668,
    0.01898413524031639,
    -0.08450128138065338,
    0.08727768063545227,
    -0.11366459727287292,
    0.04904430732131004,
    0.004157641436904669,
    -0.04395607113838196,
    -0.014210062101483345,
    0.03437285125255585,
    -0.03170619532465935,
    -0.06660380959510803,
    -0.0094654755666852,
    -0.028307758271694183,
    0.02614123933017254,
    -0.026387209072709084,
    -0.02558753825724125,
    0.05204680189490318,
    -0.003677243134006858,
    0.02688627690076828,
    0.006424228195101023,
    0.028249481692910194,
    0.0337614044547081,
    -0.013993305154144764,
    0.045776110142469406,
    -0.005900429096072912,
    -0.08376520127058029,
    0.11060042679309845,
    0.07635696232318878,
    0.0034369733184576035,
    -0.012292228639125824,
    -0.024017276242375374,
    6.327496521407738e-05,
    0.032256897538900375,
    -0.01950707472860813,
    0.007618152070790529,
    0.03041757270693779,
    -0.0052706459537148476,
    0.02624479867517948,
    0.016754120588302612,
    0.05930555984377861,
    -1.7971197142345111e-32,
    -0.01198799628764391,
    -0.09862212836742401,
    -0.030954070389270782,
    -0.014369627460837364,
    0.05140310153365135,
    -0.009611154906451702,
    -0.009659443981945515,
    -0.07804231345653534,
    0.04759234935045242,
    -0.010701131075620651,
    0.00596395181491971,
    -0.06175651773810387,
    0.029364192858338356,
    -0.0024893763475120068,
    -0.09093911200761795,
    -0.02473278157413006,
    -0.07286987453699112,
    -0.023405656218528748,
    0.1100442036986351,
    0.08549998700618744,
    -0.0023035199847072363,
    0.04371178522706032,
    -0.0011087869061157107,
    0.08232378214597702,
    0.03445363789796829,
    -0.0012792979832738638,
    -0.03467299044132233,
    0.04753898084163666,
    0.02576039731502533,
    -0.02011471427977085,
    -0.006128322333097458,
    -0.05204572528600693,
    -0.04212158918380737,
    -0.02885943092405796,
    -0.02402462437748909,
    -0.1569429486989975,
    0.07947718352079391,
    -0.04848046600818634,
    -0.041180048137903214,
    -0.09865239262580872,
    0.03629014641046524,
    0.09177669882774353,
    -0.010404646396636963,
    0.011272259056568146,
    -0.0036923785228282213,
    -0.012705402448773384,
    0.046231791377067566,
    0.00039649056270718575,
    0.06667956709861755,
    -0.033833958208560944,
    0.038074642419815063,
    -0.012041846290230751,
    0.061617132276296616,
    0.035400986671447754,
    0.017372876405715942,
    0.009741172194480896,
    0.05439688265323639,
    0.02604980580508709,
    -0.05088617652654648,
    0.014522525481879711,
    0.06358998268842697,
    0.046078555285930634,
    -0.043209005147218704,
    0.08836930245161057,
    0.006192365195602179,
    -0.012722266837954521,
    -0.12341572344303131,
    -0.039769768714904785,
    -0.014424934051930904,
    0.003200373612344265,
    -0.06870265305042267,
    -0.16712084412574768,
    -0.012298498302698135,
    -0.05635286495089531,
    0.0600217841565609,
    0.02291960082948208,
    -0.006371054332703352,
    -0.06016580015420914,
    -0.013466289266943932,
    0.0034448534715920687,
    0.02297455444931984,
    -0.010321220383048058,
    -0.04019705578684807,
    0.035412952303886414,
    -0.016019873321056366,
    -0.009301765821874142,
    0.010209913365542889,
    0.017641447484493256,
    0.11734889447689056,
    0.04247725009918213,
    -0.01840400882065296,
    -0.015243724919855595,
    0.028615249320864677,
    -0.014142587780952454,
    -0.008216043934226036,
    -5.1923279897891916e-08,
    0.04417360574007034,
    0.028498997911810875,
    -0.03999503329396248,
    -0.09115688502788544,
    -0.07592956721782684,
    0.0014552338980138302,
    -0.021883048117160797,
    -0.027247462421655655,
    -0.0918162614107132,
    -0.03720861300826073,
    -0.05231085419654846,
    0.019456079229712486,
    -0.023467980325222015,
    -0.01391227263957262,
    0.014684226363897324,
    -0.07167723029851913,
    0.02602965757250786,
    -0.029515283182263374,
    -0.0022955460008233786,
    0.06273238360881805,
    -0.028922906145453453,
    -0.03202572092413902,
    -0.020430607721209526,
    0.09215305000543594,
    -0.015360982157289982,
    -0.0015491396188735962,
    0.011303458362817764,
    0.03920795023441315,
    0.014994610100984573,
    -0.001576075330376625,
    -0.015411840751767159,
    0.0398469977080822,
    -0.006939941085875034,
    -0.029771383851766586,
    -0.0066480450332164764,
    -0.03534316271543503,
    -0.036126796156167984,
    0.06583214551210403,
    0.038194142282009125,
    0.050509221851825714,
    0.035021670162677765,
    0.019613979384303093,
    -0.038020405918359756,
    0.0261305533349514,
    0.011913699097931385,
    -0.008995112031698227,
    0.020569900050759315,
    0.045311812311410904,
    -0.04683653265237808,
    -0.08403771370649338,
    -0.08788339048624039,
    -0.045657929033041,
    -0.016749195754528046,
    -0.06859257817268372,
    -0.03346339985728264,
    0.09749826043844223,
    0.052983205765485764,
    0.08954118192195892,
    0.0022512362338602543,
    -0.016981519758701324,
    0.15336665511131287,
    0.10351839661598206,
    0.06458327919244766,
    0.01135347131639719
]