[
    -0.08810851722955704,
    0.0011794535676017404,
    0.02606506645679474,
    -0.08945170044898987,
    -0.04016955569386482,
    -0.006665116176009178,
    -0.05562448501586914,
    -0.0016891459235921502,
    0.030794093385338783,
    0.0060472567565739155,
    -0.010288042016327381,
    0.007893232628703117,
    0.001223214203491807,
    -0.01213841326534748,
    0.06270822137594223,
    0.028223909437656403,
    0.09512987732887268,
    0.01779276877641678,
    -0.04528877139091492,
    0.05296383053064346,
    0.09528206288814545,
    -0.0033868211321532726,
    -0.06533844023942947,
    0.015398205257952213,
    -0.06507108360528946,
    0.02252827025949955,
    -0.05959236994385719,
    -0.04187456890940666,
    0.11007525771856308,
    -0.05866541713476181,
    0.031127367168664932,
    0.017823316156864166,
    0.028767894953489304,
    0.03423864394426346,
    0.025802824646234512,
    -0.01422299537807703,
    0.03483454883098602,
    -0.06581883132457733,
    0.03131426125764847,
    0.04891646280884743,
    -0.011259335093200207,
    -0.026438819244503975,
    -0.05424654111266136,
    -0.01243223249912262,
    0.014450741931796074,
    0.04958915337920189,
    -0.0014035629574209452,
    0.027368610724806786,
    -0.04140903428196907,
    -0.017261095345020294,
    -0.06417800486087799,
    -0.047313496470451355,
    -0.0711103230714798,
    0.09599490463733673,
    -0.04816295579075813,
    -0.0658160075545311,
    0.010846576653420925,
    0.010964018292725086,
    0.013787273317575455,
    0.0009183300426229835,
    -0.0072572058998048306,
    0.026531808078289032,
    -0.03981167450547218,
    0.0035173941869288683,
    -0.015032668597996235,
    0.014739169739186764,
    -0.019310226663947105,
    -0.011062045581638813,
    0.0016618816880509257,
    0.0727309137582779,
    -0.01475382037460804,
    0.043519824743270874,
    0.0005710982368327677,
    0.040193088352680206,
    -0.07363387942314148,
    -0.03125487640500069,
    -0.02497681975364685,
    -0.017261482775211334,
    -0.023999007418751717,
    -0.12904344499111176,
    0.0003441362059675157,
    0.03566393628716469,
    0.001001172000542283,
    0.01877875253558159,
    -0.03534749522805214,
    -0.09747906774282455,
    -0.0181280504912138,
    -0.030346307903528214,
    -0.03875888139009476,
    0.047952137887477875,
    0.03979867696762085,
    -0.08750278502702713,
    0.09031905233860016,
    -0.05011886730790138,
    0.05657980218529701,
    0.01892632059752941,
    0.04387658089399338,
    -0.05636688321828842,
    0.07523473352193832,
    -0.009791853837668896,
    0.007954670116305351,
    0.0734274759888649,
    -0.04881637543439865,
    -0.053894586861133575,
    -0.040418315678834915,
    -0.04149504005908966,
    -0.027995876967906952,
    -0.015613419003784657,
    0.059593576937913895,
    0.07138947397470474,
    0.024022482335567474,
    -0.0228455550968647,
    -0.07250945270061493,
    -0.0692891776561737,
    0.08754989504814148,
    0.01561669446527958,
    0.014578064903616905,
    0.13518936932086945,
    0.01157149113714695,
    -0.07913811504840851,
    -0.016628224402666092,
    0.012905877083539963,
    0.024932879954576492,
    -0.07282450050115585,
    0.06174444407224655,
    -0.06471996754407883,
    -0.011191600002348423,
    2.131939002788688e-32,
    -0.0079580033197999,
    -0.02026502974331379,
    -0.11007028818130493,
    0.07554832100868225,
    0.03760743513703346,
    0.016009029000997543,
    0.005477924831211567,
    -0.003826562315225601,
    -0.06486665457487106,
    0.05982453003525734,
    -0.017120039090514183,
    -0.024100055918097496,
    0.007804422173649073,
    -0.06863085925579071,
    -0.07505430281162262,
    0.02670092135667801,
    -0.025926342234015465,
    0.05694203823804855,
    -0.021673623472452164,
    0.034905485808849335,
    0.07308894395828247,
    -0.03288897126913071,
    0.05034206062555313,
    0.054846636950969696,
    -0.0277909766882658,
    -0.03489862009882927,
    0.04152548685669899,
    -0.007331890054047108,
    -0.044087596237659454,
    0.0037776860408484936,
    0.054369065910577774,
    0.038018256425857544,
    0.06330938637256622,
    0.013229548931121826,
    0.05249684303998947,
    0.08061669021844864,
    0.03983919695019722,
    -0.13470369577407837,
    0.07511837780475616,
    -0.07234106957912445,
    -0.07917474955320358,
    0.012556244619190693,
    0.006665422581136227,
    0.011397456750273705,
    -0.014739960432052612,
    -0.02607271447777748,
    -0.016434498131275177,
    0.015800518915057182,
    0.04678676277399063,
    0.06440600752830505,
    -0.024115128442645073,
    0.020798780024051666,
    0.04892347753047943,
    -0.07177907228469849,
    0.02012658677995205,
    0.02287271060049534,
    -0.0995212122797966,
    0.07201673090457916,
    -0.02522658184170723,
    0.01586420275270939,
    0.00023439674987457693,
    0.021787913516163826,
    -0.03131076321005821,
    0.030666440725326538,
    -0.03609592467546463,
    -0.07812397181987762,
    -0.06526213139295578,
    -0.05671331286430359,
    0.0956260934472084,
    -0.03966135159134865,
    -0.05863172188401222,
    0.07892514020204544,
    -0.029635673388838768,
    0.049468208104372025,
    -0.021747009828686714,
    -0.005867544561624527,
    0.009883451275527477,
    -0.012694369070231915,
    0.05150637403130531,
    -0.005364721175283194,
    -0.1405097246170044,
    -0.011047881096601486,
    0.0596819631755352,
    0.037188611924648285,
    0.025579622015357018,
    -0.042586784809827805,
    0.03876737505197525,
    -0.02961006388068199,
    0.012628987431526184,
    -0.01878812350332737,
    0.05294536054134369,
    -0.05355219542980194,
    -0.01278938353061676,
    -0.02797682397067547,
    0.05013448745012283,
    -1.9652390632259086e-32,
    0.0043264287523925304,
    -0.07790297269821167,
    -0.13679450750350952,
    0.07855464518070221,
    0.033323705196380615,
    0.003540541511029005,
    -0.0791143998503685,
    -0.0665319412946701,
    0.026721974834799767,
    0.024523770436644554,
    -0.05512643977999687,
    0.003145750844851136,
    0.038606252521276474,
    -0.016400491818785667,
    -0.08269264549016953,
    -0.04621439054608345,
    0.02258862368762493,
    -0.04089486971497536,
    0.026133889332413673,
    0.026947714388370514,
    0.030893772840499878,
    -0.010937254875898361,
    0.039185531437397,
    0.09012183547019958,
    0.08025623112916946,
    -0.004076891578733921,
    -0.019712179899215698,
    -0.03306688368320465,
    0.057445649057626724,
    0.04327237233519554,
    0.016382364556193352,
    -0.04327491298317909,
    -0.02046208828687668,
    0.019102422520518303,
    -0.07911548018455505,
    -0.11082794517278671,
    0.09473411738872528,
    0.013982592150568962,
    -0.03829365596175194,
    -0.07365349680185318,
    0.03184731304645538,
    0.10303547978401184,
    0.07453351467847824,
    -0.07599032670259476,
    -0.05497998371720314,
    -0.03825558349490166,
    0.05769472196698189,
    0.06006941199302673,
    0.02147645875811577,
    -0.034395527094602585,
    0.025319820269942284,
    -0.06238860636949539,
    0.014946026727557182,
    0.013151311315596104,
    -0.03544537350535393,
    -0.02287069521844387,
    -0.02388368919491768,
    -0.0017064831918105483,
    0.02042897790670395,
    0.008938850834965706,
    0.08353003859519958,
    0.06342191994190216,
    -0.030937738716602325,
    0.04074200615286827,
    0.06070667505264282,
    0.01798297092318535,
    -0.07028894871473312,
    -0.020050974562764168,
    -0.0252390094101429,
    -0.055290259420871735,
    -0.04759382829070091,
    -0.17471569776535034,
    -0.010336363688111305,
    -0.05450257286429405,
    0.09629324823617935,
    -0.038918424397706985,
    0.00820506364107132,
    -0.0740339383482933,
    -0.11059010773897171,
    -0.03639305382966995,
    0.06769729405641556,
    0.04920794069766998,
    -0.06895909458398819,
    0.06972569227218628,
    -0.010800703428685665,
    0.09653853625059128,
    0.039510224014520645,
    0.011067532002925873,
    0.029486045241355896,
    0.06326405704021454,
    -0.05662411078810692,
    0.02117994613945484,
    0.008286603726446629,
    0.038127798587083817,
    -0.017354782670736313,
    -5.289853888257312e-08,
    -0.04090767726302147,
    0.05578441172838211,
    0.024899756535887718,
    -0.03187810629606247,
    -0.005946603137999773,
    -0.025061223655939102,
    -0.014028129167854786,
    -0.04422235116362572,
    -0.03749658539891243,
    -0.10270486772060394,
    0.016790170222520828,
    -0.04598117619752884,
    0.03565491735935211,
    -0.07761437445878983,
    0.05972738564014435,
    -0.01962803304195404,
    0.03268644958734512,
    -0.03438982367515564,
    -0.09761419147253036,
    0.009487289935350418,
    -0.03211968392133713,
    -0.07699153572320938,
    -0.0298247542232275,
    0.03883212432265282,
    0.04919181391596794,
    0.008727754466235638,
    -0.03912978246808052,
    0.04433746635913849,
    0.04737093299627304,
    0.04024133086204529,
    -0.057418450713157654,
    0.07740748673677444,
    0.052878133952617645,
    -0.052172645926475525,
    -0.043201398104429245,
    0.019440198317170143,
    -0.02439250238239765,
    0.029042012989521027,
    0.05756722018122673,
    -0.003428032388910651,
    -0.03350627049803734,
    -0.00976691022515297,
    0.02711671218276024,
    0.04509180411696434,
    -0.0061430553905665874,
    -0.024270078167319298,
    -0.07553521543741226,
    0.03654807060956955,
    -0.022898094728589058,
    -0.06087157502770424,
    -0.03628227114677429,
    -0.10113834589719772,
    0.030539216473698616,
    0.04719464108347893,
    0.022101251408457756,
    0.05844711884856224,
    0.05403030663728714,
    0.06122312694787979,
    0.0429108552634716,
    -0.048566784709692,
    0.13165491819381714,
    0.08605979382991791,
    0.08986066281795502,
    -0.014483189210295677
]