[
    -0.024026548489928246,
    -0.015574580058455467,
    -0.01548649650067091,
    -0.08160898834466934,
    -0.050381433218717575,
    0.02176269143819809,
    -0.03995773196220398,
    -0.026832275092601776,
    -0.04277852177619934,
    0.07029370963573456,
    0.031000901013612747,
    -0.011625267565250397,
    0.007922655902802944,
    0.0014770337147638202,
    0.07695626467466354,
    0.06642378121614456,
    0.0605081208050251,
    0.03894919157028198,
    -0.12583184242248535,
    0.05526542663574219,
    0.042187921702861786,
    -0.006025073584169149,
    -0.04710527881979942,
    -0.0027004480361938477,
    -0.12746025621891022,
    -0.01508970558643341,
    -0.007392049767076969,
    -0.01588408835232258,
    0.07466171681880951,
    -0.09404943138360977,
    0.005326534155756235,
    0.054331377148628235,
    0.042306579649448395,
    0.04567324370145798,
    -0.014336269348859787,
    -0.039070624858140945,
    0.031766775995492935,
    -0.06618346273899078,
    0.02936270646750927,
    -0.018087271600961685,
    -0.012158353812992573,
    -0.014610746875405312,
    -0.02039414271712303,
    -0.04257236793637276,
    0.0018066500779241323,
    0.020988093689084053,
    -0.008162627927958965,
    -0.039184246212244034,
    -0.04076072946190834,
    -0.011811149306595325,
    -0.062113210558891296,
    -0.056930627673864365,
    -0.02426745556294918,
    0.06610129028558731,
    -0.024529095739126205,
    -0.029415959492325783,
    -0.0019101215293630958,
    0.024449151009321213,
    -0.026800908148288727,
    -0.04662690311670303,
    -0.0037865806370973587,
    0.019298983737826347,
    -0.07940217107534409,
    0.0557708740234375,
    -0.005582823418080807,
    -0.021460281684994698,
    -0.032214365899562836,
    -0.08518891781568527,
    0.006477183196693659,
    0.00028318099793978035,
    -0.028393579646945,
    -0.006093271542340517,
    0.06557430326938629,
    0.030234048143029213,
    -0.06994256377220154,
    -0.01613214984536171,
    -0.028712725266814232,
    0.02209375612437725,
    0.00958529394119978,
    -0.11404981464147568,
    -0.062013495713472366,
    0.04163385182619095,
    -0.03149170055985451,
    0.014147738926112652,
    -0.07914822548627853,
    -0.04716558754444122,
    -0.02922634407877922,
    0.0009575231815688312,
    0.04653795436024666,
    0.058776579797267914,
    0.07847046852111816,
    -0.03106861375272274,
    0.10473605245351791,
    -0.09613146632909775,
    0.03175453096628189,
    -0.0005434952909126878,
    0.027450161054730415,
    0.005813403520733118,
    0.07997828722000122,
    -0.003177507547661662,
    0.04690214619040489,
    0.03062201291322708,
    -0.06688946485519409,
    -0.02821466140449047,
    -0.008040593937039375,
    -0.030672835186123848,
    -0.004709093365818262,
    -0.0019116939511150122,
    -0.0020169035997241735,
    0.003164002439007163,
    -0.02474895678460598,
    -0.031284574419260025,
    -0.04650940001010895,
    -0.09630565345287323,
    0.023007076233625412,
    0.007428490556776524,
    -0.030740920454263687,
    0.06181876361370087,
    -0.034437134861946106,
    -0.06377363950014114,
    -0.0237178523093462,
    0.02954302728176117,
    -0.008479596115648746,
    -0.05623100697994232,
    0.029900453984737396,
    0.002830329118296504,
    -0.027266625314950943,
    1.8002954591600514e-32,
    -0.06650712341070175,
    -0.09089808911085129,
    -0.10729460418224335,
    0.025539232417941093,
    0.07427004724740982,
    -0.020700540393590927,
    -0.027157140895724297,
    -0.019584953784942627,
    -0.0629715546965599,
    0.043640363961458206,
    0.01689319685101509,
    0.03840457648038864,
    -0.010418601334095001,
    -0.11283174902200699,
    -0.01471647433936596,
    -0.007853569462895393,
    -0.02317870408296585,
    0.045506175607442856,
    -0.005281848832964897,
    0.04231685400009155,
    0.03875558078289032,
    -0.0323646143078804,
    -0.007791284471750259,
    0.007255226839333773,
    -0.021045809611678123,
    -0.0031187930144369602,
    0.03022017516195774,
    -0.02259238250553608,
    0.01516653597354889,
    0.014056701213121414,
    0.04503088444471359,
    -0.01568792201578617,
    0.015111800283193588,
    -0.0010331515222787857,
    0.06190168485045433,
    0.1237829402089119,
    -0.032920461148023605,
    -0.03659985214471817,
    0.08164197206497192,
    -0.09257663786411285,
    -0.04973423108458519,
    -0.04129566624760628,
    -0.00351891596801579,
    0.009588179178535938,
    -0.003442015964537859,
    -0.0030010566115379333,
    -0.04595518112182617,
    -0.029096171259880066,
    0.08812113851308823,
    0.07071719318628311,
    0.04754757508635521,
    -0.04220672324299812,
    0.11906054615974426,
    -0.03267426788806915,
    0.02564338408410549,
    -0.003924370277673006,
    -0.08025363832712173,
    0.06443618983030319,
    -0.07385922968387604,
    0.03933273255825043,
    -0.018269317224621773,
    0.048674408346414566,
    -0.05153705179691315,
    0.03210976719856262,
    -0.056599657982587814,
    -0.0848630741238594,
    -0.03005947545170784,
    -0.04882657900452614,
    0.06917963922023773,
    -0.048028700053691864,
    -0.0401587188243866,
    0.0667276531457901,
    0.006412342190742493,
    0.05107041448354721,
    -0.06630448251962662,
    -0.03334981948137283,
    -0.023728061467409134,
    -0.02542024850845337,
    -0.008444377221167088,
    -0.04023754224181175,
    -0.12350504845380783,
    -0.003602718934416771,
    0.03672925382852554,
    0.007983706891536713,
    0.06321635097265244,
    -0.03155791386961937,
    0.031116604804992676,
    0.028103675693273544,
    0.003637513378635049,
    0.0003106717485934496,
    0.03171917423605919,
    0.006737012416124344,
    -0.02001114748418331,
    0.07974651455879211,
    0.05399647355079651,
    -1.9170670108556235e-32,
    0.0029722447507083416,
    -0.039913877844810486,
    -0.08114688098430634,
    0.05767600238323212,
    0.04845418035984039,
    0.05975870043039322,
    -0.09584411978721619,
    -0.09861534833908081,
    0.09439359605312347,
    -0.05314438045024872,
    -0.05195346474647522,
    -0.04482283443212509,
    0.02123917266726494,
    0.00994808692485094,
    -0.04974789544939995,
    -0.07825897634029388,
    -0.05643151327967644,
    -0.018498467281460762,
    0.0555720180273056,
    0.08158744126558304,
    0.014985795132815838,
    0.02891010232269764,
    -0.04623091593384743,
    0.07084520161151886,
    -0.0003090427489951253,
    -0.028475256636738777,
    -0.032716188579797745,
    -0.058494601398706436,
    0.05271589383482933,
    0.0886707603931427,
    -0.012843317352235317,
    -0.09695914387702942,
    -0.08441414684057236,
    0.06863055378198624,
    -0.05748481675982475,
    -0.17639407515525818,
    0.11315330117940903,
    -0.049177322536706924,
    -0.03605199605226517,
    -0.006171544082462788,
    0.0006669863360002637,
    0.08571368455886841,
    0.04826377332210541,
    -0.033682651817798615,
    -0.014194007031619549,
    -0.008399706333875656,
    0.040166404098272324,
    -0.026426274329423904,
    -0.04337787255644798,
    -0.09645385295152664,
    0.02037334442138672,
    -0.025799084454774857,
    0.033243726938962936,
    0.0168599896132946,
    -0.012462354265153408,
    0.09033098816871643,
    0.03591101989150047,
    -0.03885750100016594,
    -0.000983629492111504,
    0.03906002268195152,
    0.06829991936683655,
    0.06745131313800812,
    -0.026783490553498268,
    0.025349216535687447,
    0.036227401345968246,
    0.022749632596969604,
    -0.06594622135162354,
    -0.032804857939481735,
    -0.0269789882004261,
    -0.04909010976552963,
    0.012949105352163315,
    -0.13376952707767487,
    -0.119033083319664,
    -0.012556848116219044,
    0.12908460199832916,
    0.02207629196345806,
    0.03483042120933533,
    -0.07616683840751648,
    -0.09513282775878906,
    -0.0035358709283173084,
    0.037443310022354126,
    0.029086651280522346,
    -0.05621831864118576,
    0.050680242478847504,
    -0.020765012130141258,
    0.1107952818274498,
    0.03181380778551102,
    -0.06504720449447632,
    0.029995830729603767,
    0.07614686340093613,
    -0.03403444215655327,
    -0.0002870796888601035,
    0.04506133869290352,
    0.043241098523139954,
    -0.06462996453046799,
    -5.3833097979349986e-08,
    -0.07394862920045853,
    0.017375659197568893,
    -0.018402745947241783,
    0.005920643452554941,
    -0.011711283586919308,
    0.004515220411121845,
    0.0001402279594913125,
    -0.018823375925421715,
    -0.04904146492481232,
    -0.04897323250770569,
    0.041221365332603455,
    0.0005915106739848852,
    -0.026595929637551308,
    -0.00010864458454307169,
    0.06245012208819389,
    -0.00863680150359869,
    -0.04244089499115944,
    0.03358575329184532,
    -0.06456363946199417,
    0.05936065688729286,
    0.016472700983285904,
    -0.05589728429913521,
    -0.041902631521224976,
    0.050012849271297455,
    0.013877348974347115,
    0.005559652112424374,
    -0.001650760998018086,
    0.11383303254842758,
    0.0026907676365226507,
    0.0830635279417038,
    -0.011170294135808945,
    0.07088227570056915,
    0.01170717179775238,
    -0.05218176171183586,
    -0.003435671329498291,
    0.0023622671142220497,
    -0.006806240417063236,
    0.014428144320845604,
    0.06626255065202713,
    0.03963566944003105,
    -0.05199683830142021,
    0.011832349933683872,
    0.05569424852728844,
    0.03798116371035576,
    0.030414169654250145,
    0.028201203793287277,
    -0.04197939485311508,
    0.04407079890370369,
    0.001824621227569878,
    -0.08769434690475464,
    -0.016425587236881256,
    -0.07861544191837311,
    0.002480820519849658,
    -0.014577994123101234,
    0.0018701128428801894,
    0.06348207592964172,
    0.07575443387031555,
    0.05377541109919548,
    -0.03916753828525543,
    -0.0463804192841053,
    0.12748005986213684,
    0.12639324367046356,
    0.0793004035949707,
    0.005781474523246288
]