[
    -0.04260031506419182,
    0.036402035504579544,
    -0.06665173172950745,
    -0.07581952214241028,
    -0.021223995834589005,
    0.018833886831998825,
    -0.041778698563575745,
    -0.014416888356208801,
    -0.014568720012903214,
    0.04691678658127785,
    -0.005581700708717108,
    -0.02446741983294487,
    0.03709181770682335,
    -0.024198384955525398,
    0.09447506070137024,
    0.03231010586023331,
    0.0366641990840435,
    -0.00908099114894867,
    -0.05835166573524475,
    0.07119424641132355,
    0.03751217946410179,
    0.05674442648887634,
    -0.042407989501953125,
    -0.020240554586052895,
    -0.09754419326782227,
    -0.01833180896937847,
    -0.02652621641755104,
    -0.053517527878284454,
    0.05298816040158272,
    -0.08500942587852478,
    0.031719934195280075,
    0.08220791816711426,
    0.017557943239808083,
    0.09660589694976807,
    0.011016485281288624,
    -0.04066033288836479,
    0.019333556294441223,
    -0.03783288225531578,
    -0.01831110566854477,
    -0.04204244166612625,
    -0.03330035135149956,
    -0.020247366279363632,
    -0.07028735429048538,
    0.0052355872467160225,
    -0.01517164520919323,
    0.0334559828042984,
    0.0031112919095903635,
    -0.01667029596865177,
    -0.04241728410124779,
    0.009076196700334549,
    -0.1068267822265625,
    -0.02444722317159176,
    -0.011941966600716114,
    0.07722361385822296,
    -0.0366494357585907,
    -0.08186585456132889,
    0.01991547830402851,
    0.0477268286049366,
    -0.055340927094221115,
    -0.03661641106009483,
    0.01087499875575304,
    -0.0004629575414583087,
    -0.02955273725092411,
    0.02825995720922947,
    -0.020176252350211143,
    0.05525827407836914,
    0.012620395049452782,
    0.03394680470228195,
    -0.024089815095067024,
    -0.0058928607031702995,
    -0.05145477131009102,
    0.02186308428645134,
    -0.006357070989906788,
    0.02213841676712036,
    -0.02518419921398163,
    -0.01684512570500374,
    -0.028087830170989037,
    0.04526528716087341,
    0.05082361400127411,
    -0.09351474046707153,
    -0.03014446049928665,
    0.054143089801073074,
    -0.02840864658355713,
    0.03978166729211807,
    -0.09474820643663406,
    -0.054273515939712524,
    -0.018190952017903328,
    -0.025243932381272316,
    -0.01152880396693945,
    0.017622629180550575,
    0.06454271823167801,
    -0.08575247973203659,
    0.09027759730815887,
    -0.028215192258358,
    0.020674780011177063,
    -0.02325001172721386,
    0.039392903447151184,
    -0.06066267192363739,
    0.12786127626895905,
    -0.030011022463440895,
    -0.008087052032351494,
    0.07834897935390472,
    -0.012190363369882107,
    -0.057207781821489334,
    -0.07437139749526978,
    -0.04903573542833328,
    -0.0031803250312805176,
    0.010975086130201817,
    0.015504362992942333,
    0.022319195792078972,
    0.022865289822220802,
    -0.025805452838540077,
    -0.0963539183139801,
    -0.13119390606880188,
    0.062172506004571915,
    -0.013183309696614742,
    -0.07387945055961609,
    0.06895153969526291,
    -0.0010506112594157457,
    -0.04528338089585304,
    -0.05182847008109093,
    0.016375120729207993,
    -0.07071339339017868,
    -0.07890777289867401,
    -0.02633476071059704,
    -0.012862497009336948,
    -0.03845113888382912,
    2.2267975765434065e-32,
    -0.03057267516851425,
    0.007441972382366657,
    -0.12395893782377243,
    0.04731963947415352,
    0.04235051944851875,
    0.0013524573296308517,
    0.022296907380223274,
    0.01542968861758709,
    -0.1309669315814972,
    0.030226603150367737,
    0.017102230340242386,
    0.07511201500892639,
    -0.02822083793580532,
    -0.04636749252676964,
    -0.018941199406981468,
    0.0208694227039814,
    -0.07658758759498596,
    0.09291014820337296,
    0.008943616412580013,
    -0.006322005297988653,
    0.039021141827106476,
    -0.04982972517609596,
    0.06658834218978882,
    0.03235817700624466,
    0.03466327488422394,
    -0.0007799708400852978,
    0.010869515128433704,
    -0.01441994495689869,
    -0.002024923451244831,
    -0.008201698772609234,
    0.048836953938007355,
    0.008737785741686821,
    0.07547250390052795,
    0.022807635366916656,
    0.06931795924901962,
    0.15990710258483887,
    0.010346698574721813,
    -0.08208754658699036,
    0.08804798126220703,
    0.008466348983347416,
    -0.03738657757639885,
    0.012515675276517868,
    0.026200421154499054,
    -0.01955403760075569,
    -0.002516059437766671,
    -0.02760184183716774,
    -0.0007795371348038316,
    0.007455050945281982,
    0.04405805841088295,
    0.05980680137872696,
    0.007160380948334932,
    0.029055608436465263,
    0.061682868748903275,
    -0.083266481757164,
    0.021957004442811012,
    0.026654308661818504,
    -0.06687745451927185,
    0.006442450452595949,
    -0.012510157190263271,
    0.02052326314151287,
    -0.025986989960074425,
    0.0029166864696890116,
    -0.002075507305562496,
    0.06552770733833313,
    -0.05232243984937668,
    -0.010508530773222446,
    -0.00882702600210905,
    -0.04302725940942764,
    0.07582435756921768,
    -0.022969085723161697,
    -0.002120785880833864,
    0.006895302329212427,
    0.0032113096676766872,
    0.01279771700501442,
    0.004729640670120716,
    -0.02383347600698471,
    -0.007810010574758053,
    -0.03281072899699211,
    0.02821313589811325,
    0.020980311557650566,
    -0.09456023573875427,
    -0.011192131787538528,
    0.03605625405907631,
    0.049983881413936615,
    -0.01735156960785389,
    -0.0010281000286340714,
    0.02656448446214199,
    -0.004275900311768055,
    -0.02889910154044628,
    -0.0001245698076672852,
    -0.010240423493087292,
    0.01855756901204586,
    -0.0720323920249939,
    0.04001152515411377,
    0.05350986495614052,
    -2.1493933306568728e-32,
    -0.005034662317484617,
    -0.06978914141654968,
    -0.05507775396108627,
    0.042184289544820786,
    0.04281846433877945,
    0.01980397291481495,
    -0.04907812923192978,
    -0.11158514767885208,
    0.10023193806409836,
    0.022222286090254784,
    -0.005958972033113241,
    -0.06923655420541763,
    -0.010961460880935192,
    -0.057102955877780914,
    -0.0707232877612114,
    -0.04462786391377449,
    -0.0332864448428154,
    -0.017565399408340454,
    -0.007512962911278009,
    0.09729468822479248,
    0.027090083807706833,
    -0.03955059498548508,
    -0.056736212223768234,
    0.09554406255483627,
    0.04928680136799812,
    0.0003761306288652122,
    -0.06451257318258286,
    -0.08673914521932602,
    0.096628338098526,
    0.012913065031170845,
    -0.011234859935939312,
    -0.0854274109005928,
    -0.04784261807799339,
    0.001504976418800652,
    -0.0730084702372551,
    -0.1529974490404129,
    0.13138632476329803,
    -0.047053348273038864,
    -0.02419455535709858,
    -0.02882491797208786,
    0.03731818124651909,
    0.1283360868692398,
    -0.017541592940688133,
    0.022311020642518997,
    -0.036251433193683624,
    -0.04854283854365349,
    -0.008424840867519379,
    0.0238814577460289,
    0.05859591066837311,
    -0.05327128618955612,
    0.0880151242017746,
    -0.016388842836022377,
    0.027746181935071945,
    -0.02540852129459381,
    -0.06231192871928215,
    0.0732748880982399,
    -0.006755288690328598,
    -0.012053974904119968,
    -0.04813770577311516,
    0.04981293901801109,
    0.06639011204242706,
    0.04407154396176338,
    -0.03946051746606827,
    0.02354581281542778,
    0.07826589047908783,
    -0.05599365755915642,
    -0.03284526988863945,
    -0.04176915064454079,
    -0.06183924153447151,
    -0.051482513546943665,
    0.0038766853976994753,
    -0.10747843235731125,
    -0.052572209388017654,
    -0.08543616533279419,
    0.07035486400127411,
    -0.01712954044342041,
    -0.04959199205040932,
    -0.0647621601819992,
    -0.08724097907543182,
    0.050295744091272354,
    0.0598866268992424,
    0.06796280294656754,
    -0.02871861681342125,
    0.0521581694483757,
    0.03039245307445526,
    0.07801568508148193,
    0.02469763718545437,
    -0.011063546873629093,
    -0.00625830190256238,
    0.027305997908115387,
    -0.09020563960075378,
    -0.07879868149757385,
    -0.04041227325797081,
    0.07895638793706894,
    -0.03644977882504463,
    -5.8023619686764505e-08,
    -0.05779172107577324,
    0.02597966231405735,
    -0.02441856637597084,
    0.010937953367829323,
    -0.029836174100637436,
    -0.004752233158797026,
    0.02541884034872055,
    0.029669566079974174,
    -0.06319218873977661,
    -0.07387148588895798,
    0.0553765632212162,
    -0.04868770018219948,
    -0.029883287847042084,
    -0.006068131886422634,
    0.0691160336136818,
    -0.019237741827964783,
    -0.013790491968393326,
    -0.05304046720266342,
    -0.08321959525346756,
    0.06860081106424332,
    0.006319731939584017,
    -0.04578077793121338,
    -0.0555519163608551,
    0.0161619633436203,
    0.0717918649315834,
    0.0012320885434746742,
    0.007352467160671949,
    0.09163796156644821,
    0.03799527883529663,
    0.004586874041706324,
    -0.05154141038656235,
    0.003227373817935586,
    0.005167864263057709,
    -0.04136589169502258,
    -0.016481809318065643,
    -0.019106172025203705,
    0.055854540318250656,
    0.05702093988656998,
    0.009678141213953495,
    0.02268918976187706,
    -0.04525335133075714,
    0.043348368257284164,
    0.023400407284498215,
    0.06453962624073029,
    -0.013091091997921467,
    -0.007609682157635689,
    -0.09708134084939957,
    0.059724111109972,
    0.0020047686994075775,
    -0.07083261758089066,
    -0.00045620009768754244,
    -0.07696132361888885,
    0.05011066049337387,
    0.016661658883094788,
    0.004756326787173748,
    0.09821352362632751,
    0.06872400641441345,
    0.09643620997667313,
    0.021373506635427475,
    -0.04686177149415016,
    0.16224829852581024,
    0.009362778626382351,
    0.051322273910045624,
    -0.0013153796317055821
]