[
    0.010186844505369663,
    0.017100343480706215,
    -0.00738195376470685,
    -0.024417655542492867,
    0.01209205947816372,
    0.0998251810669899,
    -0.020467501133680344,
    0.030050337314605713,
    0.01778838410973549,
    0.05093703418970108,
    0.01683509349822998,
    -0.08778064697980881,
    0.0009134781430475414,
    -0.0612296424806118,
    0.06179717928171158,
    0.019137520343065262,
    0.1088365763425827,
    0.0560809001326561,
    -0.05649271979928017,
    -0.01915167272090912,
    0.026074619963765144,
    -0.018297918140888214,
    -0.012750250287353992,
    -0.019518930464982986,
    -0.03405912220478058,
    -0.07656129449605942,
    -0.0343560129404068,
    -0.03380809351801872,
    0.08395394682884216,
    -0.007966498844325542,
    0.03582467511296272,
    0.08365635573863983,
    0.06057422608137131,
    0.0406135618686676,
    0.011676881462335587,
    -0.05116356164216995,
    0.025001514703035355,
    -0.029556849971413612,
    0.017491688951849937,
    0.05159814655780792,
    -0.026181770488619804,
    -0.0485413558781147,
    -0.040613170713186264,
    -0.02069694735109806,
    -0.012026201002299786,
    0.027754195034503937,
    0.01635134033858776,
    0.04677502065896988,
    -0.0699983537197113,
    0.02010936662554741,
    -0.07951286435127258,
    0.05017586052417755,
    0.01949777454137802,
    0.04853932559490204,
    -0.005693275481462479,
    -0.0884307399392128,
    0.01516707707196474,
    0.012515047565102577,
    0.0006722398684360087,
    -0.024418985471129417,
    0.022556213662028313,
    -0.011164551600813866,
    -0.05781331658363342,
    0.037608083337545395,
    0.007536419201642275,
    0.055767159909009933,
    -0.028165875002741814,
    0.0017132807988673449,
    0.03945745900273323,
    0.007511043921113014,
    -0.07727136462926865,
    0.037007514387369156,
    -0.041864655911922455,
    0.07184158265590668,
    -0.03359750658273697,
    0.005698516499251127,
    -0.06283001601696014,
    0.054259080439805984,
    0.08926265686750412,
    -0.1343516856431961,
    0.0019022757187485695,
    -0.01459914818406105,
    -0.017983820289373398,
    0.06011870503425598,
    0.004795370623469353,
    -0.03621423989534378,
    -0.011130941100418568,
    -0.003573182038962841,
    -0.013524593785405159,
    -0.004188625607639551,
    0.10049281269311905,
    0.007082904689013958,
    0.0720302164554596,
    -0.06063932925462723,
    -0.01712585799396038,
    -0.009007672779262066,
    -0.05116630345582962,
    -0.023436391726136208,
    0.09123492985963821,
    -0.012097315862774849,
    0.02377116121351719,
    0.0058072577230632305,
    -0.05405709519982338,
    -0.03477253019809723,
    -0.04973498731851578,
    -0.06134868413209915,
    -0.017127536237239838,
    -0.04234529659152031,
    0.02316318452358246,
    -0.01174886617809534,
    0.02919665165245533,
    0.019746331498026848,
    -0.08094919472932816,
    -0.045951958745718,
    0.05082133039832115,
    -0.053682971745729446,
    -0.03684432804584503,
    0.08519495278596878,
    -0.07913747429847717,
    -0.040211405605077744,
    -0.04102957621216774,
    0.024561677128076553,
    -0.08473511785268784,
    -0.10081242024898529,
    0.07042606174945831,
    0.009580189362168312,
    -0.0858086496591568,
    1.8745320416447067e-32,
    -0.01021632645279169,
    -0.048521220684051514,
    -0.09192236512899399,
    0.006440856494009495,
    -5.655822315020487e-05,
    -0.038951385766267776,
    -0.01419778447598219,
    -0.015961360186338425,
    -0.005832667928189039,
    0.10492299497127533,
    -0.0025165718980133533,
    0.019581537693738937,
    0.019412944093346596,
    -0.032992780208587646,
    -0.019768867641687393,
    0.07877893000841141,
    -0.09856458753347397,
    0.06884589046239853,
    -0.03951949626207352,
    0.0003283156256657094,
    0.03316584974527359,
    -0.02485971711575985,
    0.057640597224235535,
    0.003951844293624163,
    0.03749356418848038,
    -0.022337976843118668,
    -0.005454654339700937,
    0.01607128605246544,
    0.0015201892238110304,
    0.017701558768749237,
    0.06935039162635803,
    -0.01229962520301342,
    0.04499229043722153,
    -0.013058405369520187,
    0.05407332628965378,
    0.05160428583621979,
    0.0427975207567215,
    -0.043629612773656845,
    0.004685257561504841,
    0.049683570861816406,
    -0.07326794415712357,
    0.006573992781341076,
    0.11647552251815796,
    -0.004084016662091017,
    -0.006919053383171558,
    -0.038327254354953766,
    -0.06249365955591202,
    -0.06136247143149376,
    0.04822549596428871,
    0.013015619479119778,
    0.014538834802806377,
    -0.04386503994464874,
    0.11152465641498566,
    -0.015690190717577934,
    -0.010218817740678787,
    0.025771504268050194,
    -0.1052449643611908,
    0.04133404791355133,
    -0.04298042878508568,
    0.05818794667720795,
    -0.05376303941011429,
    0.02210906520485878,
    -0.06415216624736786,
    0.04748145118355751,
    -0.02118735760450363,
    -0.003396685002371669,
    -0.04003772884607315,
    -0.007863393053412437,
    0.0623311921954155,
    -0.024889785796403885,
    0.049209486693143845,
    0.04926371946930885,
    -0.07416281849145889,
    0.0025163739919662476,
    -0.02190506085753441,
    -0.07929986715316772,
    0.05618211254477501,
    0.04784705489873886,
    0.024005437269806862,
    -0.021347252652049065,
    -0.034596722573041916,
    -0.06554757803678513,
    0.007717181462794542,
    -0.006757014896720648,
    0.01552068255841732,
    0.0046356539241969585,
    0.07403986901044846,
    -0.02446974255144596,
    0.025196021422743797,
    -0.033964548259973526,
    0.03434494882822037,
    -0.05205538496375084,
    -0.08240330964326859,
    0.032595112919807434,
    0.052640724927186966,
    -1.8149644531639627e-32,
    -0.032259177416563034,
    -0.013414560817182064,
    -0.013269185088574886,
    0.029375139623880386,
    -0.017299262806773186,
    0.05425604060292244,
    -0.011165941134095192,
    -0.14855238795280457,
    0.0889468565583229,
    -0.06637124717235565,
    -0.05113442242145538,
    -0.07330013811588287,
    0.06348012387752533,
    -0.03392120823264122,
    -0.04755286127328873,
    -0.03611272946000099,
    -0.05540768429636955,
    -0.027239574119448662,
    -0.02077122963964939,
    0.03150171414017677,
    0.053816091269254684,
    -0.022876132279634476,
    0.057348836213350296,
    -0.0033307166304439306,
    -0.036233607679605484,
    -0.03728194534778595,
    -0.04480169340968132,
    -0.03612738102674484,
    0.10531555116176605,
    -0.00317708239890635,
    -0.02158338390290737,
    -0.072826087474823,
    -0.062211718410253525,
    0.03401748836040497,
    -0.10426104068756104,
    -0.1002131924033165,
    0.17490753531455994,
    -0.02672414854168892,
    -0.03303017094731331,
    -0.05042977258563042,
    0.03629658743739128,
    0.07720090448856354,
    -0.009587318636476994,
    -0.056306883692741394,
    -0.0519060380756855,
    -0.02261827327311039,
    0.03128908574581146,
    0.0067324331030249596,
    0.060613296926021576,
    -0.06908184289932251,
    0.04642995446920395,
    -0.016310865059494972,
    -0.025657400488853455,
    0.11898911744356155,
    -0.03711649030447006,
    0.014795663766562939,
    -0.002359643578529358,
    -0.03654191642999649,
    -0.04330194368958473,
    0.04085184261202812,
    0.01786041259765625,
    0.1142735406756401,
    -0.0658969059586525,
    0.025414399802684784,
    0.0920352190732956,
    -0.05363517254590988,
    -0.05891404300928116,
    -0.0352485366165638,
    0.011146817356348038,
    -0.06811808794736862,
    -0.04396870359778404,
    -0.09044914692640305,
    -0.03204617276787758,
    -0.06095173582434654,
    0.0336788073182106,
    0.04667455703020096,
    -0.03784452751278877,
    -0.053274039179086685,
    -0.07009787857532501,
    0.08327705413103104,
    0.04881386086344719,
    -0.021626200526952744,
    -0.016196848824620247,
    0.03171837329864502,
    -0.02518572472035885,
    0.06441376358270645,
    0.03907778114080429,
    -0.033883411437273026,
    0.054193295538425446,
    0.06811646372079849,
    -0.0705869123339653,
    -0.03174758329987526,
    0.026463491842150688,
    0.03832980990409851,
    -0.03630512207746506,
    -5.5054503178553205e-08,
    0.004728908184915781,
    0.04608425125479698,
    0.05121886357665062,
    0.014339416287839413,
    -0.027940813452005386,
    0.02021004445850849,
    -0.04786625877022743,
    0.0019892118871212006,
    -0.08549343794584274,
    -0.15473230183124542,
    0.01907247304916382,
    0.03541318327188492,
    -0.05481990799307823,
    -0.07350663095712662,
    0.018163200467824936,
    -0.0608893446624279,
    -0.03241555392742157,
    0.03648330271244049,
    -0.05658381059765816,
    0.04673957824707031,
    -0.02330590970814228,
    -0.040865201503038406,
    -0.048727016896009445,
    0.008401025086641312,
    0.041843097656965256,
    0.04042508080601692,
    0.018255600705742836,
    0.05964638665318489,
    0.05499045178294182,
    0.03159121796488762,
    -0.037531089037656784,
    0.016046104952692986,
    0.011798891238868237,
    -0.09666389226913452,
    0.031010545790195465,
    -0.02188958413898945,
    -0.00020588404731824994,
    0.04305898770689964,
    0.06474035233259201,
    -0.0458085872232914,
    -0.0232562106102705,
    0.026966560631990433,
    0.005297674797475338,
    0.07621701061725616,
    0.053712788969278336,
    -0.017396913841366768,
    -0.09485650807619095,
    0.005445790011435747,
    0.08583904802799225,
    -0.08816450089216232,
    0.037491653114557266,
    -0.1367899775505066,
    0.008588498458266258,
    -0.011878910474479198,
    0.022208835929632187,
    0.07269304245710373,
    0.05289163440465927,
    0.03179721161723137,
    -0.030724788084626198,
    -0.06304654479026794,
    0.13722901046276093,
    0.07632159441709518,
    0.038105834275484085,
    -0.026084182783961296
]