[
    0.02080436609685421,
    0.052943918853998184,
    0.008282767608761787,
    -0.03751092776656151,
    -0.0041961162351071835,
    0.07253044098615646,
    -0.0538797602057457,
    0.003829752095043659,
    0.012876306660473347,
    0.013646661303937435,
    0.10281264036893845,
    -0.02376096136868,
    0.046263813972473145,
    -0.013175182044506073,
    0.05644639581441879,
    0.01716933213174343,
    0.04047207534313202,
    0.04274294525384903,
    -0.10636945813894272,
    0.0800824835896492,
    0.03335867077112198,
    0.05534500256180763,
    -0.05327431485056877,
    0.013818136416375637,
    -0.1760682463645935,
    -0.03395139425992966,
    -0.05485944077372551,
    -0.07873083651065826,
    0.020068340003490448,
    -0.05331748351454735,
    0.01876673847436905,
    0.03741491958498955,
    0.031071485951542854,
    0.07984045892953873,
    -0.03315271437168121,
    -0.029439115896821022,
    0.040181927382946014,
    -0.017844045534729958,
    -0.0033034514635801315,
    -0.027823900803923607,
    -0.06345658004283905,
    -0.03326937183737755,
    -0.052997563034296036,
    0.024160118773579597,
    -0.029737291857600212,
    -0.03167031332850456,
    -0.021079234778881073,
    -0.010119161568582058,
    -0.054423049092292786,
    -0.07601829618215561,
    -0.10219470411539078,
    -0.04543439671397209,
    -0.02080491930246353,
    0.09429043531417847,
    -0.057765230536460876,
    -0.09322410076856613,
    -7.247082976391539e-05,
    0.04150962084531784,
    -0.01584205962717533,
    -0.01562950387597084,
    0.03832989186048508,
    0.011712862178683281,
    -0.029478708282113075,
    0.0211366917937994,
    -0.007598809897899628,
    0.05976809188723564,
    -0.015024174004793167,
    -0.06885186582803726,
    0.054891545325517654,
    0.08148684352636337,
    -0.04679684713482857,
    -0.020787551999092102,
    -0.01250889990478754,
    0.05697580426931381,
    -0.006945131812244654,
    0.011397325433790684,
    -0.028613775968551636,
    0.05535894259810448,
    0.06926623731851578,
    -0.12461921572685242,
    -0.02193342335522175,
    0.015738343819975853,
    -0.01198538951575756,
    0.048981815576553345,
    -0.043847449123859406,
    -0.01638178899884224,
    -0.025305939838290215,
    -0.036830805242061615,
    0.042462337762117386,
    -0.0027693642769008875,
    0.04897794499993324,
    -0.051992010325193405,
    0.11834760010242462,
    -0.06781011819839478,
    0.07964574545621872,
    -0.059608057141304016,
    -0.03767302632331848,
    -0.10794790089130402,
    -0.012205883860588074,
    -0.019196944311261177,
    0.03283536434173584,
    0.006973505951464176,
    -0.07220853865146637,
    -0.058902956545352936,
    0.03737790510058403,
    -0.04080355912446976,
    0.004032663069665432,
    -0.052698422223329544,
    0.013579519465565681,
    0.048849884420633316,
    0.02819891832768917,
    -0.006134515628218651,
    -0.015680182725191116,
    -0.13118404150009155,
    0.07901522517204285,
    0.007416961248964071,
    0.00450898939743638,
    0.10042552649974823,
    0.035668667405843735,
    -0.020845266059041023,
    0.01140362024307251,
    -0.013640346936881542,
    0.0027319411747157574,
    -0.06809373199939728,
    0.013724646531045437,
    -0.017187461256980896,
    -0.11510315537452698,
    2.3081119574511567e-32,
    0.02093646489083767,
    0.010226179845631123,
    -0.14208143949508667,
    -0.014767659828066826,
    0.041195694357156754,
    -0.05138924717903137,
    -0.00500597944483161,
    -0.007107012905180454,
    -0.038547907024621964,
    0.06821092218160629,
    -0.012165503576397896,
    0.012616953812539577,
    0.00777552742511034,
    -0.009736493229866028,
    -0.030543001368641853,
    0.010697554796934128,
    0.012463469989597797,
    0.10713914036750793,
    -0.022627022117376328,
    0.04311063513159752,
    0.006140005309134722,
    -0.047290511429309845,
    0.03645213693380356,
    -0.011412599124014378,
    -0.009030104614794254,
    -0.035520587116479874,
    -0.007021952886134386,
    0.02609753981232643,
    0.0007436323794536293,
    0.002153836889192462,
    0.03129469230771065,
    0.026755977421998978,
    0.07119312137365341,
    0.0027476546820253134,
    0.06276483088731766,
    0.10409225523471832,
    0.016492774710059166,
    -0.0537961944937706,
    0.04785943776369095,
    -0.04990885406732559,
    -0.12200724333524704,
    0.04175738990306854,
    0.011265285313129425,
    0.02798820473253727,
    0.0664416253566742,
    -0.01449134387075901,
    -0.00901325885206461,
    -0.057232894003391266,
    0.016089627519249916,
    0.03029268980026245,
    -0.017722290009260178,
    -0.008068868890404701,
    0.10433507710695267,
    -0.010991644114255905,
    -0.0712791457772255,
    -0.01071195863187313,
    -0.06885717809200287,
    0.014662310481071472,
    -0.015858270227909088,
    0.044169843196868896,
    -0.022718889638781548,
    0.004118329845368862,
    -0.05424343794584274,
    0.008630932308733463,
    -0.0032709441147744656,
    -0.13882464170455933,
    0.003269544104114175,
    -0.04051293805241585,
    -0.026844365522265434,
    -0.013005747459828854,
    -0.021796131506562233,
    0.07611080259084702,
    -0.0014489081222563982,
    0.02093631774187088,
    -0.04624079167842865,
    -0.0647687017917633,
    0.04180916026234627,
    -0.032584935426712036,
    0.050492919981479645,
    -0.016316305845975876,
    -0.06787000596523285,
    -0.002093931892886758,
    0.04646575450897217,
    0.025507036596536636,
    -0.047742411494255066,
    0.01785195991396904,
    0.06837905198335648,
    0.02756103128194809,
    -0.08336783945560455,
    -0.009682437404990196,
    -0.00555857690051198,
    -0.0007479040650650859,
    0.01020054705440998,
    0.03632723167538643,
    0.016791773959994316,
    -2.3050112972272752e-32,
    -0.04105763137340546,
    -0.03540341928601265,
    -0.06481820344924927,
    0.03706395998597145,
    0.024136653169989586,
    0.037354834377765656,
    -0.04296570643782616,
    -0.09927283972501755,
    0.05460980907082558,
    -0.017402859404683113,
    -0.035860344767570496,
    -0.03546394780278206,
    0.01026998832821846,
    -0.026150058954954147,
    -0.06678752601146698,
    -0.05734757333993912,
    -0.02847844362258911,
    -0.05807461217045784,
    -0.04654446989297867,
    0.0502958744764328,
    0.05610682815313339,
    0.04773206263780594,
    -0.07374986261129379,
    0.10272678732872009,
    -0.0455489382147789,
    0.01629623956978321,
    -0.02508917823433876,
    -0.009655165486037731,
    0.03142799437046051,
    -0.0043479930609464645,
    -0.00393674336373806,
    -0.029559465125203133,
    -0.004266087897121906,
    0.05080258101224899,
    -0.09021081030368805,
    -0.10340449213981628,
    0.10492470115423203,
    -0.06154874339699745,
    -0.053473278880119324,
    -0.053844086825847626,
    0.02708030864596367,
    0.097274050116539,
    0.0030044857412576675,
    -0.030440110713243484,
    0.013692932203412056,
    -0.03766836225986481,
    0.047006066888570786,
    -0.004344114102423191,
    0.024805909022688866,
    -0.0028124251402914524,
    0.010011043399572372,
    -0.04926176369190216,
    0.0018253647722303867,
    0.0544174425303936,
    -0.03257579356431961,
    0.0615864172577858,
    0.04554227739572525,
    -0.02384071797132492,
    -0.05593712627887726,
    0.01962316408753395,
    0.00037123943911865354,
    0.036345258355140686,
    -0.01414666511118412,
    0.021915297955274582,
    0.050420232117176056,
    -0.036550309509038925,
    -0.03557979688048363,
    0.005379192065447569,
    0.005255615804344416,
    -0.09248720854520798,
    -0.03913780674338341,
    -0.03825472667813301,
    -0.04385191574692726,
    -0.0792899951338768,
    0.04302754998207092,
    -0.07353784143924713,
    -0.00869714468717575,
    -0.06588660180568695,
    -0.09655816107988358,
    0.04648634418845177,
    0.11513461917638779,
    -0.012412521056830883,
    -0.03280513733625412,
    0.026879919692873955,
    -0.0455966480076313,
    0.0700906366109848,
    0.07504037767648697,
    -0.012496823444962502,
    0.028765983879566193,
    0.09706515073776245,
    -0.1092434674501419,
    -0.024667363613843918,
    -0.037058185786008835,
    0.024330563843250275,
    -0.05789012089371681,
    -6.827414722465619e-08,
    0.0007322950405068696,
    0.04005606099963188,
    -0.022424688562750816,
    -0.019173799082636833,
    -0.007891518995165825,
    0.014273564331233501,
    -0.030854636803269386,
    0.02912725880742073,
    -0.08510072529315948,
    -0.09103213250637054,
    0.021369267255067825,
    0.026160579174757004,
    -0.04505164548754692,
    -0.031647562980651855,
    0.04977721720933914,
    -0.061565667390823364,
    -0.060855668038129807,
    -0.006763125769793987,
    -0.1002330332994461,
    0.05000419542193413,
    -0.047644827514886856,
    -0.011731641367077827,
    -0.08183862268924713,
    -0.01297461986541748,
    0.06207133084535599,
    0.005348995327949524,
    -0.01735086552798748,
    0.1060386449098587,
    0.007215470541268587,
    0.045205678790807724,
    -0.007290440611541271,
    -0.00311811501160264,
    0.011081798002123833,
    -0.04053432121872902,
    -0.07290112227201462,
    0.004530602600425482,
    -0.03136970475316048,
    0.016359327360987663,
    0.04681672900915146,
    -0.0010385994100943208,
    0.012764599174261093,
    0.03176799789071083,
    0.09171530604362488,
    0.10788445174694061,
    0.010186108760535717,
    -0.0637289360165596,
    -0.09012839198112488,
    0.015043762512505054,
    0.06145778298377991,
    -0.10810549557209015,
    -0.0023902845568954945,
    -0.007403520867228508,
    -0.0008054215577431023,
    0.07763241231441498,
    0.01442626677453518,
    0.05569269508123398,
    0.06391660869121552,
    0.04777742177248001,
    -0.05153679475188255,
    -0.000706349965184927,
    0.17181654274463654,
    0.0463436059653759,
    0.09300373494625092,
    -0.02400367148220539
]