[
    -0.0189579576253891,
    -0.003827169071882963,
    -0.0030378925148397684,
    -0.0343182235956192,
    -0.00737586198374629,
    0.0546434186398983,
    -0.05934624373912811,
    -0.06655684113502502,
    -0.07777902483940125,
    0.03266938775777817,
    -0.019278621301054955,
    -0.03243773803114891,
    0.02355860359966755,
    -0.014487035572528839,
    0.08492285758256912,
    0.03667094558477402,
    0.039403751492500305,
    0.03437671437859535,
    -0.08597573637962341,
    0.062294527888298035,
    0.12671473622322083,
    0.01297804992645979,
    -0.14671365916728973,
    0.005332556553184986,
    -0.0823422372341156,
    0.007136441767215729,
    -0.017635038122534752,
    -0.032389141619205475,
    0.07453462481498718,
    -0.059735435992479324,
    -0.04615841060876846,
    0.0012349742464721203,
    0.02858075499534607,
    0.04497670382261276,
    0.03381090238690376,
    -0.027033988386392593,
    0.02643989771604538,
    -0.035015348345041275,
    0.04022900015115738,
    -0.02071879617869854,
    -0.0692976862192154,
    -0.01862514019012451,
    -0.029884550720453262,
    -0.02697482705116272,
    -0.056949373334646225,
    0.029124919325113297,
    0.0061900741420686245,
    -0.04566332697868347,
    -0.04629182815551758,
    -0.03078225813806057,
    -0.05312564969062805,
    0.009549842216074467,
    -0.021059459075331688,
    0.08283310383558273,
    0.01231990847736597,
    -0.053235895931720734,
    -0.011592173017561436,
    0.02412089705467224,
    -0.05838240683078766,
    -0.022740161046385765,
    0.00019270548364147544,
    -0.02507922425866127,
    -0.07259668409824371,
    0.01955220103263855,
    0.01576698012650013,
    0.045188624411821365,
    -0.072628915309906,
    -0.04172886908054352,
    -0.0019507742254063487,
    -0.019119523465633392,
    -0.043083880096673965,
    0.0385221391916275,
    -0.06924775242805481,
    0.04129200056195259,
    0.015873780474066734,
    -0.0106922946870327,
    -0.008660770952701569,
    0.06148616969585419,
    0.04562641680240631,
    -0.11692094802856445,
    -0.06202160567045212,
    0.031132854521274567,
    0.00678173266351223,
    0.021454988047480583,
    -0.015358490869402885,
    -0.0008901606779545546,
    -0.022449880838394165,
    -0.008484686724841595,
    0.04295946657657623,
    0.0024715522304177284,
    0.023438917472958565,
    -0.10816823691129684,
    0.1289587914943695,
    -0.027998842298984528,
    0.029625987634062767,
    0.04264971241354942,
    0.052623700350522995,
    -0.06351042538881302,
    0.05533112958073616,
    -0.00501190684735775,
    0.03341415151953697,
    -0.03435341641306877,
    -0.05016520991921425,
    -0.0026307455264031887,
    0.004319243133068085,
    -0.03912800922989845,
    -0.01115743163973093,
    -0.038819022476673126,
    -0.012417398393154144,
    0.0517008900642395,
    0.0646410584449768,
    0.008177539333701134,
    -0.038490936160087585,
    -0.06186963617801666,
    0.04276129975914955,
    0.0024750633165240288,
    0.029700322076678276,
    0.07512857019901276,
    0.01485208235681057,
    -0.07618056237697601,
    -0.0566270686686039,
    -0.006435186602175236,
    -0.04913901910185814,
    -0.06680844724178314,
    0.03907349705696106,
    -0.07173693925142288,
    -0.06916528195142746,
    2.1346880432648798e-32,
    -0.01291810441762209,
    -0.06142209470272064,
    -0.07123973965644836,
    0.022571416571736336,
    0.030435314401984215,
    -0.0008420756203122437,
    0.03884556517004967,
    -0.037137556821107864,
    -0.05058310925960541,
    0.03957284614443779,
    0.012621907517313957,
    0.059265680611133575,
    0.005635695997625589,
    -0.007813393138349056,
    -0.04162655398249626,
    -0.037102412432432175,
    0.013904985040426254,
    0.028610369190573692,
    0.052279796451330185,
    0.03968733549118042,
    0.055727165192365646,
    0.013756983913481236,
    -0.01810917630791664,
    0.03136091306805611,
    0.0008007230353541672,
    -0.0026592446956783533,
    -0.0107816681265831,
    -0.029127510264515877,
    -0.042398009449243546,
    0.029898252338171005,
    0.028888246044516563,
    -0.0037683341652154922,
    0.05665532872080803,
    0.010249265469610691,
    0.009251905605196953,
    0.11266158521175385,
    0.06195683404803276,
    -0.049336399883031845,
    0.030118750408291817,
    -0.1411251574754715,
    -0.06688547879457474,
    0.020472452044487,
    0.0018727038986980915,
    0.03248441964387894,
    0.04540625587105751,
    -0.08497177064418793,
    -0.007645940408110619,
    0.016178876161575317,
    0.07403188943862915,
    0.08184238523244858,
    -0.02161640115082264,
    0.010207688435912132,
    0.07300257682800293,
    -0.08140642940998077,
    0.0010220699477940798,
    -0.03940693289041519,
    -0.07196510583162308,
    0.06319507956504822,
    -0.061824437230825424,
    0.07372816652059555,
    -0.053416658192873,
    0.04867488145828247,
    -0.018657095730304718,
    0.05636177957057953,
    0.011349243111908436,
    -0.063222236931324,
    -0.029333850368857384,
    -0.03618315979838371,
    0.059052471071481705,
    -0.024009479209780693,
    -0.05500945448875427,
    0.012799656949937344,
    -0.023894088342785835,
    0.031097376719117165,
    -0.01770644448697567,
    0.002215384738519788,
    0.045328717678785324,
    -0.04669364169239998,
    0.054227814078330994,
    -0.0454048253595829,
    -0.1168879047036171,
    0.0019134595058858395,
    -0.0038485953118652105,
    0.029017137363553047,
    0.004458775743842125,
    -0.0049053882248699665,
    0.021713532507419586,
    -0.04447899013757706,
    0.030892465263605118,
    -0.0039458442479372025,
    0.013837688602507114,
    -0.004312598612159491,
    0.03736291453242302,
    0.06235804036259651,
    0.029043320566415787,
    -2.0662435622571075e-32,
    0.04710787534713745,
    -0.08045434951782227,
    -0.048386458307504654,
    0.02540891058743,
    0.027777671813964844,
    0.02330646477639675,
    -0.029043860733509064,
    -0.1310829222202301,
    0.054416511207818985,
    -0.022724753245711327,
    0.0033361688256263733,
    -0.03471224382519722,
    0.004560003988444805,
    0.04318132624030113,
    -0.045343972742557526,
    -0.05458807572722435,
    -0.09432757645845413,
    0.017979633063077927,
    0.03446925804018974,
    0.09807822108268738,
    -0.024761388078331947,
    0.02332308329641819,
    -0.03599175438284874,
    0.09805037081241608,
    -0.010935419239103794,
    -0.004437952768057585,
    -0.10565200448036194,
    -0.04204583913087845,
    0.04440741240978241,
    -0.002568526193499565,
    -0.02048761025071144,
    -0.08975587040185928,
    -0.05288606882095337,
    0.060697633773088455,
    -0.10867651551961899,
    -0.18284972012043,
    0.04381581395864487,
    -0.035389047116041183,
    -0.02744310162961483,
    -0.026995843276381493,
    0.028494682163000107,
    0.037314195185899734,
    0.05244925245642662,
    0.021256592124700546,
    -0.026282068341970444,
    -0.02051560953259468,
    0.033129941672086716,
    -0.021577099338173866,
    -0.029761750251054764,
    -0.033869050443172455,
    -0.004925554618239403,
    -0.019293660297989845,
    -0.019193651154637337,
    0.016711553558707237,
    0.0034036715514957905,
    0.02267257682979107,
    0.06481357663869858,
    0.026619385927915573,
    -0.036654677242040634,
    0.07367024570703506,
    0.09183333814144135,
    0.06725365668535233,
    0.0013913525035604835,
    0.05074673518538475,
    0.08906090259552002,
    -0.04203633591532707,
    -0.07711608707904816,
    -0.02948116883635521,
    0.02531592920422554,
    -0.01909683272242546,
    -0.020527685061097145,
    -0.0827520415186882,
    -0.07815810292959213,
    -0.031677719205617905,
    0.08155908435583115,
    -0.03425486013293266,
    0.031082283705472946,
    -0.03509538248181343,
    -0.054803572595119476,
    0.01564856804907322,
    0.012966783717274666,
    0.09563960134983063,
    -0.10435160994529724,
    0.06036192923784256,
    -0.02106120064854622,
    0.13628390431404114,
    0.03955203667283058,
    -0.023670563474297523,
    0.08701737225055695,
    0.1032465323805809,
    -0.07019471377134323,
    0.018449006602168083,
    0.02875502035021782,
    0.0004527626442722976,
    -0.059506092220544815,
    -5.629178900790066e-08,
    -0.015646323561668396,
    0.0895664244890213,
    -0.06247951090335846,
    -0.000839371990878135,
    -0.04443839564919472,
    -0.010846931487321854,
    0.042003266513347626,
    -0.10239922255277634,
    -0.05819565802812576,
    -0.11602945625782013,
    0.03839724883437157,
    0.04476707801222801,
    -0.005574196111410856,
    -0.026104576885700226,
    0.02771148644387722,
    -0.058946311473846436,
    -0.01896313950419426,
    -0.028736243024468422,
    -0.07660629600286484,
    0.03800758719444275,
    -0.01937924511730671,
    -0.07128408551216125,
    -0.054835349321365356,
    0.059758707880973816,
    0.041624605655670166,
    0.008350156247615814,
    0.016794731840491295,
    0.08400788903236389,
    0.05321533605456352,
    0.10214295238256454,
    -0.019125912338495255,
    0.06187834590673447,
    -0.019012700766324997,
    -0.041722506284713745,
    0.003552252659574151,
    -0.02478320151567459,
    -0.03505987673997879,
    0.013509741052985191,
    0.03303801640868187,
    -0.011057301424443722,
    0.0033858094830065966,
    0.05525587499141693,
    0.01285043079406023,
    0.037573810666799545,
    0.025400569662451744,
    -0.008101094514131546,
    -0.032078344374895096,
    -0.011173911392688751,
    0.06268996000289917,
    -0.07626430690288544,
    -0.10027390718460083,
    -0.06014415994286537,
    0.018308840692043304,
    0.015058106742799282,
    -0.022734995931386948,
    0.08403651416301727,
    -0.0003651635197456926,
    0.06132702901959419,
    -0.016305631026625633,
    -0.09062115103006363,
    0.1672978550195694,
    0.06959286332130432,
    0.0668124109506607,
    0.0029696361161768436
]