[
    -0.04101237654685974,
    0.0196552574634552,
    -0.074388287961483,
    -0.1033095046877861,
    -0.06681091338396072,
    0.0718233659863472,
    -0.08500665426254272,
    0.01982940174639225,
    -0.025519194081425667,
    -0.0026684748008847237,
    0.04497496038675308,
    -0.03385211154818535,
    0.027482224628329277,
    -0.006936208810657263,
    0.07002416253089905,
    0.02610822767019272,
    0.031092915683984756,
    0.0448150672018528,
    -0.14025205373764038,
    0.053716834634542465,
    0.01876242831349373,
    -0.00219207676127553,
    0.0010664439760148525,
    0.007364803459495306,
    -0.039252933114767075,
    -0.0034087072126567364,
    0.018155185505747795,
    -0.04989229515194893,
    0.07267826050519943,
    -0.0020827879197895527,
    0.02166687324643135,
    0.07651915401220322,
    0.00040346363675780594,
    0.09110819548368454,
    -0.02893747016787529,
    -0.052335936576128006,
    -0.03930308669805527,
    0.06466726213693619,
    0.018159477040171623,
    0.006245387718081474,
    -0.02263246849179268,
    0.011732370592653751,
    0.019459664821624756,
    -0.0096115842461586,
    0.030193721875548363,
    0.01635727286338806,
    -0.05135642737150192,
    -0.01601673848927021,
    -0.013218830339610577,
    0.0043688868172466755,
    -0.09437299519777298,
    -0.0485023558139801,
    -0.0032652653753757477,
    0.10503026843070984,
    0.00011549697956070304,
    0.0279207993298769,
    -0.02605840563774109,
    0.022131027653813362,
    -0.09818199276924133,
    0.028097689151763916,
    0.019459033384919167,
    0.06983859091997147,
    -0.032475680112838745,
    -0.02658788114786148,
    -0.08856838196516037,
    0.01828770898282528,
    0.006650489289313555,
    -0.009840909391641617,
    0.030668292194604874,
    0.004546399228274822,
    0.002707686275243759,
    0.06380671262741089,
    -0.03246992081403732,
    0.10452324151992798,
    -0.05579152703285217,
    0.037153854966163635,
    0.014095978811383247,
    0.04790658503770828,
    -0.008294916711747646,
    -0.1628062129020691,
    -0.09175367653369904,
    0.007113322615623474,
    -0.0063584488816559315,
    -0.04762233421206474,
    -0.04097706079483032,
    -0.04356619715690613,
    -0.034397274255752563,
    -0.020613353699445724,
    -0.0320264995098114,
    0.0325632244348526,
    -0.004794041160494089,
    -0.08119414001703262,
    0.1596672087907791,
    -0.07055699080228806,
    0.06583819538354874,
    0.017715048044919968,
    0.0373007208108902,
    -0.06604713946580887,
    -0.009694908745586872,
    -0.009674154222011566,
    -0.03980623558163643,
    -0.028388695791363716,
    0.006178140174597502,
    0.05739760771393776,
    -0.07557477802038193,
    -0.03178585320711136,
    -0.0304107666015625,
    -0.005385116208344698,
    0.011897082440555096,
    -0.03479443117976189,
    0.0024297290947288275,
    -0.046713266521692276,
    -0.011480757035315037,
    -0.050850026309490204,
    -0.004165285266935825,
    -0.019166240468621254,
    0.06226038187742233,
    0.050088781863451004,
    0.07130154967308044,
    -0.0774097666144371,
    -0.07239872217178345,
    0.02237769588828087,
    -0.07467346638441086,
    -0.030071774497628212,
    0.008567835204303265,
    -0.018127650022506714,
    -0.08068288117647171,
    2.1114344140169133e-32,
    -0.072921983897686,
    -0.011408540420234203,
    -0.08379608392715454,
    0.07118812948465347,
    -0.041268520057201385,
    -0.037657078355550766,
    -0.003922274336218834,
    0.01611836813390255,
    -0.09886591881513596,
    0.06075752526521683,
    0.03482009470462799,
    0.037099506705999374,
    -0.03490117937326431,
    0.00426523620262742,
    -0.09137001633644104,
    0.014386797323822975,
    -0.05812578275799751,
    0.061194371432065964,
    -0.020561933517456055,
    0.08474785834550858,
    0.006284052040427923,
    0.03868911415338516,
    -0.0003235873009543866,
    0.018689509481191635,
    -0.06322960555553436,
    -0.03777569159865379,
    0.02128049172461033,
    -0.009702338837087154,
    -0.023897061124444008,
    0.01856943778693676,
    0.04961397126317024,
    0.007917412556707859,
    0.04329533502459526,
    -0.09931012988090515,
    -0.028652768582105637,
    0.08239591866731644,
    0.07631800323724747,
    -0.04462020844221115,
    0.07548623532056808,
    -0.06533601135015488,
    -0.11046663671731949,
    -0.03661056235432625,
    0.023980017751455307,
    0.001972244819626212,
    0.04715826362371445,
    -0.008924170397222042,
    0.013169920071959496,
    -0.026984792202711105,
    0.00944676622748375,
    0.023682648316025734,
    -0.0031744034495204687,
    -0.06816723942756653,
    0.0422590970993042,
    -0.009723835624754429,
    -0.03279727324843407,
    0.012183815240859985,
    -0.08782394975423813,
    0.10266752541065216,
    -0.0890217125415802,
    0.06926032155752182,
    0.0012991678668186069,
    -0.029725510627031326,
    -0.015759451314806938,
    0.01564360409975052,
    -0.027843037620186806,
    -0.04232857748866081,
    -0.018373824656009674,
    -0.006129332818090916,
    0.048056140542030334,
    0.02271035686135292,
    -0.01745130680501461,
    0.03563915193080902,
    -0.03459717333316803,
    0.035740964114665985,
    0.034405969083309174,
    0.03147340938448906,
    0.04437311366200447,
    0.006531889084726572,
    0.0326291024684906,
    -0.023388255387544632,
    -0.08953577280044556,
    0.10326898843050003,
    0.07275307923555374,
    0.013288271613419056,
    -0.018616359680891037,
    -0.03607083857059479,
    0.02200331911444664,
    0.00027393264463171363,
    -0.006351667921990156,
    -0.008757381699979305,
    0.037741415202617645,
    -0.0002841746318154037,
    0.06280826032161713,
    0.030726857483386993,
    0.06359150260686874,
    -1.9843458422777617e-32,
    -0.04167615994811058,
    -0.08005716651678085,
    -0.02852771431207657,
    -0.02835242636501789,
    0.03325843811035156,
    -0.045122988522052765,
    -0.033385876566171646,
    -0.08866846561431885,
    0.03296787291765213,
    -0.004117567557841539,
    0.03826633468270302,
    -0.06985708326101303,
    0.0364014096558094,
    0.0023323697969317436,
    -0.06376831233501434,
    -0.06000669300556183,
    -0.08915290236473083,
    -0.026383979246020317,
    0.09886433929204941,
    0.09101669490337372,
    0.030654123052954674,
    0.03694622963666916,
    -0.027100808918476105,
    0.0735568180680275,
    0.04567878320813179,
    0.003351932391524315,
    -0.07414181530475616,
    0.04883379116654396,
    0.03569883480668068,
    -0.011020204983651638,
    -0.030723514035344124,
    -0.07273361831903458,
    -0.012454411946237087,
    -0.05910281836986542,
    -0.018167447298765182,
    -0.1521177887916565,
    0.049001868814229965,
    -0.05544334650039673,
    -0.035008519887924194,
    -0.10228735953569412,
    0.0038354890421032906,
    0.06072378158569336,
    -0.002778124762699008,
    0.00893882941454649,
    -0.007914122194051743,
    -0.04436015337705612,
    0.0382084883749485,
    0.010321873240172863,
    0.08878099173307419,
    -0.03706922009587288,
    0.02504831738770008,
    0.009494414553046227,
    0.05526265874505043,
    0.043988097459077835,
    0.039438437670469284,
    -0.022411493584513664,
    0.04895278438925743,
    0.017515460029244423,
    -0.07633884251117706,
    0.02318970300257206,
    0.0434366837143898,
    0.05670655891299248,
    -0.04327278584241867,
    0.10195277631282806,
    0.03872615098953247,
    -0.03693366050720215,
    -0.10320646315813065,
    -0.012525420635938644,
    -0.024712996557354927,
    -0.0035033393651247025,
    -0.05014713108539581,
    -0.13825011253356934,
    -0.039001479744911194,
    -0.04637979343533516,
    0.06679543107748032,
    -0.007248211652040482,
    0.01761900633573532,
    -0.04097777605056763,
    -0.02247338555753231,
    0.00409450801089406,
    0.00025390853988938034,
    -0.02200649306178093,
    -0.03356178477406502,
    0.038203418254852295,
    -0.010682107880711555,
    -0.017725251615047455,
    0.002505730139091611,
    0.04901118203997612,
    0.11980494111776352,
    0.04523715749382973,
    -0.03021543100476265,
    -0.028641123324632645,
    0.02573579177260399,
    -0.04184048995375633,
    -0.022008441388607025,
    -5.6875286702506855e-08,
    0.02977847121655941,
    0.050291649997234344,
    -0.02602662891149521,
    -0.06082509458065033,
    -0.09655129164457321,
    0.03473701700568199,
    -0.056663546711206436,
    0.018964672461152077,
    -0.11761067807674408,
    -0.0350707545876503,
    -0.0350852906703949,
    0.07187164574861526,
    -0.029214762151241302,
    -0.05382489413022995,
    0.02488389052450657,
    -0.08117883652448654,
    0.0245631393045187,
    -0.017744766548275948,
    0.0062532792799174786,
    0.06551918387413025,
    -0.01801007054746151,
    -0.032048553228378296,
    -0.007679824251681566,
    0.09483107179403305,
    -0.01984797976911068,
    0.011912072077393532,
    0.021800363436341286,
    0.014896964654326439,
    0.04755983501672745,
    0.013110685162246227,
    -0.020412463694810867,
    0.010908701457083225,
    -0.018542958423495293,
    -0.040473971515893936,
    0.022945726290345192,
    -0.007641291245818138,
    -0.039897240698337555,
    0.07832021266222,
    0.03932051733136177,
    0.0440528579056263,
    0.05410224571824074,
    -0.01930765062570572,
    -0.04005583003163338,
    0.03212140500545502,
    0.021337125450372696,
    -0.01399257779121399,
    0.022769544273614883,
    0.028080908581614494,
    -0.019742747768759727,
    -0.0791420191526413,
    -0.07244700193405151,
    -0.02555767260491848,
    -0.03147759661078453,
    -0.07913083583116531,
    -0.05358198285102844,
    0.07288531959056854,
    0.025014426559209824,
    0.11070754379034042,
    0.01197290513664484,
    -0.02272723615169525,
    0.18593697249889374,
    0.09582915157079697,
    0.06719958037137985,
    0.014240189455449581
]