[
    -0.054934799671173096,
    0.025041023269295692,
    -0.0036683548241853714,
    -0.013830184005200863,
    -0.027106307446956635,
    0.062221091240644455,
    -0.04280855506658554,
    -0.011714912950992584,
    -0.012824011035263538,
    0.04265519231557846,
    -0.006645997520536184,
    -0.07682593166828156,
    0.006174222566187382,
    -0.027160849422216415,
    0.04372774064540863,
    0.03115404210984707,
    0.06297632306814194,
    0.04461096227169037,
    -0.0656808391213417,
    0.03770056366920471,
    -0.005556348245590925,
    -0.01009474229067564,
    -0.04126611351966858,
    0.0020175627432763577,
    -0.06987259536981583,
    -0.042375270277261734,
    -0.040707387030124664,
    -0.04575391113758087,
    0.04662218317389488,
    -0.10310588777065277,
    0.03791816160082817,
    0.030741186812520027,
    0.02436845563352108,
    0.03411873057484627,
    0.014067796990275383,
    -0.021987691521644592,
    -0.005820148624479771,
    -0.025627970695495605,
    0.024969998747110367,
    -0.006030850112438202,
    -0.06647142767906189,
    -0.03999001905322075,
    -0.054146233946084976,
    -0.03695693612098694,
    -0.02223932556807995,
    0.01614302583038807,
    -0.031039206311106682,
    0.008732550777494907,
    -0.010295869782567024,
    0.006726784631609917,
    -0.09380341321229935,
    -0.015777211636304855,
    0.00012073676771251485,
    0.016006242483854294,
    -0.06447065621614456,
    -0.07766474783420563,
    -0.008074142038822174,
    0.033272627741098404,
    -0.05211144685745239,
    -0.02629448100924492,
    -0.02432011254131794,
    0.024379383772611618,
    -0.044227514415979385,
    0.06647991389036179,
    -0.02269742637872696,
    0.05322564020752907,
    0.03310016542673111,
    0.06020857393741608,
    0.05707879364490509,
    0.04049352556467056,
    -0.0729251578450203,
    0.05759541690349579,
    -0.010995249263942242,
    0.0032910783775150776,
    -0.08143462985754013,
    -0.009609301574528217,
    -0.006923520006239414,
    0.0020540410187095404,
    0.027772946283221245,
    -0.036831434816122055,
    -0.08243387192487717,
    0.01737356372177601,
    -0.045353617519140244,
    -0.032374922186136246,
    -0.024601956829428673,
    -0.0911106988787651,
    -0.021216338500380516,
    0.06822562217712402,
    -0.02723298966884613,
    2.328820301045198e-06,
    0.043301522731781006,
    -0.030935190618038177,
    0.009848556481301785,
    -0.0503368079662323,
    0.0969599261879921,
    -0.01838541589677334,
    -0.030920622870326042,
    0.03209022060036659,
    0.11175516247749329,
    0.03058127872645855,
    0.03894544020295143,
    0.04771450161933899,
    -0.032367147505283356,
    -0.06992954760789871,
    -0.07342978566884995,
    -0.07850728929042816,
    -0.012250905856490135,
    -0.03288034722208977,
    0.015557235106825829,
    -0.0014447246212512255,
    -0.0018970187520608306,
    0.003095354652032256,
    -0.027296287938952446,
    -0.10107181966304779,
    0.04161164537072182,
    0.013727677054703236,
    -0.04112458601593971,
    0.09413466602563858,
    -0.00839927140623331,
    -0.02861240692436695,
    0.03802540898323059,
    0.026257159188389778,
    -0.02897845022380352,
    -0.0688893049955368,
    0.027101077139377594,
    0.015537753701210022,
    -0.023890521377325058,
    2.2604563879112642e-32,
    0.0056816223077476025,
    0.013468521647155285,
    -0.12458072602748871,
    0.04164637252688408,
    -0.0026814632583409548,
    0.009283863939344883,
    0.004885083995759487,
    -0.014605198055505753,
    -0.08591198176145554,
    0.05610229820013046,
    0.0036550869699567556,
    0.011906594969332218,
    0.01904510334134102,
    -0.06816229224205017,
    -0.07789646089076996,
    0.0021542306058108807,
    -0.05254329741001129,
    0.10848558694124222,
    -0.05324644222855568,
    -0.00944764818996191,
    0.07034402340650558,
    -0.08072372525930405,
    0.07483134418725967,
    0.0472211055457592,
    0.010796727612614632,
    -0.03148629888892174,
    0.07716359198093414,
    -7.395006105070934e-05,
    -0.029994744807481766,
    0.001016379101201892,
    0.06242998316884041,
    -0.024484805762767792,
    0.023401103913784027,
    0.024335768073797226,
    0.06999354064464569,
    0.11346715688705444,
    0.02443869598209858,
    -0.05624236539006233,
    0.11337681859731674,
    -0.03442448377609253,
    -0.041752591729164124,
    0.009215528145432472,
    0.03010689839720726,
    -0.022005541250109673,
    0.023968569934368134,
    -0.02137497439980507,
    -0.06117827072739601,
    -0.02917069010436535,
    0.02824200503528118,
    0.00025027463561855257,
    -0.008452208712697029,
    -0.023448973894119263,
    0.019808949902653694,
    -0.02626429870724678,
    0.03425817936658859,
    0.025928886607289314,
    -0.07134271413087845,
    0.047746315598487854,
    -0.02696210891008377,
    0.03695248067378998,
    -0.056184761226177216,
    0.05433206260204315,
    -0.0858699157834053,
    0.04610874876379967,
    -0.05786706879734993,
    -0.017753498628735542,
    -0.056061334908008575,
    -0.057021722197532654,
    0.09987066686153412,
    -0.07447361946105957,
    0.012008113786578178,
    0.03377116844058037,
    -0.011200176551938057,
    0.022087672725319862,
    -0.022008005529642105,
    -0.04188515245914459,
    0.025796709582209587,
    -0.0237484909594059,
    0.07861831039190292,
    0.003186827525496483,
    -0.09552201628684998,
    -0.01935870759189129,
    0.0015727328136563301,
    0.054164715111255646,
    0.044498708099126816,
    -0.047941435128450394,
    0.05047960579395294,
    0.0036654602736234665,
    -0.06441116333007812,
    -0.0002840756787918508,
    0.05689312517642975,
    -0.042384158819913864,
    0.0015519860899075866,
    -0.001619488000869751,
    0.03993915393948555,
    -2.1827518032180954e-32,
    0.021232284605503082,
    -0.00784655474126339,
    -0.05866319313645363,
    0.0307758841663599,
    0.0446530282497406,
    0.036714568734169006,
    -0.02611534483730793,
    -0.08553912490606308,
    0.09152635931968689,
    -0.03062712959945202,
    -0.026770640164613724,
    -0.016030600294470787,
    0.0502210333943367,
    -0.01814739592373371,
    -0.07379859685897827,
    -0.05316958948969841,
    0.014928381890058517,
    0.019170572981238365,
    0.023952215909957886,
    0.058155424892902374,
    0.06039774417877197,
    0.027392489835619926,
    0.007590217981487513,
    0.07437652349472046,
    0.024215873330831528,
    -0.011550077237188816,
    -0.020818259567022324,
    -0.09275513887405396,
    0.09237028658390045,
    0.009152154438197613,
    -0.031032973900437355,
    -0.08715377748012543,
    -0.09716207534074783,
    0.024749012663960457,
    -0.026052221655845642,
    -0.12074703723192215,
    0.14995506405830383,
    -0.07439368963241577,
    -0.038756705820560455,
    0.030552677810192108,
    0.04275790974497795,
    0.10300968587398529,
    0.007741507608443499,
    -0.04949420690536499,
    -0.05144798010587692,
    -0.09153986722230911,
    -0.054616428911685944,
    -0.019188113510608673,
    0.023718738928437233,
    -0.0648718774318695,
    -0.00835194531828165,
    -0.017513014376163483,
    -0.017587890848517418,
    -0.009389933198690414,
    -0.03489284962415695,
    0.0344356968998909,
    -0.02321145310997963,
    -0.006088158115744591,
    -0.024921663105487823,
    0.04336005449295044,
    0.05089087411761284,
    0.11769457161426544,
    -0.031919900327920914,
    0.010378096252679825,
    0.10346107184886932,
    -0.04540501907467842,
    -0.0965801477432251,
    -0.023260094225406647,
    -0.02158506028354168,
    -0.015140478499233723,
    0.004454209469258785,
    -0.11419763416051865,
    -0.05303330719470978,
    -0.06202142313122749,
    0.1437457799911499,
    -0.011920906603336334,
    -0.05449303984642029,
    -0.04918445274233818,
    -0.07254447042942047,
    0.005098514724522829,
    0.05876123532652855,
    0.02448084205389023,
    -0.012527373619377613,
    0.05321308597922325,
    0.03288289159536362,
    0.053643085062503815,
    0.06339847296476364,
    0.009044311009347439,
    0.036866962909698486,
    0.08605144917964935,
    -0.05375182628631592,
    -0.05561458691954613,
    0.05028912425041199,
    0.058971524238586426,
    -0.04147380217909813,
    -6.139377717317984e-08,
    -0.029175542294979095,
    -0.013908213004469872,
    0.034749437123537064,
    -0.006436266470700502,
    -0.016393594443798065,
    -0.05010105296969414,
    -0.023277178406715393,
    0.005053848959505558,
    -0.10276070982217789,
    -0.08111069351434708,
    0.08654054999351501,
    -0.020984414964914322,
    -0.03056679666042328,
    -0.068121999502182,
    0.044202763587236404,
    -0.024438781663775444,
    -0.06471499800682068,
    0.012124049477279186,
    -0.09807586669921875,
    -0.052071765065193176,
    -0.009196183644235134,
    -0.05231611430644989,
    -0.07486089318990707,
    0.047615911811590195,
    0.02343069575726986,
    0.009267321787774563,
    -0.006671927869319916,
    0.04432982578873634,
    0.022437604144215584,
    0.01459512673318386,
    -0.04609270766377449,
    0.014841664582490921,
    0.021093975752592087,
    -0.08197641372680664,
    -0.008276100270450115,
    0.025563308969140053,
    -0.009236155077815056,
    0.047805510461330414,
    0.08255051076412201,
    0.05561861768364906,
    -0.06917726248502731,
    0.0046288026496768,
    0.0648733451962471,
    0.07235529273748398,
    0.02920309640467167,
    -0.022329458966851234,
    -0.11861449480056763,
    0.02581297792494297,
    -0.04426661133766174,
    -0.1001027300953865,
    0.020026911050081253,
    -0.073687843978405,
    0.0235851239413023,
    -0.004048490896821022,
    0.0051023634150624275,
    0.14975829422473907,
    0.11443479359149933,
    0.0936526209115982,
    0.027922876179218292,
    -0.057693757116794586,
    0.12028470635414124,
    0.09235144406557083,
    0.017793754115700722,
    -0.014186584390699863
]