[
    -0.04257403686642647,
    0.08010214567184448,
    -0.05590038001537323,
    -0.0614737831056118,
    0.042708028107881546,
    0.07082044333219528,
    0.005072275176644325,
    -0.05616438016295433,
    -0.025127101689577103,
    -0.04412943124771118,
    0.03990592435002327,
    -0.0107461828738451,
    -0.03708240017294884,
    -0.047464869916439056,
    0.0827876403927803,
    -0.017397994175553322,
    0.03285181522369385,
    0.053335271775722504,
    -0.09526675939559937,
    0.04260219633579254,
    0.058518458157777786,
    0.08917190879583359,
    -0.0431089922785759,
    0.015285473316907883,
    -0.13156644999980927,
    -0.0006871628575026989,
    0.02288295142352581,
    -0.07859918475151062,
    -0.008285763673484325,
    -0.04099607467651367,
    0.06316892802715302,
    -0.020762743428349495,
    0.020656973123550415,
    0.08859691023826599,
    -0.0034912575501948595,
    -0.053610265254974365,
    0.011448904871940613,
    0.07304494827985764,
    -0.021803028881549835,
    -0.012277338653802872,
    -0.10293233394622803,
    -0.07760120928287506,
    -0.04916040971875191,
    0.026502888649702072,
    0.03035443089902401,
    0.014182701706886292,
    -0.0612686350941658,
    -0.04957211762666702,
    -0.002050480805337429,
    0.025176525115966797,
    -0.060366228222846985,
    -0.04055254906415939,
    -0.016843732446432114,
    0.06460551917552948,
    -0.041878022253513336,
    -0.03897010162472725,
    -0.050075046718120575,
    -0.02162224054336548,
    -0.09657488018274307,
    0.04496096074581146,
    0.02002994902431965,
    -0.03815314918756485,
    0.007239717058837414,
    0.05985107272863388,
    -0.053735796362161636,
    0.0411883182823658,
    -0.025557197630405426,
    -0.03337044268846512,
    0.053477950394153595,
    -0.008685887791216373,
    -0.10644686222076416,
    -0.04906417056918144,
    -0.012959483079612255,
    0.03658290579915047,
    0.04773474484682083,
    0.02575654722750187,
    -0.0498712919652462,
    0.0036037983372807503,
    0.0466669499874115,
    -0.1189865916967392,
    -0.035252973437309265,
    0.014977589249610901,
    0.012730436399579048,
    0.07895849645137787,
    -0.07272253930568695,
    0.016703320667147636,
    -0.018036438152194023,
    -0.02049136348068714,
    -0.023217344656586647,
    -0.008712327107787132,
    0.021662773564457893,
    -0.06856098771095276,
    0.07739459723234177,
    -0.01722710393369198,
    0.0810752660036087,
    -0.047131773084402084,
    -0.01842632330954075,
    -0.059718143194913864,
    0.005827410612255335,
    -0.030682411044836044,
    -0.0621609091758728,
    -0.01151217706501484,
    0.0038418243639171124,
    0.02305370569229126,
    -0.05148562416434288,
    -0.06209201738238335,
    0.041295185685157776,
    -0.0062812077812850475,
    0.010761808604001999,
    0.06141960993409157,
    0.03538278862833977,
    0.033931516110897064,
    -0.05697626248002052,
    -0.12327703833580017,
    0.06999124586582184,
    -0.02929025888442993,
    -0.0076043084263801575,
    0.055013496428728104,
    0.031292565166950226,
    0.016754070296883583,
    -0.012662912718951702,
    -0.040228795260190964,
    -0.005391396582126617,
    -0.0673762857913971,
    -0.053988177329301834,
    -0.05737486109137535,
    -0.09569146484136581,
    1.910812352351692e-32,
    0.0033529039938002825,
    0.0472487173974514,
    -0.06379713118076324,
    0.05541668459773064,
    0.041977062821388245,
    0.0039546191692352295,
    0.008977776393294334,
    -0.03333042934536934,
    -0.029182283207774162,
    0.0735689327120781,
    0.018337523564696312,
    0.0650327056646347,
    -0.028627973049879074,
    -0.014248076826334,
    -0.013362626545131207,
    0.06552072614431381,
    -0.006129254121333361,
    0.1382523626089096,
    0.010329502634704113,
    0.054819364100694656,
    0.06663881242275238,
    -0.036080945283174515,
    -0.0013625448336824775,
    0.04807720333337784,
    -0.035512689501047134,
    0.04889484494924545,
    0.023804089054465294,
    -0.03648001700639725,
    0.03497136011719704,
    0.017657116055488586,
    0.018534870818257332,
    0.025332605466246605,
    0.008946283720433712,
    -0.07464967668056488,
    0.09702008962631226,
    0.10256409645080566,
    0.043781016021966934,
    -0.06713015586137772,
    0.05026872083544731,
    -0.08260197192430496,
    -0.028359897434711456,
    -0.01210454199463129,
    0.061576928943395615,
    0.035712823271751404,
    0.0731663778424263,
    -0.014088361524045467,
    -0.037709690630435944,
    0.004003510344773531,
    0.053954415023326874,
    0.04553339257836342,
    -0.06137827783823013,
    0.005401744972914457,
    0.027287373319268227,
    -0.04729330912232399,
    -0.03650191053748131,
    -0.04068662226200104,
    -0.07523126155138016,
    0.041952166706323624,
    -0.06250987946987152,
    0.04402764514088631,
    -0.02501581981778145,
    0.08534380048513412,
    -0.04504508897662163,
    -0.058081191033124924,
    -0.028725845739245415,
    -0.12410421669483185,
    -0.01856190338730812,
    -0.09606283903121948,
    0.06240992620587349,
    -0.027371063828468323,
    -0.030554838478565216,
    0.10209932923316956,
    -0.000935839198064059,
    0.041310377418994904,
    -0.015772096812725067,
    -0.030943159013986588,
    -0.00657730782404542,
    -0.01733437366783619,
    0.04382382333278656,
    0.012287738732993603,
    -0.02616545371711254,
    0.03353157639503479,
    0.034067269414663315,
    0.0014006643323227763,
    -0.027842450886964798,
    0.024872982874512672,
    0.029564084485173225,
    0.03250330314040184,
    -0.054402243345975876,
    -0.009983358904719353,
    0.0037697101943194866,
    0.025947606191039085,
    0.030393993481993675,
    0.05058947578072548,
    -0.040245600044727325,
    -1.995677313946101e-32,
    -0.02601628005504608,
    -0.06259714812040329,
    -0.08127149939537048,
    -0.01938026212155819,
    0.06489798426628113,
    -0.005057001486420631,
    -0.0005806263070553541,
    -0.047141190618276596,
    0.07782197743654251,
    0.027402078732848167,
    0.06333193928003311,
    -0.05805593729019165,
    0.009197384119033813,
    -0.0337802916765213,
    -0.04550761729478836,
    0.037224385887384415,
    -0.0732894167304039,
    -0.034384068101644516,
    -0.04088699445128441,
    0.08936105668544769,
    -0.008429274894297123,
    0.022372078150510788,
    -0.013873599469661713,
    0.14282584190368652,
    0.036851201206445694,
    0.00800287164747715,
    -0.07421234250068665,
    0.0042387316934764385,
    0.1185305118560791,
    -0.01161064114421606,
    -0.027020534500479698,
    -0.022431321442127228,
    -0.02558359131217003,
    0.003904876532033086,
    -0.10778655111789703,
    -0.20029713213443756,
    0.02539471909403801,
    -0.010840674862265587,
    -0.002416979754343629,
    -0.01542295515537262,
    0.10114681720733643,
    0.020533129572868347,
    -0.03786052018404007,
    -0.03201092407107353,
    0.015134952962398529,
    -0.018225282430648804,
    0.05670543387532234,
    -0.009567598812282085,
    -0.007942713797092438,
    -0.010146205313503742,
    0.08436568081378937,
    -0.059480052441358566,
    -0.005796980112791061,
    -0.004906116519123316,
    -0.013002523221075535,
    0.047868549823760986,
    0.047316376119852066,
    -0.018937062472105026,
    -0.07685314863920212,
    -0.008333885110914707,
    0.07794053107500076,
    0.03571418300271034,
    -0.03071703389286995,
    0.08200010657310486,
    0.043469417840242386,
    -0.0626712366938591,
    -0.03430860489606857,
    -0.041208356618881226,
    -0.07774926722049713,
    -0.0341903455555439,
    -0.07872362434864044,
    -0.0980042815208435,
    -0.04605201631784439,
    -0.12158054113388062,
    0.04698903486132622,
    -0.09496042132377625,
    -0.018153004348278046,
    -0.0829579085111618,
    -0.0763668343424797,
    0.02839357778429985,
    0.054696764796972275,
    0.0075659253634512424,
    -0.048734214156866074,
    0.049558866769075394,
    0.06537551432847977,
    0.043909408152103424,
    0.04419015720486641,
    -0.006028993055224419,
    0.001622496754862368,
    0.05322254076600075,
    -0.08715097606182098,
    0.004934828728437424,
    -0.08202549815177917,
    0.00703244237229228,
    -0.0731077492237091,
    -5.4739302868256345e-08,
    0.052116457372903824,
    0.04043860733509064,
    -0.01587948389351368,
    -0.02539150044322014,
    -0.020555570721626282,
    -0.022861197590827942,
    -0.03870856389403343,
    -0.01270549837499857,
    -0.005541195627301931,
    -0.036800358444452286,
    0.011686664074659348,
    0.04159114882349968,
    -0.04140661656856537,
    -0.000656270538456738,
    0.09541818499565125,
    -0.02691488154232502,
    -0.0347745306789875,
    -0.02600383572280407,
    -0.021070895716547966,
    0.01844068244099617,
    -0.023760026320815086,
    -0.059772275388240814,
    -0.055016424506902695,
    0.06608618050813675,
    0.011391920037567616,
    0.03657315671443939,
    -0.01202254369854927,
    0.0025825558695942163,
    0.06864426285028458,
    0.07750482857227325,
    -0.01885419338941574,
    -0.01802569068968296,
    0.005245482549071312,
    -0.019767416641116142,
    -0.06723345071077347,
    -0.01625770889222622,
    0.021045483648777008,
    -0.02291637472808361,
    0.047639112919569016,
    0.007663812953978777,
    -0.008011214435100555,
    0.0035374048165977,
    0.024318495765328407,
    0.08919177949428558,
    0.008477679453790188,
    -0.039886970072984695,
    -0.028915289789438248,
    -0.026420213282108307,
    -0.007603315636515617,
    -0.06341560184955597,
    -0.05776400864124298,
    -0.04857482761144638,
    0.0987752228975296,
    -0.012097206898033619,
    -0.02910878323018551,
    0.06995810568332672,
    0.04407302662730217,
    0.010424254462122917,
    -0.015937399119138718,
    -0.018210718408226967,
    0.15716387331485748,
    0.037060391157865524,
    0.04312421381473541,
    0.020662015303969383
]