[
    -0.053069621324539185,
    0.012429947033524513,
    -0.01715175248682499,
    -0.07441076636314392,
    -0.043500032275915146,
    0.052897851914167404,
    0.012690545059740543,
    -0.08504011482000351,
    0.0035928625147789717,
    0.004736281465739012,
    -0.01848469488322735,
    -0.011220533400774002,
    0.02410770393908024,
    -0.0472346656024456,
    0.07676082849502563,
    -0.008778808638453484,
    0.046931687742471695,
    0.06202734261751175,
    -0.08439576625823975,
    0.027201779186725616,
    0.007050340995192528,
    0.08113010227680206,
    -0.03642767295241356,
    -0.026381880044937134,
    -0.11228373646736145,
    -0.011430619284510612,
    0.016434475779533386,
    -0.05332309752702713,
    -0.020498042926192284,
    -0.08621808886528015,
    0.029075946658849716,
    -0.0012362708803266287,
    0.03671453520655632,
    0.07528948783874512,
    -0.014577284455299377,
    -0.007365687284618616,
    -0.041373565793037415,
    0.06076803803443909,
    0.013720890507102013,
    0.0550726056098938,
    -0.06335192918777466,
    -0.038072820752859116,
    -0.028227802366018295,
    -0.01961340755224228,
    0.02086026780307293,
    -0.010530808940529823,
    -0.0712522342801094,
    -0.04454327002167702,
    0.03412468731403351,
    0.05329689010977745,
    -0.02899647131562233,
    -0.013641373254358768,
    -0.012089910916984081,
    0.11750548332929611,
    -0.0681987926363945,
    -0.0377645418047905,
    -0.03468238189816475,
    -0.03264996036887169,
    -0.1018848866224289,
    0.02158447913825512,
    -0.016246018931269646,
    0.020864278078079224,
    0.034940075129270554,
    0.08100596070289612,
    -0.06247861310839653,
    0.057322632521390915,
    -0.0517781637609005,
    -0.015508458018302917,
    -0.06210388243198395,
    -0.033707477152347565,
    -0.0692092776298523,
    -0.006872194353491068,
    -0.06146247312426567,
    0.04370657354593277,
    0.0052993204444646835,
    0.021529056131839752,
    -0.008044186979532242,
    0.030346401035785675,
    0.08451855927705765,
    -0.15902525186538696,
    -0.031211812049150467,
    0.005612060893326998,
    -0.05519863963127136,
    0.08280160278081894,
    -0.05952146649360657,
    0.004372835159301758,
    -0.02558123506605625,
    0.013165885582566261,
    -0.033472221344709396,
    -0.026006923988461494,
    0.06793621927499771,
    -0.04495078697800636,
    0.09541130065917969,
    -0.059956979006528854,
    0.06895101815462112,
    -0.020443586632609367,
    -0.008066495880484581,
    -0.07523122429847717,
    0.05242485553026199,
    -0.015857679769396782,
    -0.07868634164333344,
    0.01891881600022316,
    0.04457082599401474,
    -0.021844789385795593,
    -0.06558911502361298,
    -0.0792202278971672,
    0.052093710750341415,
    0.0011399434879422188,
    0.014158415608108044,
    0.03113698773086071,
    0.06302628666162491,
    0.023294003680348396,
    -0.0818413645029068,
    -0.14096622169017792,
    0.025006918236613274,
    -0.03444984182715416,
    -0.03561871498823166,
    0.060434676706790924,
    0.041080135852098465,
    -0.028782323002815247,
    -0.03852974250912666,
    0.02150934934616089,
    -0.04711019620299339,
    -0.06072216480970383,
    -0.0029212250374257565,
    0.02673514001071453,
    -0.07087304443120956,
    2.2741620642946766e-32,
    0.0029645159374922514,
    0.007751464378088713,
    -0.028232522308826447,
    0.01403195783495903,
    0.015886999666690826,
    -0.024061935022473335,
    0.01723434031009674,
    0.01161511056125164,
    -0.005014569498598576,
    0.10497929155826569,
    -0.043967392295598984,
    0.09071439504623413,
    -0.03159455209970474,
    -0.027974890545010567,
    -0.03277100995182991,
    0.07088270038366318,
    -0.014397705905139446,
    0.1036379411816597,
    -0.08474032580852509,
    0.07199881225824356,
    -0.003097120439633727,
    -0.023795349523425102,
    0.005188898183405399,
    0.05804523825645447,
    -0.030503226444125175,
    0.01925073005259037,
    0.012942236848175526,
    -0.0034030505921691656,
    0.034017566591501236,
    0.020611092448234558,
    0.045090530067682266,
    0.004497711546719074,
    0.004411930218338966,
    -0.0184742733836174,
    0.05974528566002846,
    0.11196120828390121,
    0.025704359635710716,
    -0.0038112131878733635,
    0.09701329469680786,
    -0.06501349061727524,
    -0.043734896928071976,
    -0.025970708578824997,
    0.08642137795686722,
    0.00019332252850290388,
    0.02664429508149624,
    -0.020770078524947166,
    0.027145588770508766,
    -0.01743496209383011,
    0.027814233675599098,
    0.05841277539730072,
    -0.02242204360663891,
    -0.004198980052024126,
    0.00973471999168396,
    -0.004627067130059004,
    -0.01512216217815876,
    -0.026194268837571144,
    -0.022477058693766594,
    0.018065018579363823,
    -0.021289678290486336,
    0.06551896035671234,
    -0.03352699428796768,
    0.07791537046432495,
    -0.028537409380078316,
    -0.035741761326789856,
    -0.03281866014003754,
    -0.051472630351781845,
    -0.004166800063103437,
    -0.06866084784269333,
    0.07168877124786377,
    -0.006440844852477312,
    0.03535213693976402,
    0.05414823815226555,
    -0.029941512271761894,
    0.050743646919727325,
    0.0154836755245924,
    -0.02710253745317459,
    0.005235206801444292,
    -0.012313884682953358,
    0.06009712070226669,
    -0.006424075923860073,
    -0.05114559829235077,
    0.0029119316022843122,
    0.019603604450821877,
    0.0751611739397049,
    -0.007752995938062668,
    0.022877363488078117,
    0.06325686722993851,
    -0.007764771580696106,
    -0.08320533484220505,
    -0.03546130284667015,
    -0.01328390371054411,
    0.05757100507616997,
    0.01173242088407278,
    0.09920938313007355,
    -0.028601419180631638,
    -2.281770451480374e-32,
    -0.025113467127084732,
    -0.03643544018268585,
    -0.026785505935549736,
    -0.048684801906347275,
    0.032720066606998444,
    -0.02343163453042507,
    0.014301504008471966,
    -0.07354749739170074,
    0.06063321605324745,
    0.03831905871629715,
    0.032497718930244446,
    -0.039660289883613586,
    -0.06076252460479736,
    -0.032681990414857864,
    -0.0005098399706184864,
    -0.042358849197626114,
    -0.06062677130103111,
    -0.04462980851531029,
    -0.04003889486193657,
    0.09341379255056381,
    -0.027281221002340317,
    0.04203462228178978,
    0.024949276819825172,
    0.1111261248588562,
    0.04909316077828407,
    0.0628349632024765,
    -0.027087338268756866,
    0.025095336139202118,
    0.12630905210971832,
    -0.028259864076972008,
    -0.050849854946136475,
    -0.06858605891466141,
    -0.050455883145332336,
    0.005299058277159929,
    -0.11856260895729065,
    -0.20246350765228271,
    0.05219164118170738,
    -0.04979084059596062,
    -0.02257656864821911,
    -0.09753675758838654,
    0.07730404287576675,
    -0.006432285066694021,
    -0.02816878817975521,
    0.0068781450390815735,
    0.0531083419919014,
    -0.06955404579639435,
    0.0647362470626831,
    -0.03034590370953083,
    -0.003676248248666525,
    0.018623515963554382,
    0.0038775145076215267,
    -0.012887070886790752,
    -0.010112241841852665,
    0.033125706017017365,
    -0.03644195944070816,
    0.0721423327922821,
    0.03894152492284775,
    -0.055353544652462006,
    -0.05298437178134918,
    -0.030691534280776978,
    0.060374584048986435,
    0.08873239904642105,
    0.02539397031068802,
    0.10793232917785645,
    0.034810908138751984,
    -0.04483014717698097,
    -0.0015178491594269872,
    -0.06071114540100098,
    -0.07179808616638184,
    -0.07797770947217941,
    -0.07943476736545563,
    -0.09902748465538025,
    -0.0383317731320858,
    -0.1203753724694252,
    0.03630911931395531,
    -0.03967507928609848,
    -0.06989936530590057,
    -0.135824054479599,
    -0.056120019406080246,
    0.02453911118209362,
    0.0294880922883749,
    -0.04756062477827072,
    -0.04663635417819023,
    0.08399844169616699,
    -0.016953058540821075,
    -0.0038892971351742744,
    0.07367054373025894,
    -0.05345490947365761,
    -0.021707182750105858,
    0.09256432950496674,
    -0.0976526215672493,
    -0.018822167068719864,
    -0.06719516962766647,
    0.037523698061704636,
    -0.07082672417163849,
    -6.106077421463851e-08,
    -0.023358546197414398,
    0.09422817081212997,
    0.023950397968292236,
    -0.04783405363559723,
    -0.001953911269083619,
    -0.0635078102350235,
    -0.05202751234173775,
    0.033361438661813736,
    -0.0148690864443779,
    -0.060893815010786057,
    0.04186859354376793,
    0.07543065398931503,
    -0.042414288967847824,
    0.0051043396815657616,
    0.07526122033596039,
    0.00598824443295598,
    -0.05408024042844772,
    -0.04664883017539978,
    -0.05522828921675682,
    0.021909140050411224,
    -0.023408886045217514,
    -0.01632959395647049,
    -0.03987673670053482,
    -0.001822116901166737,
    0.02054324932396412,
    0.015888137742877007,
    -0.03324773907661438,
    0.010602389462292194,
    0.08021965622901917,
    0.011730697937309742,
    -0.015205657109618187,
    0.016483087092638016,
    -0.020204106345772743,
    -0.031767070293426514,
    -0.0030909180641174316,
    -0.05915016308426857,
    0.03458482772111893,
    -0.024502240121364594,
    0.039497748017311096,
    0.014985412359237671,
    0.016484316438436508,
    0.011722180992364883,
    0.006913673132658005,
    0.0791044533252716,
    0.016419578343629837,
    -0.0793677493929863,
    -0.04526122286915779,
    0.011221194639801979,
    0.015981027856469154,
    -0.06671354174613953,
    -0.018970752134919167,
    -0.06357364356517792,
    0.055005092173814774,
    -0.04679226130247116,
    -0.05198490619659424,
    0.020278168842196465,
    0.038529910147190094,
    0.0025035073049366474,
    -0.018722480162978172,
    0.011039060540497303,
    0.09108779579401016,
    0.01370065938681364,
    0.06640096008777618,
    0.015636524185538292
]