[
    -0.010793333873152733,
    -0.019139856100082397,
    -0.04577650502324104,
    -0.054665274918079376,
    -0.1087907999753952,
    0.06122151389718056,
    -0.025135889649391174,
    -0.0277854073792696,
    -0.0037932326085865498,
    0.0942142903804779,
    0.0012064328184351325,
    0.007577238604426384,
    0.010496196337044239,
    0.010812178254127502,
    0.06918599456548691,
    0.05620980262756348,
    0.07130195945501328,
    0.04673835635185242,
    -0.06061901897192001,
    0.09678468108177185,
    0.04464133828878403,
    0.00293143093585968,
    5.5904780310811475e-05,
    -0.000388465792639181,
    -0.07716932147741318,
    -0.032953109592199326,
    -0.03077448345720768,
    -0.01749902032315731,
    0.0847800225019455,
    -0.0682191550731659,
    -0.011927296407520771,
    0.04884343966841698,
    0.03554389998316765,
    0.08718796819448471,
    0.01916499063372612,
    -0.022712958976626396,
    -0.00996558926999569,
    -0.05475802347064018,
    -0.012455102056264877,
    -0.029945526272058487,
    -0.006035883445292711,
    -0.016777019947767258,
    -0.017031919211149216,
    0.0023313246201723814,
    -0.004342266824096441,
    0.07231847196817398,
    -0.032624948769807816,
    -0.01631402224302292,
    -0.09215090423822403,
    0.03517128527164459,
    -0.09108676761388779,
    -0.04811093211174011,
    -0.025249125435948372,
    0.05793793871998787,
    -0.037416279315948486,
    -0.05134677141904831,
    0.011639765463769436,
    0.05808603763580322,
    -0.01630658470094204,
    -0.051162756979465485,
    0.02660885453224182,
    0.02613469399511814,
    -0.049847137182950974,
    0.05257715657353401,
    -0.030734369531273842,
    0.030052026733756065,
    0.0188762154430151,
    -0.01307921577244997,
    0.024937164038419724,
    0.021482447162270546,
    -0.04193774610757828,
    0.018445411697030067,
    0.044369593262672424,
    0.044903624802827835,
    -0.066337451338768,
    -0.05740342661738396,
    -0.0008898234809748828,
    -0.0005347825936041772,
    -0.03286401927471161,
    -0.11862019449472427,
    -0.07294957339763641,
    -0.010746503248810768,
    -0.01587294414639473,
    0.022312313318252563,
    -0.05115431547164917,
    -0.04435719922184944,
    -0.03404979780316353,
    0.03359237313270569,
    0.02361436001956463,
    0.030752457678318024,
    0.049222152680158615,
    -0.07896306365728378,
    0.08575661480426788,
    -0.1256905496120453,
    0.05405456945300102,
    -0.0070187682285904884,
    0.009359671734273434,
    0.0037213601171970367,
    0.09091144800186157,
    -0.00023206353944260627,
    0.0432368665933609,
    0.06660046428442001,
    -0.01561374869197607,
    -0.013746131211519241,
    -0.003944690339267254,
    -0.021622775122523308,
    -0.016605673357844353,
    -0.0488765612244606,
    -0.0150509187951684,
    0.014828690327703953,
    0.005849813111126423,
    0.0009813487995415926,
    -0.014834864065051079,
    -0.10950067639350891,
    0.05945407599210739,
    0.015925263985991478,
    -0.022827206179499626,
    0.048529285937547684,
    -0.004357897210866213,
    -0.018430380150675774,
    -0.010546605102717876,
    -0.014348749071359634,
    -0.0637076124548912,
    -0.044146742671728134,
    -0.00946939829736948,
    -0.06125299260020256,
    -0.006102119572460651,
    1.7460387541563225e-32,
    -0.006132903043180704,
    -0.01292667631059885,
    -0.11954262107610703,
    0.03634720295667648,
    0.06056744232773781,
    0.036009304225444794,
    0.01950617879629135,
    -0.0031562524382025003,
    -0.07738856226205826,
    0.006024995818734169,
    0.018639786168932915,
    -0.004349788185209036,
    0.046485766768455505,
    -0.03573733940720558,
    -0.09200390428304672,
    0.0015720747178420424,
    -0.035457637161016464,
    0.04556969553232193,
    -0.040787938982248306,
    0.03393983840942383,
    0.06023044139146805,
    -0.00832873024046421,
    0.011908721178770065,
    0.018837852403521538,
    -0.0714947059750557,
    0.022601855918765068,
    0.048751503229141235,
    -0.02646530792117119,
    -0.014782985672354698,
    -0.006213586777448654,
    -0.0035449345596134663,
    -0.014517189934849739,
    0.025413883849978447,
    -0.026891488581895828,
    0.07434667646884918,
    0.10347869992256165,
    -0.028084930032491684,
    -0.06856567412614822,
    0.07198086380958557,
    -0.050958216190338135,
    -0.08700446039438248,
    -0.031046036630868912,
    -0.0708550438284874,
    -0.04237277805805206,
    -0.0070370095781981945,
    -0.0019594943150877953,
    -0.0022789612412452698,
    0.01036862563341856,
    0.04942819103598595,
    0.07776243984699249,
    0.03103170357644558,
    -0.03320969641208649,
    0.08007118850946426,
    -0.05114258825778961,
    0.0762045606970787,
    0.01076515018939972,
    -0.049475546926259995,
    0.021410619840025902,
    -0.090658999979496,
    0.028669262304902077,
    -0.031241431832313538,
    0.05752807855606079,
    -0.03969668596982956,
    0.0009290828020311892,
    -0.023330289870500565,
    -0.0692283883690834,
    -0.06724083423614502,
    -0.014434002339839935,
    0.0956457257270813,
    -0.08443957567214966,
    -0.03621303662657738,
    0.02735927328467369,
    -0.06232558563351631,
    0.017340591177344322,
    -0.004006742499768734,
    -0.01698903925716877,
    0.0047613345086574554,
    -0.07975263893604279,
    0.017802005633711815,
    0.011046526953577995,
    -0.09817848354578018,
    -0.020107895135879517,
    0.01699349842965603,
    0.046078603714704514,
    0.04510558024048805,
    -0.05107145011425018,
    0.024422088637948036,
    -0.0009453199454583228,
    -0.06785745173692703,
    0.00023832677106838673,
    0.046402882784605026,
    -0.0049122958444058895,
    -0.0120930727571249,
    0.05601310357451439,
    0.06817519664764404,
    -1.8473028905022593e-32,
    0.0049135806038975716,
    -0.01055635791271925,
    -0.13280576467514038,
    0.12282644957304001,
    0.012721026316285133,
    0.03355218470096588,
    -0.071384958922863,
    -0.09537908434867859,
    0.05935871601104736,
    -0.03938240185379982,
    -0.04775458201766014,
    -0.051280755549669266,
    -0.004869488533586264,
    -0.03691142424941063,
    -0.037423718720674515,
    -0.08259637653827667,
    -0.06079902499914169,
    0.015968523919582367,
    0.05591586232185364,
    0.06624018400907516,
    0.037134986370801926,
    -0.002713392488658428,
    -0.012248197570443153,
    0.10718462616205215,
    0.021996812894940376,
    -0.030058978125452995,
    -0.023763498291373253,
    -0.0560028962790966,
    0.0038760770112276077,
    0.0586993508040905,
    -0.020196635276079178,
    -0.09559570252895355,
    -0.07204336673021317,
    0.04368458688259125,
    -0.05230695381760597,
    -0.1379554569721222,
    0.08585214614868164,
    -0.02081032656133175,
    -0.04045967757701874,
    0.015597832389175892,
    0.043333880603313446,
    0.07754099369049072,
    0.04788406193256378,
    -0.018240423873066902,
    -0.04338989034295082,
    -0.018071897327899933,
    0.017672277987003326,
    0.0064826286397874355,
    0.011560029350221157,
    -0.026443466544151306,
    0.01919216848909855,
    -0.03261009603738785,
    -0.022909101098775864,
    -0.041717272251844406,
    -0.05478191375732422,
    0.02882433868944645,
    -0.017245814204216003,
    -0.06916223466396332,
    -0.023398805409669876,
    0.024389900267124176,
    0.08184211701154709,
    0.08811388164758682,
    -0.011299671605229378,
    0.01788954995572567,
    0.0808730199933052,
    -0.04550377279520035,
    -0.0439566969871521,
    -0.007197666447609663,
    -0.06565079838037491,
    -0.04684377461671829,
    -0.0368175134062767,
    -0.09807351976633072,
    -0.06540913134813309,
    -0.03851848095655441,
    0.11573665589094162,
    -0.003328284015879035,
    0.048447027802467346,
    -0.04241418093442917,
    -0.07428786158561707,
    -0.019670670852065086,
    0.04879415035247803,
    0.02273440733551979,
    -0.026643602177500725,
    0.07713921368122101,
    0.0014544909354299307,
    0.11203093081712723,
    -0.03101320005953312,
    -0.03354749456048012,
    0.03758808970451355,
    0.11769937723875046,
    -0.024732282385230064,
    0.07357633858919144,
    0.06025020778179169,
    0.027869347482919693,
    -0.0905814990401268,
    -5.1022588820615056e-08,
    -0.13568663597106934,
    0.015028056688606739,
    -0.029766365885734558,
    -0.005239948630332947,
    -0.02808438427746296,
    0.007285951171070337,
    0.033536650240421295,
    -0.008620325475931168,
    -0.050076935440301895,
    -0.04989586025476456,
    0.08374697715044022,
    0.0005272171110846102,
    -0.017388613894581795,
    0.004597194492816925,
    0.03611539676785469,
    -0.05736222490668297,
    -0.003146759932860732,
    -0.044971343129873276,
    -0.10052067786455154,
    0.0753992423415184,
    0.009726516902446747,
    -0.09385691583156586,
    -0.07042204588651657,
    0.04827296733856201,
    -0.0066849165596067905,
    -0.026661021634936333,
    0.007070709485560656,
    0.1048601046204567,
    -0.013428403064608574,
    0.037812456488609314,
    -0.014789856970310211,
    0.06512361764907837,
    0.04698179289698601,
    -0.053676143288612366,
    -0.03349711373448372,
    0.008414184674620628,
    0.019305860623717308,
    0.04984872788190842,
    0.08115790039300919,
    0.0920284241437912,
    -0.035849083214998245,
    0.056352581828832626,
    0.025636058300733566,
    0.0440741665661335,
    0.02413957007229328,
    -0.005613429006189108,
    -0.055030204355716705,
    0.014785073697566986,
    -0.04338771849870682,
    -0.07248065620660782,
    -0.014956874772906303,
    -0.06648574769496918,
    -0.022008974105119705,
    0.03541373834013939,
    0.016393132507801056,
    0.09647759795188904,
    0.09543643891811371,
    0.11040746420621872,
    0.0222622100263834,
    -0.041202254593372345,
    0.10111045092344284,
    0.10001793503761292,
    0.0372915156185627,
    -0.0368935763835907
]