[
    -0.001985318958759308,
    -0.044477447867393494,
    -0.00822658184915781,
    -0.09229133278131485,
    -0.0032290383242070675,
    0.013257814571261406,
    0.0003773004573304206,
    0.014225584454834461,
    -0.004837960936129093,
    0.0750904232263565,
    0.0142595823854208,
    0.004958149511367083,
    -0.008768221363425255,
    -0.02347520738840103,
    0.04170224443078041,
    0.06405027955770493,
    0.09369856864213943,
    0.015601204708218575,
    -0.07592030614614487,
    0.01399964652955532,
    -0.0046381778083741665,
    -0.015282784588634968,
    -0.04826447740197182,
    -0.017238689586520195,
    -0.09175798296928406,
    -0.052512027323246,
    -0.03656552731990814,
    -0.0399867445230484,
    0.03373286873102188,
    -0.09426485747098923,
    -0.006100608967244625,
    0.014059933833777905,
    -0.025919608771800995,
    0.03469189256429672,
    -0.05935997515916824,
    -0.04545598849654198,
    0.023086272180080414,
    -0.07074031978845596,
    -0.0014882681425660849,
    -0.00034887969377450645,
    0.008960115723311901,
    0.013305136933922768,
    -0.05942944809794426,
    -0.01646468974649906,
    -0.014077498577535152,
    -0.0025752645451575518,
    -0.035641416907310486,
    -0.03488826006650925,
    -0.049378685653209686,
    0.01515293214470148,
    -0.08143757283687592,
    -0.02068762294948101,
    -0.0019524492090567946,
    0.09246474504470825,
    -0.006886441260576248,
    -0.019789565354585648,
    0.0017200256697833538,
    0.05239912122488022,
    -0.020809318870306015,
    -0.025041654706001282,
    -0.054653994739055634,
    -0.013283061794936657,
    -0.07821674644947052,
    -0.0035962173715233803,
    0.020271696150302887,
    -0.03989037871360779,
    -0.008808400481939316,
    -0.06009455770254135,
    0.035990189760923386,
    -0.03423456847667694,
    -0.013631013222038746,
    0.04510025307536125,
    0.05638137087225914,
    0.030078206211328506,
    -0.08496535569429398,
    -0.02634822577238083,
    0.010693543590605259,
    0.005453397054225206,
    0.01365270372480154,
    -0.05767332762479782,
    -0.09678559005260468,
    0.01750573143362999,
    -0.028314851224422455,
    0.0027061074506491423,
    -0.03818787634372711,
    -0.04617801308631897,
    -0.05486489087343216,
    0.004055006895214319,
    -0.025443200021982193,
    0.016577400267124176,
    0.09681323170661926,
    -0.057852838188409805,
    0.09889181703329086,
    -0.07701129466295242,
    0.049966540187597275,
    0.029425552114844322,
    0.02043764851987362,
    0.006062869913876057,
    0.07085628062486649,
    -0.008798936381936073,
    0.02978862076997757,
    0.01340363547205925,
    -0.048569899052381516,
    -0.03467751294374466,
    0.01863689534366131,
    -0.0388948991894722,
    -0.009263385087251663,
    -0.003562268102541566,
    0.034722812473773956,
    -0.031699288636446,
    -0.03650054708123207,
    -0.01988249458372593,
    0.003489793511107564,
    -0.045185625553131104,
    0.03605973720550537,
    -0.007898838259279728,
    -0.00131521699950099,
    0.10203126817941666,
    -0.014643973670899868,
    -0.04243994504213333,
    -0.03484521061182022,
    0.013100632466375828,
    0.006363583263009787,
    -0.06263820081949234,
    0.08712297677993774,
    0.020256858319044113,
    -0.020467495545744896,
    1.7233615579506405e-32,
    -0.014992908574640751,
    -0.10360998660326004,
    -0.09787999838590622,
    -0.015200089663267136,
    -0.015536071732640266,
    -0.0059424033388495445,
    -0.04460370913147926,
    -0.0038165750447660685,
    -0.0799853503704071,
    0.05439162626862526,
    -0.046244777739048004,
    0.012785561382770538,
    -0.032405026257038116,
    -0.017253076657652855,
    -0.012477181851863861,
    0.01665777713060379,
    -0.09041465818881989,
    0.0345444418489933,
    -0.06717759370803833,
    0.027630643919110298,
    -0.0019076018361374736,
    -0.018140947446227074,
    0.01310823019593954,
    0.02060713618993759,
    -0.03031843528151512,
    -0.054766375571489334,
    0.07186096906661987,
    -0.017382008954882622,
    -0.048132047057151794,
    0.018169881775975227,
    0.05344565585255623,
    -0.005103091709315777,
    0.05749452859163284,
    0.021023793146014214,
    0.0688088908791542,
    0.0970035120844841,
    -0.02611677162349224,
    0.01337449997663498,
    0.09269454330205917,
    -0.08738846331834793,
    -0.06641747057437897,
    -0.008150131441652775,
    0.01746327430009842,
    -0.01833629235625267,
    -0.010968702845275402,
    -0.013761612586677074,
    -0.12429021298885345,
    -0.04116004705429077,
    0.08298880606889725,
    0.0154556380584836,
    0.07592060416936874,
    -0.027043068781495094,
    0.13490670919418335,
    -0.001131288125179708,
    0.001786247012205422,
    0.04744938388466835,
    -0.05115162581205368,
    0.07386395335197449,
    -0.032233841717243195,
    0.07265734672546387,
    0.001065967371687293,
    0.05206296965479851,
    -0.07582665234804153,
    0.052062101662158966,
    -0.0632241889834404,
    0.0062912642024457455,
    -0.04768441990017891,
    -0.09516402333974838,
    0.08290012925863266,
    -0.06258997321128845,
    -0.05921057239174843,
    0.050204526633024216,
    0.07674484699964523,
    0.06527896970510483,
    -0.06171730160713196,
    -0.02300960011780262,
    -0.03152989223599434,
    -0.03124918043613434,
    0.038672443479299545,
    -0.05313754454255104,
    -0.09395309537649155,
    0.034039486199617386,
    0.019757475703954697,
    0.029036682099103928,
    0.07004320621490479,
    -0.0048980265855789185,
    -0.05310157313942909,
    0.0008840930531732738,
    0.0218674223870039,
    0.013596112839877605,
    0.021673601120710373,
    0.005841576028615236,
    0.02338816039264202,
    0.012122277170419693,
    0.03396444767713547,
    -1.8120728839977338e-32,
    -0.026718754321336746,
    -0.03261240944266319,
    -0.10886213183403015,
    0.03677477687597275,
    0.013653358444571495,
    0.0639510229229927,
    -0.07037429511547089,
    -0.11773309111595154,
    0.06670649349689484,
    -0.06795310974121094,
    -0.02430746890604496,
    0.015107150189578533,
    0.02192106284201145,
    0.04506789520382881,
    -0.06015678495168686,
    -0.08301449567079544,
    -0.022654199972748756,
    -0.014955718070268631,
    0.04954492673277855,
    0.056718505918979645,
    0.07491293549537659,
    0.014368727803230286,
    -0.01830061711370945,
    0.10132058709859848,
    -0.021049587056040764,
    -0.043964315205812454,
    -0.0450863391160965,
    -0.06486867368221283,
    0.08188072592020035,
    0.04311850294470787,
    -0.021103139966726303,
    -0.056894272565841675,
    -0.05527542531490326,
    0.04305630549788475,
    -0.036205120384693146,
    -0.16102217137813568,
    0.1624634861946106,
    -0.05943594500422478,
    -0.028390023857355118,
    0.0041770958341658115,
    -0.0025007890071719885,
    0.06625615805387497,
    0.027830742299556732,
    -0.052334144711494446,
    -0.0053806607611477375,
    0.0076373182237148285,
    -0.001624064752832055,
    0.028129834681749344,
    -0.06667403131723404,
    -0.10128476470708847,
    -0.03012245148420334,
    -0.009517689235508442,
    0.0006829364574514329,
    0.036167632788419724,
    0.006078656297177076,
    -0.004286983981728554,
    0.01895090937614441,
    -0.06395880877971649,
    -0.022081760689616203,
    0.04879932105541229,
    0.032763030380010605,
    0.0597914457321167,
    -0.025198495015501976,
    0.03232116252183914,
    0.025179047137498856,
    0.05339757725596428,
    -0.0615159310400486,
    -0.03526043891906738,
    -0.0039032658096402884,
    -0.035548094660043716,
    0.010800640098750591,
    -0.1148483082652092,
    -0.06058322265744209,
    -0.03353339061141014,
    0.1065974310040474,
    0.06374599784612656,
    -0.021798990666866302,
    -0.04961885139346123,
    -0.09617044776678085,
    0.027324574068188667,
    0.051278505474328995,
    -0.016875915229320526,
    -0.029800143092870712,
    0.025296619161963463,
    -0.0018271381268277764,
    0.10858074575662613,
    0.0044003138318657875,
    -0.07728493213653564,
    0.02899099700152874,
    0.047302715480327606,
    -0.06196369230747223,
    -0.06996367126703262,
    0.0642126128077507,
    -0.015963060781359673,
    -0.058241721242666245,
    -5.2822379359440674e-08,
    -0.009401611052453518,
    -0.011023275554180145,
    0.029253778979182243,
    0.02606610581278801,
    -0.07199110090732574,
    -0.0025209353771060705,
    -0.025272037833929062,
    0.011294027790427208,
    -0.07292164117097855,
    -0.07299581915140152,
    0.0652768537402153,
    0.02700275555253029,
    -0.07697614282369614,
    -0.014254152774810791,
    0.08698871731758118,
    0.00656339805573225,
    -0.019125541672110558,
    0.07451669126749039,
    -0.041701413691043854,
    0.040608733892440796,
    -0.0005868095904588699,
    -0.03495704010128975,
    -0.025762349367141724,
    0.037368789315223694,
    0.035158053040504456,
    0.01743023470044136,
    -0.003871089778840542,
    0.12968793511390686,
    -0.012798363342881203,
    0.0679294541478157,
    -0.007837515324354172,
    0.05761990696191788,
    0.01177749503403902,
    -0.06123805418610573,
    0.033681564033031464,
    -0.006116191390901804,
    0.0014146859757602215,
    0.05986509472131729,
    0.07131028175354004,
    0.03855865076184273,
    -0.029523586854338646,
    0.029420726001262665,
    0.059485141187906265,
    0.05011294409632683,
    0.03456787019968033,
    0.0048797340132296085,
    -0.022057197988033295,
    0.05025814101099968,
    0.028592465445399284,
    -0.07319509983062744,
    0.009146382100880146,
    -0.09530507773160934,
    -0.0020813005976378918,
    -0.0400003120303154,
    0.042131856083869934,
    0.07183510810136795,
    0.06553119421005249,
    0.0044004591181874275,
    -0.023446526378393173,
    -0.06690472364425659,
    0.18136025965213776,
    0.13100102543830872,
    0.1018248200416565,
    -6.840805144747719e-05
]