[
    -0.07378296554088593,
    0.020399969071149826,
    -0.03792864829301834,
    -0.058052536100149155,
    0.0018700159853324294,
    0.0965394601225853,
    -0.044392600655555725,
    0.004170548636466265,
    -0.02546585351228714,
    0.047435127198696136,
    0.0251957718282938,
    -0.05156916007399559,
    0.010606322437524796,
    0.026210622861981392,
    0.04908248037099838,
    0.023068783804774284,
    0.0705743208527565,
    0.0505414679646492,
    -0.03272173926234245,
    0.03939204290509224,
    -0.03228337690234184,
    0.009609878994524479,
    -0.060441795736551285,
    0.028593050315976143,
    -0.06340561807155609,
    -0.04579073563218117,
    -0.03113805502653122,
    -0.04396231845021248,
    0.11262074112892151,
    -0.08917700499296188,
    0.03375377878546715,
    0.042593833059072495,
    -0.017755385488271713,
    0.03433379903435707,
    -0.02677980810403824,
    0.017826059833168983,
    -0.033841416239738464,
    -0.06485242396593094,
    0.0035276825074106455,
    0.012821685522794724,
    -0.042153529822826385,
    -0.031330328434705734,
    -0.06384243071079254,
    -0.04303758963942528,
    -0.013022034429013729,
    0.040531184524297714,
    0.015839869156479836,
    0.021051067858934402,
    -0.002524190815165639,
    -0.001966597978025675,
    -0.08510694652795792,
    -0.019380198791623116,
    0.011608264409005642,
    0.05783083289861679,
    -0.0630747452378273,
    0.0022091770078986883,
    0.00010183728591073304,
    0.057623039931058884,
    -0.06118183210492134,
    -0.017094602808356285,
    0.010329155251383781,
    0.01367788203060627,
    -0.041906073689460754,
    0.02185474894940853,
    0.017689209431409836,
    0.061084624379873276,
    -0.010974535718560219,
    0.016613824293017387,
    0.028100335970520973,
    0.031229056417942047,
    -0.04812460392713547,
    0.04234844446182251,
    0.04185391589999199,
    -0.0027643039356917143,
    -0.05116112530231476,
    0.00505419634282589,
    0.00743227219209075,
    0.03350568562746048,
    -0.01125905942171812,
    -0.05194435268640518,
    -0.06617428362369537,
    0.027626635506749153,
    -0.039741892367601395,
    -0.026762740686535835,
    -0.021448440849781036,
    -0.06794454902410507,
    -0.05566466227173805,
    0.03133764863014221,
    -1.510741094534751e-05,
    0.001757410354912281,
    0.07546958327293396,
    -0.05269251763820648,
    0.06140567734837532,
    -0.0617736279964447,
    0.05998589098453522,
    0.010965099558234215,
    -0.057116392999887466,
    0.03525838255882263,
    0.04831502214074135,
    -0.030025284737348557,
    0.02375194989144802,
    0.07145620882511139,
    0.00742580508813262,
    -0.06718595325946808,
    0.02401013858616352,
    -0.08800174295902252,
    -0.028612326830625534,
    -0.041342683136463165,
    0.08260513842105865,
    -0.006271210499107838,
    0.017604561522603035,
    -0.03756153956055641,
    -0.030504893511533737,
    -0.014007382094860077,
    0.07900471985340118,
    0.004286613315343857,
    -0.03641827404499054,
    0.08522102981805801,
    -0.04030580446124077,
    -0.10561566799879074,
    0.01320547517389059,
    0.0759742334485054,
    -0.010996860451996326,
    -0.05643997713923454,
    0.06653820723295212,
    -0.049967147409915924,
    -0.03566041216254234,
    1.918826285088423e-32,
    -0.03990614786744118,
    -0.06434360146522522,
    -0.058101676404476166,
    0.03503275662660599,
    0.000926831504330039,
    -0.024142155423760414,
    -0.0015387189341709018,
    0.03146445006132126,
    -0.0858641192317009,
    0.10175373405218124,
    0.0242229662835598,
    0.008903645910322666,
    0.016548635438084602,
    -0.0635463148355484,
    -0.08008544147014618,
    0.03565942496061325,
    -0.1264411062002182,
    0.02522999793291092,
    -0.03322044759988785,
    0.02409663237631321,
    0.023210277780890465,
    -0.01612066850066185,
    0.05744638666510582,
    0.011256786063313484,
    -0.041168808937072754,
    -0.024155806750059128,
    0.10587716102600098,
    -0.0040092794224619865,
    -0.04632503166794777,
    -0.002924648579210043,
    0.029757674783468246,
    0.025718124583363533,
    0.03214430809020996,
    -0.007843476720154285,
    0.0701800286769867,
    0.06314145773649216,
    0.0016810212982818484,
    -0.05216158926486969,
    0.08131752908229828,
    -0.015783337876200676,
    -0.0686403214931488,
    0.010441121645271778,
    0.020356830209493637,
    -0.02299812249839306,
    0.03890546038746834,
    -0.03647136315703392,
    -0.039624832570552826,
    -0.060036491602659225,
    0.02505144104361534,
    0.053111739456653595,
    0.0003623873053584248,
    -0.0008705973741598427,
    0.0603630430996418,
    -0.02940271608531475,
    -0.004699896555393934,
    0.04305977374315262,
    -0.07596790790557861,
    0.12238182872533798,
    -0.07167259603738785,
    -0.010216029360890388,
    -0.012524757534265518,
    -0.008992034941911697,
    -0.06552036106586456,
    0.036239705979824066,
    -0.09804803133010864,
    -0.012181253172457218,
    -0.08045056462287903,
    -0.09892329573631287,
    0.07443960756063461,
    -0.029551571235060692,
    -0.03672271966934204,
    0.04639678820967674,
    -0.010765433311462402,
    0.04028480499982834,
    -0.04253032058477402,
    -0.06187426671385765,
    -0.03118504025042057,
    0.017712250351905823,
    0.07340741902589798,
    0.03569312021136284,
    -0.1110537201166153,
    -0.004727236460894346,
    -0.006605489645153284,
    0.02752210944890976,
    0.05499434471130371,
    -0.04643753916025162,
    0.009275508113205433,
    -0.06395023316144943,
    -0.02081240713596344,
    -0.038458820432424545,
    0.05722936615347862,
    -0.03955695778131485,
    -0.008796545676887035,
    0.029557963833212852,
    0.0555376261472702,
    -1.8936820201139526e-32,
    0.01025322638452053,
    -0.05395125597715378,
    -0.09618071466684341,
    0.05816333368420601,
    0.0685453861951828,
    0.012670096941292286,
    -0.049060169607400894,
    -0.04517591744661331,
    -0.00024040331481955945,
    0.04889053478837013,
    -0.02346349135041237,
    0.0012241438962519169,
    -0.02085876278579235,
    0.013955685310065746,
    -0.10178788751363754,
    -0.04808690771460533,
    -0.006594584323465824,
    -0.016190221533179283,
    0.07135635614395142,
    0.03975168243050575,
    0.07867765426635742,
    0.04334785416722298,
    -0.01353152934461832,
    0.0743616595864296,
    0.04456980898976326,
    -0.006347888149321079,
    0.011113819666206837,
    -0.09180506318807602,
    0.10197028517723083,
    0.008338225074112415,
    -0.0264364555478096,
    -0.06902434676885605,
    -0.08127928525209427,
    0.025936447083950043,
    -0.03664982318878174,
    -0.1461026966571808,
    0.16630671918392181,
    -0.07258103787899017,
    -0.021376263350248337,
    0.01520076859742403,
    0.03995649889111519,
    0.05611412972211838,
    -0.02214290015399456,
    -0.07799319922924042,
    -0.02288460172712803,
    -0.035139478743076324,
    0.004417560063302517,
    0.046548258513212204,
    0.005738590378314257,
    -0.09346004575490952,
    0.04113750159740448,
    -0.002140096854418516,
    0.025863852351903915,
    0.018213555216789246,
    0.005549470894038677,
    -0.011077648028731346,
    -0.03740449249744415,
    -0.015494066290557384,
    -0.03758222609758377,
    0.03930012881755829,
    0.0834692195057869,
    0.088888019323349,
    -0.060589030385017395,
    0.020715000107884407,
    0.072557233273983,
    -0.0075874123722314835,
    -0.048466455191373825,
    0.05533236265182495,
    -0.038406942039728165,
    -0.030089477077126503,
    -0.012783646583557129,
    -0.11752337217330933,
    -0.05701369047164917,
    -0.06970599293708801,
    0.09250981360673904,
    0.011434056796133518,
    -0.041608165949583054,
    -0.08377327769994736,
    -0.04427395388484001,
    -0.016012554988265038,
    0.035599905997514725,
    -0.04652661085128784,
    -0.014803514815866947,
    0.07088738679885864,
    0.04699590429663658,
    0.02797119691967964,
    0.06705232709646225,
    -0.00645984522998333,
    0.04107464477419853,
    0.04458193480968475,
    -0.029919179156422615,
    -0.003047708421945572,
    0.02159273624420166,
    0.06388851255178452,
    -0.021601779386401176,
    -5.4644466729314445e-08,
    -0.001808801433071494,
    -0.026423610746860504,
    -0.02884441800415516,
    -0.044260505586862564,
    -0.04800545424222946,
    -0.055209435522556305,
    -0.04232940450310707,
    -0.028349587693810463,
    -0.1185351237654686,
    -0.06305170804262161,
    0.026032304391264915,
    -0.03641912341117859,
    -0.03296051174402237,
    -0.015874411910772324,
    0.03523017093539238,
    -0.031210320070385933,
    -0.05043406784534454,
    -0.018945245072245598,
    -0.0660172700881958,
    0.018270963802933693,
    0.02560391277074814,
    -0.08341333270072937,
    -0.04464098811149597,
    0.04090585932135582,
    0.020374681800603867,
    0.0365130640566349,
    -0.010623137466609478,
    0.10621237009763718,
    0.011712132021784782,
    -0.0037184515967965126,
    -0.04243072494864464,
    0.0069635966792702675,
    0.030420908704400063,
    -0.08090019226074219,
    0.03877308592200279,
    0.010713784955441952,
    0.009408924728631973,
    0.028255309909582138,
    0.11802960187196732,
    0.025696266442537308,
    -0.0562678724527359,
    0.0201609767973423,
    0.0591098926961422,
    0.050357475876808167,
    -0.005320668686181307,
    0.008844335563480854,
    -0.07756135612726212,
    0.04644365236163139,
    -0.01686982437968254,
    -0.10149367898702621,
    -0.03275314345955849,
    -0.048506960272789,
    -0.007483502849936485,
    0.02806478925049305,
    0.04092968627810478,
    0.0878855511546135,
    0.11017084866762161,
    0.03302862495183945,
    0.0195890124887228,
    -0.04074830561876297,
    0.18714693188667297,
    0.1422881782054901,
    0.07505076378583908,
    0.008079740218818188
]