[
    -0.01723761297762394,
    0.060298752039670944,
    -0.0638006180524826,
    -0.08679903298616409,
    -0.04110458493232727,
    0.03076545149087906,
    0.026808984577655792,
    -0.00584257859736681,
    0.004011910874396563,
    0.0023664706386625767,
    0.009545840322971344,
    0.03438013419508934,
    -0.03521791845560074,
    -0.05927800014615059,
    0.05846717581152916,
    -0.014748778194189072,
    0.036215890198946,
    0.05675211548805237,
    -0.09584759175777435,
    0.10231173038482666,
    -0.011166498064994812,
    0.0626889169216156,
    -0.04582059383392334,
    0.021044977009296417,
    -0.07448200136423111,
    -0.013062182813882828,
    0.018536774441599846,
    -0.07832856476306915,
    0.07597657293081284,
    -0.030385134741663933,
    0.04849625378847122,
    -0.012217829003930092,
    0.09609229862689972,
    0.12106266617774963,
    -0.04558724910020828,
    -0.07056310027837753,
    -0.04648317024111748,
    0.04250204563140869,
    -0.057870250195264816,
    0.028924304991960526,
    -0.015264786779880524,
    -0.03513363376259804,
    -0.06648468971252441,
    0.0121766347438097,
    0.04040201008319855,
    0.05961822718381882,
    -0.046505846083164215,
    0.0009831177303567529,
    0.010003479197621346,
    0.03398268669843674,
    -0.07561039924621582,
    -0.0057574170641601086,
    -0.07551443576812744,
    0.06922430545091629,
    -0.04063120484352112,
    -0.07508358359336853,
    -0.04442852362990379,
    -0.033668890595436096,
    -0.07613199949264526,
    0.01285761408507824,
    0.06177298724651337,
    -0.012214922346174717,
    0.044343821704387665,
    0.07140621542930603,
    -0.020073939114809036,
    0.08181358128786087,
    0.03850439935922623,
    -0.042618487030267715,
    0.02746652439236641,
    -0.058515965938568115,
    -0.0286476518958807,
    -0.027788419276475906,
    0.03545307368040085,
    0.01515894290059805,
    0.009849421679973602,
    -0.055512428283691406,
    -0.04804132133722305,
    0.01609242521226406,
    0.01471029594540596,
    -0.08203829824924469,
    -0.06669832766056061,
    0.032587260007858276,
    0.009352331981062889,
    0.0403997078537941,
    -0.07705704122781754,
    0.03457185998558998,
    -0.0007357183494605124,
    0.01793990097939968,
    -0.04444058611989021,
    -0.03072204813361168,
    0.012021733447909355,
    -0.07146009057760239,
    0.09277444332838058,
    -0.034800294786691666,
    0.11344070732593536,
    -0.0253639817237854,
    -0.0006595884333364666,
    -0.11359042674303055,
    -0.0035359798930585384,
    -0.044434186071157455,
    -0.034126345068216324,
    0.015371720306575298,
    0.007064322009682655,
    0.009363491088151932,
    -0.01853284053504467,
    -0.04190485551953316,
    0.02025298960506916,
    -0.03981368988752365,
    0.03911791741847992,
    0.057740624994039536,
    -0.015848645940423012,
    -0.018071141093969345,
    -0.06630738824605942,
    -0.10442516207695007,
    0.07461417466402054,
    -0.02596127986907959,
    -0.02956816926598549,
    0.06445696949958801,
    0.06690521538257599,
    -0.041343118995428085,
    -0.03335205838084221,
    -0.03293284401297569,
    -0.031532417982816696,
    -0.061056043952703476,
    -0.024457115679979324,
    -0.008916073478758335,
    -0.037664029747247696,
    1.699602906942202e-32,
    -0.06117361783981323,
    0.030695579946041107,
    -0.059993963688611984,
    0.055842798203229904,
    -0.016749052330851555,
    0.02704295516014099,
    0.027638264000415802,
    -0.022967496886849403,
    -0.052318502217531204,
    0.05026184394955635,
    0.010560781694948673,
    0.047028735280036926,
    0.012886003591120243,
    -0.0064023989252746105,
    -0.06867297738790512,
    0.10384701937437057,
    -0.01138930581510067,
    0.09805209189653397,
    -0.010706533677875996,
    0.06254512816667557,
    0.08753587305545807,
    0.05078430101275444,
    -0.012775964103639126,
    0.03773064538836479,
    -0.052564866840839386,
    0.014041215181350708,
    0.0536242239177227,
    -0.02785617485642433,
    0.032729364931583405,
    0.001861964468844235,
    0.03126255422830582,
    0.03578057140111923,
    0.050318289548158646,
    -0.05697140097618103,
    0.07999121397733688,
    0.12308741360902786,
    0.05361305549740791,
    -0.04465207830071449,
    0.08418440073728561,
    -0.04265768826007843,
    -0.048094578087329865,
    -0.029593463987112045,
    0.019990503787994385,
    0.017453815788030624,
    0.01821894571185112,
    -0.02528403513133526,
    -0.03181825578212738,
    0.005280036013573408,
    -0.03321782499551773,
    0.03414246439933777,
    -0.09730183333158493,
    0.04287704452872276,
    -0.013722931034862995,
    -0.0511239618062973,
    -0.008867708034813404,
    -0.022554246708750725,
    -0.07718835771083832,
    0.06646692752838135,
    -0.09758946299552917,
    0.019759949296712875,
    -0.01191922090947628,
    0.05180847644805908,
    -0.014550573192536831,
    -0.003740514861419797,
    -0.0362594909965992,
    -0.09687822312116623,
    -0.033914994448423386,
    -0.07245171070098877,
    0.054372500628232956,
    -0.02094794251024723,
    -0.017364123836159706,
    0.07277246564626694,
    -0.010184546932578087,
    0.00731094041839242,
    -0.008143101818859577,
    -0.008305584080517292,
    0.03084244765341282,
    -0.06227424740791321,
    0.022907910868525505,
    0.028768392279744148,
    -0.0911693274974823,
    0.033202070742845535,
    0.03275233134627342,
    0.04245554283261299,
    -0.06326711177825928,
    0.04049293324351311,
    0.022046517580747604,
    0.0371410958468914,
    -0.011925709433853626,
    -0.01593461073935032,
    0.014890206977725029,
    0.04538735747337341,
    0.03390258923172951,
    0.048126958310604095,
    -0.06127389520406723,
    -1.828615469060062e-32,
    -0.04937170818448067,
    -0.05781281366944313,
    -0.09934819489717484,
    0.021045031026005745,
    0.09769812226295471,
    -0.0017961303237825632,
    -0.023421473801136017,
    -0.04689061641693115,
    0.0676572322845459,
    0.030438818037509918,
    0.004079745151102543,
    -0.09698883444070816,
    -0.005999760236591101,
    -0.007643071468919516,
    -0.03315918147563934,
    0.04218991845846176,
    -0.0831361711025238,
    -0.05407993495464325,
    -0.002111661946401,
    0.11275612562894821,
    -0.02701866254210472,
    -0.0034843599423766136,
    -0.03545169532299042,
    0.1007346510887146,
    0.04319916293025017,
    0.03261883556842804,
    -0.021847227588295937,
    0.0011611742665991187,
    0.09332610666751862,
    -0.04672924056649208,
    -0.055161792784929276,
    -0.034048713743686676,
    -0.0828171819448471,
    -0.02934972383081913,
    -0.12306930124759674,
    -0.1483800858259201,
    0.05717216804623604,
    0.007743502967059612,
    -0.03952496498823166,
    -0.015337512828409672,
    0.0627899020910263,
    0.04727458208799362,
    -0.025731228291988373,
    -0.06870363652706146,
    0.0096865464001894,
    -0.03578691929578781,
    0.07516700774431229,
    -0.021481379866600037,
    0.0168931782245636,
    0.02831173874437809,
    0.09387845546007156,
    -0.04595397412776947,
    0.04050866514444351,
    0.03202960267663002,
    -0.045732177793979645,
    0.034420691430568695,
    0.037809569388628006,
    -0.006329771596938372,
    -0.04282588139176369,
    -0.00040978091419674456,
    0.09110619127750397,
    0.026977818459272385,
    -0.050214000046253204,
    0.10116270184516907,
    -0.019231613725423813,
    -0.007277544587850571,
    -0.03144550696015358,
    -0.07696591317653656,
    -0.0674675703048706,
    -0.08242353796958923,
    -0.07847974449396133,
    -0.15807847678661346,
    -0.05439618229866028,
    -0.09586260467767715,
    0.0937374085187912,
    -0.06488966941833496,
    -0.05289147421717644,
    -0.08210716396570206,
    -0.0604400560259819,
    -0.007705274503678083,
    0.09746085852384567,
    -0.0032028411515057087,
    -0.0592036098241806,
    0.03984983637928963,
    0.015206290408968925,
    -0.0026738964952528477,
    0.05474410578608513,
    -0.024075161665678024,
    -0.006693151779472828,
    0.04965360835194588,
    -0.04710070416331291,
    0.014625255949795246,
    -0.12019295245409012,
    -0.0044285450130701065,
    -0.0680723637342453,
    -5.245855660973575e-08,
    0.0174598079174757,
    0.07588867843151093,
    0.015597805380821228,
    -0.0025153476744890213,
    -0.028758646920323372,
    -0.055501844733953476,
    -0.029965272173285484,
    -0.028833996504545212,
    -0.02604537084698677,
    -0.028520427644252777,
    0.02283315546810627,
    0.04990840703248978,
    -0.013834567740559578,
    -0.0032211707439273596,
    0.07649999856948853,
    -0.01011946052312851,
    -0.052870918065309525,
    -0.0687335953116417,
    -0.010325171053409576,
    0.05223981663584709,
    -0.03404417634010315,
    -0.056255120784044266,
    -0.042460810393095016,
    0.03477883338928223,
    0.005597377195954323,
    0.06245642900466919,
    -0.0025715946685522795,
    0.03490165248513222,
    0.018832869827747345,
    0.059191059321165085,
    -0.053659841418266296,
    0.03324640542268753,
    0.00789575558155775,
    0.018395617604255676,
    -0.06410034745931625,
    -0.03479199483990669,
    -0.000944911502301693,
    0.020167825743556023,
    0.05238571763038635,
    -0.017125427722930908,
    0.012287944555282593,
    0.009948893450200558,
    -0.009194017387926579,
    0.061857908964157104,
    -0.0009374447981826961,
    -0.028395026922225952,
    -0.004986337851732969,
    -0.017038190737366676,
    -0.0200835969299078,
    -0.05843530595302582,
    -0.023218536749482155,
    -0.05135571211576462,
    0.10345533490180969,
    0.02038641646504402,
    0.00796731561422348,
    0.06327655166387558,
    0.06201412156224251,
    0.05469613894820213,
    -0.041251953691244125,
    -0.02997526526451111,
    0.09768804907798767,
    0.05510103330016136,
    0.01917625591158867,
    -0.02929932065308094
]