[
    -0.007602316793054342,
    0.0038387433160096407,
    -0.021977918222546577,
    -0.035951003432273865,
    -0.018602702766656876,
    0.03825405612587929,
    -0.06276113539934158,
    -0.026428978890180588,
    -0.009588729590177536,
    0.012801495380699635,
    0.05017783120274544,
    -0.04302225634455681,
    -0.00022457941668108106,
    -0.04439373314380646,
    0.07504685968160629,
    -0.028150547295808792,
    0.07674282044172287,
    0.06274265795946121,
    -0.10829637944698334,
    0.026954904198646545,
    0.03254471719264984,
    0.08316727727651596,
    -0.03809509053826332,
    0.009381644427776337,
    -0.15675075352191925,
    -0.01829531416296959,
    -0.034408096224069595,
    -0.09873973578214645,
    0.034339603036642075,
    -0.03950193151831627,
    0.012438091449439526,
    0.00407845014706254,
    0.030773594975471497,
    0.08774732053279877,
    -0.022369256243109703,
    0.029718341305851936,
    -0.004269248805940151,
    0.030424639582633972,
    -0.0022970594000071287,
    -0.016656888648867607,
    -0.055035993456840515,
    -0.06373460590839386,
    -0.026919493451714516,
    -0.018823416903614998,
    0.06723321229219437,
    -0.04509102180600166,
    -0.07031845301389694,
    -0.04096787050366402,
    -0.019911902025341988,
    0.000755959190428257,
    -0.04059923440217972,
    -0.0547458715736866,
    -0.028280416503548622,
    0.0725758895277977,
    -0.06777649372816086,
    -0.059915781021118164,
    -0.0015397494425997138,
    -0.0083187036216259,
    -0.0583365298807621,
    -0.005433871876448393,
    0.01097441092133522,
    -0.03314606845378876,
    0.001515270909294486,
    0.09198454767465591,
    -0.05109092965722084,
    0.03371354565024376,
    -0.009042765013873577,
    -0.06023881584405899,
    0.008240371942520142,
    0.042245279997587204,
    -0.1037815660238266,
    -0.025196705013513565,
    0.02088065817952156,
    0.06588521599769592,
    -0.013166400603950024,
    0.019247496500611305,
    -0.06276597827672958,
    0.043098874390125275,
    0.08626461029052734,
    -0.11307398974895477,
    -0.025931894779205322,
    0.05459251254796982,
    0.02506709285080433,
    0.11311251670122147,
    -0.04200549051165581,
    -0.042568501085042953,
    -0.02243117056787014,
    -0.025874363258481026,
    -0.031211765483021736,
    -0.05384529009461403,
    0.08978217095136642,
    -0.011444997042417526,
    0.08011522144079208,
    -0.06744805723428726,
    0.007386464625597,
    -0.07365347445011139,
    -0.002575693652033806,
    -0.019396033138036728,
    0.0042930482886731625,
    -0.019461819902062416,
    -0.0001293378882110119,
    0.012351484037935734,
    -0.06615785509347916,
    -0.007016676478087902,
    -0.05263824015855789,
    -0.07870741188526154,
    0.015320491045713425,
    -0.01502083707600832,
    0.04329683631658554,
    0.046161919832229614,
    0.014346128329634666,
    0.011227168142795563,
    -0.049693427979946136,
    -0.12767936289310455,
    0.02967197261750698,
    -0.025576310232281685,
    -0.027257008478045464,
    0.05497187003493309,
    0.049772657454013824,
    0.02406821772456169,
    -0.015803387388586998,
    -0.02103346213698387,
    -0.052280016243457794,
    -0.1075209304690361,
    0.053329240530729294,
    0.057065948843955994,
    -0.02827303111553192,
    1.9385894307984165e-32,
    0.0439830981194973,
    0.06307127326726913,
    -0.03254667669534683,
    0.012868373654782772,
    0.014920945279300213,
    -0.011346811428666115,
    0.01564772240817547,
    -0.05033022537827492,
    -0.01848110929131508,
    0.060280442237854004,
    -0.025226587429642677,
    0.054863639175891876,
    -0.023785781115293503,
    0.006269237492233515,
    -0.03687668964266777,
    -0.008201517164707184,
    0.03208347037434578,
    0.0779581069946289,
    -0.031030459329485893,
    0.09012207388877869,
    0.02478531375527382,
    -0.051406923681497574,
    0.03338479623198509,
    -0.007130735088139772,
    0.009400720708072186,
    -0.013597204349935055,
    0.02667229436337948,
    -0.021355098113417625,
    0.005254268646240234,
    0.01592758297920227,
    0.030244240537285805,
    0.01625971309840679,
    0.011919355019927025,
    -0.029776640236377716,
    0.0074399602599442005,
    0.04645877704024315,
    0.06057849898934364,
    -0.0770442932844162,
    0.07966935634613037,
    -0.0673634260892868,
    -0.030606701970100403,
    0.03136584162712097,
    0.04844006896018982,
    -0.0056670475751161575,
    0.03704669699072838,
    -0.020900608971714973,
    0.04057435318827629,
    -0.02534906566143036,
    0.07364219427108765,
    0.038710515946149826,
    -0.00753641314804554,
    -0.01602781191468239,
    0.05653579160571098,
    0.0023577234242111444,
    0.01408572867512703,
    -0.005430092103779316,
    -0.011346994899213314,
    0.01765592209994793,
    -0.03107646107673645,
    0.07206099480390549,
    -0.029768992215394974,
    0.019214533269405365,
    -0.02282504364848137,
    0.032135140150785446,
    0.00176764908246696,
    -0.050452399998903275,
    -0.02199091948568821,
    -0.06198571249842644,
    0.06789223104715347,
    -0.00045787871931679547,
    -0.08872099220752716,
    0.08452166616916656,
    -0.01505831815302372,
    0.019642909988760948,
    -0.053361453115940094,
    -0.059728384017944336,
    -0.014986724592745304,
    -0.011416858062148094,
    0.039091531187295914,
    0.014655359089374542,
    -0.11577592045068741,
    0.014387870207428932,
    -0.003327400889247656,
    0.06174760311841965,
    -0.003947003744542599,
    -0.041833776980638504,
    0.06020819768309593,
    0.08910339325666428,
    -0.0790003314614296,
    -0.07736865431070328,
    -0.016098476946353912,
    -0.006133194547146559,
    0.05835939943790436,
    0.07333971560001373,
    0.022744551301002502,
    -1.9704982249514875e-32,
    0.0008236313587985933,
    -0.01301660668104887,
    -0.0302765890955925,
    -0.005755939055234194,
    0.029737401753664017,
    0.014339790679514408,
    -0.03731672838330269,
    -0.1292291134595871,
    0.09269359707832336,
    -0.023823557421565056,
    0.026144929230213165,
    -0.007618376053869724,
    0.0025479586329311132,
    -0.00910536665469408,
    -0.050307128578424454,
    -0.008115295320749283,
    -0.08701569586992264,
    -0.021421978250145912,
    -0.002599069382995367,
    0.059792082756757736,
    0.03536571189761162,
    -0.030025966465473175,
    0.0030921301804482937,
    0.10401808470487595,
    0.03314340114593506,
    0.08190647512674332,
    -0.016776949167251587,
    -0.019921446219086647,
    0.07348227500915527,
    -0.06131800264120102,
    -0.030031880363821983,
    -0.03918105363845825,
    -0.00807116087526083,
    0.03776192665100098,
    -0.05901078134775162,
    -0.16511309146881104,
    0.04859398677945137,
    -0.07665896415710449,
    -0.0321035198867321,
    -0.006605826783925295,
    0.06497480720281601,
    0.03420835733413696,
    -0.03246254473924637,
    0.04506949707865715,
    -0.0001981581881409511,
    -0.10057581216096878,
    0.028258688747882843,
    -0.04027097672224045,
    -0.03757529705762863,
    -0.023320244625210762,
    0.01029856689274311,
    -0.05078219622373581,
    -0.015445866622030735,
    0.07970324903726578,
    -0.03914624825119972,
    0.06681762635707855,
    0.011573363095521927,
    -0.025775237008929253,
    -0.061794862151145935,
    -0.025211675092577934,
    0.07600945234298706,
    0.08915938436985016,
    -0.02622337080538273,
    0.03217021003365517,
    0.05594633147120476,
    -0.05951377749443054,
    0.01506994478404522,
    -0.06589040905237198,
    -0.04627314209938049,
    -0.06855831295251846,
    -0.06751973927021027,
    -0.10680798441171646,
    -0.04873840510845184,
    -0.10618411749601364,
    0.12462712079286575,
    -0.06417963653802872,
    -0.045167844742536545,
    -0.12741173803806305,
    -0.07450100034475327,
    0.05390703305602074,
    0.04317636042833328,
    -0.010152243077754974,
    -0.020695911720395088,
    0.029416220262646675,
    -0.0335230752825737,
    0.03114933706820011,
    0.052350789308547974,
    -0.030686652287840843,
    0.016176708042621613,
    0.07710886001586914,
    -0.09470751881599426,
    -0.03031560406088829,
    -0.029002096503973007,
    0.022947097197175026,
    -0.09087783843278885,
    -5.841926764560412e-08,
    -0.038012079894542694,
    0.025434093549847603,
    0.0050314730033278465,
    -0.05198170989751816,
    0.019096845760941505,
    -0.04090913012623787,
    -0.08050426095724106,
    -0.0019149830332025886,
    -0.04784837365150452,
    -0.06986169517040253,
    0.06964313983917236,
    0.027229560539126396,
    -0.042890939861536026,
    -0.09539874643087387,
    0.1074526309967041,
    -0.022471755743026733,
    -0.054038017988204956,
    0.013925984501838684,
    -0.07960131764411926,
    0.05843082442879677,
    -0.07564821094274521,
    -0.02017565444111824,
    -0.07989440858364105,
    -0.042527567595243454,
    0.04884720593690872,
    0.027966396883130074,
    -0.034635499119758606,
    0.049013007432222366,
    0.07671795785427094,
    0.07302869111299515,
    -0.0024785383138805628,
    -0.01735229603946209,
    0.08520251512527466,
    -0.018569186329841614,
    -0.05950995534658432,
    -0.03225443884730339,
    0.050240714102983475,
    -0.019058285281062126,
    0.07881329953670502,
    -0.0036030560731887817,
    0.008850716054439545,
    0.018297448754310608,
    0.043659552931785583,
    0.08875779062509537,
    -0.005375709384679794,
    -0.044648077338933945,
    -0.02594265341758728,
    0.024405525997281075,
    -0.009874212555587292,
    -0.13194814324378967,
    -0.005295070819556713,
    -0.03314037248492241,
    0.04050925001502037,
    0.0450475700199604,
    -0.0719083845615387,
    0.06271820515394211,
    0.04248536378145218,
    0.025621801614761353,
    -0.01758798211812973,
    0.03033251129090786,
    0.10762763023376465,
    0.029219575226306915,
    0.0644187331199646,
    -0.026821088045835495
]