[
    -0.09271717071533203,
    -0.005346717778593302,
    0.006822951138019562,
    -0.086799256503582,
    -0.08567000180482864,
    0.0014578819973394275,
    -0.04413392022252083,
    0.0008911453187465668,
    0.04201678931713104,
    0.028888719156384468,
    0.02459121122956276,
    -0.009404422715306282,
    0.010284293442964554,
    -0.007495613768696785,
    0.07462765276432037,
    0.02671799436211586,
    0.12866470217704773,
    -0.0111934132874012,
    -0.031215710565447807,
    0.031047379598021507,
    0.061753857880830765,
    0.018473947420716286,
    -0.07061666250228882,
    0.004999727476388216,
    -0.11564228683710098,
    -0.008698231540620327,
    -0.03408680483698845,
    -0.016308195888996124,
    0.09798776358366013,
    -0.05804964527487755,
    0.04274528846144676,
    0.01511126197874546,
    0.03438721224665642,
    0.04013177379965782,
    0.037259068340063095,
    0.006691060494631529,
    0.03409099578857422,
    -0.08542922139167786,
    0.04452754184603691,
    0.04125989228487015,
    -0.024698419496417046,
    -0.03978859260678291,
    -0.0498734787106514,
    -0.029958663508296013,
    0.007341614458709955,
    0.031729526817798615,
    -0.0033862635027617216,
    0.0028224585112184286,
    -0.031978052109479904,
    0.00880771316587925,
    -0.07665885984897614,
    -0.04567114636301994,
    -0.053015805780887604,
    0.09629660099744797,
    -0.041860513389110565,
    -0.05746879056096077,
    0.021039841696619987,
    -9.371159103466198e-05,
    0.014087852090597153,
    -0.013117234222590923,
    0.0008555494714528322,
    0.02727368287742138,
    -0.045986585319042206,
    0.013977646827697754,
    -0.005650119390338659,
    0.02107762172818184,
    -0.006732135079801083,
    -0.008302128873765469,
    0.008228415623307228,
    0.0547291599214077,
    -0.010936485603451729,
    0.03321664407849312,
    -0.008464799262583256,
    0.033325277268886566,
    -0.08231890201568604,
    -0.01994198188185692,
    -0.020757779479026794,
    0.0037775468081235886,
    -0.006254830397665501,
    -0.15055179595947266,
    -0.037617992609739304,
    0.015627894550561905,
    -0.014309138059616089,
    0.022263357415795326,
    -0.0557849183678627,
    -0.06136368215084076,
    -0.008830162696540356,
    -0.022468097507953644,
    -0.015636391937732697,
    0.05233518034219742,
    0.045331019908189774,
    -0.077456995844841,
    0.1056552603840828,
    -0.07924860715866089,
    0.042451344430446625,
    0.0012172131100669503,
    0.04199032485485077,
    -0.0713944360613823,
    0.04129980131983757,
    -0.0014191765803843737,
    0.018491607159376144,
    0.08571732044219971,
    -0.03625498712062836,
    -0.03967418149113655,
    -0.02696217969059944,
    -0.03505091369152069,
    -0.0389932356774807,
    -0.014899617061018944,
    0.03341962397098541,
    0.0665741041302681,
    0.019064756110310555,
    -0.0012918423162773252,
    -0.07144016772508621,
    -0.07431700080633163,
    0.07838229089975357,
    0.012249773368239403,
    0.03445408120751381,
    0.15014685690402985,
    0.005804675631225109,
    -0.09535733610391617,
    -0.042931754142045975,
    0.008468488231301308,
    -0.046588532626628876,
    -0.07559911161661148,
    0.025136472657322884,
    -0.025963442400097847,
    0.005741271656006575,
    2.076279051403665e-32,
    0.0006922190077602863,
    -0.012775135226547718,
    -0.09624060988426208,
    0.05858129262924194,
    0.05014071241021156,
    -0.016295824199914932,
    0.000365535233868286,
    -0.012335388921201229,
    -0.04065478965640068,
    0.030437935143709183,
    -0.025381000712513924,
    -0.047057006508111954,
    0.013521830551326275,
    -0.07704512029886246,
    -0.10610344260931015,
    0.02239071950316429,
    -0.002290613017976284,
    0.05464832857251167,
    -0.040681228041648865,
    0.03733150288462639,
    0.03831141069531441,
    -0.05064811557531357,
    0.036042340099811554,
    0.046664804220199585,
    -0.029030941426753998,
    -0.012391243129968643,
    0.0641857236623764,
    0.004028548486530781,
    -0.031980250030756,
    -0.0018878746777772903,
    0.0691254734992981,
    0.02822755090892315,
    0.06795819103717804,
    0.04120862856507301,
    0.03249877318739891,
    0.10204511135816574,
    0.01429996732622385,
    -0.1068478524684906,
    0.06541119515895844,
    -0.09488353878259659,
    -0.07716261595487595,
    0.025189928710460663,
    0.008888356387615204,
    0.010425827465951443,
    -0.0038262491580098867,
    -0.03398624807596207,
    -0.0016015480505302548,
    0.021166367456316948,
    0.07415486127138138,
    0.0673331469297409,
    -0.020749403163790703,
    -0.0013325591571629047,
    0.041262976825237274,
    -0.0535513274371624,
    0.019205735996365547,
    0.011996307410299778,
    -0.050089649856090546,
    0.06041746959090233,
    -0.013894003815948963,
    0.0178192388266325,
    -0.031341250985860825,
    -0.012262187898159027,
    -0.017852721735835075,
    0.04483675956726074,
    0.03417909890413284,
    -0.09875637292861938,
    -0.06411506980657578,
    -0.04500756785273552,
    0.08598057925701141,
    -0.07792320102453232,
    -0.013310577720403671,
    0.08277259767055511,
    0.01841757632791996,
    0.029506471008062363,
    -0.029025619849562645,
    -0.0010855322470888495,
    0.02033894881606102,
    -0.0548173189163208,
    0.056033581495285034,
    0.02402477152645588,
    -0.11725325137376785,
    -0.02095283567905426,
    0.05628802999854088,
    0.04256800562143326,
    0.03281572088599205,
    -0.0017509529134258628,
    0.03964770957827568,
    -0.023271752521395683,
    -0.022952385246753693,
    -0.005652324762195349,
    0.04828280955553055,
    -0.0213495921343565,
    0.017201272770762444,
    0.029290886595845222,
    0.07424522191286087,
    -1.9670419776864822e-32,
    -0.020919447764754295,
    -0.08821069449186325,
    -0.14251382648944855,
    0.07370075583457947,
    0.028806613758206367,
    0.014815758913755417,
    -0.08792352676391602,
    -0.05838937312364578,
    -0.0022648570593446493,
    0.06130499765276909,
    -0.032750632613897324,
    -0.02478017285466194,
    0.018976153805851936,
    -0.015037833712995052,
    -0.06781595200300217,
    -0.038151033222675323,
    0.04157024249434471,
    -0.039295367896556854,
    0.03628692775964737,
    0.05090276896953583,
    0.008121462538838387,
    -0.01638512872159481,
    0.06228851154446602,
    0.08822762221097946,
    0.07901587337255478,
    0.0004754298133775592,
    -0.011703887023031712,
    -0.03125828132033348,
    0.015204863622784615,
    0.030023349449038506,
    0.008695092052221298,
    -0.04908110201358795,
    -0.04788908362388611,
    0.037483930587768555,
    -0.03587602823972702,
    -0.14400771260261536,
    0.10288333892822266,
    0.015253222547471523,
    -0.05569783225655556,
    -0.03700898215174675,
    0.04056379944086075,
    0.10766299068927765,
    0.03453764319419861,
    -0.048323795199394226,
    -0.02825990878045559,
    -0.05503801628947258,
    0.0835154578089714,
    -0.021449049934744835,
    0.006733769550919533,
    -0.018308356404304504,
    -0.01674371212720871,
    -0.05467105656862259,
    0.009638559073209763,
    0.0021476284600794315,
    -0.050288017839193344,
    0.007987519726157188,
    -0.036252956837415695,
    0.0037342316936701536,
    0.0041770366951823235,
    -0.0166190005838871,
    0.10074815154075623,
    0.07754373550415039,
    -0.014893791638314724,
    0.02551368996500969,
    0.06896907091140747,
    -0.01805795542895794,
    -0.059114519506692886,
    -0.0195566825568676,
    -0.024172818288207054,
    -0.07807698100805283,
    -0.04982016980648041,
    -0.152229905128479,
    -0.007154555991292,
    -0.07264084368944168,
    0.10430782288312912,
    -0.07597153633832932,
    0.01658766344189644,
    -0.08185069262981415,
    -0.09528287500143051,
    -0.060727644711732864,
    0.07310252636671066,
    0.05266678333282471,
    -0.10416831076145172,
    0.053192220628261566,
    -0.047194529324769974,
    0.07144232839345932,
    0.08727913349866867,
    -0.0019049483817070723,
    0.007787919137626886,
    0.08493051677942276,
    -0.06029689311981201,
    0.05578385666012764,
    0.006278193090111017,
    0.03766917437314987,
    -0.03429833799600601,
    -5.283678916612189e-08,
    -0.04285997524857521,
    0.06756407022476196,
    0.03374479338526726,
    -0.04588192328810692,
    -0.002227890770882368,
    -0.05269767716526985,
    -0.026667321100831032,
    -0.0177581999450922,
    -0.038226671516895294,
    -0.09147445857524872,
    -0.018831763416528702,
    -0.029870009049773216,
    0.03454231098294258,
    -0.05022208392620087,
    0.02967745065689087,
    -0.030511479824781418,
    0.03623164817690849,
    -0.05636594444513321,
    -0.10936795920133591,
    0.022055532783269882,
    -0.009176276624202728,
    -0.06664954870939255,
    -0.0031399831641465425,
    0.020555302500724792,
    0.024235457181930542,
    -0.0022213859483599663,
    -0.027849672362208366,
    0.02167096920311451,
    0.06115667149424553,
    0.01809864491224289,
    -0.06086603179574013,
    0.08245264738798141,
    0.05327654257416725,
    -0.07426439225673676,
    -0.04198378697037697,
    0.014992020092904568,
    0.00586512079462409,
    0.012824744917452335,
    0.05986889451742172,
    -0.008221237920224667,
    -0.038008205592632294,
    0.012706195935606956,
    0.024872276932001114,
    0.05688559263944626,
    0.027147166430950165,
    0.00470495643094182,
    -0.03837689757347107,
    0.03431983292102814,
    -0.039122335612773895,
    -0.05170254781842232,
    -0.03805789351463318,
    -0.10855287313461304,
    0.04972872883081436,
    0.03031456097960472,
    0.01323432382196188,
    0.04936835169792175,
    0.0831984281539917,
    0.041413262486457825,
    0.058169834315776825,
    -0.0165860652923584,
    0.10171108692884445,
    0.0873078852891922,
    0.05638797581195831,
    -0.019599076360464096
]