[
    -0.02191746234893799,
    0.015308829955756664,
    0.01320739183574915,
    -0.04540759697556496,
    0.009089003317058086,
    0.08402692526578903,
    -0.05794268846511841,
    -0.012631474062800407,
    -0.060773275792598724,
    0.038903262466192245,
    0.015424954704940319,
    -0.010120449587702751,
    0.008251873776316643,
    -0.029505334794521332,
    0.047309283167123795,
    0.0033475146628916264,
    0.0683155432343483,
    0.05031401291489601,
    -0.11917030811309814,
    0.04801261052489281,
    0.10573612153530121,
    0.05065451189875603,
    -0.12906032800674438,
    0.014754966832697392,
    -0.08401750028133392,
    -0.0191727876663208,
    -0.04524077847599983,
    -0.023452509194612503,
    0.049830999225378036,
    -0.051019031554460526,
    -0.032953351736068726,
    0.022692734375596046,
    -0.0012945792404934764,
    0.028142262250185013,
    -0.012853283435106277,
    -0.016690542921423912,
    0.010151868686079979,
    -0.0033955227117985487,
    0.03210598975419998,
    0.01921973004937172,
    -0.07966277003288269,
    -0.050051528960466385,
    -0.05309267342090607,
    0.0018530585803091526,
    -0.006911484524607658,
    -0.014368752017617226,
    -0.03586428612470627,
    -0.06286545842885971,
    -0.04245619848370552,
    -0.018064891919493675,
    -0.05284878984093666,
    0.0050232382491230965,
    -0.04008495807647705,
    0.05716758593916893,
    0.0027969121001660824,
    -0.060721851885318756,
    0.008875277824699879,
    0.030059700831770897,
    -0.07187091559171677,
    -0.023155519738793373,
    0.04074025899171829,
    -0.025104517117142677,
    -0.07624904066324234,
    0.051569197326898575,
    -0.020347578451037407,
    0.04948773607611656,
    -0.0469084195792675,
    -0.08581091463565826,
    0.038896217942237854,
    -0.010128804482519627,
    -0.09921245276927948,
    0.03151046484708786,
    -0.004659584257751703,
    0.07267875224351883,
    -0.006981510203331709,
    0.024950113147497177,
    -0.008154382929205894,
    0.05567103996872902,
    0.05030755326151848,
    -0.14547131955623627,
    -0.037746328860521317,
    0.050753816962242126,
    0.03568468242883682,
    0.013668940402567387,
    -0.018367648124694824,
    -0.005828179884701967,
    -0.032151345163583755,
    -0.00022037098824512213,
    0.012475232593715191,
    -0.023457808420062065,
    0.04237264022231102,
    -0.10077337920665741,
    0.13924640417099,
    -0.03583570569753647,
    0.05074014142155647,
    0.012339521199464798,
    -0.015124594792723656,
    -0.12018248438835144,
    0.06241125985980034,
    -0.02041078917682171,
    0.04501067474484444,
    -0.030197277665138245,
    -0.055339962244033813,
    0.004706280771642923,
    -0.02861824259161949,
    -0.08348635584115982,
    0.01168240886181593,
    -0.022101685404777527,
    -0.005937458015978336,
    0.017720000818371773,
    0.04476233571767807,
    0.03819197416305542,
    0.005910472944378853,
    -0.1077939048409462,
    0.0032289642840623856,
    -0.021717345342040062,
    -0.006697228644043207,
    0.05615989491343498,
    0.03533950075507164,
    -0.05292927101254463,
    -0.02363869734108448,
    0.017098795622587204,
    -0.009137646295130253,
    -0.10165104269981384,
    0.010490507818758488,
    -0.022488944232463837,
    -0.08027324825525284,
    1.803430943404076e-32,
    -0.01449961494654417,
    -0.07448765635490417,
    -0.06837703287601471,
    0.03735433146357536,
    0.05045206844806671,
    -0.023661287501454353,
    -0.00284014455974102,
    -0.03456062078475952,
    -0.05723845586180687,
    0.05782472342252731,
    0.021509788930416107,
    0.06923054158687592,
    -0.03525204584002495,
    -0.025251008570194244,
    -0.02150927111506462,
    -0.021856972947716713,
    0.02140374854207039,
    0.053145356476306915,
    0.042784132063388824,
    0.03992694243788719,
    0.007449059281498194,
    -0.0342852883040905,
    0.015097681432962418,
    0.03401496261358261,
    0.011403647251427174,
    0.02383769117295742,
    -0.00577482720836997,
    -0.021073896437883377,
    -0.0037475572898983955,
    0.019589580595493317,
    0.02062804624438286,
    0.03188296779990196,
    0.056555040180683136,
    -0.011603456921875477,
    0.00864461250603199,
    0.07912349700927734,
    0.06400977075099945,
    -0.040497396141290665,
    0.04666447266936302,
    -0.11629622429609299,
    -0.07175399363040924,
    0.001955695915967226,
    -0.010929561220109463,
    0.03690910339355469,
    0.06510757654905319,
    -0.05380236729979515,
    -0.020703807473182678,
    -0.008487652987241745,
    0.05098531395196915,
    0.03059185855090618,
    -0.015833571553230286,
    0.01736164093017578,
    0.06427726149559021,
    -0.058814723044633865,
    -0.026774760335683823,
    -0.033132944256067276,
    -0.06710455566644669,
    0.0668032094836235,
    -0.06525475531816483,
    0.09682914614677429,
    -0.02864932455122471,
    0.07870474457740784,
    -0.01036366168409586,
    0.03448439761996269,
    0.004527424927800894,
    -0.023881694301962852,
    0.0023000375367701054,
    -0.05503574013710022,
    0.022493887692689896,
    -0.0072972276248037815,
    -0.06193448603153229,
    0.027144163846969604,
    0.013839025981724262,
    0.03780139237642288,
    -0.012231406755745411,
    -0.021658433601260185,
    0.05641602724790573,
    -0.03260892629623413,
    0.06679100543260574,
    -0.07605971395969391,
    -0.13794492185115814,
    0.025824638083577156,
    0.017993295565247536,
    0.03339412435889244,
    -0.0026282176841050386,
    0.013092245906591415,
    0.029627632349729538,
    -0.015041498467326164,
    -0.013329473324120045,
    -0.04113674908876419,
    0.002560988301411271,
    -0.011636429466307163,
    0.036967843770980835,
    0.07603935897350311,
    0.04845508560538292,
    -1.8310353711180235e-32,
    0.041062358766794205,
    -0.0528462789952755,
    -0.06596731394529343,
    0.012442409060895443,
    0.0006776201189495623,
    0.018526464700698853,
    -0.055630628019571304,
    -0.1056496798992157,
    0.053307026624679565,
    -0.04970371350646019,
    0.012165414169430733,
    -0.04714737460017204,
    0.007656504400074482,
    0.02656180039048195,
    -0.09455065429210663,
    -0.07539383322000504,
    -0.1380356252193451,
    -0.04930849000811577,
    0.022705256938934326,
    0.10305293649435043,
    0.02639119140803814,
    0.024191873148083687,
    -0.032642655074596405,
    0.1078164279460907,
    -0.011377924121916294,
    0.03881247714161873,
    -0.06345145404338837,
    -0.031006257981061935,
    0.05359526351094246,
    -0.03219141438603401,
    -0.04420609027147293,
    -0.10841827094554901,
    -0.021493814885616302,
    0.05644349381327629,
    -0.08196261525154114,
    -0.17939098179340363,
    0.045852646231651306,
    -0.07292753458023071,
    -0.05767037346959114,
    -0.019411873072385788,
    0.03529975935816765,
    0.027441998943686485,
    0.03147643432021141,
    -0.010364098474383354,
    -0.0008431667811237276,
    -0.0323159396648407,
    0.03716075047850609,
    -0.047108087688684464,
    0.021702365949749947,
    -0.05705563724040985,
    0.009560861624777317,
    -0.05033549666404724,
    -0.01644745096564293,
    0.03201412037014961,
    -0.028187420219182968,
    0.040265750139951706,
    0.09580739587545395,
    -0.02103310264647007,
    -0.043736569583415985,
    0.07220923900604248,
    0.03480806574225426,
    0.07887813448905945,
    0.007921786978840828,
    0.05843804031610489,
    0.078333780169487,
    -0.023680901154875755,
    -0.06785096228122711,
    -0.043859634548425674,
    0.01071247924119234,
    -0.04340732842683792,
    -0.04842311143875122,
    -0.09220659732818604,
    -0.08239644020795822,
    -0.06561652570962906,
    0.09832453727722168,
    -0.031093446537852287,
    0.006330851465463638,
    -0.0775991752743721,
    -0.07039804756641388,
    0.03582381829619408,
    0.012894919142127037,
    0.02676982991397381,
    -0.0695626363158226,
    0.08961278945207596,
    -0.053650274872779846,
    0.09711051732301712,
    0.03628593310713768,
    -0.0004517760535236448,
    0.09700362384319305,
    0.10888006538152695,
    -0.08961832523345947,
    0.034530095756053925,
    0.011348129250109196,
    -0.003818041179329157,
    -0.049530837684869766,
    -5.276422143651871e-08,
    -0.04056432098150253,
    0.10495924949645996,
    -0.034368738532066345,
    0.004110034555196762,
    -0.02860594354569912,
    -0.004495058208703995,
    -0.006284694653004408,
    -0.0357067845761776,
    -0.07249434292316437,
    -0.1110762432217598,
    0.034740548580884933,
    0.07153112441301346,
    -0.005688629578799009,
    -0.017588932067155838,
    0.03194224834442139,
    -0.01907450146973133,
    -0.048786286264657974,
    0.023183170706033707,
    -0.03915741294622421,
    0.06573272496461868,
    -0.03964492306113243,
    -0.045384135097265244,
    -0.01827966421842575,
    0.0019794106483459473,
    0.026150181889533997,
    -0.023915091529488564,
    0.012610756792128086,
    0.11358151584863663,
    0.04276489093899727,
    0.0709051862359047,
    -0.0037214066833257675,
    0.046548031270504,
    0.011593763716518879,
    -0.015992112457752228,
    -0.025079360231757164,
    -0.018917137756943703,
    -0.022107427939772606,
    0.02626291662454605,
    0.06344284117221832,
    0.035020291805267334,
    0.009475728496909142,
    0.009488921612501144,
    0.02707015350461006,
    0.08580543845891953,
    -0.029752537608146667,
    -0.015940042212605476,
    -0.037294432520866394,
    0.031612176448106766,
    0.041747793555259705,
    -0.09629016369581223,
    -0.04087528586387634,
    -0.027979230508208275,
    0.02139711193740368,
    0.010381114669144154,
    -0.004033077508211136,
    0.09362497180700302,
    0.034975048154592514,
    0.051066674292087555,
    -0.018581707030534744,
    -0.02581246942281723,
    0.1125742644071579,
    0.06815163046121597,
    0.08952737599611282,
    -0.01571544259786606
]