[
    -0.06921247392892838,
    0.03287668898701668,
    -0.0468345545232296,
    -0.1177995353937149,
    -0.02248450182378292,
    0.08264859020709991,
    0.0343814454972744,
    0.006572477053850889,
    -0.014378898777067661,
    0.02409791760146618,
    0.019209789112210274,
    -0.011330168694257736,
    0.011470024473965168,
    -0.004708798136562109,
    0.06601682305335999,
    -0.03190530091524124,
    0.06935014575719833,
    0.026466699317097664,
    -0.08966384828090668,
    0.07492527365684509,
    0.03950805589556694,
    0.09428630024194717,
    -0.03352285549044609,
    0.000985495513305068,
    -0.09129735082387924,
    -0.0022915471345186234,
    -0.0009192968136630952,
    -0.06660044938325882,
    0.007251440547406673,
    -0.06317102909088135,
    0.08754955232143402,
    0.0017861762316897511,
    0.045668650418519974,
    0.07633703947067261,
    -0.0047029065899550915,
    -0.04416154697537422,
    0.026390187442302704,
    -0.01635967195034027,
    -0.031175173819065094,
    -0.0061594462022185326,
    -0.0009482253226451576,
    -0.03652941435575485,
    -0.04265729710459709,
    0.012051183730363846,
    0.06037571281194687,
    0.04059528559446335,
    -0.04455529525876045,
    -0.005948164500296116,
    0.007824983447790146,
    0.03716294467449188,
    -0.07793141156435013,
    -0.016963277012109756,
    -0.02852380834519863,
    0.09039398282766342,
    -0.028999343514442444,
    -0.06690876930952072,
    -0.002265762770548463,
    0.0302444938570261,
    -0.0795004591345787,
    0.01077417004853487,
    0.07476825267076492,
    0.015753060579299927,
    -0.00971424300223589,
    0.06665341556072235,
    -0.06046605855226517,
    0.03448997065424919,
    0.009268216788768768,
    0.0036804359406232834,
    0.005327958147972822,
    -0.04055889695882797,
    -0.07506681978702545,
    -0.037370093166828156,
    -0.046020980924367905,
    0.0367063544690609,
    -0.05667088180780411,
    -0.04183664172887802,
    -0.03931382670998573,
    0.03297940269112587,
    0.005994912702590227,
    -0.11746417731046677,
    -0.06142045557498932,
    -0.018234845250844955,
    0.014101198874413967,
    0.05157816782593727,
    -0.06920747458934784,
    -0.0051706572994589806,
    -0.0345265157520771,
    -0.02790236286818981,
    -0.052507709711790085,
    -0.04556572064757347,
    0.06599639356136322,
    -0.08067186176776886,
    0.09590411931276321,
    -0.04950711876153946,
    0.054324083030223846,
    -0.005455089267343283,
    -0.03520859777927399,
    -0.07350489497184753,
    0.03518044203519821,
    -0.032676175236701965,
    -0.025447269901633263,
    0.009514832869172096,
    -0.01419086568057537,
    0.01101904921233654,
    -0.03783699497580528,
    -0.06485000997781754,
    0.014945062808692455,
    -0.020791364833712578,
    0.0175176914781332,
    0.046458300203084946,
    0.006833006627857685,
    0.03223472461104393,
    -0.07680248469114304,
    -0.10691531002521515,
    0.04951030761003494,
    0.03132573142647743,
    -0.03355348855257034,
    0.07094104588031769,
    0.021642377600073814,
    -0.0360870435833931,
    -0.02333199791610241,
    -0.007054746616631746,
    -0.06921429187059402,
    -0.05369030684232712,
    -0.03175189346075058,
    -0.03531228005886078,
    -0.010179211385548115,
    1.6499601642022444e-32,
    -0.008158890530467033,
    0.0035059687215834856,
    -0.07413721829652786,
    0.05833209306001663,
    0.04451568424701691,
    0.005937203764915466,
    0.018920505419373512,
    -0.02679174207150936,
    -0.013061718083918095,
    0.039203472435474396,
    -0.05386178940534592,
    0.05734565109014511,
    -0.028844067826867104,
    -0.007423114497214556,
    -0.06318745762109756,
    0.030895166099071503,
    -0.03159983456134796,
    0.09509109705686569,
    0.00843032356351614,
    0.0750601664185524,
    0.03226097300648689,
    -0.015934539958834648,
    0.048161983489990234,
    0.044934846460819244,
    -0.00561972800642252,
    0.03130974993109703,
    0.0053381118923425674,
    -0.04525545984506607,
    0.04445663094520569,
    -0.0027846249286085367,
    0.03926476091146469,
    -0.005471123848110437,
    0.05644932761788368,
    -0.02852354571223259,
    0.0328824445605278,
    0.13392364978790283,
    0.024580642580986023,
    -0.09148432314395905,
    0.08492892980575562,
    -0.09029525518417358,
    -0.03509928658604622,
    -0.01888536475598812,
    0.00024273073358926922,
    0.05003819987177849,
    0.050321079790592194,
    -0.006369954906404018,
    -0.006136300973594189,
    -0.007967154495418072,
    0.05295005068182945,
    0.06711108237504959,
    -0.019382238388061523,
    -0.02296256273984909,
    0.04841195419430733,
    -0.050800856202840805,
    0.008733443915843964,
    -0.032021764665842056,
    -0.0462450310587883,
    0.05407297983765602,
    -0.06401193886995316,
    0.07217168807983398,
    0.014669804833829403,
    0.00046200468204915524,
    -0.03921124339103699,
    0.0017307344824075699,
    -0.028064319863915443,
    -0.058320336043834686,
    -0.006791843567043543,
    -0.06583564728498459,
    0.0544494166970253,
    -0.026612943038344383,
    -0.04410745948553085,
    0.09350919723510742,
    -0.014331605285406113,
    -0.00446098018437624,
    0.019854290410876274,
    -0.0171413142234087,
    0.003598504699766636,
    -0.07699692249298096,
    0.023048335686326027,
    0.03012074902653694,
    -0.12118029594421387,
    0.03160294145345688,
    0.0322776734828949,
    0.056803151965141296,
    0.0010170078603550792,
    0.05277279019355774,
    0.024570653215050697,
    0.031056495383381844,
    -0.05957447737455368,
    -0.03874755650758743,
    -0.010795964859426022,
    0.038859155029058456,
    0.050166964530944824,
    0.08784639835357666,
    0.07368607074022293,
    -1.7559218698476547e-32,
    -0.022958295419812202,
    -0.04382547363638878,
    -0.059339992702007294,
    0.03714485466480255,
    0.024058423936367035,
    0.020862776786088943,
    -0.030754050239920616,
    -0.07090958952903748,
    0.09445938467979431,
    0.0385475791990757,
    0.028174525126814842,
    -0.0950433760881424,
    -0.008820180781185627,
    -0.03792739287018776,
    -0.038285404443740845,
    -0.04002111777663231,
    -0.06838797777891159,
    -0.03773907572031021,
    -0.018470346927642822,
    0.07652173191308975,
    0.010962417349219322,
    0.039066001772880554,
    -0.004774982109665871,
    0.09030916541814804,
    0.00881799217313528,
    0.04956864193081856,
    -0.03640894591808319,
    -0.026781005784869194,
    0.09143906086683273,
    -0.04298469051718712,
    -0.024746522307395935,
    -0.04165918380022049,
    -0.05714279040694237,
    0.043089915066957474,
    -0.11990564316511154,
    -0.17556968331336975,
    0.119400754570961,
    -0.0190641600638628,
    -0.024322623386979103,
    -0.046337127685546875,
    0.1230945736169815,
    0.03353805094957352,
    -0.023369673639535904,
    0.03137703239917755,
    -0.022552624344825745,
    -0.07770819962024689,
    0.021287530660629272,
    -0.01439362857490778,
    0.018029414117336273,
    -0.008974658325314522,
    0.08177350461483002,
    -0.058379046618938446,
    0.017862310633063316,
    0.046608757227659225,
    -0.056698694825172424,
    0.06709166616201401,
    0.012349999509751797,
    0.005829605273902416,
    -0.07777343690395355,
    -0.02750878594815731,
    0.05072179436683655,
    0.07362766563892365,
    -0.04577960819005966,
    0.07083883136510849,
    0.057426925748586655,
    -0.03907855972647667,
    -0.01056146901100874,
    -0.07756520062685013,
    -0.04279285669326782,
    -0.06218317523598671,
    -0.083094023168087,
    -0.13991041481494904,
    -0.0660456120967865,
    -0.07163172960281372,
    0.09010592103004456,
    -0.05258295685052872,
    -0.03710980340838432,
    -0.08909878134727478,
    -0.08556979149580002,
    0.03990662842988968,
    0.03810571879148483,
    0.024249695241451263,
    -0.07351372390985489,
    0.05411886051297188,
    0.012324419803917408,
    0.018440011888742447,
    0.03370894491672516,
    -0.05879778787493706,
    0.04365282878279686,
    0.07036019116640091,
    -0.08597896248102188,
    0.002720282645896077,
    -0.011115999892354012,
    -0.003553978633135557,
    -0.08877686411142349,
    -5.3797229782048817e-08,
    -0.0034743265714496374,
    0.0685509741306305,
    0.020496679469943047,
    -0.0404738113284111,
    -0.04286237433552742,
    -0.02322244830429554,
    -0.041867777705192566,
    0.014688007533550262,
    -0.03879223391413689,
    -0.06992696225643158,
    0.06056715175509453,
    0.057332392781972885,
    -0.050533194094896317,
    -0.0585523396730423,
    0.05742425471544266,
    -0.06891082972288132,
    -0.05086972564458847,
    -0.05987889692187309,
    -0.042661432176828384,
    0.04622242599725723,
    -0.03399833291769028,
    -0.04981338605284691,
    -0.030372705310583115,
    0.00979555957019329,
    -0.0031006326898932457,
    0.02650352567434311,
    0.0341801680624485,
    0.09531936794519424,
    0.06557784974575043,
    0.05399930849671364,
    -0.03500920906662941,
    -0.019527308642864227,
    0.019019609317183495,
    -0.010110367089509964,
    -0.09316495805978775,
    -0.05066906660795212,
    0.05163054168224335,
    0.012176881544291973,
    0.026395583525300026,
    -0.0049524931237101555,
    -0.016766216605901718,
    0.005378089379519224,
    0.018603794276714325,
    0.06556326150894165,
    -0.02421867474913597,
    -0.0354902558028698,
    -0.05268540978431702,
    -0.008351966738700867,
    0.018076006323099136,
    -0.09081963449716568,
    -0.03423815965652466,
    -0.06369692087173462,
    0.08606976270675659,
    0.023830577731132507,
    -0.06690189987421036,
    0.08337622135877609,
    0.04169527813792229,
    0.006863588001579046,
    -0.0020646099001169205,
    0.0077562518417835236,
    0.12943066656589508,
    0.04734966903924942,
    0.04198101907968521,
    0.002693766262382269
]