[
    -0.02119864523410797,
    0.035890817642211914,
    -0.04966837912797928,
    -0.10908887535333633,
    -0.036235563457012177,
    0.03641662746667862,
    -0.027183277532458305,
    -0.00686358567327261,
    -0.05219385772943497,
    0.00966778863221407,
    -0.00020373021834529936,
    -0.015587715432047844,
    0.02439812943339348,
    -0.024516332894563675,
    0.08307044953107834,
    -0.055244412273168564,
    0.05289183184504509,
    0.015128608793020248,
    -0.10955020040273666,
    0.03980734944343567,
    0.06172275170683861,
    0.04812023043632507,
    -0.09222932904958725,
    0.005489325616508722,
    -0.11110550165176392,
    0.01578102819621563,
    -0.030137913301587105,
    -0.08504509180784225,
    0.02266840636730194,
    -0.03579696640372276,
    0.04678400605916977,
    -0.036915987730026245,
    0.04206331446766853,
    0.04040953889489174,
    0.002537057502195239,
    -0.03051684983074665,
    0.005766396410763264,
    0.016154518350958824,
    -0.009578977711498737,
    0.01640121452510357,
    -0.05494094640016556,
    -0.043205585330724716,
    -0.06581898033618927,
    0.008459833450615406,
    0.04710010811686516,
    0.0161194559186697,
    -0.09957385063171387,
    -0.03275800496339798,
    0.003550858935341239,
    0.017015477642416954,
    -0.04739338532090187,
    -0.03464274853467941,
    -0.024323556572198868,
    0.06801481544971466,
    -0.024224482476711273,
    -0.0904868096113205,
    -0.030714591965079308,
    0.03453816846013069,
    -0.09151512384414673,
    0.005264984909445047,
    0.01990901120007038,
    0.00781975593417883,
    -0.004549538251012564,
    0.06668068468570709,
    -0.03509607911109924,
    0.02119509130716324,
    -0.023206038400530815,
    -0.050075747072696686,
    0.023745810613036156,
    -0.015772776678204536,
    -0.09520331770181656,
    0.0012197328032925725,
    -0.014774845913052559,
    0.07542090117931366,
    -0.03763803839683533,
    -0.03345930203795433,
    -0.051014166325330734,
    0.048220377415418625,
    0.06670596450567245,
    -0.10348168760538101,
    -0.00014747217937838286,
    -0.017692891880869865,
    -0.01006249152123928,
    0.0628262609243393,
    -0.06977449357509613,
    -0.01459567528218031,
    -0.052428241819143295,
    -0.06883038580417633,
    -0.02981075458228588,
    -0.05410484969615936,
    0.040807053446769714,
    -0.04760716110467911,
    0.07001504302024841,
    -0.03985196724534035,
    0.04342706874012947,
    -0.03441104665398598,
    -0.000334080308675766,
    -0.05661112815141678,
    0.0027405242435634136,
    -0.005332311149686575,
    -0.02581936866044998,
    0.018211573362350464,
    0.026767080649733543,
    0.015490150079131126,
    -0.07351122796535492,
    -0.07600095868110657,
    0.03849545866250992,
    0.03400065004825592,
    0.003428390249609947,
    0.020375126972794533,
    0.01242142729461193,
    0.019322751089930534,
    -0.0442192442715168,
    -0.14063921570777893,
    0.03550514206290245,
    -0.02329838089644909,
    -0.009103415533900261,
    0.024479174986481667,
    0.04070847108960152,
    0.037602730095386505,
    -0.03157377243041992,
    -0.02661147154867649,
    -0.041638195514678955,
    -0.08839769661426544,
    0.032108090817928314,
    0.020578360185027122,
    -0.041382573544979095,
    2.0789493337583517e-32,
    -0.013614093884825706,
    0.005535594187676907,
    -0.04115820676088333,
    0.060456905514001846,
    0.043704576790332794,
    -0.000894420372787863,
    -0.009352769702672958,
    -0.04094895347952843,
    -0.041678376495838165,
    0.04859685152769089,
    -0.03202067315578461,
    0.013986809179186821,
    -0.055508147925138474,
    0.0026146008167415857,
    0.029980937018990517,
    -0.027775121852755547,
    0.017192060127854347,
    0.08607721328735352,
    0.0029712002724409103,
    0.07049018889665604,
    0.012215454131364822,
    -0.036885734647512436,
    0.018790237605571747,
    0.010055177845060825,
    0.024028344079852104,
    0.04404480382800102,
    0.0014725386863574386,
    -0.041158854961395264,
    0.05847463384270668,
    0.016936471685767174,
    0.04589850828051567,
    0.012403135187923908,
    -0.009347979910671711,
    -0.059414174407720566,
    -0.008303197100758553,
    0.0920250341296196,
    0.054844003170728683,
    -0.05623539537191391,
    0.09335819631814957,
    -0.08439023047685623,
    -0.024491894990205765,
    -0.019086850807070732,
    0.042026586830616,
    0.04135545715689659,
    0.060562632977962494,
    0.039759986102581024,
    0.04170979559421539,
    0.009087728336453438,
    0.05046103522181511,
    0.032078299671411514,
    -0.053240105509757996,
    -0.010661821812391281,
    0.04998068884015083,
    -0.024729736149311066,
    0.015418368391692638,
    -0.05777239054441452,
    -0.038292814046144485,
    0.027455195784568787,
    -0.059451933950185776,
    0.10356857627630234,
    -0.0064982338808476925,
    0.02467724308371544,
    -0.0015350228641182184,
    0.01686103641986847,
    0.03297470510005951,
    -0.0886196717619896,
    0.006636419799178839,
    -0.06428195536136627,
    0.0743822306394577,
    0.05576985329389572,
    -0.10846829414367676,
    0.07638072967529297,
    -0.012848269194364548,
    0.04336518794298172,
    -0.001932552200742066,
    -0.02969975955784321,
    0.02169945277273655,
    -0.03401436284184456,
    -0.004001384600996971,
    -0.03291508927941322,
    -0.14617526531219482,
    0.04610515758395195,
    0.0372174009680748,
    0.06539031863212585,
    0.025013364851474762,
    -0.011100427247583866,
    0.046066902577877045,
    0.0653923973441124,
    -0.08538225293159485,
    -0.06715836375951767,
    -0.04124218970537186,
    0.031154103577136993,
    0.07323737442493439,
    0.08350076526403427,
    0.010432487353682518,
    -2.1613532509925203e-32,
    0.004978490527719259,
    -0.015090215019881725,
    -0.0558307021856308,
    0.00022342086595017463,
    0.05426010861992836,
    0.02721635438501835,
    -0.04963129013776779,
    -0.09895983338356018,
    0.08346106857061386,
    0.028434211388230324,
    0.037938736379146576,
    -0.04819454252719879,
    0.010693531483411789,
    0.006657583173364401,
    -0.050590403378009796,
    -0.018791530281305313,
    -0.09983222931623459,
    -0.07424541562795639,
    -0.030773699283599854,
    0.07488188147544861,
    -0.0346316397190094,
    0.02880503050982952,
    -0.03206608071923256,
    0.09857193380594254,
    0.006739866454154253,
    0.05268417298793793,
    -0.06719944626092911,
    -0.0215353611856699,
    0.09021788835525513,
    -0.0775720402598381,
    -0.0631067082285881,
    -0.08301834762096405,
    -0.030040699988603592,
    0.03715362399816513,
    -0.12540927529335022,
    -0.17073197662830353,
    0.09577623009681702,
    -0.04212215915322304,
    -0.009749135933816433,
    -0.04167557507753372,
    0.08025073260068893,
    -0.0022697611711919308,
    -0.050922270864248276,
    0.027696844190359116,
    0.0032656677067279816,
    -0.06796057522296906,
    0.027849769219756126,
    -0.06656915694475174,
    -0.009317186661064625,
    -0.03657139837741852,
    0.029885143041610718,
    -0.04635114595293999,
    -0.03247874602675438,
    0.04433615133166313,
    -0.0336461067199707,
    0.0022396566346287727,
    0.011792122386395931,
    0.011964641511440277,
    -0.06199304014444351,
    -0.008263781666755676,
    0.06990841031074524,
    0.06003729999065399,
    -0.05323372408747673,
    0.09626257419586182,
    0.035254497081041336,
    -0.04262726753950119,
    0.011832968331873417,
    -0.04647494852542877,
    -0.027909917756915092,
    -0.04049508273601532,
    -0.058943334966897964,
    -0.10689867287874222,
    -0.08543287217617035,
    -0.030636610463261604,
    0.08427431434392929,
    -0.07457834482192993,
    -0.015242236666381359,
    -0.08663580566644669,
    -0.06086933985352516,
    0.024401243776082993,
    0.03919446840882301,
    -0.014031723141670227,
    -0.08238662779331207,
    0.025981208309531212,
    -0.04220915958285332,
    0.035479966551065445,
    0.0635068342089653,
    -0.03780066967010498,
    0.00323208374902606,
    0.076736681163311,
    -0.1354556828737259,
    -0.02607504278421402,
    -0.0194147527217865,
    0.047316402196884155,
    -0.08177091181278229,
    -6.09736829915164e-08,
    -0.014503292739391327,
    0.07184720039367676,
    -0.023294145241379738,
    -0.0279664546251297,
    -0.03361062705516815,
    0.0028309032786637545,
    -0.08533827215433121,
    0.018245305866003036,
    -0.0320570282638073,
    -0.08484627306461334,
    0.04003680497407913,
    0.06741621345281601,
    0.004839601926505566,
    -0.02184576913714409,
    0.09620337933301926,
    0.0023556924425065517,
    -0.09635450690984726,
    0.035161908715963364,
    -0.04002388194203377,
    0.0566018745303154,
    -0.05279846116900444,
    -0.023679200559854507,
    -0.07409629225730896,
    0.00471195625141263,
    0.03683708235621452,
    0.03661652281880379,
    0.01357611920684576,
    0.07486699521541595,
    0.07202956080436707,
    0.1164095476269722,
    0.004442058503627777,
    0.017599334940314293,
    0.021140536293387413,
    -0.007539065554738045,
    -0.06314211338758469,
    -0.037147313356399536,
    -0.003998944535851479,
    0.008306999690830708,
    0.05091565474867821,
    -0.01550044771283865,
    0.024024885147809982,
    0.02367134764790535,
    0.033169038593769073,
    0.07282037287950516,
    -0.013745632022619247,
    -0.04430939629673958,
    0.016088858246803284,
    0.024341948330402374,
    0.0368071049451828,
    -0.12400798499584198,
    -0.011606230400502682,
    -0.016143236309289932,
    0.0776619166135788,
    0.003288104897364974,
    -0.046044379472732544,
    0.06632251292467117,
    0.01760605163872242,
    0.035522304475307465,
    -0.00936153531074524,
    0.035484667867422104,
    0.09388033300638199,
    0.05358194559812546,
    0.05555489659309387,
    -0.009099958464503288
]