[
    -0.05445351079106331,
    0.02754523791372776,
    0.010946450755000114,
    -0.047406941652297974,
    0.016219060868024826,
    0.0694899782538414,
    -0.07708360254764557,
    -0.056454479694366455,
    -0.03888208419084549,
    0.01250442210584879,
    -0.06294742226600647,
    -0.02461514249444008,
    0.012875578366219997,
    -0.03079431876540184,
    0.08252919465303421,
    -0.0440780408680439,
    0.041198085993528366,
    0.07226885855197906,
    -0.0895264595746994,
    0.09684296697378159,
    0.09539755433797836,
    0.05340838059782982,
    -0.06218427047133446,
    0.01080145500600338,
    -0.10161972045898438,
    0.02345900423824787,
    -0.011882943101227283,
    -0.08295182883739471,
    -0.0040954649448394775,
    -0.04451915994286537,
    0.03694455698132515,
    -0.01655454747378826,
    0.017907096073031425,
    0.009035395458340645,
    0.007459642365574837,
    -0.043576132506132126,
    0.0018720336956903338,
    0.031355708837509155,
    -0.002069666050374508,
    0.0073639447800815105,
    -0.06285837292671204,
    -0.034078311175107956,
    -0.020793844014406204,
    0.02542753890156746,
    0.044435665011405945,
    -0.004803922493010759,
    -0.03862924873828888,
    -0.024933302775025368,
    0.024709822610020638,
    0.011877374723553658,
    -0.05000890791416168,
    -0.01692269928753376,
    -0.010797257535159588,
    0.06856264173984528,
    -0.009752529673278332,
    -0.07344136387109756,
    -0.008358043618500233,
    0.032537464052438736,
    -0.10545229911804199,
    0.001291513442993164,
    0.048516228795051575,
    -0.015451054088771343,
    0.013840770348906517,
    0.06255989521741867,
    -0.062131818383932114,
    0.0487196259200573,
    -0.019346468150615692,
    0.010781582444906235,
    -0.007401101756840944,
    -0.023534566164016724,
    -0.09562757611274719,
    0.001184410648420453,
    -0.015290899202227592,
    0.06098540499806404,
    0.0012323498958721757,
    0.01632443629205227,
    0.008937962353229523,
    0.031040897592902184,
    0.08834856748580933,
    -0.14181005954742432,
    -0.04741564020514488,
    -0.014988483861088753,
    0.05674446374177933,
    0.047295767813920975,
    -0.03817625343799591,
    -0.002786755096167326,
    -0.05762414261698723,
    -0.019781239330768585,
    -0.0307181216776371,
    -0.06949152797460556,
    0.01272388081997633,
    -0.03295381739735603,
    0.04547099769115448,
    -0.09403402358293533,
    0.08301007747650146,
    -0.028781672939658165,
    0.011324672028422356,
    -0.08600179105997086,
    0.06848138570785522,
    -0.004282333422452211,
    0.011938746087253094,
    -0.03566142916679382,
    0.023871582001447678,
    0.010454664006829262,
    0.007863309234380722,
    -0.05163992568850517,
    -0.03130074217915535,
    0.03362053632736206,
    0.020994912832975388,
    0.11886745691299438,
    0.07504451274871826,
    0.01987089216709137,
    0.0135451415553689,
    -0.06686228513717651,
    0.04087788984179497,
    0.015848670154809952,
    0.03534592315554619,
    0.01084879320114851,
    0.016256900504231453,
    0.02689530700445175,
    -0.09158822894096375,
    -0.045186690986156464,
    -0.06460694223642349,
    -0.063908651471138,
    0.031328458338975906,
    0.0669841393828392,
    -0.05848049372434616,
    2.2003183907967836e-32,
    -0.007269243709743023,
    -0.014840261079370975,
    -0.02150089666247368,
    0.015420320443809032,
    -0.02880445308983326,
    -0.038083162158727646,
    0.05498050898313522,
    -0.0607713907957077,
    -0.07375556230545044,
    0.03675574064254761,
    -0.05142899602651596,
    0.03276066109538078,
    0.010281695052981377,
    0.06677909940481186,
    -0.03428863734006882,
    -0.03661634773015976,
    0.021377617493271828,
    0.012255638837814331,
    -0.011598682962357998,
    0.018040720373392105,
    -0.0008115814416669309,
    -0.057614050805568695,
    0.022593319416046143,
    -0.05074414238333702,
    -0.04020873084664345,
    -0.017401736229658127,
    0.032638195902109146,
    -0.036301787942647934,
    -0.013317211531102657,
    -0.006964086554944515,
    0.01607694663107395,
    0.021657222881913185,
    0.03891345113515854,
    -0.03162563964724541,
    0.0009067915962077677,
    0.08164098858833313,
    0.05170028284192085,
    -0.06604839861392975,
    0.014390311203897,
    -0.10834331065416336,
    0.014548811130225658,
    -0.029984168708324432,
    0.011110221035778522,
    0.06479807198047638,
    0.03012145310640335,
    0.004763354547321796,
    0.007769373711198568,
    -0.029749205335974693,
    0.023248378187417984,
    -0.00015971082029864192,
    -0.03215968608856201,
    0.011662479490041733,
    0.004707506392151117,
    -0.01886947825551033,
    0.007286398205906153,
    -0.01822216436266899,
    -0.0643649622797966,
    0.013201244175434113,
    -0.0019139834912493825,
    0.07489513605833054,
    -0.061255279928445816,
    0.00462629459798336,
    -0.002646469511091709,
    0.020095080137252808,
    0.0037888986989855766,
    -0.019871240481734276,
    0.010229500010609627,
    -0.02395782619714737,
    0.02062489464879036,
    0.05074827000498772,
    -0.04011169448494911,
    0.03952426463365555,
    -0.03785200044512749,
    0.0178605318069458,
    0.02334345318377018,
    -0.0430937334895134,
    0.04718733951449394,
    -0.040068961679935455,
    0.006899107247591019,
    -0.0035366748925298452,
    -0.11239156872034073,
    -0.03602749481797218,
    -0.008407044224441051,
    0.10447516292333603,
    -0.03247968479990959,
    -0.016739245504140854,
    0.00803567748516798,
    0.0743868350982666,
    -0.07263310253620148,
    -0.09856582432985306,
    -0.06115833669900894,
    -0.031055117025971413,
    0.08679303526878357,
    0.04570043459534645,
    0.012812633067369461,
    -2.230271456223674e-32,
    0.003515589516609907,
    -0.03117830492556095,
    -0.009806482121348381,
    -0.007826563902199268,
    0.04726753756403923,
    -0.038126617670059204,
    -0.06521224975585938,
    -0.12694770097732544,
    0.07648130506277084,
    -0.03917422145605087,
    0.03460746631026268,
    -0.03813635930418968,
    0.04096442833542824,
    0.020185112953186035,
    -0.05512935295701027,
    -0.018129751086235046,
    -0.11253128945827484,
    -0.04976532235741615,
    -0.02055184915661812,
    0.09109988808631897,
    -0.011876974254846573,
    -0.013430997729301453,
    -0.024497192353010178,
    0.10027717798948288,
    -0.006600979715585709,
    0.08435975760221481,
    -0.08817853778600693,
    -0.005736754275858402,
    0.11561501026153564,
    -0.05260668694972992,
    -0.05603184551000595,
    -0.03993653133511543,
    -0.002159298164770007,
    0.05071083456277847,
    -0.11643048375844955,
    -0.1588829904794693,
    0.07807537913322449,
    -0.06019165366888046,
    -0.03581104055047035,
    -0.03771520033478737,
    0.08057420700788498,
    -0.004715423099696636,
    -0.0016231815097853541,
    0.05810895562171936,
    -0.017822204157710075,
    -0.04571172222495079,
    0.05800352618098259,
    0.00452618720009923,
    -0.054237961769104004,
    0.015321859158575535,
    -0.024989038705825806,
    -0.008716805838048458,
    -0.025741877034306526,
    0.05292736738920212,
    -0.031147601082921028,
    0.024117110297083855,
    0.027125496417284012,
    0.0007410997059196234,
    -0.05263139307498932,
    -0.013522668741643429,
    0.06398955732584,
    0.06265440583229065,
    -0.061175551265478134,
    0.06321673095226288,
    0.06554994732141495,
    -0.06920412927865982,
    0.009815101511776447,
    -0.10671675950288773,
    0.02829764597117901,
    -0.05815199017524719,
    -0.08036044985055923,
    -0.06467697024345398,
    -0.05125704035162926,
    -0.04383203014731407,
    0.09813585132360458,
    -0.03275897726416588,
    0.004051960073411465,
    -0.06216541305184364,
    -0.0511028952896595,
    0.03821777552366257,
    0.10657575726509094,
    -0.03861953318119049,
    -0.04665189981460571,
    0.05126065015792847,
    -0.007523444946855307,
    0.09857354313135147,
    0.021227411925792694,
    -0.06687997281551361,
    0.031401123851537704,
    0.11171599477529526,
    -0.12312038987874985,
    0.01582612469792366,
    -0.052523985505104065,
    0.02752358838915825,
    -0.05279505252838135,
    -6.144382069805943e-08,
    0.000346838467521593,
    0.07159368693828583,
    0.00027674794546328485,
    -0.022790323942899704,
    -0.02901429310441017,
    0.0027962937019765377,
    -0.021591870114207268,
    -0.003570224391296506,
    -0.07238925993442535,
    -0.09566453099250793,
    0.051469750702381134,
    0.11019303649663925,
    -0.01171337254345417,
    -0.0744679644703865,
    0.04126359149813652,
    -0.07851234078407288,
    -0.08836547285318375,
    0.023087337613105774,
    -0.06137632578611374,
    0.05523807927966118,
    -0.09220755100250244,
    -0.038679659366607666,
    -0.05647920072078705,
    0.015418394468724728,
    0.0010532591259106994,
    0.04838941991329193,
    0.020049624145030975,
    0.03449602797627449,
    0.1283654123544693,
    0.0548030324280262,
    0.016042904928326607,
    -0.016474222764372826,
    0.042799074202775955,
    -0.008014197461307049,
    -0.05286585912108421,
    -0.06961780041456223,
    -0.006569441873580217,
    -0.0028265765868127346,
    0.04453057050704956,
    -0.0463273748755455,
    0.02001790516078472,
    0.0740116536617279,
    0.005704195704311132,
    0.053153105080127716,
    -0.04083416238427162,
    -0.04427338391542435,
    -0.004608571995049715,
    -0.02294844016432762,
    0.07318589836359024,
    -0.083454929292202,
    -0.04019365459680557,
    -0.07212862372398376,
    0.0433480478823185,
    0.027336163446307182,
    -0.0666223093867302,
    0.09531038254499435,
    -0.033149462193250656,
    0.010290799662470818,
    0.0026267869397997856,
    0.002628526883199811,
    0.11976736783981323,
    0.04207908734679222,
    0.06631459295749664,
    -0.02063274383544922
]