[
    -0.04757969453930855,
    -0.016026416793465614,
    -0.022981412708759308,
    -0.02923504263162613,
    -0.026268724352121353,
    0.0648842453956604,
    -0.027091214433312416,
    -0.06255603581666946,
    -0.022506192326545715,
    0.045330774039030075,
    0.016137076541781425,
    -0.050065018236637115,
    0.016494423151016235,
    -0.035583097487688065,
    0.04882114753127098,
    0.017264775931835175,
    0.062326300889253616,
    0.049317367374897,
    -0.09295009076595306,
    -0.018763210624456406,
    0.050332505255937576,
    0.06644310057163239,
    -0.0424635224044323,
    0.0014405236579477787,
    -0.168080136179924,
    -0.03234555572271347,
    -0.016931913793087006,
    -0.04078073054552078,
    0.038114555180072784,
    -0.09240593016147614,
    -0.02546984888613224,
    0.032625678926706314,
    0.0034989076666533947,
    0.08881333470344543,
    -0.011087659746408463,
    0.015598654747009277,
    0.036827050149440765,
    -0.04210812970995903,
    -0.004315794911235571,
    -0.03764864429831505,
    -0.04519234225153923,
    -0.04293909668922424,
    -0.04527856037020683,
    -0.049335017800331116,
    0.03551442548632622,
    -0.0008289842517115176,
    -0.028765477240085602,
    -0.05332331731915474,
    -0.06698514521121979,
    -0.04347878322005272,
    -0.0432429313659668,
    -0.03143203258514404,
    0.006456221919506788,
    0.06655393540859222,
    -0.054191429167985916,
    -0.03493659943342209,
    0.017434164881706238,
    -0.017650647088885307,
    -0.03889748826622963,
    0.02358405850827694,
    0.024168020114302635,
    -0.03489208221435547,
    -0.06240921840071678,
    0.07236180454492569,
    -0.018746277317404747,
    0.04058515280485153,
    -0.05230645835399628,
    -0.023185251280665398,
    -0.0017226822674274445,
    0.020481593906879425,
    -0.07672687619924545,
    0.017362426966428757,
    -0.0017561293207108974,
    0.015636609867215157,
    0.0029633305966854095,
    0.024836616590619087,
    -0.07419362664222717,
    0.03998394310474396,
    0.061636704951524734,
    -0.12085988372564316,
    -0.057095397263765335,
    0.03965037688612938,
    0.0022909468971192837,
    0.09071021527051926,
    -0.025422867387533188,
    -0.07892853021621704,
    -0.025502672418951988,
    -0.02411455102264881,
    -0.028455108404159546,
    0.025571946054697037,
    0.10756680369377136,
    -0.07094117254018784,
    0.12335164844989777,
    -0.0048125432804226875,
    -0.008659866638481617,
    -0.03229442238807678,
    0.016976268962025642,
    -0.005940454546362162,
    0.0623127706348896,
    -0.003437376581132412,
    -0.0024219772312790155,
    0.046200964599847794,
    -0.10989134758710861,
    -0.02869979664683342,
    -0.057031694799661636,
    -0.03562038764357567,
    0.0028706651646643877,
    0.0005379298818297684,
    0.0014869635924696922,
    -0.0015831602504476905,
    0.005948483478277922,
    -0.0022087565157562494,
    -0.06382115930318832,
    -0.11362811923027039,
    0.07924110442399979,
    -0.048363231122493744,
    -0.00830270629376173,
    0.08869307488203049,
    0.028353463858366013,
    -0.025328529998660088,
    0.01396344043314457,
    0.04188510775566101,
    -0.08658107370138168,
    -0.08489686995744705,
    0.027193263173103333,
    0.04151931405067444,
    -0.022489549592137337,
    1.8436588580147102e-32,
    0.008319749496877193,
    0.05337930843234062,
    -0.07163918018341064,
    -0.010842234827578068,
    0.013393761590123177,
    0.011410916224122047,
    0.0325639434158802,
    0.03475197032094002,
    -0.032993439584970474,
    0.08660678565502167,
    -0.014066110365092754,
    0.06618735939264297,
    -0.025674721226096153,
    -0.048835061490535736,
    -0.05567216873168945,
    0.011002740822732449,
    -0.010157248005270958,
    0.11728903651237488,
    -0.03875207528471947,
    0.033667948096990585,
    0.029223544523119926,
    -0.029477860778570175,
    0.05113878473639488,
    0.00026436898042447865,
    0.018830060958862305,
    -0.0330188125371933,
    0.039812054485082626,
    -0.010552446357905865,
    0.006081255618482828,
    0.04501273110508919,
    0.08713244646787643,
    0.04017861187458038,
    0.042620185762643814,
    0.050412584096193314,
    0.011522114276885986,
    0.0614384189248085,
    0.03914269804954529,
    -0.0493239127099514,
    0.06046578660607338,
    -0.09086140245199203,
    -0.058983612805604935,
    0.022858547046780586,
    -0.0021534906700253487,
    -0.020524196326732635,
    -0.008430032059550285,
    -0.030263204127550125,
    0.02124602720141411,
    -0.037078194320201874,
    0.07184597849845886,
    0.0641273483633995,
    0.0334361307322979,
    0.0027372140903025866,
    0.09425336867570877,
    0.008165243081748486,
    0.04098180681467056,
    0.008836097083985806,
    0.00837902445346117,
    0.0038794800639152527,
    -0.051213812083005905,
    0.0634014755487442,
    0.03393891081213951,
    0.04302717000246048,
    -0.0247934740036726,
    0.017078036442399025,
    -0.015341691672801971,
    -0.022363858297467232,
    0.012779376469552517,
    -0.05434408411383629,
    0.03651891648769379,
    -0.056255441159009933,
    -0.06208851933479309,
    0.08497516810894012,
    0.016198642551898956,
    0.04372845217585564,
    -0.057712044566869736,
    -0.053017206490039825,
    -0.0324675478041172,
    0.018713057041168213,
    0.03130410611629486,
    -0.0016516089672222733,
    -0.1087707057595253,
    -0.00473726587370038,
    0.025265438482165337,
    0.020342078059911728,
    -0.006155403796583414,
    -0.01860959082841873,
    0.05293615907430649,
    0.010774669237434864,
    0.02674674242734909,
    0.0006404832820408046,
    -0.0007530177826993167,
    -0.022934716194868088,
    0.006265132687985897,
    0.13845515251159668,
    0.031205959618091583,
    -1.7449421648637992e-32,
    -0.0012491770321503282,
    -0.03250151127576828,
    -0.07991311699151993,
    -0.0098462775349617,
    -0.0021100195590406656,
    0.00553106889128685,
    -0.07167482376098633,
    -0.11450685560703278,
    0.1056116372346878,
    0.05423706769943237,
    -0.0262913778424263,
    -0.0482025071978569,
    -0.03931953012943268,
    -0.03619435429573059,
    -0.025172915309667587,
    -0.08507509529590607,
    -0.008315185084939003,
    -0.04440256208181381,
    0.007529411930590868,
    0.05380651727318764,
    0.06210242211818695,
    0.018959350883960724,
    0.007815416902303696,
    0.04775942489504814,
    -0.0042654238641262054,
    0.008114607073366642,
    0.023543717339634895,
    -0.04161567613482475,
    0.1018204614520073,
    0.008735153824090958,
    0.031995903700590134,
    -0.07624176144599915,
    -0.03598038852214813,
    0.052363213151693344,
    -0.058702051639556885,
    -0.22026124596595764,
    0.0857660323381424,
    -0.08684305846691132,
    -0.02695327252149582,
    -0.01708974689245224,
    0.031938761472702026,
    0.08058606833219528,
    -0.020820194855332375,
    0.05287030711770058,
    0.018320592120289803,
    -0.07870228588581085,
    0.03792184218764305,
    -0.05452318862080574,
    0.023023102432489395,
    -0.06630206108093262,
    0.02167578600347042,
    -0.03857710212469101,
    0.014812656678259373,
    0.060100264847278595,
    -0.04896221682429314,
    0.06716374307870865,
    0.018480686470866203,
    -0.04745910316705704,
    -0.05607908219099045,
    0.030720597133040428,
    0.08609631657600403,
    0.094882071018219,
    -0.012169605121016502,
    0.016823137179017067,
    0.1041707769036293,
    -0.00021969959198031574,
    -0.0189833864569664,
    -0.03852393850684166,
    0.004662669263780117,
    -0.0555155873298645,
    -0.048629842698574066,
    -0.11191783100366592,
    -0.07043484598398209,
    -0.07946327328681946,
    0.11302933841943741,
    -0.024568680673837662,
    -0.08655773103237152,
    -0.11491895467042923,
    -0.10269416868686676,
    0.06972036510705948,
    -0.01579655520617962,
    0.0138949453830719,
    -0.024640560150146484,
    0.07100224494934082,
    0.023471223190426826,
    0.00737561471760273,
    0.10521009564399719,
    0.0006863491726107895,
    0.041795771569013596,
    0.05920960381627083,
    -0.03582187741994858,
    -0.044912952929735184,
    -0.020089806988835335,
    -0.004801680333912373,
    -0.028874024748802185,
    -5.2380414672370534e-08,
    -0.06248607859015465,
    0.01581364870071411,
    -0.017858287319540977,
    -0.0202314592897892,
    0.004998121410608292,
    -0.019349487498402596,
    -0.034219056367874146,
    0.03427418693900108,
    -0.06507894396781921,
    -0.08541188389062881,
    0.026247691363096237,
    -0.024553822353482246,
    -0.01821083202958107,
    -0.031998224556446075,
    0.06625411659479141,
    -0.08053115755319595,
    -0.015078038908541203,
    0.005069372244179249,
    -0.09004490077495575,
    0.06536794453859329,
    0.006307128816843033,
    -0.0178559310734272,
    -0.037382178008556366,
    -0.035249825567007065,
    0.017138389870524406,
    -0.04006252810359001,
    0.01585150882601738,
    0.05851471424102783,
    0.048122428357601166,
    0.03271116316318512,
    -0.017774304375052452,
    0.02661558985710144,
    0.03015907108783722,
    -0.07084180414676666,
    -0.018608972430229187,
    0.016460521146655083,
    0.021216662600636482,
    0.01337920967489481,
    0.04166059568524361,
    -0.008156961761415005,
    -0.03432665392756462,
    0.022905973717570305,
    0.05393057316541672,
    0.11595939844846725,
    0.04426824674010277,
    -0.025222716853022575,
    -0.08341584354639053,
    0.01760280318558216,
    -0.018325259909033775,
    -0.12538112699985504,
    -0.01591777801513672,
    -0.05468239635229111,
    0.010314613580703735,
    0.04544947296380997,
    -0.03437076136469841,
    0.04054031893610954,
    0.07648930698633194,
    0.002939597936347127,
    -0.024966739118099213,
    0.02855152264237404,
    0.12101082503795624,
    0.04102737456560135,
    0.0445195734500885,
    -0.003726536175236106
]