[
    -0.012430344708263874,
    0.02381257526576519,
    -0.016295455396175385,
    -0.07002522796392441,
    -0.05534377321600914,
    0.06956278532743454,
    -0.03682209551334381,
    0.01445800345391035,
    0.02030014991760254,
    0.07587920129299164,
    -0.014007189311087132,
    -0.02116178534924984,
    0.010321371257305145,
    0.020234711468219757,
    0.08800411969423294,
    0.0693381205201149,
    0.04786070063710213,
    0.05843381956219673,
    -0.06908735632896423,
    0.04990040510892868,
    0.008075934834778309,
    0.03164764121174812,
    -0.029817497357726097,
    -0.03157082945108414,
    -0.09143808484077454,
    -0.02620822563767433,
    -0.012886568903923035,
    -0.03943919390439987,
    0.06216698884963989,
    -0.06919030845165253,
    0.013745962642133236,
    0.08461897820234299,
    0.030981911346316338,
    0.0815432146191597,
    0.0021840811241418123,
    -0.01837196573615074,
    0.0184907428920269,
    -0.03775478154420853,
    0.0061673251911997795,
    0.02336515486240387,
    -0.012533596716821194,
    -0.006557827349752188,
    -0.053146108984947205,
    -0.0061910334043204784,
    -0.013127357698976994,
    0.04923224449157715,
    0.0032963831909000874,
    -0.008394841104745865,
    -0.06405963003635406,
    0.009945657104253769,
    -0.07955285906791687,
    -0.02045389451086521,
    -0.03260025382041931,
    0.051238492131233215,
    -0.04549644887447357,
    -0.02761255018413067,
    -0.014087053015828133,
    0.029807940125465393,
    -0.012347964569926262,
    -0.027416756376624107,
    0.0068080793134868145,
    0.013945790939033031,
    -0.0670376569032669,
    0.015429981052875519,
    -0.01232133712619543,
    0.03103971667587757,
    0.016836093738675117,
    0.019393637776374817,
    0.005396018270403147,
    0.020876603201031685,
    -0.06225905939936638,
    0.07911189645528793,
    0.011939878575503826,
    -0.026503929868340492,
    -0.05650070682168007,
    -0.01874922588467598,
    -0.0025786475744098425,
    -0.0044951047748327255,
    0.05722775310277939,
    -0.12134023755788803,
    -0.10539168119430542,
    0.0014655913691967726,
    -0.03883833438158035,
    -0.0036636637523770332,
    -0.029513288289308548,
    -0.07670816034078598,
    -0.006838607601821423,
    0.0034547955729067326,
    -0.0010581734823063016,
    0.016622189432382584,
    0.0644005835056305,
    -0.10312074422836304,
    0.08164343982934952,
    -0.07353390008211136,
    0.028773875907063484,
    0.055335722863674164,
    -0.007150257937610149,
    0.0018677075859159231,
    0.09864544123411179,
    -0.019278936088085175,
    0.051176320761442184,
    0.07140308618545532,
    -0.028072919696569443,
    -0.039922408759593964,
    -0.009572263807058334,
    -0.035018857568502426,
    -0.03939438238739967,
    -0.03753199055790901,
    0.005232686642557383,
    -0.008219156414270401,
    0.024265527725219727,
    -0.012805936858057976,
    -0.036034367978572845,
    -0.05266107618808746,
    0.05619215592741966,
    0.04603881016373634,
    0.00477467430755496,
    0.10092464089393616,
    -0.028034573420882225,
    -0.03344506770372391,
    -0.033079177141189575,
    0.039503004401922226,
    -0.0659249797463417,
    -0.040021415799856186,
    -0.005183225963264704,
    -0.027095410972833633,
    -0.020843006670475006,
    2.0649290656993004e-32,
    -0.01002306118607521,
    -0.01904973015189171,
    -0.12036854773759842,
    0.047014933079481125,
    0.04670697823166847,
    -0.019784865900874138,
    0.022435151040554047,
    0.013201185502111912,
    -0.07255461812019348,
    0.06032020226120949,
    0.002289778785780072,
    0.016880525276064873,
    0.009309312328696251,
    -0.050954028964042664,
    -0.09065617620944977,
    -0.004487256985157728,
    -0.09718192368745804,
    0.06269516050815582,
    -0.07191161811351776,
    0.011172800324857235,
    0.02893240563571453,
    -0.017254436388611794,
    0.06738453358411789,
    0.026858387514948845,
    -0.012156609445810318,
    -0.050897009670734406,
    0.05314366891980171,
    -0.0248128529638052,
    -0.042592793703079224,
    -0.012324664741754532,
    0.06366327404975891,
    -0.014106596820056438,
    0.058729976415634155,
    0.03747152164578438,
    0.047122225165367126,
    0.12380225211381912,
    0.013736267574131489,
    -0.015442858450114727,
    0.08043514937162399,
    -0.02632893994450569,
    -0.07891726493835449,
    -0.0307290218770504,
    -0.017693208530545235,
    -0.016666125506162643,
    0.0020589251071214676,
    -0.037316981703042984,
    -0.04582403972744942,
    -0.05170722305774689,
    0.09120508283376694,
    0.05649171769618988,
    0.03573339059948921,
    -0.03293877840042114,
    0.10400977730751038,
    -0.029541751369833946,
    0.05440501496195793,
    -0.009099476970732212,
    -0.0868029072880745,
    0.057927291840314865,
    -0.056498680263757706,
    0.0338621586561203,
    -0.030927550047636032,
    0.055869631469249725,
    -0.07577569782733917,
    0.05353301763534546,
    -0.056898169219493866,
    -0.043003149330616,
    -0.04228902980685234,
    -0.01740247569978237,
    0.09622543305158615,
    -0.06305365264415741,
    -0.04208310693502426,
    0.05140213668346405,
    -0.005615762900561094,
    0.0008766267565079033,
    -0.038416918367147446,
    -0.01644188165664673,
    -0.01095570158213377,
    -0.02049834467470646,
    0.016634967178106308,
    -0.02954736165702343,
    -0.05601592734456062,
    -0.006786331068724394,
    0.026514578610658646,
    0.06944554299116135,
    0.05076225847005844,
    -0.03716830536723137,
    0.026145145297050476,
    -0.02498471550643444,
    -0.018170712515711784,
    -0.04823514074087143,
    0.03192868456244469,
    -0.004741614684462547,
    -0.0007093555177561939,
    0.03277994319796562,
    0.10861164331436157,
    -1.927789282576649e-32,
    0.005807954352349043,
    -0.040302522480487823,
    -0.0926370769739151,
    0.07671903073787689,
    0.02665877342224121,
    0.02845188044011593,
    -0.09282464534044266,
    -0.1266006976366043,
    0.07687865197658539,
    -0.05247272923588753,
    -0.059108078479766846,
    -0.046153631061315536,
    0.000210759331821464,
    -0.02692728117108345,
    -0.047905582934617996,
    -0.09278413653373718,
    -0.028676295652985573,
    -0.027406055480241776,
    0.04158003255724907,
    0.09054127335548401,
    0.03364960476756096,
    -0.032195571810007095,
    -0.02933170273900032,
    0.05752159655094147,
    0.017283108085393906,
    0.007821614854037762,
    0.014578268863260746,
    -0.10273059457540512,
    0.09947595745325089,
    0.05277043953537941,
    -0.02071797288954258,
    -0.06847579777240753,
    -0.07433675229549408,
    0.028425483033061028,
    -0.04054830223321915,
    -0.16028450429439545,
    0.1384512484073639,
    -0.048651598393917084,
    -0.02534596435725689,
    -0.003727802075445652,
    0.04244205355644226,
    0.07297290861606598,
    0.01903510093688965,
    -0.02590925805270672,
    -0.03168110176920891,
    -0.030843865126371384,
    0.037598781287670135,
    -0.003529301844537258,
    0.0019659993704408407,
    -0.05838901922106743,
    0.07243381440639496,
    -0.025813069194555283,
    -0.028463564813137054,
    -0.005885736551135778,
    -0.017150847241282463,
    0.03335235267877579,
    0.0004899041960015893,
    -0.04735226184129715,
    0.0040650940500199795,
    0.01811710186302662,
    0.051317229866981506,
    0.09993411600589752,
    -0.01266434695571661,
    -0.023492546752095222,
    0.08288029581308365,
    -0.0212552472949028,
    -0.06900528818368912,
    -0.029630886390805244,
    -0.03012620471417904,
    -0.06060643494129181,
    -0.005210503935813904,
    -0.12734508514404297,
    -0.05338570848107338,
    -0.02516336739063263,
    0.15403404831886292,
    0.010226977989077568,
    -0.011686556041240692,
    -0.0690910592675209,
    -0.06421396136283875,
    0.06607437133789062,
    0.03837151452898979,
    0.030845332890748978,
    -0.0347171425819397,
    0.06636404246091843,
    0.017483016476035118,
    0.08163907378911972,
    -0.007299801334738731,
    0.015687234699726105,
    0.05236133188009262,
    0.07577838748693466,
    -0.02044777013361454,
    0.018055541440844536,
    0.05032477155327797,
    0.0358586460351944,
    -0.04168546199798584,
    -5.4372598867757915e-08,
    -0.051330599933862686,
    0.008411599323153496,
    -0.03248191624879837,
    -0.013935426250100136,
    -0.05750460922718048,
    -0.029033558443188667,
    0.021522700786590576,
    0.022237809374928474,
    -0.0667819157242775,
    -0.06605467200279236,
    0.06829527765512466,
    -0.013045338913798332,
    -0.046960242092609406,
    -0.03488018363714218,
    0.037966690957546234,
    -0.04090556502342224,
    -0.008164542727172375,
    -0.025492651388049126,
    -0.09817830473184586,
    0.014857846312224865,
    -0.011078116483986378,
    -0.044820576906204224,
    -0.06866936385631561,
    0.029040561988949776,
    0.03437045216560364,
    0.0011050051543861628,
    0.007684269454330206,
    0.11853964626789093,
    -0.004963799845427275,
    0.004850533325225115,
    -0.04074622318148613,
    0.04814670979976654,
    0.016403714194893837,
    -0.10752373933792114,
    -0.013131588697433472,
    -0.020792514085769653,
    0.021129461005330086,
    0.03205781802535057,
    0.09343646466732025,
    0.0504431426525116,
    -0.06767101585865021,
    0.027328016236424446,
    0.009428981691598892,
    0.058587513864040375,
    0.001997806830331683,
    0.00592151191085577,
    -0.07480238378047943,
    0.055536504834890366,
    -0.03587428107857704,
    -0.091060109436512,
    -0.04851970076560974,
    -0.08457380533218384,
    0.050340477377176285,
    -0.043371640145778656,
    -0.0081825852394104,
    0.11791698634624481,
    0.08439166098833084,
    0.03254668787121773,
    -0.015239008702337742,
    -0.07564326375722885,
    0.11518844962120056,
    0.10543791204690933,
    0.04861127957701683,
    -0.003435244085267186
]