[
    -0.03648657724261284,
    -0.009187445975840092,
    0.0006904752808623016,
    -0.0854634940624237,
    0.01160439196974039,
    0.025137165561318398,
    -0.0012882942100986838,
    -0.003414355916902423,
    0.01345609501004219,
    0.06614154577255249,
    -0.008289553225040436,
    -0.01235366053879261,
    -0.013903598301112652,
    0.004484429955482483,
    0.09635374695062637,
    0.018835604190826416,
    0.04368230327963829,
    -0.0036724789533764124,
    -0.09560587257146835,
    0.07367336004972458,
    0.027540605515241623,
    0.03872016817331314,
    -0.051997873932123184,
    0.009732313454151154,
    -0.10405655950307846,
    -0.021960271522402763,
    -0.054340898990631104,
    0.00475996732711792,
    0.03188313916325569,
    -0.08412881940603256,
    0.0662427693605423,
    0.06914765387773514,
    0.05347181111574173,
    0.08128248155117035,
    -0.007266669999808073,
    -0.0025488866958767176,
    0.0558612123131752,
    -0.0691918432712555,
    0.01750168949365616,
    0.0010344362817704678,
    -0.052655261009931564,
    -0.031229108572006226,
    -0.053075794130563736,
    0.03301813453435898,
    0.011732356622815132,
    0.04291214048862457,
    0.0023311267141252756,
    -0.0007407280500046909,
    -0.0870589017868042,
    -0.00507514551281929,
    -0.08565998077392578,
    -0.03582241013646126,
    -0.06790641695261002,
    0.07464352250099182,
    -0.04418586939573288,
    -0.04898052290081978,
    -0.0046225422993302345,
    0.07599370181560516,
    -0.05186927691102028,
    -0.04799318313598633,
    -0.018013879656791687,
    -0.004509985446929932,
    -0.08330491930246353,
    0.017625566571950912,
    -0.03275008499622345,
    0.01697246916592121,
    -0.031720273196697235,
    0.0037997455801814795,
    0.027118466794490814,
    -0.015686102211475372,
    -0.045078352093696594,
    0.044877056032419205,
    0.04702110216021538,
    0.016825105994939804,
    -0.040101271122694016,
    -0.006844724994152784,
    -0.0032758843153715134,
    0.05509333685040474,
    0.010494448244571686,
    -0.10452058166265488,
    -0.08500468730926514,
    0.008345399051904678,
    -0.01934492401778698,
    0.03083062544465065,
    -0.04499741643667221,
    -0.051536012440919876,
    -0.029692843556404114,
    0.028123585507273674,
    0.008900015614926815,
    0.022349020466208458,
    0.09999409317970276,
    -0.08869746327400208,
    0.08492574095726013,
    -0.030199021100997925,
    0.020044174045324326,
    -0.0023361067287623882,
    0.028244713321328163,
    -0.07068713009357452,
    0.050287988036870956,
    -0.0022189379669725895,
    0.07530829310417175,
    0.04553412273526192,
    -0.03843250870704651,
    -0.07199332118034363,
    0.036232493817806244,
    -0.03050176240503788,
    -0.0713646337389946,
    0.012617800384759903,
    -0.042261939495801926,
    -0.004438003990799189,
    0.03599584475159645,
    -0.017654001712799072,
    -0.048540301620960236,
    -0.09398286789655685,
    0.04829290136694908,
    0.03219606727361679,
    0.002602624474093318,
    0.09488920122385025,
    0.048230644315481186,
    -0.03539825603365898,
    -0.02858753874897957,
    0.021463995799422264,
    -0.05736221745610237,
    -0.1049988716840744,
    -0.0386202372610569,
    -0.010853974148631096,
    0.004066092427819967,
    1.828580498103125e-32,
    -0.12836101651191711,
    0.009948709048330784,
    -0.11513615399599075,
    0.05521645024418831,
    0.0598120391368866,
    -0.05231191962957382,
    0.009162429720163345,
    0.03737275302410126,
    -0.06247245892882347,
    0.022154415026307106,
    -0.03826325386762619,
    0.05067243427038193,
    0.043925393372774124,
    -0.06372556835412979,
    -0.11511120200157166,
    0.01167227141559124,
    -0.06126191467046738,
    0.062314338982105255,
    -0.02942386269569397,
    -0.01106618158519268,
    0.04363149777054787,
    -0.05324519798159599,
    0.027759423479437828,
    0.03736038878560066,
    0.03313199803233147,
    0.010076445527374744,
    0.07912302017211914,
    -0.025399239733815193,
    0.011674889363348484,
    -0.003933074418455362,
    0.04075780138373375,
    0.03739219158887863,
    0.08324743062257767,
    0.037220608443021774,
    0.08478668332099915,
    0.1355077624320984,
    -0.013913735747337341,
    -0.06401219218969345,
    0.04861423745751381,
    -0.028637873008847237,
    -0.09474793821573257,
    -0.01639295369386673,
    -0.022650552913546562,
    0.0009699190268293023,
    0.016923869028687477,
    -0.004194219596683979,
    -0.015355788171291351,
    -0.01968788169324398,
    0.10654235631227493,
    0.030744653195142746,
    0.02961680293083191,
    -0.059811241924762726,
    0.044478923082351685,
    -0.007782829459756613,
    0.022672409191727638,
    0.022686053067445755,
    -0.07608947157859802,
    0.04442697390913963,
    -0.07015436142683029,
    -0.006939067039638758,
    0.009291253052651882,
    -0.0524013377726078,
    -0.005457486491650343,
    0.025240017101168633,
    0.012756395153701305,
    -0.10411390662193298,
    -0.03433327376842499,
    -0.02610357291996479,
    0.05902821943163872,
    -0.07229437679052353,
    0.02365339919924736,
    0.0317995548248291,
    0.026079604402184486,
    0.002806516829878092,
    -0.03792788088321686,
    -0.005762365646660328,
    0.0766640305519104,
    -0.05661901459097862,
    0.05418865382671356,
    -0.019345229491591454,
    -0.06437700986862183,
    0.0009699799120426178,
    0.031116776168346405,
    0.042448852211236954,
    0.03737315908074379,
    -0.0035363472998142242,
    0.03911536559462547,
    0.003005811246111989,
    -0.08862011879682541,
    -0.0043991925194859505,
    -0.007387402467429638,
    -0.01752283051609993,
    -0.04428055137395859,
    0.05711813643574715,
    0.062034182250499725,
    -1.6686818219174094e-32,
    0.03814412280917168,
    -0.09347257018089294,
    -0.1078009381890297,
    0.10255532711744308,
    0.05557333678007126,
    0.06237633526325226,
    -0.0407269187271595,
    -0.010952952317893505,
    0.060368020087480545,
    0.0413573682308197,
    -0.02349652349948883,
    -0.04764091596007347,
    -0.02609272114932537,
    -0.02743127942085266,
    -0.07691138982772827,
    -0.0894952043890953,
    0.00827327836304903,
    -0.02337944507598877,
    0.06143263354897499,
    0.10568372905254364,
    0.0019486850360408425,
    -0.005326605401933193,
    -0.021331416442990303,
    0.10415390133857727,
    0.022704878821969032,
    -0.009158286266028881,
    -0.03725503012537956,
    -0.08427645266056061,
    0.0586002841591835,
    0.022008826956152916,
    -0.009617635980248451,
    -0.08667547255754471,
    -0.07778072357177734,
    0.0336560383439064,
    -0.0373220294713974,
    -0.11587532609701157,
    0.13163602352142334,
    -0.010995447635650635,
    -0.0003974318678956479,
    0.05602872371673584,
    0.053656481206417084,
    0.08603519201278687,
    0.010057719424366951,
    -0.04487786442041397,
    -0.017731884494423866,
    -0.033403437584638596,
    0.05991073697805405,
    0.014723101630806923,
    0.019137036055326462,
    -0.01970665529370308,
    0.045868031680583954,
    -0.052740711718797684,
    0.02488544210791588,
    0.014495559968054295,
    -0.02474062144756317,
    0.0479140430688858,
    0.0009132667328231037,
    -0.06216133385896683,
    -0.06359259784221649,
    0.05062991753220558,
    0.06988486647605896,
    0.03407856076955795,
    -0.020878374576568604,
    -0.030188366770744324,
    0.07025879621505737,
    -0.04446880891919136,
    -0.041701775044202805,
    -0.040529560297727585,
    -0.011219379492104053,
    -0.08174753189086914,
    -0.016338089480996132,
    -0.10487937927246094,
    -0.106183260679245,
    -0.09398064017295837,
    0.07241576910018921,
    -0.06403758376836777,
    0.005473494529724121,
    -0.06109952926635742,
    -0.08708838373422623,
    -0.03373996540904045,
    0.057827822864055634,
    0.04535599797964096,
    -0.08918637782335281,
    0.07422923296689987,
    -0.01294996403157711,
    0.05532234534621239,
    0.03263252601027489,
    0.03433888405561447,
    0.07727976143360138,
    0.07719918340444565,
    -0.002456239191815257,
    0.019389839842915535,
    -0.0041083889082074165,
    0.07174214720726013,
    -0.06487125158309937,
    -4.886372195755939e-08,
    -0.026914183050394058,
    0.02235148474574089,
    -0.03267906233668327,
    -0.019145045429468155,
    -0.04902827739715576,
    0.005585866514593363,
    0.01228055078536272,
    0.02880823239684105,
    -0.04408765211701393,
    -0.0737757459282875,
    0.07455842941999435,
    -0.015584204345941544,
    -0.04873059317469597,
    -0.019002342596650124,
    0.030154135078191757,
    -0.0014954154612496495,
    -0.013223327696323395,
    -0.039652906358242035,
    -0.07506632804870605,
    0.054600100964307785,
    0.049374110996723175,
    -0.056115467101335526,
    0.00022758907289244235,
    -0.016055690124630928,
    0.009183695539832115,
    0.0019132534507662058,
    0.02148810587823391,
    0.12002530694007874,
    0.03584164008498192,
    -0.028611522167921066,
    -0.057853952050209045,
    0.03780040517449379,
    -0.03004405088722706,
    -0.07148230075836182,
    -0.04456595331430435,
    -0.0004618820094037801,
    0.00904015637934208,
    0.004660141188651323,
    0.03456331789493561,
    0.07150331139564514,
    -0.0066356235183775425,
    0.008529836311936378,
    0.006885691545903683,
    0.03233874589204788,
    0.023632926866412163,
    0.03221803158521652,
    -0.09677192568778992,
    0.04286884516477585,
    -0.011122234165668488,
    -0.03638488054275513,
    -0.03002992644906044,
    -0.029152892529964447,
    0.04023107886314392,
    0.03638441860675812,
    -0.03779070824384689,
    0.09232143312692642,
    0.11290045082569122,
    0.028121601790189743,
    0.03986139968037605,
    -0.0038795669097453356,
    0.07914218306541443,
    0.08564510196447372,
    0.046049103140830994,
    -0.011380782350897789
]