[
    -0.035954058170318604,
    0.04797112196683884,
    0.009171245619654655,
    -0.08258914202451706,
    0.015127460472285748,
    0.12574036419391632,
    -0.04388244077563286,
    -0.051418501883745193,
    -0.06649313122034073,
    -0.023673471063375473,
    -0.0450684018433094,
    0.0036656169686466455,
    -0.04582084342837334,
    -0.023765649646520615,
    0.1344704031944275,
    -0.009157438762485981,
    0.04498632624745369,
    0.06287805736064911,
    -0.05535844713449478,
    -0.008552349172532558,
    -0.01290422398597002,
    0.012398374266922474,
    -0.061613671481609344,
    -0.0018266106490045786,
    -0.05527389422059059,
    -0.004011690150946379,
    0.01094997487962246,
    -0.0433993861079216,
    0.016689766198396683,
    0.0038140686228871346,
    0.04332670196890831,
    -0.018842369318008423,
    -0.015323569998145103,
    0.07801079750061035,
    0.00373227521777153,
    -0.03628212958574295,
    -0.008177193813025951,
    0.03485455736517906,
    -0.051502835005521774,
    0.027782602235674858,
    -0.07949373871088028,
    -0.011615859344601631,
    -0.04875418543815613,
    0.013756835833191872,
    0.0038710327353328466,
    0.016793353483080864,
    -0.05920427292585373,
    -0.025659753009676933,
    -0.02416275627911091,
    0.03468574211001396,
    0.031138334423303604,
    -0.03410486504435539,
    0.06060967221856117,
    0.06684038043022156,
    0.009638967923820019,
    -0.06325500458478928,
    -0.031248753890395164,
    -0.017532164230942726,
    -0.06982805579900742,
    0.05481342598795891,
    0.039651550352573395,
    -0.07275094836950302,
    -0.007947842590510845,
    0.025678573176264763,
    -0.0501977913081646,
    0.014690175652503967,
    -0.01279424037784338,
    0.01041229534894228,
    -0.03860335424542427,
    -0.057819612324237823,
    -0.07902440428733826,
    -0.08155741542577744,
    -0.025477074086666107,
    0.01826576516032219,
    0.01372117642313242,
    0.043947190046310425,
    -0.009499656036496162,
    0.016993993893265724,
    0.09463366121053696,
    -0.16428714990615845,
    -0.06974068284034729,
    0.025015434250235558,
    0.011189612559974194,
    0.08016905188560486,
    -0.03568219766020775,
    -0.03149809688329697,
    -0.009052099660038948,
    0.010852874256670475,
    -0.001061227754689753,
    -0.026665864512324333,
    -0.027807749807834625,
    -0.04431945085525513,
    0.040546711534261703,
    -0.04949454218149185,
    0.05645117908716202,
    0.003380418987944722,
    9.676854097051546e-05,
    -0.03324954956769943,
    -0.003721831599250436,
    -0.012129101902246475,
    -0.009175033308565617,
    -0.043940991163253784,
    0.05396019667387009,
    0.005776543635874987,
    -0.05423740670084953,
    -0.08108420670032501,
    0.024854052811861038,
    0.019317707046866417,
    0.03309551626443863,
    0.0166805237531662,
    0.03722069784998894,
    0.01363918837159872,
    -0.0380990244448185,
    -0.0834047868847847,
    0.013504832983016968,
    -0.03802558407187462,
    -0.03304312005639076,
    0.0358382947742939,
    0.04795284569263458,
    0.013842102140188217,
    -0.019459407776594162,
    -0.013157802633941174,
    -0.05020711570978165,
    -0.03823278471827507,
    -0.027872422710061073,
    0.014361126348376274,
    -0.04815692827105522,
    2.2640140215640278e-32,
    0.027053549885749817,
    -0.0036564189940690994,
    -0.05581394210457802,
    0.01993764564394951,
    0.06522099673748016,
    -0.06149108335375786,
    0.014721754007041454,
    -0.025781061500310898,
    -0.046777285635471344,
    0.06451430916786194,
    -0.0700932964682579,
    0.01730443350970745,
    0.00359286367893219,
    0.07404591888189316,
    -0.07597944885492325,
    -0.04252602159976959,
    -0.004009149968624115,
    0.10191305726766586,
    -0.041305430233478546,
    0.07566921412944794,
    0.003020186210051179,
    -0.007423217874020338,
    -0.008044025860726833,
    0.03425322473049164,
    -0.061116598546504974,
    0.027301771566271782,
    0.002196419984102249,
    -0.040935929864645004,
    0.03017166443169117,
    0.03483930230140686,
    0.033303696662187576,
    0.043882355093955994,
    0.03733940050005913,
    -0.061558064073324203,
    -0.03989381343126297,
    0.1057758554816246,
    0.025273345410823822,
    -0.007255809847265482,
    0.023925846442580223,
    -0.10598529130220413,
    -0.013348049484193325,
    -0.031945329159498215,
    0.09679652750492096,
    -0.026280058547854424,
    0.109677255153656,
    -0.04109092801809311,
    -0.026176251471042633,
    0.0012571370461955667,
    0.05694017559289932,
    0.046629730612039566,
    -0.060911308974027634,
    0.01130063645541668,
    0.07170920073986053,
    -0.04556947946548462,
    0.007031531538814306,
    -0.03814564272761345,
    -0.07981255650520325,
    0.05413472279906273,
    -0.028086984530091286,
    0.06118827313184738,
    -0.021179260686039925,
    0.048431750386953354,
    -0.05498046427965164,
    0.0033390058670192957,
    0.015165484510362148,
    0.009389574639499187,
    -0.010927267372608185,
    -0.08359147608280182,
    0.09370696544647217,
    0.04076008126139641,
    0.00563488295301795,
    0.1224750429391861,
    -0.023244930431246758,
    0.0172323826700449,
    -0.017881380394101143,
    0.00801184680312872,
    0.029482364654541016,
    0.020537838339805603,
    0.02046920731663704,
    0.007943641394376755,
    -0.056136514991521835,
    0.015790048986673355,
    -0.007148293778300285,
    0.018276328220963478,
    0.02293863706290722,
    0.05993333086371422,
    0.038855813443660736,
    0.030129943042993546,
    -0.037185557186603546,
    -0.027774499729275703,
    -0.002196571556851268,
    0.012473192065954208,
    0.08628788590431213,
    0.07732586562633514,
    0.029485853388905525,
    -2.3107231712147145e-32,
    0.013778993859887123,
    -0.0019207902951166034,
    -0.03189980611205101,
    -0.11628128588199615,
    0.08194950222969055,
    0.01822505332529545,
    -0.024410955607891083,
    -0.13474665582180023,
    0.02964014746248722,
    0.025870168581604958,
    0.04226120561361313,
    -0.086908720433712,
    -0.0165855810046196,
    -0.023254988715052605,
    -0.07619350403547287,
    -0.031064903363585472,
    -0.06486491113901138,
    -0.07601764798164368,
    0.0011712720151990652,
    0.0754762589931488,
    -0.01712506078183651,
    -0.009938722476363182,
    0.011011033318936825,
    0.11768367141485214,
    0.07142850011587143,
    0.035847242921590805,
    -0.07172553986310959,
    -0.017786521464586258,
    0.09760818630456924,
    -0.03223492205142975,
    -0.08686695992946625,
    -0.05475640296936035,
    -0.03822999820113182,
    0.005594430025666952,
    -0.047237131744623184,
    -0.1805032342672348,
    -0.021611463278532028,
    -0.04043121635913849,
    -0.00573061965405941,
    -0.042880501598119736,
    0.08889377117156982,
    -0.014263002201914787,
    0.0100950812920928,
    0.04943035915493965,
    0.05397534742951393,
    -0.027359845116734505,
    0.021350538358092308,
    -0.07397501915693283,
    -0.06766527891159058,
    -0.02959628961980343,
    0.03209000080823898,
    -0.016856659203767776,
    -0.015633124858140945,
    0.00874871015548706,
    -0.027455367147922516,
    -0.03238540142774582,
    0.037417806684970856,
    -0.04851565510034561,
    -0.0956997200846672,
    -0.022123709321022034,
    0.048591919243335724,
    0.044565994292497635,
    0.020403370261192322,
    0.10055004060268402,
    0.00021221635688561946,
    -0.08885549008846283,
    -0.0467311292886734,
    -0.12316545844078064,
    -0.022289671003818512,
    -0.03520513325929642,
    -0.12692618370056152,
    -0.09531581401824951,
    -0.020891591906547546,
    -0.09170246869325638,
    0.06162884458899498,
    -0.06768504530191422,
    -0.017178725451231003,
    -0.08430605381727219,
    -0.10014749318361282,
    0.045648958534002304,
    -0.007244258653372526,
    0.005035149399191141,
    -0.031410086899995804,
    0.05726831406354904,
    0.011040866374969482,
    0.04617961123585701,
    0.009096835739910603,
    0.035789281129837036,
    0.028800033032894135,
    0.11240590363740921,
    -0.11577481031417847,
    -0.00016639042587485164,
    -0.00915275514125824,
    0.045690495520830154,
    -0.07597164809703827,
    -6.285802101047011e-08,
    0.06558343768119812,
    0.08919105678796768,
    0.004979231394827366,
    -0.06886600703001022,
    -0.06104118004441261,
    -0.0271515604108572,
    -0.0432368703186512,
    -0.017337646335363388,
    0.01812741346657276,
    -0.03815735504031181,
    0.01061081513762474,
    0.11429537087678909,
    -0.023396983742713928,
    0.009569106623530388,
    0.05463625118136406,
    -0.004907562397420406,
    -0.04962616041302681,
    -0.016169898211956024,
    -0.04271894320845604,
    0.042804453521966934,
    -0.05193805694580078,
    -0.031896017491817474,
    -0.06330812722444534,
    0.01217103935778141,
    -0.0002650572278071195,
    0.08158856630325317,
    -0.0379517488181591,
    0.02630101516842842,
    0.09510046988725662,
    0.026648471131920815,
    0.009168317541480064,
    0.07005012780427933,
    -0.026665130630135536,
    -0.06696819514036179,
    -0.04508638381958008,
    -0.03951907530426979,
    0.020616905763745308,
    0.025583071634173393,
    0.046284016221761703,
    -0.0654800608754158,
    0.04125356674194336,
    0.051236946135759354,
    -0.022366777062416077,
    0.053876377642154694,
    0.004545920062810183,
    -0.06179318577051163,
    -0.051690150052309036,
    -0.020913757383823395,
    -0.016145888715982437,
    -0.09609098732471466,
    -0.020148100331425667,
    -0.05036989971995354,
    0.09932870417833328,
    -0.045357491821050644,
    -0.04944217577576637,
    0.02672628127038479,
    -0.02529323846101761,
    -0.046643830835819244,
    -0.00664370646700263,
    -0.0522729866206646,
    0.09439442306756973,
    0.03463875874876976,
    0.04913945123553276,
    0.026546582579612732
]