[
    -0.07350974529981613,
    0.0398995466530323,
    0.009119781665503979,
    -0.05233554542064667,
    -0.04833202809095383,
    0.013832294382154942,
    -0.04953460767865181,
    -0.028114989399909973,
    0.033521439880132675,
    0.009252163581550121,
    -0.009706620126962662,
    -0.07128484547138214,
    -0.009754558093845844,
    0.007592902984470129,
    0.029494276270270348,
    0.031456563621759415,
    0.08416956663131714,
    0.06551594287157059,
    -0.03547176718711853,
    0.03633600473403931,
    0.028195498511195183,
    -0.005011114291846752,
    -0.050782352685928345,
    -0.0008402131497859955,
    -0.10764335840940475,
    -0.015454602427780628,
    -0.07068587839603424,
    -0.061799176037311554,
    0.10632866621017456,
    -0.04688085988163948,
    0.025937145575881004,
    0.01977318525314331,
    0.04127908870577812,
    0.04071229696273804,
    0.03431766852736473,
    0.018925776705145836,
    0.06022701784968376,
    -0.03703182190656662,
    0.04292214661836624,
    0.040541358292102814,
    -0.026211410760879517,
    -0.042392004281282425,
    -0.03908495604991913,
    -0.03737645596265793,
    -0.0201789028942585,
    0.04353145509958267,
    0.009794933721423149,
    0.02417086623609066,
    -0.02687508426606655,
    0.0036945126485079527,
    -0.07958207279443741,
    -0.04239335656166077,
    -0.062075335532426834,
    0.06295952200889587,
    -0.034355249255895615,
    -0.023728331550955772,
    0.04517742991447449,
    0.018437201157212257,
    -0.015697399154305458,
    0.008394316770136356,
    0.03455347940325737,
    0.04776064306497574,
    -0.07372003048658371,
    0.060271747410297394,
    -0.017125142738223076,
    0.05731896683573723,
    -0.017594747245311737,
    0.023351183161139488,
    0.03909342363476753,
    0.04723157361149788,
    -0.056857798248529434,
    0.03661581128835678,
    0.026528680697083473,
    0.021192558109760284,
    -0.053206369280815125,
    -0.00603734003379941,
    -0.043774522840976715,
    -0.05859243497252464,
    0.003714097896590829,
    -0.13044346868991852,
    -0.03741699829697609,
    0.05281252786517143,
    -0.013702945783734322,
    0.00914786383509636,
    -0.03314434736967087,
    -0.07522355765104294,
    -0.03300723433494568,
    -0.054252222180366516,
    -0.041947007179260254,
    0.007789327297359705,
    0.0750531554222107,
    -0.11732493340969086,
    0.05644555389881134,
    -0.09253105521202087,
    0.03593812510371208,
    0.017834238708019257,
    -0.006813535466790199,
    0.013713394291698933,
    0.0798654705286026,
    -0.011436009779572487,
    0.007058660965412855,
    0.061527859419584274,
    -0.014477496966719627,
    -0.042626626789569855,
    -0.04689670726656914,
    -0.04897723346948624,
    -0.033981192857027054,
    -0.04641322046518326,
    0.057811517268419266,
    0.04940076917409897,
    0.027055390179157257,
    0.008734692819416523,
    -0.058891814202070236,
    -0.052533335983753204,
    0.09421012550592422,
    0.005980135407298803,
    -0.0032596990931779146,
    0.10910837352275848,
    -0.030325809493660927,
    -0.023505795747041702,
    0.012861414812505245,
    0.0027186302468180656,
    -0.04280112683773041,
    -0.07272133976221085,
    0.030430572107434273,
    -0.04280964657664299,
    0.009630207903683186,
    1.7777806281115767e-32,
    0.03887039050459862,
    0.02376016229391098,
    -0.08377715945243835,
    0.03000829555094242,
    0.05871444195508957,
    0.023248089477419853,
    0.01960926689207554,
    0.004988843109458685,
    -0.05085603892803192,
    0.07905817776918411,
    -0.01750345341861248,
    0.02054710127413273,
    -0.0012269994476810098,
    -0.08009546995162964,
    -0.10082856565713882,
    0.016092078760266304,
    -0.05039390176534653,
    0.08146585524082184,
    -0.03223230689764023,
    0.049385663121938705,
    0.03453349322080612,
    -0.06690157204866409,
    0.036313388496637344,
    0.05407287925481796,
    -0.008113336749374866,
    -0.028347497805953026,
    0.03675805404782295,
    0.0027964299079030752,
    -0.02678738161921501,
    0.006834269501268864,
    0.013117719441652298,
    0.03082711435854435,
    0.06870947778224945,
    0.00044751152745448053,
    0.05511100962758064,
    0.08868448436260223,
    0.0656786859035492,
    -0.09030844271183014,
    0.06026114523410797,
    -0.08474856615066528,
    -0.08461320400238037,
    0.010564957745373249,
    0.043483879417181015,
    -0.03499183431267738,
    -0.02191806770861149,
    -0.041230276226997375,
    -0.006207903381437063,
    -0.012214481830596924,
    0.028721582144498825,
    0.07868559658527374,
    -0.02046930603682995,
    -0.018284479156136513,
    0.040342312306165695,
    -0.05744638666510582,
    0.04563823342323303,
    0.024323085322976112,
    -0.0600774921476841,
    0.057807911187410355,
    -0.04904159530997276,
    0.030516086146235466,
    0.005616449285298586,
    0.031233178451657295,
    -0.05540644749999046,
    0.044192295521497726,
    -0.019705880433321,
    -0.05952443554997444,
    -0.05508815869688988,
    -0.08233119547367096,
    0.10240034759044647,
    -0.04732709750533104,
    -0.06445811688899994,
    0.0706155076622963,
    -0.06415266543626785,
    0.036130502820014954,
    -0.036204542964696884,
    -0.016693230718374252,
    0.0062383911572396755,
    -0.005392041988670826,
    0.035645049065351486,
    0.0237614493817091,
    -0.11174555122852325,
    -0.0039522540755569935,
    0.06539163738489151,
    0.05247277393937111,
    0.038299642503261566,
    -0.015820812433958054,
    0.035602279007434845,
    -0.04253384470939636,
    0.015838857740163803,
    -0.056975509971380234,
    0.05761336535215378,
    -0.06517519056797028,
    0.026764247566461563,
    -0.014526229351758957,
    0.057432979345321655,
    -1.6635103814577606e-32,
    0.0354837104678154,
    -0.05337035283446312,
    -0.11408091336488724,
    0.025903109461069107,
    0.023752804845571518,
    -0.00032522191759198904,
    -0.062423478811979294,
    -0.08572749048471451,
    0.01778038777410984,
    0.024184416979551315,
    -0.029562504962086678,
    -0.021022440865635872,
    0.017773302271962166,
    -0.005900480784475803,
    -0.0771903544664383,
    -0.06820229440927505,
    0.01945721171796322,
    -0.05822759121656418,
    0.04390041530132294,
    0.04551626369357109,
    0.051388103514909744,
    0.007780767045915127,
    0.026861650869250298,
    0.07010673731565475,
    0.07336575537919998,
    -0.01002121064811945,
    0.006328930146992207,
    -0.05902058631181717,
    0.07081136107444763,
    0.038815490901470184,
    0.0050620571710169315,
    -0.044513098895549774,
    -0.032420095056295395,
    0.021376272663474083,
    -0.05795968323945999,
    -0.12823078036308289,
    0.13940465450286865,
    -0.017072895541787148,
    -0.02457115426659584,
    -0.04925237596035004,
    0.038615938276052475,
    0.08177759498357773,
    0.059384655207395554,
    -0.040366653352975845,
    -0.035366468131542206,
    -0.09117279946804047,
    0.014115001074969769,
    0.0213520135730505,
    0.020020000636577606,
    -0.07337108999490738,
    -0.010695582255721092,
    -0.09133978188037872,
    -0.0015981418546289206,
    0.00693262554705143,
    -0.07400596886873245,
    0.02736072987318039,
    -0.01709362119436264,
    0.016750451177358627,
    0.0005431853351183236,
    -0.019885238260030746,
    0.06383030116558075,
    0.1180688664317131,
    -0.039279256016016006,
    0.04826146736741066,
    0.09810490906238556,
    -0.02345174364745617,
    -0.07916925102472305,
    -0.009340641088783741,
    -0.03708821162581444,
    -0.017166269943118095,
    -0.035707756876945496,
    -0.1489761620759964,
    0.01594731956720352,
    -0.03323190286755562,
    0.09900299459695816,
    -0.028816016390919685,
    -0.027506867423653603,
    -0.08967124670743942,
    -0.09535609930753708,
    0.01548174861818552,
    0.06320478022098541,
    0.023855287581682205,
    -0.04790949076414108,
    0.08589071780443192,
    -0.010311287827789783,
    0.06406830251216888,
    0.055976614356040955,
    0.05498877167701721,
    0.03252744302153587,
    0.07244918495416641,
    -0.04495396465063095,
    -0.012880353257060051,
    0.017990069463849068,
    0.015537943691015244,
    -0.023651788011193275,
    -4.823900923156543e-08,
    -0.06108606606721878,
    0.05188438668847084,
    0.02314075641334057,
    -0.03509107232093811,
    -0.041138049215078354,
    -0.05011609569191933,
    -0.0030793463811278343,
    -0.012720763683319092,
    -0.05011779069900513,
    -0.05623752251267433,
    0.013419803231954575,
    -0.023964019492268562,
    0.010244770906865597,
    -0.05723891779780388,
    0.05742613598704338,
    -0.03523562476038933,
    0.01901009865105152,
    -0.03354407101869583,
    -0.1020001545548439,
    0.010392215102910995,
    -4.958192221238278e-05,
    -0.07213210314512253,
    -0.06255119293928146,
    0.06692229956388474,
    0.0517781563103199,
    0.007488653529435396,
    -0.016148164868354797,
    0.048396069556474686,
    0.0460229218006134,
    0.0507701113820076,
    -0.047698937356472015,
    0.06334362179040909,
    0.025416456162929535,
    -0.06726660579442978,
    0.001508746761828661,
    0.022986868396401405,
    -0.03478306159377098,
    0.04226803034543991,
    0.07651883363723755,
    -0.010873905383050442,
    -0.042850296944379807,
    0.015614023432135582,
    0.07019563764333725,
    0.07148496061563492,
    0.005131889600306749,
    -0.046339258551597595,
    -0.07982875406742096,
    0.05331569164991379,
    -0.00807696208357811,
    -0.08163611590862274,
    -0.020827189087867737,
    -0.07334016263484955,
    0.04347468167543411,
    0.016465671360492706,
    -0.004116931930184364,
    0.0607304610311985,
    0.11110775172710419,
    0.07294565439224243,
    0.023312710225582123,
    -0.06833566725254059,
    0.12462864816188812,
    0.11039759963750839,
    0.07684261351823807,
    -0.054103925824165344
]