[
    -0.0561194084584713,
    0.02611718699336052,
    -0.010636898688971996,
    -0.038655951619148254,
    -0.042484100908041,
    0.06484892219305038,
    -0.04534938558936119,
    -0.021392740309238434,
    -0.0004397628945298493,
    0.015761930495500565,
    0.00217772857286036,
    -0.03787408396601677,
    -0.011610410176217556,
    -0.017199357971549034,
    0.03382755070924759,
    0.029103370383381844,
    0.029608389362692833,
    0.039202239364385605,
    -0.05735548585653305,
    0.04026738181710243,
    0.020874638110399246,
    0.033204738050699234,
    -0.022166462615132332,
    0.028049498796463013,
    -0.0595252588391304,
    -0.032114122062921524,
    -0.054291073232889175,
    -0.006050240248441696,
    0.09516303241252899,
    -0.061875712126493454,
    0.007151041645556688,
    0.02331337332725525,
    0.048111893236637115,
    0.06040564924478531,
    -0.018832925707101822,
    -0.01164800114929676,
    -0.0034431798849254847,
    -0.02901691012084484,
    0.019994042813777924,
    -0.02833467535674572,
    -0.05478942394256592,
    -0.05041774362325668,
    -0.05458487942814827,
    0.0022455286234617233,
    -0.017833400517702103,
    0.057921070605516434,
    -0.013468429446220398,
    -0.020336318761110306,
    -0.07015977054834366,
    -0.004195736721158028,
    -0.06960611045360565,
    -0.03137292340397835,
    -0.020709920674562454,
    0.0362064391374588,
    -0.07964350283145905,
    -0.01921711675822735,
    0.017337441444396973,
    0.05081580579280853,
    -0.015170009806752205,
    -0.0246351920068264,
    0.021840130910277367,
    -0.0016166312852874398,
    -0.05099361389875412,
    0.06305155903100967,
    -0.006166990380734205,
    0.040737878531217575,
    0.006417909171432257,
    0.0014463660772889853,
    0.06179536134004593,
    0.03564862534403801,
    -0.06655281782150269,
    0.025399507954716682,
    0.027362043038010597,
    0.017442258074879646,
    -0.07763922214508057,
    -0.004898106213659048,
    -0.022660592570900917,
    0.028172092512249947,
    0.03761223703622818,
    -0.08560952544212341,
    -0.05649028718471527,
    0.018143609166145325,
    -0.00429146783426404,
    0.014924807474017143,
    -0.04959341883659363,
    -0.058593519032001495,
    -0.027979403734207153,
    -0.002921053674072027,
    -0.01996920071542263,
    0.03211555257439613,
    0.03986839950084686,
    -0.12563388049602509,
    0.10431576520204544,
    -0.0615205280482769,
    0.01898796856403351,
    0.013244755566120148,
    0.0053634075447916985,
    0.003318044124171138,
    0.09250246733427048,
    -0.012665686197578907,
    0.032711874693632126,
    0.07202654331922531,
    -0.08277953416109085,
    -0.08783433586359024,
    -0.03193747252225876,
    -0.06153548136353493,
    -0.018794169649481773,
    -0.04065162315964699,
    0.032795362174510956,
    0.002545490162447095,
    0.03727112337946892,
    0.004494245629757643,
    -0.01162523590028286,
    -0.07392603904008865,
    0.06949387490749359,
    0.06144934520125389,
    -0.02197946608066559,
    0.06697454303503036,
    0.0005611350061371922,
    -0.02449137158691883,
    -0.013928992673754692,
    -0.00045417650835588574,
    -0.02015017718076706,
    -0.090315081179142,
    -0.022968394681811333,
    -0.07500670105218887,
    -0.0015687672421336174,
    1.7563775208453922e-32,
    0.01450369879603386,
    -0.005952623672783375,
    -0.15466392040252686,
    0.05064607784152031,
    0.025321168825030327,
    0.013113156892359257,
    -0.011415972374379635,
    -0.003398861503228545,
    -0.09008347988128662,
    0.039517391473054886,
    -0.013070518150925636,
    -0.01008614245802164,
    0.016946546733379364,
    -0.019199421629309654,
    -0.10129763185977936,
    0.05122816562652588,
    -0.10328829288482666,
    0.11081967502832413,
    -0.043808091431856155,
    0.03680010139942169,
    0.06797660142183304,
    -0.05869726836681366,
    0.06215588003396988,
    0.038262903690338135,
    0.00924726016819477,
    -0.01131710410118103,
    0.06568127125501633,
    0.01792132295668125,
    -0.027618426829576492,
    -0.00789935514330864,
    0.011971983127295971,
    -0.009549114853143692,
    0.048900045454502106,
    -0.022032657638192177,
    0.11141983419656754,
    0.07232636958360672,
    0.05176429823040962,
    -0.08332832157611847,
    0.08089611679315567,
    -0.059009432792663574,
    -0.029890449717640877,
    0.012916689738631248,
    -0.022465432062745094,
    0.0029719783924520016,
    0.05166464298963547,
    -0.021534975618124008,
    -0.019566448405385017,
    -0.0044247182086110115,
    0.02818938158452511,
    0.05947703868150711,
    0.009105951525270939,
    0.009516838937997818,
    0.028449352830648422,
    -0.05258021503686905,
    0.02357795648276806,
    0.0659787505865097,
    -0.05266264081001282,
    0.035762105137109756,
    -0.061473529785871506,
    0.011248329654335976,
    0.0414964035153389,
    0.011214436031877995,
    -0.05667521804571152,
    0.009622368030250072,
    -0.04651452973484993,
    -0.039899539202451706,
    -0.04609023779630661,
    -0.05522468686103821,
    0.0887153148651123,
    -0.025717001408338547,
    -0.04451167955994606,
    0.0348086915910244,
    -0.03585626557469368,
    0.009149531833827496,
    0.004823178052902222,
    -0.03189318627119064,
    0.013150138780474663,
    0.0015863415319472551,
    0.043965086340904236,
    0.023119671270251274,
    -0.0739283487200737,
    0.0008390679722651839,
    -0.04660100117325783,
    0.05733923241496086,
    0.01749843917787075,
    -0.06769511103630066,
    0.04236850515007973,
    -0.024309251457452774,
    -0.02208981104195118,
    -0.002890634350478649,
    0.04053477197885513,
    -0.008892695419490337,
    0.002088997047394514,
    0.00965814758092165,
    0.035777777433395386,
    -1.7042389097250512e-32,
    0.025253521278500557,
    -0.010138767771422863,
    -0.07909724116325378,
    0.1034412756562233,
    0.02319737896323204,
    0.006583592854440212,
    -0.024999957531690598,
    -0.06019239127635956,
    0.09009560942649841,
    -0.01774503104388714,
    -0.0091249980032444,
    -0.026712752878665924,
    0.0379495844244957,
    -0.05028205364942551,
    -0.09228358417749405,
    -0.05981545150279999,
    -0.049655232578516006,
    0.0012759706005454063,
    0.047994524240493774,
    0.08450549840927124,
    0.11356977373361588,
    -0.004295711405575275,
    -0.03740192949771881,
    0.08672558516263962,
    0.04608766362071037,
    -0.012195989489555359,
    -0.02918304316699505,
    -0.03474991396069527,
    0.06413548439741135,
    0.022053085267543793,
    0.02171301655471325,
    -0.05746607482433319,
    -0.10057973861694336,
    0.03367068991065025,
    -0.050458986312150955,
    -0.1514451950788498,
    0.19811829924583435,
    -0.04601620137691498,
    -0.057601384818553925,
    -0.009746784344315529,
    0.041129954159259796,
    0.07004581391811371,
    -0.01338568888604641,
    -0.014927392825484276,
    -0.03831511363387108,
    -0.0504605732858181,
    -0.01859557256102562,
    0.02667967602610588,
    0.032297760248184204,
    -0.06174471601843834,
    0.025640958920121193,
    -0.07596254348754883,
    -0.010883985087275505,
    0.03824421763420105,
    -0.016118135303258896,
    0.014060110785067081,
    -0.01572074554860592,
    -0.037302836775779724,
    -0.03835687413811684,
    0.05743696540594101,
    0.03749607875943184,
    0.07016388326883316,
    0.013127440586686134,
    0.0424884594976902,
    0.05818139761686325,
    -0.03945998474955559,
    -0.05963807925581932,
    0.028415322303771973,
    -0.03207088261842728,
    -0.029037591069936752,
    0.010383976623415947,
    -0.15601199865341187,
    -0.011404835619032383,
    -0.04336347058415413,
    0.07540173083543777,
    -0.04983938857913017,
    -0.03401624411344528,
    -0.10843025892972946,
    -0.10127044469118118,
    -0.00035717623541131616,
    0.005971787963062525,
    0.025256162509322166,
    -0.027394309639930725,
    0.10587983578443527,
    0.029533343389630318,
    0.06043291464447975,
    0.057663802057504654,
    0.03324064239859581,
    0.053109798580408096,
    0.07651650160551071,
    -0.03365448862314224,
    0.004060748964548111,
    0.017042577266693115,
    0.004076943267136812,
    -0.08962207287549973,
    -5.064681118938097e-08,
    -0.055867619812488556,
    0.009019549004733562,
    -0.01619592308998108,
    -0.0021007568575441837,
    -0.015697872266173363,
    -0.044555701315402985,
    -0.04236308112740517,
    -0.02019195258617401,
    -0.04533674567937851,
    -0.10784456133842468,
    0.07346093654632568,
    0.0035563998389989138,
    -0.07020197063684464,
    -0.07308894395828247,
    0.03832161799073219,
    -0.03634238988161087,
    -0.03976340591907501,
    -0.031225740909576416,
    -0.06362015753984451,
    -0.006459122523665428,
    -0.017695417627692223,
    -0.04974374175071716,
    -0.013321464881300926,
    0.0419139601290226,
    0.015221614390611649,
    0.004421420395374298,
    0.03826073184609413,
    0.1477213352918625,
    -0.016924018040299416,
    -0.020702097564935684,
    -0.011367847211658955,
    0.052889443933963776,
    0.07461237162351608,
    -0.07407310605049133,
    -0.029468754306435585,
    -0.006355946883559227,
    0.015492347069084644,
    0.045403994619846344,
    0.10129399597644806,
    0.036557868123054504,
    -0.023733336478471756,
    -0.03353634476661682,
    0.013075830414891243,
    0.05524181202054024,
    -0.037319328635931015,
    -0.015518369153141975,
    -0.06741427630186081,
    0.060328733175992966,
    -0.02946535125374794,
    -0.10338685661554337,
    0.008229116909205914,
    -0.052168965339660645,
    -0.004022570792585611,
    0.029808688908815384,
    0.027568979188799858,
    0.10557959228754044,
    0.09149949252605438,
    0.06273746490478516,
    0.03418320417404175,
    -0.07305908203125,
    0.15200021862983704,
    0.12668275833129883,
    0.056922975927591324,
    -0.06776557117700577
]