[
    -0.05713224411010742,
    0.021948471665382385,
    -0.030049346387386322,
    -0.07905071973800659,
    -0.010617139749228954,
    0.024942491203546524,
    -0.008107740432024002,
    -0.0440991185605526,
    -0.026209525763988495,
    0.013962806202471256,
    -0.0380450040102005,
    -0.015436971560120583,
    -0.020460763946175575,
    0.0011650020023807883,
    0.04420685023069382,
    0.042801983654499054,
    0.059334419667720795,
    0.003568996675312519,
    -0.07283615320920944,
    0.02426665835082531,
    0.024287166073918343,
    0.05150139704346657,
    -0.030958376824855804,
    -0.024052726104855537,
    -0.10620763897895813,
    -0.0046579912304878235,
    -0.03696173056960106,
    -0.0925740972161293,
    0.08241119980812073,
    -0.07641707360744476,
    0.035006627440452576,
    0.08720546215772629,
    0.026786459609866142,
    0.05418514087796211,
    0.022374143823981285,
    -0.00398045452311635,
    0.03051571734249592,
    -0.04007287323474884,
    -0.0003928628284484148,
    -0.015650426968932152,
    -0.042864423245191574,
    -0.018311602994799614,
    -0.07313045859336853,
    0.0006249832222238183,
    -0.046165093779563904,
    0.046964406967163086,
    -0.00925480853766203,
    -0.010501227341592312,
    -0.025537937879562378,
    0.01487253699451685,
    -0.07362542301416397,
    -0.027088770642876625,
    -0.009290195070207119,
    0.07432364672422409,
    -0.04073478654026985,
    -0.06603153049945831,
    -0.00786331295967102,
    0.034646350890398026,
    -0.026087289676070213,
    0.018528666347265244,
    -0.004469022154808044,
    -0.029031867161393166,
    -0.06909212470054626,
    0.023643963038921356,
    -0.0198800191283226,
    0.029826214537024498,
    -0.032157134264707565,
    0.010802104137837887,
    0.011022577062249184,
    -0.01893860287964344,
    -0.05881626158952713,
    0.054260432720184326,
    0.0015159108443185687,
    0.00973526295274496,
    -0.014810631982982159,
    0.013900093734264374,
    -0.0006129014655016363,
    -0.0020111119374632835,
    0.06137395277619362,
    -0.12041187286376953,
    -0.048831507563591,
    0.045359864830970764,
    -0.033365484327077866,
    -0.0031648327130824327,
    -0.074031762778759,
    -0.04230976104736328,
    -0.02983284927904606,
    -0.03067803755402565,
    0.026416921988129616,
    0.04541178047657013,
    0.049909256398677826,
    -0.1238856390118599,
    0.03257489204406738,
    -0.025799904018640518,
    0.050188738852739334,
    0.007244149688631296,
    -0.0017444451805204153,
    -0.027155473828315735,
    0.11291083693504333,
    -0.008814455009996891,
    0.019483942538499832,
    0.035893991589546204,
    -0.009896514937281609,
    -0.062182098627090454,
    -0.0795084685087204,
    -0.06406371295452118,
    -0.049531832337379456,
    0.010530567727982998,
    0.02003852091729641,
    0.029886849224567413,
    0.025353064760565758,
    -0.013045099563896656,
    -0.02590089663863182,
    -0.08497834950685501,
    0.059288330376148224,
    0.010784169659018517,
    -0.02839299850165844,
    0.08974961936473846,
    -0.032184213399887085,
    -0.027766898274421692,
    -0.014254888519644737,
    0.029160330072045326,
    -0.014975279569625854,
    -0.0881357491016388,
    -0.004994434770196676,
    -0.015224842354655266,
    -0.06057185307145119,
    1.9559204786965587e-32,
    -0.004195007961243391,
    -0.021973298862576485,
    -0.13243992626667023,
    0.04531259834766388,
    0.05852577090263367,
    -0.013879266567528248,
    0.0027999409940093756,
    0.01008068397641182,
    -0.09740075469017029,
    0.05372629687190056,
    0.013038136065006256,
    0.06014779582619667,
    -0.011720224283635616,
    -0.08939463645219803,
    -0.011603514663875103,
    -0.017064405605196953,
    -0.053725454956293106,
    0.10225557535886765,
    -0.0457720123231411,
    0.000445778074208647,
    0.03480640798807144,
    -0.038139261305332184,
    0.03523022308945656,
    0.05367515981197357,
    0.04648662731051445,
    -0.004111952614039183,
    0.03157871216535568,
    -0.04417313262820244,
    0.005117286462336779,
    0.008501283824443817,
    0.022997597232460976,
    0.01105670165270567,
    0.060552928596735,
    0.03644608333706856,
    0.08612333983182907,
    0.14571283757686615,
    0.0021743348333984613,
    -0.08988180011510849,
    0.08901941031217575,
    -0.06408856809139252,
    -0.03223743662238121,
    -0.021774576976895332,
    0.03553696721792221,
    -0.028009314090013504,
    -0.0014093760401010513,
    -0.018686631694436073,
    -0.03980405256152153,
    -0.010062177665531635,
    0.04291023686528206,
    0.03809787333011627,
    0.012648371048271656,
    0.005413135048002005,
    0.07810798287391663,
    -0.03694566711783409,
    0.056589312851428986,
    0.019257327541708946,
    -0.08315643668174744,
    0.01525700744241476,
    -0.017874309793114662,
    0.03276032581925392,
    0.004053013864904642,
    0.062316667288541794,
    -0.03846559301018715,
    0.0707613080739975,
    -0.04655561223626137,
    -0.07125810533761978,
    -0.033387839794158936,
    -0.05252380296587944,
    0.09550430625677109,
    -0.055763013660907745,
    -0.0242475513368845,
    0.05242561548948288,
    0.012396007776260376,
    0.0328989252448082,
    -0.0120944082736969,
    -0.043419092893600464,
    -0.00941759068518877,
    -0.02988234907388687,
    0.04273667186498642,
    -0.023312153294682503,
    -0.12625108659267426,
    -0.0019627513829618692,
    0.03387501463294029,
    0.05249853804707527,
    0.023730488494038582,
    -0.020371049642562866,
    0.013427762314677238,
    0.008708798326551914,
    -0.030649499967694283,
    -0.009276777505874634,
    -0.0017987190512940288,
    0.03354261443018913,
    -0.052977800369262695,
    0.01976223662495613,
    0.04102366790175438,
    -1.940142993519822e-32,
    -0.0009025259641930461,
    -0.07956531643867493,
    -0.05665452405810356,
    0.006525580771267414,
    0.04691420868039131,
    0.02034522406756878,
    -0.05048854649066925,
    -0.10273132473230362,
    0.09723690897226334,
    0.0015792613849043846,
    -0.03695983067154884,
    -0.041389208287000656,
    -0.008702514693140984,
    -0.018303442746400833,
    -0.06362038850784302,
    -0.08016815036535263,
    -0.01828344725072384,
    -0.023570898920297623,
    0.05525615066289902,
    0.07716771215200424,
    0.02900734730064869,
    0.00028065513470210135,
    -0.05297327786684036,
    0.0975777879357338,
    0.01658034510910511,
    -0.03508339822292328,
    -0.03165389224886894,
    -0.10806029289960861,
    0.08983165770769119,
    0.036903973668813705,
    -0.043515242636203766,
    -0.09420092403888702,
    -0.07489436119794846,
    0.01611480675637722,
    -0.06890647858381271,
    -0.1459149867296219,
    0.14949040114879608,
    -0.04935755580663681,
    -0.0396907664835453,
    -0.03692988306283951,
    0.05013652890920639,
    0.12236787378787994,
    0.02564362622797489,
    -0.02151676081120968,
    -0.038111187517642975,
    -0.0468304269015789,
    0.0052280970849096775,
    0.043192461133003235,
    0.018403038382530212,
    -0.09664944559335709,
    0.06777015328407288,
    -0.02103675901889801,
    0.042200032621622086,
    -0.030195441097021103,
    -0.056752655655145645,
    0.06512574106454849,
    0.03247571364045143,
    -0.04593393951654434,
    -0.002610686933621764,
    0.041771840304136276,
    0.08035270124673843,
    0.06669493019580841,
    -0.03459450602531433,
    0.007543128915131092,
    0.07591582089662552,
    -0.021357057616114616,
    -0.06241438537836075,
    -0.002704152138903737,
    -0.028149031102657318,
    -0.04286016523838043,
    0.003647543489933014,
    -0.11117027699947357,
    -0.05766322836279869,
    -0.05197769030928612,
    0.08075778931379318,
    0.0086782556027174,
    -0.04334072023630142,
    -0.08167682588100433,
    -0.0801648423075676,
    0.012662149034440517,
    0.0359201654791832,
    0.05237327143549919,
    -0.06451704353094101,
    0.07658282667398453,
    0.04122083634138107,
    0.08987464010715485,
    0.07582448422908783,
    -0.013294064439833164,
    0.01823478378355503,
    0.04620426893234253,
    -0.05559321865439415,
    -0.04975081980228424,
    -0.006181796081364155,
    0.062068767845630646,
    -0.049005139619112015,
    -5.476405817717023e-08,
    -0.05515167489647865,
    0.019266853109002113,
    -0.035834915935993195,
    -0.03919478878378868,
    -0.008413438685238361,
    -0.020869210362434387,
    0.0023541911505162716,
    0.06293594092130661,
    -0.06793147325515747,
    -0.07698071748018265,
    0.07099474966526031,
    -0.014764726161956787,
    -0.02794525772333145,
    -0.016224628314375877,
    0.08061136305332184,
    -0.030471714213490486,
    -0.013268429785966873,
    -0.017463091760873795,
    -0.09432309865951538,
    -0.011271687224507332,
    0.023168236017227173,
    -0.05941885709762573,
    -0.05033619701862335,
    0.07326769083738327,
    0.014637351036071777,
    -0.01210271567106247,
    0.028016678988933563,
    0.09354595094919205,
    0.023544756695628166,
    0.025721672922372818,
    -0.04900577664375305,
    0.04437556490302086,
    0.0013890947448089719,
    -0.04461958259344101,
    -0.011614334769546986,
    0.010721570812165737,
    -0.02658405341207981,
    0.0030382389668375254,
    0.0630573183298111,
    0.06299399584531784,
    -0.06405220180749893,
    0.039733871817588806,
    0.08911817520856857,
    0.07079031318426132,
    -0.014173571020364761,
    0.02346632070839405,
    -0.07109153270721436,
    0.027908703312277794,
    -0.00629384396597743,
    -0.08299192041158676,
    -0.026363059878349304,
    -0.05033837631344795,
    0.055827926844358444,
    0.00806214939802885,
    0.024091439321637154,
    0.1277584433555603,
    0.0873647928237915,
    0.06548922508955002,
    -0.006105062086135149,
    -0.04746517539024353,
    0.11676378548145294,
    0.10429531335830688,
    0.0427427664399147,
    0.028793079778552055
]