[
    -0.018719667568802834,
    0.03960687294602394,
    -0.009893235750496387,
    -0.08878473937511444,
    -0.04414396733045578,
    0.06542232632637024,
    -0.026649901643395424,
    0.02594832517206669,
    0.015366822481155396,
    0.015986336395144463,
    0.011241758242249489,
    -0.035856880247592926,
    0.03024381212890148,
    0.0053360178135335445,
    0.06305799633264542,
    0.01802990771830082,
    0.05033707246184349,
    0.025994015857577324,
    -0.019922351464629173,
    0.08144144713878632,
    0.03654894232749939,
    0.06915963441133499,
    -0.029874088242650032,
    -0.03904321417212486,
    -0.07161621004343033,
    -0.0043056076392531395,
    -0.07709679752588272,
    -0.028130097314715385,
    0.04208074510097504,
    -0.0864616110920906,
    0.05059942230582237,
    0.0749799832701683,
    0.03426412492990494,
    0.086995430290699,
    0.03293391317129135,
    -0.026887981221079826,
    -0.018080277368426323,
    -0.022401709109544754,
    0.03170029819011688,
    -0.0006229298887774348,
    -0.032474782317876816,
    -0.04232494533061981,
    -0.014209519140422344,
    -0.005453028716146946,
    0.015048015862703323,
    0.02130403369665146,
    -0.03463565185666084,
    0.00018010269559454173,
    -0.03225892409682274,
    0.03789107874035835,
    -0.11246839910745621,
    -0.04876437410712242,
    -0.020544279366731644,
    0.07381080836057663,
    -0.044374313205480576,
    -0.03936704620718956,
    0.013267800211906433,
    0.05897876247763634,
    -0.03618662804365158,
    -0.052900321781635284,
    -0.01919311285018921,
    0.05037350952625275,
    0.007849609479308128,
    0.02431134134531021,
    0.000936273718252778,
    0.019195279106497765,
    0.010793880559504032,
    -0.014722774736583233,
    0.013936042785644531,
    0.0364726223051548,
    -0.042862050235271454,
    0.06715688854455948,
    0.026397787034511566,
    0.019005119800567627,
    -0.11069994419813156,
    -0.03678672015666962,
    -0.018357224762439728,
    0.026031408458948135,
    0.008671196177601814,
    -0.11587642878293991,
    -0.04754076525568962,
    0.009611222892999649,
    -0.03782544285058975,
    -0.002673129551112652,
    -0.038803692907094955,
    -0.05665484815835953,
    0.00026494995108805597,
    -0.011609363369643688,
    -0.030365433543920517,
    0.02198505774140358,
    0.04231242835521698,
    -0.1026795506477356,
    0.12713344395160675,
    -0.08793732523918152,
    0.005120297893881798,
    0.022704126313328743,
    -0.0015487107448279858,
    -0.0031201187521219254,
    0.09756460040807724,
    0.011188636533915997,
    0.043390754610300064,
    -0.002318053739145398,
    -0.02087286114692688,
    -0.03400781750679016,
    -0.013594232499599457,
    -0.0333811417222023,
    0.011232676915824413,
    -0.023888511583209038,
    -0.003163288114592433,
    -0.023884816095232964,
    0.02047359012067318,
    -0.00777810113504529,
    -0.10301261395215988,
    -0.09246905148029327,
    0.020471468567848206,
    0.039695512503385544,
    -0.006948811002075672,
    0.07408235222101212,
    0.008417201228439808,
    -0.05988119915127754,
    -0.059646256268024445,
    0.01457705907523632,
    -0.08086105436086655,
    -0.0722120851278305,
    -0.024755729362368584,
    -0.012390375137329102,
    -0.03249770402908325,
    1.445721988040306e-32,
    -0.04759974032640457,
    -0.021107781678438187,
    -0.11312220245599747,
    0.07866279780864716,
    0.06195895001292229,
    -0.019147226586937904,
    0.02476944774389267,
    -0.008970160968601704,
    -0.06484118849039078,
    0.029823776334524155,
    0.013813972473144531,
    -0.01979180984199047,
    0.008855794556438923,
    -0.05182965099811554,
    -0.07096419483423233,
    0.01972932182252407,
    -0.05330493673682213,
    0.07181422412395477,
    -0.04776199534535408,
    -0.03299061208963394,
    0.031231308355927467,
    -0.010444972664117813,
    0.058699216693639755,
    0.03561830893158913,
    -0.03132730722427368,
    0.03325241431593895,
    0.04825536534190178,
    -0.0591876246035099,
    -0.035253532230854034,
    -0.007695856038480997,
    0.06649409234523773,
    -0.02363770455121994,
    0.03873642534017563,
    -0.005984861869364977,
    0.09387396275997162,
    0.10374598950147629,
    -0.0034191575832664967,
    -0.05443679168820381,
    0.07970253378152847,
    -0.02040194720029831,
    -0.0956445261836052,
    -0.0074091884307563305,
    -0.018978390842676163,
    -0.02138843946158886,
    0.021291129291057587,
    -0.004200779367238283,
    -0.050706736743450165,
    -0.0017077876254916191,
    0.03468111529946327,
    0.04115752503275871,
    0.012535465881228447,
    -0.06267621368169785,
    0.04139779135584831,
    -0.03958717733621597,
    0.05863453447818756,
    0.008175625465810299,
    -0.08475255966186523,
    0.05379527434706688,
    -0.08444235473871231,
    0.02010653354227543,
    -0.04123739153146744,
    -0.018945422023534775,
    -0.032435134053230286,
    0.026414167135953903,
    -0.01319638080894947,
    -0.06811999529600143,
    -0.026272110641002655,
    -0.012349185533821583,
    0.07892778515815735,
    -0.033690787851810455,
    -0.039741355925798416,
    0.01449449174106121,
    0.011606372892856598,
    0.03976043313741684,
    0.03455548360943794,
    -0.01484556496143341,
    0.04635709896683693,
    -0.07942817360162735,
    0.00011316999007249251,
    0.03268693760037422,
    -0.09501698613166809,
    0.005184843670576811,
    0.009452135302126408,
    0.03252551704645157,
    0.029471179470419884,
    -0.057930976152420044,
    0.036055270582437515,
    -0.04735831916332245,
    -0.05346014350652695,
    -0.022094370797276497,
    0.05724329128861427,
    0.018985845148563385,
    -0.08971399813890457,
    0.062667116522789,
    0.0406167134642601,
    -1.487952357277566e-32,
    -0.01727665215730667,
    -0.04651002213358879,
    -0.0882132276892662,
    0.07908853888511658,
    0.00526978587731719,
    0.033187806606292725,
    -0.03013318032026291,
    -0.06974831223487854,
    0.031950607895851135,
    -0.0192357636988163,
    -0.03319607675075531,
    -0.024066848680377007,
    -0.029738804325461388,
    -0.0321815088391304,
    -0.06072259694337845,
    -0.025287408381700516,
    -0.039880234748125076,
    -0.01864413172006607,
    0.018924759700894356,
    0.1055997759103775,
    0.01413541566580534,
    0.035174936056137085,
    -0.016693295910954475,
    0.10600125789642334,
    0.07140376418828964,
    -0.0005648643709719181,
    -0.014412869699299335,
    -0.05274462699890137,
    0.06529605388641357,
    0.0370049886405468,
    0.00731446361169219,
    -0.0737137570977211,
    -0.09053712338209152,
    0.021217744797468185,
    -0.05237149819731712,
    -0.13219019770622253,
    0.15575486421585083,
    -0.084466852247715,
    -0.04903240501880646,
    0.03600289672613144,
    -0.0005160359432920814,
    0.07863862812519073,
    0.047302279621362686,
    0.020298732444643974,
    -0.06585262715816498,
    -0.06696245074272156,
    0.022857224568724632,
    -0.014842165634036064,
    0.029173584654927254,
    -0.030862538143992424,
    0.03845422342419624,
    -0.06842116266489029,
    -0.02790861576795578,
    -0.013914581388235092,
    -0.021863913163542747,
    0.02271520532667637,
    -0.05752694979310036,
    0.00898614153265953,
    -0.06332940608263016,
    0.001615922898054123,
    0.05612994357943535,
    0.12214997410774231,
    -0.03646806627511978,
    0.030571065843105316,
    0.048018570989370346,
    -0.09802906960248947,
    -0.10076399147510529,
    -0.05175841972231865,
    -0.052384693175554276,
    -0.061177097260951996,
    -0.03480672091245651,
    -0.1434669941663742,
    -0.02944977767765522,
    -0.02850206196308136,
    0.07935009151697159,
    -0.011888864450156689,
    0.06110810115933418,
    -0.045561783015728,
    -0.07605553418397903,
    -0.054300595074892044,
    0.044175174087285995,
    0.05523775890469551,
    -0.047000858932733536,
    0.08049717545509338,
    0.001524267136119306,
    0.09467121213674545,
    -0.006778446026146412,
    0.025090226903557777,
    0.052420854568481445,
    0.07517543435096741,
    -0.0247030109167099,
    0.027340101078152657,
    0.02879534475505352,
    0.08513990789651871,
    -0.061664678156375885,
    -4.761031746625122e-08,
    -0.0766068547964096,
    0.0548037625849247,
    -0.043237607926130295,
    -0.022356677800416946,
    -0.05579318478703499,
    0.020045889541506767,
    0.0005432564648799598,
    0.029790766537189484,
    -0.07132264971733093,
    -0.09796225279569626,
    0.05103291571140289,
    -0.0003168609400745481,
    -0.033736702054739,
    -0.04066328704357147,
    0.01985038071870804,
    -0.028271198272705078,
    0.004875696264207363,
    0.017703818157315254,
    -0.06149347871541977,
    0.06336313486099243,
    -0.049962837249040604,
    -0.06212420016527176,
    -0.08150571584701538,
    0.01723574846982956,
    0.0020764844957739115,
    0.0006284568225964904,
    -0.02332303859293461,
    0.06327814608812332,
    -0.004050634801387787,
    0.030481327325105667,
    0.005848637316375971,
    0.08763342350721359,
    0.027403449639678,
    -0.042570482939481735,
    0.004715156741440296,
    0.022752881050109863,
    0.040032729506492615,
    0.026115067303180695,
    0.05720105767250061,
    0.03328826278448105,
    -0.058047883212566376,
    0.047911860048770905,
    0.005852996837347746,
    0.03697985038161278,
    0.009291324764490128,
    1.88969152077334e-05,
    -0.034663714468479156,
    0.06400793790817261,
    0.0014917131047695875,
    -0.06129694730043411,
    -0.002842527348548174,
    -0.12595289945602417,
    0.011841746047139168,
    0.016300499439239502,
    0.013962267898023129,
    0.11143715679645538,
    0.1454426646232605,
    0.06170487776398659,
    0.04930596426129341,
    -0.06772974878549576,
    0.12177573889493942,
    0.10206327587366104,
    0.05981506407260895,
    -0.0024250284768640995
]