[
    -0.04730496183037758,
    0.04970184341073036,
    -0.030580321326851845,
    -0.052427634596824646,
    -0.05658182129263878,
    0.06357681751251221,
    -0.020607052370905876,
    -0.03992282226681709,
    0.021802620962262154,
    0.026010897010564804,
    0.06687074154615402,
    -0.0749828964471817,
    0.026988115161657333,
    -0.06036440283060074,
    0.05307372659444809,
    -0.030208677053451538,
    0.051782917231321335,
    0.07671693712472916,
    -0.1085595190525055,
    0.026838894933462143,
    0.005147808231413364,
    0.05986644700169563,
    -0.035055723041296005,
    0.03056468442082405,
    -0.13434945046901703,
    -0.06469704210758209,
    -0.002051615621894598,
    -0.0710771232843399,
    0.027985483407974243,
    -0.05560566112399101,
    -0.009724456816911697,
    0.013288882561028004,
    0.04452598839998245,
    0.07724727690219879,
    0.0028040085453540087,
    0.017401451244950294,
    0.025599561631679535,
    0.002802582923322916,
    -0.013922999612987041,
    -0.012926430441439152,
    -0.0513879768550396,
    -0.07447013258934021,
    -0.048076432198286057,
    -0.006118167191743851,
    0.02277197688817978,
    -0.0071345604956150055,
    -0.0010675605153664947,
    -0.05975901708006859,
    -0.07802962511777878,
    0.0022178071085363626,
    -0.08392037451267242,
    -0.053054314106702805,
    -0.02373645454645157,
    0.10220696777105331,
    -0.06163856014609337,
    -0.0033220110926777124,
    -0.006003646645694971,
    0.04178225249052048,
    -0.03701144456863403,
    -0.015220302157104015,
    0.04512050747871399,
    -0.01739102602005005,
    -0.011484316550195217,
    0.06261114031076431,
    -0.033958110958337784,
    0.07192626595497131,
    -0.0019479633774608374,
    -0.05378994345664978,
    0.016673700883984566,
    0.0046810912899672985,
    -0.09327877312898636,
    -0.060245368629693985,
    -0.035634610801935196,
    0.018488533794879913,
    -0.009810847230255604,
    0.017200060188770294,
    -0.03865669667720795,
    0.05598483979701996,
    0.07595450431108475,
    -0.13917726278305054,
    0.00632160808891058,
    0.04653989523649216,
    0.0054037137888371944,
    0.07306180149316788,
    -0.016309937462210655,
    -0.02611658349633217,
    -0.006307169329375029,
    -0.025112127885222435,
    0.02069011516869068,
    -0.040765490382909775,
    0.10908748209476471,
    -0.06384490430355072,
    0.16261401772499084,
    -0.0662783831357956,
    0.05229785665869713,
    -0.0175564456731081,
    -0.0047220527194440365,
    -0.08174046128988266,
    0.04695466160774231,
    -0.01334312092512846,
    0.0026209920179098845,
    0.03885795548558235,
    -0.10348114371299744,
    0.02693955786526203,
    0.00951158907264471,
    -0.039076387882232666,
    -0.016004297882318497,
    0.0024458556436002254,
    0.005401394329965115,
    0.03670836612582207,
    0.009719467721879482,
    0.06114737316966057,
    -0.04599202424287796,
    -0.12872591614723206,
    0.04663979262113571,
    -0.006506339181214571,
    -0.08089138567447662,
    0.0752643272280693,
    0.049467336386442184,
    -0.002052504802122712,
    -0.017372136935591698,
    0.016518915072083473,
    -0.09510701894760132,
    -0.11658218502998352,
    0.004786569159477949,
    0.02669963799417019,
    -0.010429244488477707,
    2.094946783315486e-32,
    0.00891704298555851,
    0.028144801035523415,
    -0.05339500308036804,
    -0.049298305064439774,
    -0.016431069001555443,
    -0.014522800222039223,
    -0.00868979562073946,
    0.0040450068190693855,
    -0.04272151738405228,
    0.06618468463420868,
    -0.00774393742904067,
    0.0385655052959919,
    -0.0364571213722229,
    -0.003714346792548895,
    -0.04644206911325455,
    0.04759257659316063,
    -0.017117636278271675,
    0.10196272283792496,
    0.03627786785364151,
    0.07125763595104218,
    0.016971686854958534,
    -0.052262116223573685,
    0.016385816037654877,
    -0.03860818222165108,
    -0.011140349321067333,
    -0.010138272307813168,
    -0.003135495586320758,
    -0.010674415156245232,
    0.0387677326798439,
    0.007066618651151657,
    0.061396658420562744,
    0.06735501438379288,
    0.09355919808149338,
    0.0016253982903435826,
    0.03117825835943222,
    0.08141420781612396,
    0.02056673914194107,
    -0.04705391451716423,
    0.04806675761938095,
    -0.06392503529787064,
    -0.07282862812280655,
    0.05743302032351494,
    0.056921713054180145,
    0.008662115782499313,
    0.03408494219183922,
    -0.02964925952255726,
    0.009461388923227787,
    -0.04562892019748688,
    0.039736539125442505,
    0.05623181536793709,
    -0.008680544793605804,
    0.005322032142430544,
    0.04538407176733017,
    -0.00721316272392869,
    -0.009146954864263535,
    -0.035143785178661346,
    -0.002542807487770915,
    0.017251741141080856,
    -0.06325017660856247,
    0.08902700245380402,
    0.01332552544772625,
    0.01208571158349514,
    -0.0015059628058224916,
    0.025692909955978394,
    -0.009740173816680908,
    -6.100461177993566e-05,
    -0.005345261190086603,
    -0.03734934702515602,
    0.00849168375134468,
    -0.017230471596121788,
    -0.027121426537632942,
    0.09891155362129211,
    -0.019339047372341156,
    0.009968931786715984,
    -0.054906025528907776,
    -0.09025179594755173,
    0.01500397827476263,
    -0.008968528360128403,
    0.0032431466970592737,
    -0.007486766669899225,
    -0.05607328191399574,
    -0.02134544774889946,
    0.04628847911953926,
    0.05674363672733307,
    -0.027165517210960388,
    -0.010486514307558537,
    0.04400287941098213,
    0.052104402333498,
    -0.027784761041402817,
    -0.03827589750289917,
    -0.01710500568151474,
    0.011166815645992756,
    0.01056119054555893,
    0.13715806603431702,
    0.042132873088121414,
    -2.061943016174624e-32,
    0.014812733046710491,
    -0.025988390669226646,
    -0.07077908515930176,
    0.039971496909856796,
    0.06366334855556488,
    -0.008950628340244293,
    -0.034039635211229324,
    -0.07372309267520905,
    0.05041637271642685,
    0.016076592728495598,
    -0.045403216034173965,
    -0.07224786281585693,
    -0.043525151908397675,
    -0.03616231307387352,
    -0.019856078550219536,
    -0.07333121448755264,
    0.0010099259670823812,
    -0.09058620780706406,
    -0.05181669071316719,
    0.09038162231445312,
    0.048855509608983994,
    -0.0373796708881855,
    -0.02433326654136181,
    0.08675860613584518,
    0.020622141659259796,
    0.049298614263534546,
    -0.021192777901887894,
    -0.03295116499066353,
    0.024027345702052116,
    -0.03570258989930153,
    -0.01816972903907299,
    -0.021035218611359596,
    -0.06360263377428055,
    0.05041264742612839,
    -0.06558175384998322,
    -0.17998667061328888,
    0.02724098041653633,
    -0.09214933961629868,
    -0.0255344919860363,
    -0.05333014950156212,
    0.054874371737241745,
    0.06601966172456741,
    -0.056463632732629776,
    0.01235085166990757,
    0.03433198481798172,
    -0.032658617943525314,
    0.02661437727510929,
    -0.06272909790277481,
    0.020312950015068054,
    -0.01738806627690792,
    0.005193266551941633,
    -0.061309102922677994,
    0.0417717806994915,
    0.062257230281829834,
    -0.009634767659008503,
    0.08879723399877548,
    0.06824558973312378,
    -0.08206792175769806,
    -0.041244760155677795,
    0.010523760691285133,
    0.03643586114048958,
    0.06347063928842545,
    -0.024714747443795204,
    0.104889415204525,
    0.05880149081349373,
    0.02007957361638546,
    0.0034339854028075933,
    -0.05389239639043808,
    -0.004133956041187048,
    -0.07898513227701187,
    -0.009916977025568485,
    -0.0543375089764595,
    -0.06261012703180313,
    -0.11302708089351654,
    0.04378481209278107,
    -0.06987706571817398,
    -0.029659297317266464,
    -0.10260059684515,
    -0.08976652473211288,
    0.036992400884628296,
    0.053302764892578125,
    -0.01788153685629368,
    -0.006704813335090876,
    0.05582328885793686,
    -0.06455939263105392,
    0.03294903784990311,
    0.039967142045497894,
    -0.07279219478368759,
    0.036025166511535645,
    0.06479232758283615,
    -0.0798381119966507,
    -0.04126778990030289,
    -0.04572511836886406,
    0.031241443008184433,
    -0.05138755589723587,
    -5.96755214132827e-08,
    -0.06745225191116333,
    0.0366232767701149,
    -0.017864564433693886,
    -0.016810178756713867,
    0.010883988812565804,
    -0.05858480930328369,
    -0.07712829113006592,
    0.018161898478865623,
    -0.03891553357243538,
    -0.07574629783630371,
    0.04238037392497063,
    0.011049982160329819,
    -0.01086431834846735,
    -0.006518005393445492,
    0.05217810347676277,
    -0.01862509362399578,
    -0.04916079342365265,
    -0.017420489341020584,
    -0.06566086411476135,
    0.09659036993980408,
    -0.05818961560726166,
    -0.02054583840072155,
    -0.045127470046281815,
    -0.06086840108036995,
    0.03979431837797165,
    0.018174152821302414,
    0.01502285711467266,
    0.14494550228118896,
    0.11239740997552872,
    0.05812293663620949,
    -0.02551603503525257,
    -0.006314138416200876,
    0.054444752633571625,
    -0.033928677439689636,
    -0.08541695028543472,
    -0.051061056554317474,
    0.04622894525527954,
    -0.008313147351145744,
    0.025294935330748558,
    0.01174283679574728,
    0.01604798436164856,
    0.034127190709114075,
    0.04391970857977867,
    0.09722167998552322,
    0.03319985419511795,
    -0.05385735258460045,
    -0.07497721165418625,
    0.03058522567152977,
    0.020315837115049362,
    -0.0835929736495018,
    0.026395587250590324,
    -0.03491789102554321,
    0.048060011118650436,
    0.032573673874139786,
    -0.019970696419477463,
    -0.007452645339071751,
    0.056234050542116165,
    0.004831582773476839,
    -0.0547395683825016,
    -0.004035770893096924,
    0.05756758525967598,
    -0.015156008303165436,
    0.042426206171512604,
    -0.06557910889387131
]