[
    -0.001566228223964572,
    0.05296524614095688,
    -0.07434900104999542,
    -0.12771710753440857,
    -0.021870536729693413,
    0.03139256685972214,
    -0.025955749675631523,
    -0.023457160219550133,
    -0.06882702559232712,
    0.0018093505641445518,
    0.017310500144958496,
    -0.028246920555830002,
    -0.00025756756076589227,
    -0.038152992725372314,
    0.0772128775715828,
    -0.016297969967126846,
    0.0707535371184349,
    0.017149735242128372,
    -0.08398523181676865,
    0.00652537913993001,
    0.03198280557990074,
    0.09274744242429733,
    -0.02909945324063301,
    0.04109330102801323,
    -0.15493446588516235,
    0.006915043108165264,
    -0.02894652634859085,
    -0.054352451115846634,
    0.033947933465242386,
    -0.003910564351826906,
    0.02059810236096382,
    -0.047603655606508255,
    0.06869477033615112,
    0.05563966557383537,
    0.01485873106867075,
    0.04056002199649811,
    0.03801368176937103,
    -0.02630419284105301,
    -0.014026855118572712,
    0.051178328692913055,
    -0.047269418835639954,
    -0.025321153923869133,
    -0.05646582320332527,
    0.037277694791555405,
    0.028492586687207222,
    0.012826386839151382,
    -0.051775578409433365,
    -0.020481504499912262,
    -0.01446950901299715,
    0.01774466596543789,
    -0.04044157639145851,
    0.019588669762015343,
    -0.004835612140595913,
    0.07023032754659653,
    -0.026721391826868057,
    -0.04487638548016548,
    -0.003142477013170719,
    0.05243697389960289,
    -0.0448262020945549,
    -0.008567280136048794,
    0.02215931937098503,
    0.01911873184144497,
    0.014299259521067142,
    0.0362730510532856,
    -0.04158807918429375,
    -0.0130977313965559,
    -0.03230724483728409,
    -0.08217290043830872,
    0.009506428614258766,
    -0.02790510468184948,
    -0.055352307856082916,
    -0.03089918941259384,
    0.01736433617770672,
    0.0016040068585425615,
    -0.04304264485836029,
    -0.012075426056981087,
    -0.012617219239473343,
    -0.011842946521937847,
    0.08785377442836761,
    -0.12322299182415009,
    -0.04849248751997948,
    0.014048893004655838,
    0.031702447682619095,
    0.08599989116191864,
    -0.09561830759048462,
    0.02575990930199623,
    -0.02640463039278984,
    -0.0411393940448761,
    -0.041938666254282,
    -0.032509587705135345,
    0.029878592118620872,
    -0.1289566159248352,
    0.11273834109306335,
    -0.05173898860812187,
    0.06625277549028397,
    0.011732873506844044,
    0.011141820810735226,
    -0.043646812438964844,
    0.009375897236168385,
    -0.05331094190478325,
    -0.014238079078495502,
    -0.03171752020716667,
    -0.040814805775880814,
    0.006317371502518654,
    -0.046818241477012634,
    -0.02991415373980999,
    -0.00487570371478796,
    0.05089343339204788,
    0.023715272545814514,
    0.0074830930680036545,
    0.019281072542071342,
    0.05202554538846016,
    -0.04033137857913971,
    -0.06135569512844086,
    0.06800615042448044,
    -0.0058292667381465435,
    0.02177482098340988,
    0.030035044997930527,
    0.022611521184444427,
    -0.06997378915548325,
    -0.03584275394678116,
    -0.020123155787587166,
    -0.0034083069767802954,
    -0.11099136620759964,
    0.057124435901641846,
    -0.017189117148518562,
    -0.01785353757441044,
    1.4133606285621684e-32,
    -0.018413959071040154,
    0.01141112670302391,
    -0.0349486842751503,
    0.027578696608543396,
    0.004813112784177065,
    -0.04898354038596153,
    0.031097104772925377,
    -0.00017817683692555875,
    -0.028843944892287254,
    0.07753846049308777,
    -0.003025209065526724,
    0.0688488632440567,
    -0.031037693843245506,
    -0.044692061841487885,
    -0.10266213864088058,
    0.0009329603635706007,
    -0.03187470883131027,
    0.05541165545582771,
    -0.048036664724349976,
    0.06316421926021576,
    -0.011329210363328457,
    -0.014735464006662369,
    0.018608076497912407,
    0.03908376023173332,
    -0.029134292155504227,
    0.05876723304390907,
    -0.00310468184761703,
    -0.024830589070916176,
    0.056920409202575684,
    0.024208063259720802,
    0.03627254441380501,
    0.002506330842152238,
    0.04053545370697975,
    -0.06866548955440521,
    -0.01885277032852173,
    0.11625633388757706,
    0.039348699152469635,
    -0.03342432901263237,
    0.030520901083946228,
    -0.14435476064682007,
    -0.05353633314371109,
    0.038414694368839264,
    0.061424288898706436,
    0.014839022420346737,
    0.0631166473031044,
    0.01395509298890829,
    0.011762934736907482,
    0.015296266414225101,
    0.024055827409029007,
    0.060499973595142365,
    -0.06829319149255753,
    -0.03006984479725361,
    0.05445179343223572,
    -0.05878129228949547,
    -0.009596957825124264,
    -0.04602555185556412,
    -0.045126400887966156,
    0.07828792929649353,
    -0.05136026442050934,
    0.07954458892345428,
    0.0005548201152123511,
    0.023684313520789146,
    -0.028980139642953873,
    0.0585300587117672,
    0.04224000126123428,
    -0.11921480298042297,
    0.027857469394803047,
    -0.04269232228398323,
    0.043828029185533524,
    -0.0012183223152533174,
    -0.0457070916891098,
    0.0931234136223793,
    0.005897056311368942,
    0.02280346117913723,
    -0.017703142017126083,
    -0.04815695434808731,
    0.06496945768594742,
    -0.060481391847133636,
    0.06842835247516632,
    -0.036497823894023895,
    -0.08681338280439377,
    0.03181641921401024,
    0.06397320330142975,
    0.040023356676101685,
    0.00042699649930000305,
    0.006590785458683968,
    0.007446849253028631,
    0.013210073113441467,
    -0.051043398678302765,
    -0.033607084304094315,
    -0.03480153530836105,
    0.001502856146544218,
    0.08549458533525467,
    0.05696537718176842,
    0.0066146887838840485,
    -1.5428144418719683e-32,
    -0.0005149655626155436,
    -0.06319963932037354,
    -0.05829732120037079,
    -0.01560666412115097,
    0.03699766844511032,
    0.06832471489906311,
    -0.04920665919780731,
    -0.039616018533706665,
    0.04237743094563484,
    -0.006294467952102423,
    0.08216587454080582,
    -0.04440724104642868,
    -0.06425797194242477,
    -0.023847410455346107,
    -0.06048903986811638,
    -0.02198726497590542,
    -0.09462495148181915,
    -0.057544343173503876,
    0.00756363570690155,
    0.11599056422710419,
    0.0015673002926632762,
    -0.0010406237561255693,
    -0.022659074515104294,
    0.08334259688854218,
    0.04752711206674576,
    0.03494337946176529,
    -0.0037501640617847443,
    0.013264840468764305,
    0.08306053280830383,
    -0.029928630217909813,
    -0.004436140414327383,
    -0.05770701915025711,
    -0.03200443089008331,
    0.024088086560368538,
    -0.10476024448871613,
    -0.18922580778598785,
    0.10789042711257935,
    -0.03896275907754898,
    -0.03164912387728691,
    -0.04153360053896904,
    0.06687222421169281,
    0.03216242417693138,
    -0.0010028172982856631,
    0.007641535717993975,
    -0.02355552464723587,
    0.03376785293221474,
    0.006159433163702488,
    -0.002079971833154559,
    -0.0050603304989635944,
    -0.000655044917948544,
    0.054061684757471085,
    -0.09020213782787323,
    -0.015589436516165733,
    0.023310350254178047,
    -0.03318788483738899,
    0.051908351480960846,
    0.008221388794481754,
    0.028406500816345215,
    -0.03990188613533974,
    -0.0328817293047905,
    0.047485943883657455,
    0.10508320480585098,
    -0.06384521722793579,
    0.12547838687896729,
    0.003197070211172104,
    -0.04497189447283745,
    -0.06809686869382858,
    -0.11449452489614487,
    0.009895650669932365,
    -0.06803131848573685,
    -0.10158830881118774,
    -0.1096816137433052,
    -0.03497588634490967,
    -0.06738101691007614,
    0.04737206548452377,
    -0.07464943826198578,
    -0.020412391051650047,
    -0.10319438576698303,
    -0.03791526332497597,
    -0.018565397709608078,
    0.06383153796195984,
    0.021601837128400803,
    -0.051950279623270035,
    0.055125199258327484,
    0.006493106484413147,
    0.0786694660782814,
    0.025248058140277863,
    0.010545268654823303,
    0.04117308184504509,
    0.09915102273225784,
    -0.09162070602178574,
    0.02277873270213604,
    -0.034031543880701065,
    0.028537802398204803,
    -0.08355950564146042,
    -4.563559841130882e-08,
    0.003575861919671297,
    0.10589564591646194,
    -0.026449501514434814,
    -0.05314347892999649,
    -0.11813315749168396,
    0.0018357117660343647,
    -0.027621133252978325,
    0.011969668790698051,
    -0.007541646249592304,
    -0.03534423187375069,
    0.03022185154259205,
    0.048865120857954025,
    -0.027192028239369392,
    -0.03561819717288017,
    0.009249567985534668,
    -0.05872832611203194,
    -0.024889711290597916,
    0.004081052262336016,
    -0.02460019662976265,
    0.08692597597837448,
    -0.059695132076740265,
    -0.039191655814647675,
    -0.004696453455835581,
    0.052875567227602005,
    0.020522361621260643,
    0.014639203436672688,
    -0.018984582275152206,
    0.05364132672548294,
    0.04681416228413582,
    0.04837209731340408,
    0.010208282619714737,
    0.05986212193965912,
    -0.008713295683264732,
    -0.021675456315279007,
    -0.007240388076752424,
    -0.049400445073843,
    -0.037907980382442474,
    0.01942512020468712,
    0.06916047632694244,
    0.005745581351220608,
    -0.015027685090899467,
    0.013566900044679642,
    -0.026789259165525436,
    0.03106912411749363,
    -0.0012081870809197426,
    -0.045203085988759995,
    -0.027077026665210724,
    0.04188748076558113,
    0.03631320595741272,
    -0.08309835940599442,
    -0.06137240678071976,
    -0.04554349184036255,
    0.05685785785317421,
    -0.05084456130862236,
    -0.014313184656202793,
    0.06040956825017929,
    0.09080138057470322,
    -0.02700919657945633,
    -0.00725066103041172,
    -0.02778414636850357,
    0.1429363191127777,
    0.05838163197040558,
    0.04985465481877327,
    0.010635269805788994
]