[
    -0.05346791818737984,
    0.041897643357515335,
    -0.02535279653966427,
    -0.08662613481283188,
    -0.051932401955127716,
    0.09890686720609665,
    -0.015863729640841484,
    -0.03182133659720421,
    0.009402581490576267,
    0.025507541373372078,
    0.05316147953271866,
    -0.0824558362364769,
    0.02269110083580017,
    -0.030509009957313538,
    0.08106739819049835,
    -0.01265538576990366,
    0.07876010239124298,
    0.08057248592376709,
    -0.12149519473314285,
    0.03986159712076187,
    0.04775898531079292,
    0.04625390097498894,
    -0.09277727454900742,
    0.003876347793266177,
    -0.11143036931753159,
    -0.04976027086377144,
    -0.0064688571728765965,
    -0.027676763013005257,
    0.03840576112270355,
    -0.10472869873046875,
    -0.008034645579755306,
    -0.004717950709164143,
    0.013491019606590271,
    0.0863199532032013,
    -0.0033774443436414003,
    -0.03571247681975365,
    0.030644072219729424,
    -0.011426747776567936,
    -0.025887662544846535,
    0.00014559621922671795,
    -0.05600732937455177,
    -0.012604874558746815,
    -0.05391337722539902,
    -0.009437941946089268,
    0.03691194951534271,
    0.0038677777629345655,
    -0.03456397354602814,
    -0.07505790144205093,
    0.002073118695989251,
    -0.01832636445760727,
    -0.034559279680252075,
    -0.006633135490119457,
    -0.011643760837614536,
    0.12591072916984558,
    -0.06135650724172592,
    -0.06196753308176994,
    -0.02139621041715145,
    0.030490662902593613,
    -0.07757522910833359,
    -0.015205195173621178,
    -0.004233903717249632,
    -0.008368329145014286,
    0.020661836490035057,
    0.06823274493217468,
    -0.04609880596399307,
    0.011549328453838825,
    -0.01586168073117733,
    -0.04357157647609711,
    0.004336671903729439,
    0.02580575831234455,
    -0.05356530845165253,
    -0.022797849029302597,
    -0.003631174797192216,
    0.018670886754989624,
    -0.02017045207321644,
    0.04406556487083435,
    -0.06221270561218262,
    0.08933369070291519,
    0.06544455140829086,
    -0.13054654002189636,
    0.010630435310304165,
    0.013382617384195328,
    -0.018209164962172508,
    0.05327640473842621,
    -0.04347780719399452,
    -0.029697632417082787,
    -0.026025600731372833,
    -0.028992151841521263,
    0.000774105079472065,
    -0.00301731307990849,
    0.07935022562742233,
    -0.02394726499915123,
    0.14645299315452576,
    -0.09645361453294754,
    0.06764210015535355,
    -0.018665818497538567,
    0.012484577484428883,
    -0.09616746008396149,
    0.05338646471500397,
    0.023231422528624535,
    -0.0050124223344028,
    0.008932579308748245,
    -0.05869472399353981,
    -0.03028959594666958,
    0.0043973736464977264,
    -0.05697023123502731,
    -0.0013000225881114602,
    0.02026074007153511,
    -0.00563224870711565,
    0.026481060311198235,
    0.0638897716999054,
    0.04874610900878906,
    -0.03212727606296539,
    -0.11864672601222992,
    0.008168007247149944,
    0.022913997992873192,
    -0.02181273140013218,
    0.06193585321307182,
    0.032642584294080734,
    -0.035686030983924866,
    -0.04238880053162575,
    0.019613521173596382,
    -0.07369138300418854,
    -0.09191253036260605,
    -0.008485183119773865,
    0.027636976912617683,
    -0.06507127732038498,
    2.2334714457202e-32,
    0.026329103857278824,
    -0.016727522015571594,
    -0.06910132616758347,
    -0.025715015828609467,
    0.0049871052615344524,
    -0.022339705377817154,
    -0.004495597910135984,
    -0.0019634896889328957,
    -0.05881007760763168,
    0.06700392067432404,
    -0.05158180743455887,
    -0.015430252067744732,
    -0.008677234873175621,
    -0.005648507736623287,
    -0.03889213874936104,
    0.0039494698867201805,
    -0.02290969341993332,
    0.05291071534156799,
    -0.008546870201826096,
    0.0673019289970398,
    0.016445217654109,
    -0.0409226231276989,
    0.025289710611104965,
    0.010784788988530636,
    -0.04659859836101532,
    0.016763580963015556,
    0.015945367515087128,
    -0.05666248872876167,
    0.0002068952308036387,
    0.0004220673581585288,
    0.034656062722206116,
    0.056473758071660995,
    0.06260466575622559,
    0.017223261296749115,
    0.03682868927717209,
    0.12093351781368256,
    0.020468801259994507,
    -0.028294170275330544,
    0.056562308222055435,
    -0.06067315861582756,
    -0.05124831572175026,
    0.03431287035346031,
    0.06999895721673965,
    -0.0090263606980443,
    0.06277282536029816,
    -0.023859810084104538,
    -0.021370863541960716,
    -0.04350534826517105,
    0.05508666858077049,
    0.022891027852892876,
    -0.007665565237402916,
    -0.01094621792435646,
    0.053352296352386475,
    -0.0012322601396590471,
    -0.014944357797503471,
    -0.043809641152620316,
    -0.061182864010334015,
    0.057864561676979065,
    -0.0495232529938221,
    0.07917711138725281,
    -0.03150017186999321,
    0.030434397980570793,
    -0.0520113930106163,
    0.025789927691221237,
    -0.057420890778303146,
    -0.030582455918192863,
    -0.0313543863594532,
    -0.04954376816749573,
    0.03200391307473183,
    -0.03416288644075394,
    -0.014506613835692406,
    0.05311384052038193,
    0.015204736962914467,
    0.019130298867821693,
    -0.05628371983766556,
    -0.028163185343146324,
    0.034525737166404724,
    -0.048566531389951706,
    0.04371127486228943,
    -0.054219819605350494,
    -0.1106841191649437,
    -0.02508757822215557,
    0.04386403039097786,
    0.03385607898235321,
    -0.007031596731394529,
    -0.00907555129379034,
    0.06220181658864021,
    0.012072406709194183,
    -0.037033695727586746,
    -0.059247855097055435,
    -0.007030145730823278,
    0.023289207369089127,
    0.024600891396403313,
    0.09125623852014542,
    0.05837190896272659,
    -2.1916636667020607e-32,
    -0.008314057253301144,
    -0.012342778034508228,
    -0.05171632766723633,
    0.004665727261453867,
    0.04430435597896576,
    0.02746935933828354,
    -0.017650065943598747,
    -0.08259962499141693,
    0.015943309292197227,
    -0.0026434233877807856,
    0.0006606218521483243,
    -0.03888815641403198,
    -0.02345685288310051,
    0.027418531477451324,
    -0.02930554188787937,
    -0.07353333383798599,
    -0.057802338153123856,
    0.003700514789670706,
    -0.0024171508848667145,
    0.08896396309137344,
    0.0014803939266130328,
    0.03563259169459343,
    -0.0013762060552835464,
    0.10191477835178375,
    0.007624775171279907,
    0.04973439872264862,
    -0.03438813239336014,
    -0.03771253675222397,
    0.07584501057863235,
    0.019147714599967003,
    0.016635669395327568,
    -0.03917580097913742,
    -0.1008322611451149,
    0.06352066248655319,
    -0.05918017029762268,
    -0.20501555502414703,
    0.11232467740774155,
    -0.10706277191638947,
    -0.03705935925245285,
    -0.06850149482488632,
    0.05053483322262764,
    0.05576423555612564,
    -0.03667248412966728,
    0.02681051567196846,
    0.037892308086156845,
    -0.061177466064691544,
    -0.002319258637726307,
    -0.05470055714249611,
    0.006258117500692606,
    -0.04801888391375542,
    0.001159996958449483,
    -0.059053342789411545,
    0.015884337946772575,
    0.09438586980104446,
    -0.02084433287382126,
    0.03720906749367714,
    0.07019324600696564,
    -0.05196164920926094,
    -0.03263501077890396,
    0.0199153833091259,
    0.06507914513349533,
    0.0790662094950676,
    -0.054699163883924484,
    0.07681629061698914,
    0.06979458034038544,
    -0.008725224062800407,
    -0.03011472150683403,
    -0.06955373287200928,
    -0.04436353221535683,
    -0.06421896070241928,
    -0.04645368829369545,
    -0.07800205051898956,
    -0.06342051178216934,
    -0.07572003453969955,
    0.08642090111970901,
    -0.04279933124780655,
    0.004669885616749525,
    -0.08067312836647034,
    -0.08974096179008484,
    0.01715944893658161,
    0.06875594705343246,
    -0.034608956426382065,
    -0.02931361459195614,
    0.05385550484061241,
    -0.03912658616900444,
    0.07417388260364532,
    0.049957603216171265,
    -0.04530603066086769,
    0.042428646236658096,
    0.10824183374643326,
    -0.12142468243837357,
    -0.016734106466174126,
    -0.016825631260871887,
    0.022395430132746696,
    -0.05471121519804001,
    -6.16671655961909e-08,
    -0.03444968909025192,
    0.05643606558442116,
    -0.01949317380785942,
    -0.019278408959507942,
    -0.05464983731508255,
    -0.027493225410580635,
    -0.06549645960330963,
    0.006334234494715929,
    -0.043930649757385254,
    -0.11321758478879929,
    0.021535998210310936,
    0.05478637292981148,
    -0.0419858954846859,
    -0.024045143276453018,
    0.060661349445581436,
    0.017876841127872467,
    -0.06806275248527527,
    0.027563486248254776,
    -0.04532986134290695,
    0.0723676010966301,
    -0.06682699918746948,
    -0.019525624811649323,
    -0.0626264438033104,
    -0.026751143857836723,
    0.022996434941887856,
    0.01511442381888628,
    0.004606635309755802,
    0.11680549383163452,
    0.09457451105117798,
    0.04172063246369362,
    -0.0287694800645113,
    0.02357439696788788,
    0.03248099982738495,
    -0.05241824686527252,
    -0.06723068654537201,
    -0.026840824633836746,
    0.010647650808095932,
    0.016956863924860954,
    0.0526789054274559,
    -0.012719104997813702,
    0.00559364166110754,
    0.02902107872068882,
    0.05033783242106438,
    0.04318482056260109,
    0.072907954454422,
    -0.02955038473010063,
    -0.07756392657756805,
    0.020254844799637794,
    0.005373992025852203,
    -0.07050394266843796,
    -0.012326939031481743,
    -0.029614083468914032,
    0.061293672770261765,
    0.013478497974574566,
    -0.04997582361102104,
    0.04323342442512512,
    0.0506880059838295,
    0.018312647938728333,
    -0.012828964740037918,
    -0.0108566889539361,
    0.12698985636234283,
    -0.014610991813242435,
    0.06860882043838501,
    -0.01816864311695099
]