[
    -0.01486817467957735,
    0.01858961582183838,
    -0.04926121607422829,
    -0.06319073587656021,
    -0.06268101930618286,
    0.047939274460077286,
    -0.10397057980298996,
    -0.029597973451018333,
    0.002449620980769396,
    -0.03209597244858742,
    0.006782109383493662,
    0.016450682654976845,
    0.03288063779473305,
    -0.025572774931788445,
    0.08702090382575989,
    -0.05577925592660904,
    0.05432445928454399,
    0.023957815021276474,
    -0.12135372310876846,
    0.04515337944030762,
    0.007620478514581919,
    0.020338324829936028,
    -0.01760595291852951,
    -0.010484883561730385,
    -0.09435290098190308,
    -0.030203189700841904,
    -0.03711220622062683,
    -0.06379853188991547,
    0.023800011724233627,
    -0.06818383187055588,
    0.053028032183647156,
    -0.0012435016687959433,
    0.008250177837908268,
    0.044849693775177,
    -0.0806434229016304,
    0.04004453495144844,
    -0.04782123491168022,
    0.0544937439262867,
    -0.029432717710733414,
    0.04173620045185089,
    -0.07552386820316315,
    -0.011930035427212715,
    -0.03289478272199631,
    -0.01147222239524126,
    0.027364905923604965,
    -0.007457110099494457,
    -0.11209999024868011,
    -0.05256085470318794,
    0.03398570790886879,
    0.023931320756673813,
    -0.05003001168370247,
    -0.04607740044593811,
    0.004224732983857393,
    0.06654827296733856,
    -0.022631090134382248,
    -0.051232293248176575,
    -0.018489154055714607,
    -0.05358491465449333,
    -0.12958890199661255,
    -0.02227385714650154,
    -0.005834093317389488,
    0.0328492745757103,
    0.027469566091895103,
    0.047646213322877884,
    -0.06156950816512108,
    0.0007200270774774253,
    0.013503779657185078,
    0.03740277886390686,
    -0.027041923254728317,
    -0.010555446147918701,
    -0.07525960355997086,
    -0.03177833929657936,
    0.023965278640389442,
    0.045024324208498,
    -0.04337524622678757,
    0.051781024783849716,
    0.03220362216234207,
    0.017228808254003525,
    0.029108919203281403,
    -0.11446460336446762,
    -0.02422301657497883,
    0.04538001865148544,
    0.03342423215508461,
    0.04960281774401665,
    -0.019300663843750954,
    -0.01787715032696724,
    -0.02658960223197937,
    -0.0001491423463448882,
    -0.04670477285981178,
    -0.08888527005910873,
    -0.0020202184095978737,
    0.04848577827215195,
    0.03171880915760994,
    -0.07418513298034668,
    0.0729815810918808,
    -0.02122288942337036,
    -0.019161773845553398,
    -0.06139041855931282,
    -0.006177978124469519,
    -0.01427384465932846,
    0.005943267606198788,
    0.0071210493333637714,
    0.04389747232198715,
    -0.03228653222322464,
    0.0014405312249436975,
    -0.08442579209804535,
    0.03339787945151329,
    0.038256771862506866,
    0.034389279782772064,
    0.04331362247467041,
    -0.0013976560439914465,
    0.02022821083664894,
    -0.04311387613415718,
    -0.11932605504989624,
    0.018050530925393105,
    0.006872765254229307,
    -0.009994670748710632,
    0.03505821153521538,
    0.040633030235767365,
    0.030173134058713913,
    -0.024811282753944397,
    -0.0265903789550066,
    -0.016085244715213776,
    -0.0756257027387619,
    -0.0026357064489275217,
    0.05845861881971359,
    0.015359604731202126,
    2.7286177312141734e-32,
    -0.001383648021146655,
    -0.024703653529286385,
    -0.01774091087281704,
    0.04741451144218445,
    0.021618256345391273,
    -0.027135228738188744,
    0.035312823951244354,
    -0.016236355528235435,
    -0.09475520253181458,
    0.0028615142218768597,
    -0.032507579773664474,
    0.020160585641860962,
    0.01125651691108942,
    0.04850701242685318,
    -0.02713414467871189,
    -0.04952621087431908,
    -0.046176668256521225,
    0.06733904778957367,
    -0.07640042901039124,
    0.04682936519384384,
    -0.014348389580845833,
    -0.04385431855916977,
    0.06875604391098022,
    0.01793617382645607,
    -0.01139617059379816,
    -0.023379847407341003,
    0.03602594882249832,
    -0.0028234575875103474,
    0.012212054803967476,
    -0.020807886496186256,
    0.016704335808753967,
    0.04730348289012909,
    0.006673037074506283,
    -0.07020996510982513,
    -0.06416887044906616,
    0.1085377186536789,
    0.011308111250400543,
    -0.05062953755259514,
    0.07525811344385147,
    -0.04622708633542061,
    -0.01564975269138813,
    -0.0027375819627195597,
    0.04456494376063347,
    0.06841569393873215,
    0.02054341323673725,
    -0.027398817241191864,
    0.020876828581094742,
    -0.0297866053879261,
    0.001805003616027534,
    -0.013499596156179905,
    -0.050042565912008286,
    -0.02708219364285469,
    0.029584987089037895,
    -0.012632239609956741,
    -0.034979723393917084,
    0.033112604171037674,
    -0.017349738627672195,
    0.054626304656267166,
    -0.03956274315714836,
    0.08081185072660446,
    -0.024814404547214508,
    -0.01578807272017002,
    -0.036538466811180115,
    0.013523582369089127,
    0.030935140326619148,
    -0.03770621493458748,
    0.0017856562044471502,
    -0.09177514910697937,
    0.08595333248376846,
    0.0135011225938797,
    -0.05192039906978607,
    0.050937552005052567,
    -0.01367108803242445,
    0.02823488600552082,
    -0.012972153723239899,
    -0.032722871750593185,
    -0.028984470292925835,
    -0.050367604941129684,
    0.07346050441265106,
    0.02556162327528,
    -0.10336925089359283,
    0.006655106786638498,
    0.009892178699374199,
    0.07259698957204819,
    0.03411925956606865,
    -0.0027381782419979572,
    0.011476075276732445,
    0.07873682677745819,
    -0.14735938608646393,
    -0.0477953664958477,
    -0.027497412636876106,
    0.03256749361753464,
    0.13729043304920197,
    0.03066970594227314,
    0.06005720794200897,
    -2.8110081302633075e-32,
    -0.010238242335617542,
    0.026785433292388916,
    -0.019386816769838333,
    0.010067090392112732,
    0.10302469879388809,
    -0.023998036980628967,
    -0.09397910535335541,
    -0.16180364787578583,
    0.07414988428354263,
    0.04916715249419212,
    0.010906397365033627,
    -0.029755858704447746,
    0.02320769615471363,
    -0.0296004805713892,
    -0.029063208028674126,
    -0.005434327758848667,
    -0.12097091227769852,
    -0.061896566301584244,
    0.011133798398077488,
    0.07953083515167236,
    0.030302055180072784,
    0.024433042854070663,
    0.011852233670651913,
    0.13851860165596008,
    0.035099487751722336,
    0.07643882185220718,
    -0.03277043625712395,
    -0.06678532809019089,
    0.08540729433298111,
    -0.0771087110042572,
    -0.07744979858398438,
    -0.08102218806743622,
    0.012465882115066051,
    0.04244296997785568,
    -0.04073511064052582,
    -0.13606546819210052,
    0.030302803963422775,
    -0.10644012689590454,
    -0.03168315067887306,
    0.01234779879450798,
    0.07334616780281067,
    -0.016832055523991585,
    -0.07557495683431625,
    0.02693498507142067,
    0.0003887457132805139,
    -0.10070829093456268,
    0.001245789579115808,
    -0.018150269985198975,
    -0.030444473028182983,
    -0.022646941244602203,
    0.00880235992372036,
    -0.01394838560372591,
    -0.07045485824346542,
    0.06141207367181778,
    -0.03139965981245041,
    0.008124804124236107,
    0.013836092315614223,
    -0.03943884000182152,
    -0.03327542915940285,
    -0.02375027909874916,
    0.07125779986381531,
    0.07551422715187073,
    -0.02536608837544918,
    0.06557931751012802,
    0.04104623198509216,
    -0.050698693841695786,
    0.0005987316253595054,
    -0.07245086878538132,
    -0.02448512427508831,
    -0.025633033365011215,
    -0.1147257387638092,
    -0.0622752420604229,
    -0.051495276391506195,
    -0.10420264303684235,
    0.11691366136074066,
    -0.0524749681353569,
    -0.01047846395522356,
    -0.07722534239292145,
    -0.049385301768779755,
    0.023524949327111244,
    0.029473116621375084,
    -0.04163336381316185,
    0.008222600445151329,
    0.019244054332375526,
    -0.03933320939540863,
    0.020149415358901024,
    0.08672375977039337,
    -0.04108171537518501,
    -0.007506221067160368,
    0.08796750009059906,
    -0.0626678541302681,
    0.007323386147618294,
    -0.020456012338399887,
    0.02236548438668251,
    -0.08535550534725189,
    -7.44461416957165e-08,
    -0.0023771377746015787,
    0.06689650565385818,
    0.023113863542675972,
    -0.032030969858169556,
    -0.05419087037444115,
    -0.0884973406791687,
    -0.07671644538640976,
    0.047521430999040604,
    -0.047711241990327835,
    0.012751222588121891,
    0.05587788671255112,
    0.08378364145755768,
    -0.027806375175714493,
    -0.07930504530668259,
    0.06349650770425797,
    -0.03512072190642357,
    -0.11407549679279327,
    0.06456399708986282,
    -0.08880054205656052,
    0.033005740493535995,
    -0.07758048921823502,
    -0.03979796543717384,
    -0.061155397444963455,
    0.005207738373428583,
    0.006025058217346668,
    0.0540454238653183,
    -0.0020054213237017393,
    0.00588463619351387,
    0.07888001948595047,
    0.0151554299518466,
    0.0005065389559604228,
    -0.029985126107931137,
    0.026916733011603355,
    0.0007412804407067597,
    -0.026874076575040817,
    -0.01625870354473591,
    0.009181526489555836,
    0.0014465408166870475,
    0.04245046153664589,
    0.01416779588907957,
    0.021121902391314507,
    0.07732848078012466,
    -0.01448892056941986,
    0.0663854330778122,
    -0.017945652827620506,
    -0.032580941915512085,
    -0.06048654392361641,
    0.01679922454059124,
    0.011901085264980793,
    -0.11455079913139343,
    -0.02563997358083725,
    -0.04391594976186752,
    0.04108869284391403,
    -0.02573877014219761,
    -0.05554293096065521,
    0.1072394922375679,
    -0.0044296844862401485,
    0.015570003539323807,
    0.04874822497367859,
    0.04933846369385719,
    0.07913723587989807,
    0.016862239688634872,
    0.06292293965816498,
    -0.011196475476026535
]