[
    -0.02956344373524189,
    0.0342792309820652,
    -0.024336619302630424,
    -0.05977798253297806,
    -0.050560362637043,
    0.06294126808643341,
    -0.009472443722188473,
    -0.07837691158056259,
    -0.013352020643651485,
    0.052395276725292206,
    0.03847656026482582,
    0.011905316263437271,
    -0.011180578731000423,
    0.019785290583968163,
    0.002828167751431465,
    0.023115579038858414,
    0.0580684132874012,
    0.045250847935676575,
    -0.12124992161989212,
    -0.004945062100887299,
    0.04489472880959511,
    0.046537548303604126,
    -0.017988894134759903,
    0.012090991251170635,
    -0.1479007452726364,
    -0.01458862703293562,
    -0.048708509653806686,
    -0.004126052372157574,
    0.050357554107904434,
    -0.08969288319349289,
    -0.05343664065003395,
    -0.024117883294820786,
    0.03236879035830498,
    0.10388144105672836,
    -0.05645693093538284,
    -0.012302465736865997,
    0.019321367144584656,
    -0.10666009038686752,
    0.012015307322144508,
    -0.050224095582962036,
    -0.002696019597351551,
    -0.014333869330585003,
    -0.05635382607579231,
    0.011272662319242954,
    -0.03734121471643448,
    -0.028516462072730064,
    -0.027673404663801193,
    -0.061461713165044785,
    -0.0924426019191742,
    -0.026319680735468864,
    -0.03559770807623863,
    -0.028332596644759178,
    -0.03888935595750809,
    0.09432874619960785,
    -0.019942959770560265,
    -0.05586858093738556,
    0.01928769424557686,
    0.02334440127015114,
    0.018892066553235054,
    -0.021963855251669884,
    0.027824504300951958,
    -0.005600310396403074,
    -0.10167814791202545,
    0.03718752786517143,
    -0.06398754566907883,
    -0.01796792633831501,
    0.011461327783763409,
    -0.008703979663550854,
    0.036852192133665085,
    0.054639749228954315,
    -0.05252489075064659,
    -0.03382895886898041,
    0.05449368804693222,
    -0.02427034266293049,
    -0.0033272942528128624,
    -0.0028634711634367704,
    -0.004444208927452564,
    -0.004456553142517805,
    0.01790984719991684,
    -0.08108368515968323,
    -0.0683821514248848,
    -0.0532393641769886,
    -0.019479846581816673,
    0.025657370686531067,
    -0.0542658269405365,
    -0.06253023445606232,
    -0.031032744795084,
    -0.02979292720556259,
    0.07977864146232605,
    0.038680098950862885,
    0.04054165631532669,
    -0.046509891748428345,
    0.13500940799713135,
    -0.07578594982624054,
    0.043319135904312134,
    0.012890391983091831,
    0.04182615131139755,
    -0.02413928136229515,
    0.010057472623884678,
    -0.013134724460542202,
    0.09065953642129898,
    0.049983296543359756,
    -0.09127207100391388,
    -0.01565369963645935,
    0.021292749792337418,
    -0.05300465598702431,
    -0.024851443246006966,
    -0.029427317902445793,
    -0.09350015968084335,
    0.03394336625933647,
    -0.008780846372246742,
    0.023402735590934753,
    -0.024698298424482346,
    -0.10054090619087219,
    0.012487219646573067,
    0.07628067582845688,
    -0.00598418852314353,
    0.06162570044398308,
    0.008975955657660961,
    -0.04536996781826019,
    -0.025782691314816475,
    0.02625688537955284,
    -0.003665612544864416,
    -0.07341977953910828,
    0.0022918328177183867,
    0.018363913521170616,
    -0.08525657653808594,
    1.6443518806544713e-32,
    -0.04458975791931152,
    -0.08344394713640213,
    -0.17377939820289612,
    -0.07084640860557556,
    0.04106859490275383,
    0.020821943879127502,
    -0.014352028258144855,
    0.035869207233190536,
    -0.0977158173918724,
    0.07670442759990692,
    0.004567608702927828,
    0.0009133482235483825,
    0.01387309841811657,
    -0.03283507004380226,
    -0.007394918706268072,
    0.037384722381830215,
    0.009090933948755264,
    0.07736343890428543,
    0.023065509274601936,
    0.02539891190826893,
    0.03312477841973305,
    -0.013030854985117912,
    0.005332054570317268,
    0.04247673228383064,
    -0.030658626928925514,
    -0.0017573983641341329,
    0.012071769684553146,
    -0.030253706499934196,
    0.0070159765891730785,
    0.01677052676677704,
    0.017467515543103218,
    0.05684805288910866,
    0.07860762625932693,
    -0.03552268072962761,
    0.0939803421497345,
    0.08400216698646545,
    -0.04253910481929779,
    0.01012926734983921,
    0.07725507020950317,
    -0.039154019206762314,
    -0.05061078444123268,
    -0.007140704896301031,
    -0.04097513481974602,
    -0.03537629544734955,
    0.05712556093931198,
    0.004191257059574127,
    0.000793722050730139,
    0.000570628501009196,
    0.1075008288025856,
    -0.003488000249490142,
    -0.00407811813056469,
    0.02104274369776249,
    0.08361382782459259,
    -0.01365628745406866,
    -0.001370372367091477,
    -0.008511564694344997,
    -0.0386643186211586,
    0.06085524335503578,
    -0.04980145022273064,
    -0.006615865509957075,
    -0.023245101794600487,
    0.03607449680566788,
    0.013572709634900093,
    0.05461021512746811,
    0.03911055251955986,
    -0.06367050856351852,
    -0.0824013277888298,
    -0.002102163853123784,
    0.014370637014508247,
    -0.055852171033620834,
    -0.05234375223517418,
    0.04204339161515236,
    0.06317845731973648,
    0.010102007538080215,
    -0.06403710693120956,
    -0.0009136286098510027,
    0.04535836726427078,
    -0.04815017804503441,
    0.03849374130368233,
    -0.07604698091745377,
    -0.06732583791017532,
    -0.008951348252594471,
    0.09639113396406174,
    0.026440182700753212,
    -0.006491499952971935,
    0.0032384712249040604,
    -0.035741932690143585,
    -0.0016152417520061135,
    0.032137081027030945,
    0.006796862464398146,
    0.046638622879981995,
    -0.011015851981937885,
    -0.02171093225479126,
    0.0325833223760128,
    0.017423579469323158,
    -1.7623237590190268e-32,
    0.015944844111800194,
    -0.018101878464221954,
    -0.10304330289363861,
    0.006172776687890291,
    0.03215391933917999,
    0.03259649500250816,
    -0.0859762653708458,
    -0.060721538960933685,
    0.014915593899786472,
    -0.02968670055270195,
    -0.042392391711473465,
    -0.027575062587857246,
    -0.0009441842557862401,
    0.02243218943476677,
    0.003212450537830591,
    -0.07797768712043762,
    -0.0366503931581974,
    0.013509760610759258,
    0.010121873579919338,
    0.08751795440912247,
    0.09692814201116562,
    0.01355761382728815,
    -0.0442546084523201,
    0.1016724556684494,
    -0.06028274446725845,
    -0.051296066492795944,
    0.010271724313497543,
    -0.09241875261068344,
    0.027428973466157913,
    0.09292951226234436,
    3.434608152019791e-05,
    -0.03867335990071297,
    -0.07024542987346649,
    0.08198412507772446,
    -0.033366721123456955,
    -0.17538891732692719,
    0.08321072906255722,
    -0.03236069530248642,
    -0.04406304284930229,
    -0.006710808724164963,
    0.01025774609297514,
    0.1140386089682579,
    -0.02143268659710884,
    -0.04972157999873161,
    0.012475859373807907,
    -0.024004103615880013,
    0.06719039380550385,
    -0.0034720597323030233,
    -0.039019182324409485,
    -0.06034592166543007,
    0.03697562590241432,
    -0.046186503022909164,
    -0.02094714529812336,
    0.025985034182667732,
    -0.00248346826992929,
    0.0899503156542778,
    0.048071298748254776,
    -0.05723731219768524,
    -0.0012994867283850908,
    0.055822234600782394,
    0.03428788483142853,
    0.04498877748847008,
    -0.006331166252493858,
    0.012964009307324886,
    0.09250329434871674,
    0.08342579752206802,
    -0.06502123177051544,
    -0.027354173362255096,
    0.018447985872626305,
    -0.01745702512562275,
    0.03245794028043747,
    -0.07735415548086166,
    -0.07827616482973099,
    -0.04878847673535347,
    0.10616889595985413,
    0.0008693579584360123,
    -0.04469013586640358,
    -0.059859566390514374,
    -0.1156243160367012,
    0.08126191049814224,
    0.06664037704467773,
    0.05248443782329559,
    -0.016333838924765587,
    0.07076910138130188,
    0.006872215308248997,
    0.05222369357943535,
    0.043279267847537994,
    -0.030079903081059456,
    0.03378906100988388,
    0.06121302396059036,
    -0.012931723147630692,
    -0.02709272690117359,
    -0.01635938510298729,
    -0.003878811839967966,
    0.0009496351121924818,
    -4.954625154596215e-08,
    -0.07452273368835449,
    -0.02579699456691742,
    -0.05039006099104881,
    0.029736988246440887,
    -0.04605650529265404,
    0.028420066460967064,
    -0.053308743983507156,
    -0.006918019149452448,
    -0.06765492260456085,
    -0.0302247554063797,
    0.04281777888536453,
    -0.010022234171628952,
    -0.035951342433691025,
    0.030789630487561226,
    0.019146546721458435,
    -0.003951353952288628,
    0.007529034744948149,
    0.05167172849178314,
    -0.09371663630008698,
    0.0017584891756996512,
    -0.025119977071881294,
    -0.03601779788732529,
    0.03128497302532196,
    0.02486172318458557,
    0.006914384663105011,
    -0.028699051588773727,
    0.010650021024048328,
    0.11113274097442627,
    0.05859377607703209,
    0.039919719099998474,
    -0.01137910969555378,
    0.017272379249334335,
    -0.0030565380584448576,
    -0.06817679852247238,
    -0.03155386447906494,
    0.017307868227362633,
    -0.03251490741968155,
    -0.0007593461778014898,
    0.06884146481752396,
    0.06316046416759491,
    -0.007734718266874552,
    0.020002009347081184,
    0.047427915036678314,
    0.10863421857357025,
    0.019026879221200943,
    -0.019181616604328156,
    -0.12853525578975677,
    0.010748201981186867,
    0.04145379737019539,
    -0.03546967729926109,
    0.0005612600944004953,
    -0.018714191392064095,
    -0.012417582795023918,
    0.01866987533867359,
    0.04035000503063202,
    0.06654831767082214,
    0.07438847422599792,
    0.010522911325097084,
    -0.08447586745023727,
    -0.003985113464295864,
    0.15220770239830017,
    0.06553671509027481,
    0.059762123972177505,
    -0.0927981287240982
]