[
    -0.04582462087273598,
    0.019266696646809578,
    -0.004018732812255621,
    -0.050228871405124664,
    -0.04260678216814995,
    0.035850442945957184,
    0.01631726697087288,
    -0.030907735228538513,
    0.011390508152544498,
    0.01889890246093273,
    0.02938334085047245,
    -0.10827992111444473,
    -0.0028246028814464808,
    -0.009206349030137062,
    0.018273092806339264,
    -0.022561106830835342,
    0.08745317161083221,
    0.03245367109775543,
    -0.05855743959546089,
    0.03676106780767441,
    0.05239062383770943,
    0.09510302543640137,
    -0.048772234469652176,
    0.027902454137802124,
    -0.10621367394924164,
    -0.048266954720020294,
    -0.05264700576663017,
    -0.031678300350904465,
    0.00277018453925848,
    -0.053159818053245544,
    0.06338109821081161,
    0.02825205586850643,
    0.04039054363965988,
    0.028663398697972298,
    -0.017501380294561386,
    0.00840157549828291,
    0.049201980233192444,
    -0.062426887452602386,
    -0.027070844545960426,
    -0.07831335067749023,
    -0.056383393704891205,
    -0.047818753868341446,
    -0.04823031648993492,
    0.01793205924332142,
    0.05777764320373535,
    -0.0021464223973453045,
    -0.02876587025821209,
    -0.009933527559041977,
    -0.08939516544342041,
    0.002803724491968751,
    -0.05098933354020119,
    -0.07150030881166458,
    0.0021822142880409956,
    0.10662361979484558,
    -0.04738008975982666,
    -0.04943626746535301,
    -0.006498295813798904,
    0.03649817407131195,
    -0.021025970578193665,
    -0.034202154725790024,
    0.025538189336657524,
    -0.03568912297487259,
    -0.06767789274454117,
    0.05620722472667694,
    -0.04728996381163597,
    0.03427812457084656,
    -0.021269582211971283,
    -0.06224869191646576,
    0.03507545590400696,
    0.04347158223390579,
    -0.07455124706029892,
    -0.02870096266269684,
    -0.00842968001961708,
    0.017407750710844994,
    -0.02348022721707821,
    0.012069466523826122,
    -0.035997722297906876,
    0.024429289624094963,
    0.06784047186374664,
    -0.09558556973934174,
    -0.04446284472942352,
    -0.01157617662101984,
    -0.008212312124669552,
    0.017934270203113556,
    0.002361952094361186,
    -0.05935749411582947,
    -0.020391667261719704,
    0.017949581146240234,
    0.01798037253320217,
    -0.024169279262423515,
    0.11611566692590714,
    -0.05670061334967613,
    0.06823380291461945,
    0.00905988272279501,
    0.02491808496415615,
    -0.031119422987103462,
    -0.003966593183577061,
    -0.08684252947568893,
    0.028944160789251328,
    0.03583453223109245,
    0.05663252994418144,
    0.013248658739030361,
    -0.11056173592805862,
    -0.038334786891937256,
    0.015419329516589642,
    -0.06376360356807709,
    -0.06452985852956772,
    -0.02173238806426525,
    -0.009998676367104053,
    0.037824757397174835,
    -0.015800943598151207,
    0.0007657164824195206,
    -0.003073670668527484,
    -0.12686261534690857,
    0.04357945919036865,
    0.05734310299158096,
    -0.02771490067243576,
    0.09266148507595062,
    0.09548656642436981,
    -0.01115340180695057,
    -0.04638829827308655,
    0.005907020531594753,
    -0.1283828467130661,
    -0.14128266274929047,
    0.04920000210404396,
    -0.026098547503352165,
    -0.008926767855882645,
    1.8176309151620092e-32,
    -0.01043839380145073,
    0.017536208033561707,
    -0.09926538914442062,
    -0.01654965430498123,
    0.024623995646834373,
    -0.04815284535288811,
    0.020077219232916832,
    0.041653625667095184,
    -0.05336868017911911,
    0.02096947841346264,
    -0.007530765607953072,
    -0.016087191179394722,
    0.047688718885183334,
    -0.03148270770907402,
    -0.07216576486825943,
    -0.0009054146357811987,
    -0.014181064441800117,
    0.07296397536993027,
    -0.004193596076220274,
    0.05629260838031769,
    0.03380510210990906,
    -0.05168820172548294,
    0.03319546952843666,
    0.05389510840177536,
    0.027301913127303123,
    -0.019542871043086052,
    0.02319597825407982,
    -0.0313803069293499,
    0.0005806052358821034,
    0.014656594954431057,
    0.03304838016629219,
    0.0405302569270134,
    0.0964316725730896,
    -0.018966617062687874,
    0.024378769099712372,
    0.09111969918012619,
    0.03739891201257706,
    -0.03189726918935776,
    0.056862831115722656,
    -0.049205489456653595,
    -0.05820559710264206,
    0.02980903536081314,
    -0.008285018615424633,
    0.02453099563717842,
    0.016987280920147896,
    -0.00521587859839201,
    0.028768302872776985,
    -0.021185550838708878,
    0.10380160063505173,
    0.05409511178731918,
    0.013649179600179195,
    -0.021674908697605133,
    0.02131572738289833,
    0.0033924675080925226,
    -0.003962659742683172,
    -0.0215670857578516,
    -0.05803892761468887,
    0.06329132616519928,
    -0.07355718314647675,
    0.027317816391587257,
    0.015856312587857246,
    -0.021062375977635384,
    0.02743879146873951,
    0.0061808363534510136,
    0.017489327117800713,
    -0.04914795979857445,
    -0.046207230538129807,
    -0.03464052081108093,
    0.03465397655963898,
    -0.07740796357393265,
    -0.042720045894384384,
    0.06417692452669144,
    0.003180332714691758,
    -0.001801936188712716,
    -0.05596441030502319,
    -0.06202361360192299,
    0.04862795025110245,
    -0.03477499261498451,
    0.06429091840982437,
    -0.0352310873568058,
    -0.0863242894411087,
    -0.0006711037131026387,
    0.030415784567594528,
    0.05666692182421684,
    0.06907852739095688,
    -0.004296574741601944,
    0.058464765548706055,
    0.05770331993699074,
    -0.0535396933555603,
    -0.010158892720937729,
    -0.04039641097187996,
    0.012242398224771023,
    -0.01231392938643694,
    0.07109300047159195,
    0.06439925730228424,
    -1.7847696767111845e-32,
    0.01269461214542389,
    -0.010081515647470951,
    -0.11655577272176743,
    0.053244832903146744,
    0.041185807436704636,
    0.06585168093442917,
    -0.0372355654835701,
    -0.05274296551942825,
    0.0868309810757637,
    0.02477404661476612,
    -0.037497419863939285,
    -0.07723116874694824,
    0.007766305468976498,
    0.04273366183042526,
    -0.050460539758205414,
    -0.1070985496044159,
    -0.05324459820985794,
    -0.018743697553873062,
    0.0013403352349996567,
    0.12271346151828766,
    0.04169692471623421,
    -0.02858646959066391,
    -0.04004158079624176,
    0.08561743050813675,
    -0.033265821635723114,
    0.019743338227272034,
    -0.036957111209630966,
    -0.043969519436359406,
    0.009630111977458,
    -0.020135048776865005,
    -0.012265670113265514,
    -0.06408895552158356,
    -0.08014053851366043,
    0.06882231682538986,
    -0.033782877027988434,
    -0.13674813508987427,
    0.09619135409593582,
    -0.005922296084463596,
    -0.028148598968982697,
    0.04228288680315018,
    0.07594776153564453,
    0.08658049255609512,
    -0.01865764893591404,
    0.00037528714165091515,
    -0.013782522641122341,
    -0.062177229672670364,
    0.06540950387716293,
    -0.05375877022743225,
    -0.013034876435995102,
    -0.028580253943800926,
    0.03511185944080353,
    -0.05141061544418335,
    0.05935196578502655,
    0.08179185539484024,
    -0.03742801025509834,
    0.048895787447690964,
    0.046707358211278915,
    -0.0486370287835598,
    -0.029435044154524803,
    0.024119097739458084,
    0.04965461790561676,
    0.05399228259921074,
    0.01685100607573986,
    -0.00225448259152472,
    0.12252522259950638,
    -0.020566627383232117,
    -0.043535228818655014,
    -0.09224064648151398,
    0.04560462757945061,
    -0.04392679035663605,
    -0.0033053599763661623,
    -0.08331213891506195,
    -0.07092756032943726,
    -0.0784272849559784,
    0.13795380294322968,
    -0.03608757629990578,
    -0.030849797651171684,
    -0.08945903927087784,
    -0.11509807407855988,
    0.003755226032808423,
    0.05250776186585426,
    0.039601653814315796,
    -0.003027399070560932,
    0.08347130566835403,
    -0.06407973170280457,
    0.032986119389534,
    0.04602513462305069,
    -0.056171491742134094,
    0.0550520122051239,
    0.09661311656236649,
    -0.009601034224033356,
    0.003037560498341918,
    0.014704214408993721,
    0.023556074127554893,
    -0.09445737302303314,
    -5.621262388899595e-08,
    -0.02959899976849556,
    0.019512251019477844,
    -0.030099578201770782,
    -0.02381032332777977,
    -0.016513172537088394,
    0.01954658515751362,
    0.03342672064900398,
    -0.03318285569548607,
    -0.06199583411216736,
    -0.09988026320934296,
    0.07426457852125168,
    -0.004342070315033197,
    0.014490790665149689,
    -0.05015655234456062,
    0.0253473948687315,
    -0.022466331720352173,
    -0.03142707049846649,
    -0.026341024786233902,
    -0.10113076865673065,
    0.054292332381010056,
    -0.020192349329590797,
    -0.024108313024044037,
    -0.05153057724237442,
    -0.024908652529120445,
    0.027078665792942047,
    0.008206941187381744,
    0.04700853303074837,
    0.13131386041641235,
    0.06407157331705093,
    0.04161231592297554,
    -0.043525006622076035,
    0.001469491166062653,
    0.012418881058692932,
    -0.08708516508340836,
    -0.11439524590969086,
    -0.024823332205414772,
    -0.02290276810526848,
    -0.028282204642891884,
    0.04267806559801102,
    0.025017768144607544,
    -0.004370987415313721,
    0.007736577186733484,
    0.009888831526041031,
    0.05851723998785019,
    0.07353965193033218,
    -0.017905883491039276,
    -0.09733959287405014,
    -0.019448431208729744,
    0.0033651951234787703,
    -0.04956384003162384,
    -0.02878667041659355,
    -0.03798534348607063,
    0.06166998669505119,
    0.0396047979593277,
    -0.016442419961094856,
    0.06061640381813049,
    0.05932486429810524,
    -0.0011006423737853765,
    -0.03277360647916794,
    -0.0028415063861757517,
    0.07811139523983002,
    0.04245641827583313,
    0.046600341796875,
    -0.03900140896439552
]