[
    -0.019722340628504753,
    0.017344344407320023,
    -0.05094848573207855,
    -0.059902675449848175,
    -0.02649858593940735,
    0.06361180543899536,
    -0.05207176133990288,
    -0.047696664929389954,
    0.01249659899622202,
    -0.027356740087270737,
    0.007264358922839165,
    0.037552013993263245,
    0.07539523392915726,
    -0.02420937269926071,
    0.08979886770248413,
    -0.04831838607788086,
    0.019267810508608818,
    0.026365181431174278,
    -0.14420658349990845,
    0.07607914507389069,
    -0.008469642139971256,
    0.02364167757332325,
    -0.0625806376338005,
    -0.012555531226098537,
    -0.08071532100439072,
    -0.013181735761463642,
    0.0006978115416131914,
    -0.06633549183607101,
    -0.012245148420333862,
    -0.06585817039012909,
    0.049744874238967896,
    0.0023575574159622192,
    0.00264023058116436,
    0.05972982943058014,
    -0.08019949495792389,
    0.004000421613454819,
    -0.05381704121828079,
    0.07557004690170288,
    -0.010967089794576168,
    0.04635170102119446,
    -0.09004955738782883,
    -0.012270749546587467,
    -0.01989647187292576,
    0.01512614544481039,
    0.022210491821169853,
    -0.0022468683309853077,
    -0.10175932198762894,
    -0.06184821575880051,
    0.03777104988694191,
    0.03641931340098381,
    -0.04124625772237778,
    -0.03096659667789936,
    -0.015923216938972473,
    0.07910498976707458,
    -0.036848489195108414,
    -0.05378631129860878,
    -0.06346850097179413,
    -0.06045589968562126,
    -0.1380484253168106,
    -0.009650910273194313,
    0.02482406422495842,
    0.027365300804376602,
    0.03924821317195892,
    0.056264255195856094,
    -0.03954433649778366,
    0.023060869425535202,
    0.023990323767066002,
    0.046795714646577835,
    -0.043162669986486435,
    -0.014284676872193813,
    -0.07667429745197296,
    -0.03871629759669304,
    0.0068342299200594425,
    0.04785472899675369,
    -0.02875472977757454,
    0.03572631627321243,
    0.001553167006932199,
    -0.00045585870975628495,
    0.048715122044086456,
    -0.13658466935157776,
    -0.026878999546170235,
    0.02592054009437561,
    0.005719010252505541,
    0.049328215420246124,
    -0.029016323387622833,
    -0.02265750803053379,
    -0.03982250392436981,
    -0.017747795209288597,
    -0.042287811636924744,
    -0.09023840725421906,
    -0.0019451203988865018,
    0.006686130538582802,
    0.0684128999710083,
    -0.05089130625128746,
    0.061901964247226715,
    -0.02555881440639496,
    -0.033053670078516006,
    -0.062084369361400604,
    -0.009388540871441364,
    -0.006841585971415043,
    -0.028422551229596138,
    0.022176215425133705,
    0.09089181572198868,
    -0.007249274756759405,
    -0.00647108955308795,
    -0.09460534155368805,
    0.04432741925120354,
    0.006873973645269871,
    0.029917774721980095,
    0.03214342147111893,
    0.01478483248502016,
    0.03732635825872421,
    -0.05156935378909111,
    -0.14662523567676544,
    -0.003852096851915121,
    -0.018759261816740036,
    -0.026798756793141365,
    0.017469586804509163,
    0.04863052815198898,
    0.0478285476565361,
    -0.04171394184231758,
    -0.03416477143764496,
    -0.007963597774505615,
    -0.045579731464385986,
    -0.04586566612124443,
    0.030302833765745163,
    -0.0354594960808754,
    2.8732608417149174e-32,
    -0.0054774959571659565,
    -0.04456941783428192,
    -0.0003520537866279483,
    0.04052698239684105,
    0.023767637088894844,
    -0.03311963751912117,
    -0.0008760096388868988,
    -0.037598609924316406,
    -0.09865071624517441,
    0.029891973361372948,
    -0.018472352996468544,
    0.03402923792600632,
    0.009099527262151241,
    0.029923560097813606,
    -0.01771005243062973,
    0.007172567769885063,
    -0.01360542606562376,
    0.0704774558544159,
    -0.03100280836224556,
    0.028628315776586533,
    0.021560994908213615,
    -0.02994277887046337,
    0.03690290078520775,
    0.028139399364590645,
    -0.0019234680803492665,
    -0.013860431499779224,
    0.016795575618743896,
    -0.022026652470231056,
    0.05317774415016174,
    -0.0032905975822359324,
    0.0035260235890746117,
    0.05975344032049179,
    -0.012806598097085953,
    -0.08159702271223068,
    -0.009253688156604767,
    0.1256616860628128,
    0.005941913463175297,
    -0.030863530933856964,
    0.07991938292980194,
    -0.04620698094367981,
    -0.0029581040143966675,
    -0.041194356977939606,
    0.06100240722298622,
    0.035501912236213684,
    0.047020163387060165,
    0.005374472122639418,
    0.008380575105547905,
    0.009305366314947605,
    -0.002333552110940218,
    -0.02443077601492405,
    -0.04697435349225998,
    0.0032819847110658884,
    0.007056924514472485,
    0.009458242915570736,
    -0.020525379106402397,
    0.012424907647073269,
    -0.05673323944211006,
    0.022500082850456238,
    -0.03669121116399765,
    0.09984400868415833,
    -0.053719185292720795,
    -0.002827432006597519,
    -0.030796311795711517,
    0.0024467376060783863,
    0.031318120658397675,
    -0.034940607845783234,
    -0.004642657935619354,
    -0.08268599957227707,
    0.06163966655731201,
    0.026806510984897614,
    -0.040490563958883286,
    0.03747177496552467,
    -0.030523957684636116,
    0.03261709213256836,
    -0.010018955916166306,
    -0.015146670863032341,
    -0.02158281020820141,
    -0.032957594841718674,
    0.0633123368024826,
    0.005933753214776516,
    -0.10483945906162262,
    0.016068296507000923,
    0.027216805145144463,
    0.09066157788038254,
    0.0048230551183223724,
    0.03059469722211361,
    0.01206880435347557,
    0.03260817006230354,
    -0.16114142537117004,
    -0.02944648638367653,
    -0.026208259165287018,
    0.04771507903933525,
    0.13273508846759796,
    0.02769104205071926,
    0.031096098944544792,
    -2.905115269254263e-32,
    -0.026919234544038773,
    0.004553274251520634,
    -0.014333570376038551,
    -0.008313925936818123,
    0.12377405911684036,
    -0.03946733847260475,
    -0.05896560102701187,
    -0.15031981468200684,
    0.06326297670602798,
    0.07514052838087082,
    0.0073188296519219875,
    -0.041719309985637665,
    0.032113008201122284,
    -0.034519243985414505,
    -0.017531482502818108,
    0.00796472653746605,
    -0.09649821370840073,
    -0.04142535477876663,
    -0.02033386379480362,
    0.08656776696443558,
    0.006676505319774151,
    0.02272718958556652,
    0.012606021948158741,
    0.1423618346452713,
    0.06103100627660751,
    0.069735087454319,
    -0.05758671835064888,
    -0.019679732620716095,
    0.10651286691427231,
    -0.0651184692978859,
    -0.11060212552547455,
    -0.037745002657175064,
    -0.008186322636902332,
    -0.005432669073343277,
    -0.07841982692480087,
    -0.15393395721912384,
    -0.008617901243269444,
    -0.09016451984643936,
    -0.02435431256890297,
    -0.03351606801152229,
    0.07807224988937378,
    -0.03541943430900574,
    -0.06405667960643768,
    0.0035116581711918116,
    0.028117941692471504,
    -0.0787905603647232,
    0.001954185776412487,
    -0.012983902357518673,
    -0.02444547601044178,
    0.010226799175143242,
    0.04273918643593788,
    -0.007890062406659126,
    -0.08458366990089417,
    0.02047058753669262,
    -0.0294384453445673,
    0.018644660711288452,
    0.02039952576160431,
    -0.03709171712398529,
    -0.03454892337322235,
    -0.015383291989564896,
    0.07520655542612076,
    0.05912359431385994,
    -0.04657439514994621,
    0.11030615121126175,
    0.03226427361369133,
    -0.047609567642211914,
    -0.005000681150704622,
    -0.06355997174978256,
    -0.021564146503806114,
    -0.02690989524126053,
    -0.09355287253856659,
    -0.06781036406755447,
    -0.058156974613666534,
    -0.1085519790649414,
    0.09748557209968567,
    -0.05321731045842171,
    -0.0042594014666974545,
    -0.09332062304019928,
    -0.030158575624227524,
    0.021236196160316467,
    0.050593119114637375,
    -0.04324088990688324,
    -0.003470632014796138,
    0.04894297197461128,
    -0.04233487695455551,
    -0.005339394323527813,
    0.09093908220529556,
    -0.045945752412080765,
    -0.02239251136779785,
    0.09149641543626785,
    -0.10204768180847168,
    -0.01746883988380432,
    -0.0342944897711277,
    0.01698264665901661,
    -0.0760863646864891,
    -7.437320448389073e-08,
    0.004738198593258858,
    0.08882743120193481,
    0.0475563108921051,
    -0.02834906056523323,
    -0.03068695031106472,
    -0.07565927505493164,
    -0.05614178627729416,
    0.04914316534996033,
    -0.02675870805978775,
    0.02520095184445381,
    0.062183935195207596,
    0.08774316310882568,
    -0.014495096169412136,
    -0.0380680076777935,
    0.03355557471513748,
    -0.017493924126029015,
    -0.09766823053359985,
    0.013406308367848396,
    -0.07676734775304794,
    0.0122336745262146,
    -0.06373485922813416,
    -0.04220569506287575,
    -0.05397987738251686,
    0.027928989380598068,
    0.04290442913770676,
    0.04804367944598198,
    -0.0007598500233143568,
    0.02871031127870083,
    0.09669209271669388,
    0.029710181057453156,
    -0.007914766669273376,
    -0.06088925153017044,
    0.004664278123527765,
    0.0061303675174713135,
    -0.02670695260167122,
    -0.028982706367969513,
    0.02803635224699974,
    -0.02086695469915867,
    0.020534761250019073,
    -0.012543033808469772,
    0.030164731666445732,
    0.06536255031824112,
    0.009129720740020275,
    0.07891477644443512,
    -0.010064024478197098,
    -0.044404350221157074,
    -0.045893024653196335,
    0.021852677688002586,
    0.03042997606098652,
    -0.08737046271562576,
    -0.0631365180015564,
    -0.0438196025788784,
    0.05679970234632492,
    -0.03447926789522171,
    -0.040345631539821625,
    0.10237099230289459,
    -0.0022966305259615183,
    0.031085195019841194,
    0.03453535586595535,
    0.019600745290517807,
    0.07995900511741638,
    0.005688593257218599,
    0.023833004757761955,
    -0.012627987191081047
]