[
    -0.04536410793662071,
    0.016800973564386368,
    -0.014119916595518589,
    -0.042105432599782944,
    0.028172610327601433,
    0.05746595934033394,
    -0.033269401639699936,
    -0.011954176239669323,
    0.00500124879181385,
    0.018877947703003883,
    0.00933578796684742,
    -0.04480328410863876,
    -0.02812017872929573,
    0.0004911291180178523,
    0.0564359575510025,
    0.024237684905529022,
    0.05828889086842537,
    0.06018617004156113,
    -0.03792337700724602,
    -0.007905635982751846,
    0.023531140759587288,
    0.018301716074347496,
    -0.034731145948171616,
    -0.01313293632119894,
    -0.08470793068408966,
    -0.03595512732863426,
    -0.043883346021175385,
    -0.049174003303050995,
    0.043688297271728516,
    -0.08525389432907104,
    0.04925308749079704,
    0.040492765605449677,
    0.02409597672522068,
    0.03308407962322235,
    -0.0009187246323563159,
    -0.011769029311835766,
    0.0020699703600257635,
    -0.04609765112400055,
    0.012439015321433544,
    -0.010570917278528214,
    -0.0291423536837101,
    -0.04938891902565956,
    -0.06472800672054291,
    -0.025758689269423485,
    -0.016516339033842087,
    0.01761438325047493,
    0.0012807972962036729,
    0.001123173045925796,
    -0.035710010677576065,
    0.010124320164322853,
    -0.08251482993364334,
    -0.03522498533129692,
    -0.0168701633810997,
    0.02781190164387226,
    -0.055938106030225754,
    -0.03648234158754349,
    -0.0071557811461389065,
    0.03720322251319885,
    -0.05202430114150047,
    0.0011949375038966537,
    0.013832714408636093,
    -0.002950881374999881,
    -0.06791181862354279,
    0.05631910264492035,
    0.0068514528684318066,
    0.05153270438313484,
    -0.01727254129946232,
    0.01146194338798523,
    0.048778973519802094,
    0.040274009108543396,
    -0.06456395238637924,
    0.05262161046266556,
    0.04188629984855652,
    -0.019902978092432022,
    -0.08134478330612183,
    0.018833737820386887,
    -0.0003261602541897446,
    0.0026207936462014914,
    0.018359975889325142,
    -0.10001089423894882,
    -0.09460300207138062,
    0.04102605581283569,
    -0.026501599699258804,
    -0.039179909974336624,
    -0.05037052556872368,
    -0.05472072213888168,
    0.0006320568500086665,
    0.005914364941418171,
    -0.051556285470724106,
    0.02617001347243786,
    0.06823784112930298,
    -0.07743861526250839,
    0.055593039840459824,
    -0.024027684703469276,
    0.04262860491871834,
    -0.029699264094233513,
    -0.02277507819235325,
    -0.0002948590845335275,
    0.10668129473924637,
    0.0034423761535435915,
    0.009850037284195423,
    0.058721866458654404,
    -0.014372739940881729,
    -0.03223288431763649,
    -0.07651930302381516,
    -0.07635517418384552,
    -0.061295703053474426,
    -0.022542672231793404,
    0.015087427571415901,
    -0.004145430866628885,
    0.008549252524971962,
    0.0018866830505430698,
    -0.02142549306154251,
    -0.10163009911775589,
    0.07657013088464737,
    0.01947963424026966,
    -0.04406800493597984,
    0.07682190835475922,
    0.012916144914925098,
    -0.04345446079969406,
    0.017362374812364578,
    0.022994231432676315,
    -0.03482035547494888,
    -0.08159731328487396,
    -0.015418855473399162,
    -0.01292118988931179,
    -0.05419006198644638,
    1.8618221559132346e-32,
    -0.0028855837881565094,
    -0.0019945302046835423,
    -0.13771693408489227,
    0.043330833315849304,
    0.06007362902164459,
    -0.014786876738071442,
    0.0024232501164078712,
    -0.00025360079598613083,
    -0.056657735258340836,
    0.056682780385017395,
    0.02361772395670414,
    0.030616894364356995,
    -0.007892167195677757,
    -0.0999268889427185,
    -0.07374686002731323,
    0.004672951065003872,
    -0.06821861118078232,
    0.13045765459537506,
    -0.04803251847624779,
    -0.013535852544009686,
    0.029805198311805725,
    -0.05027847737073898,
    0.026649700477719307,
    0.03841214254498482,
    -0.001408268348313868,
    -0.020247038453817368,
    0.0833040252327919,
    -0.01010852213948965,
    -0.04115232452750206,
    0.007188716437667608,
    0.03204384446144104,
    -0.013751509599387646,
    0.05145210027694702,
    0.03167654201388359,
    0.10777612030506134,
    0.12528134882450104,
    0.024539493024349213,
    -0.07596294581890106,
    0.0927652046084404,
    -0.03887809067964554,
    -0.06791302561759949,
    -0.037275299429893494,
    0.03554246574640274,
    -0.027565570548176765,
    0.007706103380769491,
    -0.019171394407749176,
    -0.0659182071685791,
    -0.03566630184650421,
    0.029325274750590324,
    0.024751584976911545,
    0.028851166367530823,
    -0.02224825881421566,
    0.04571480676531792,
    -0.06423532217741013,
    0.05174098163843155,
    0.03353951498866081,
    -0.08275441825389862,
    0.039307404309511185,
    -0.043798066675662994,
    0.03244280815124512,
    0.03217146918177605,
    0.048748213797807693,
    -0.04558546096086502,
    0.049836259335279465,
    -0.09506866335868835,
    -0.0020932008046656847,
    -0.035289663821458817,
    -0.08398202061653137,
    0.09892021864652634,
    -0.05411015450954437,
    -0.039540573954582214,
    0.06916908174753189,
    0.011313850991427898,
    0.016636798158288002,
    -0.0030122220050543547,
    -0.0638323426246643,
    0.004544710740447044,
    -0.00976553000509739,
    0.05528652295470238,
    0.008986255154013634,
    -0.09850731492042542,
    0.014332285150885582,
    0.00788928847759962,
    0.07239537686109543,
    0.027381902560591698,
    -0.024285078048706055,
    0.040051206946372986,
    -0.01147795282304287,
    -0.0362616702914238,
    -0.03655669465661049,
    0.02339334785938263,
    -0.009663097560405731,
    -0.01736568473279476,
    0.02145431749522686,
    0.04528488963842392,
    -1.8022528041909644e-32,
    0.01647023670375347,
    -0.023422155529260635,
    -0.06823380291461945,
    0.026354871690273285,
    0.03455077111721039,
    0.054066456854343414,
    -0.04321729764342308,
    -0.032996032387018204,
    0.08360935747623444,
    0.0043020229786634445,
    -0.02848951332271099,
    -0.01174832321703434,
    0.007519545499235392,
    -0.0367114394903183,
    -0.11790835857391357,
    -0.050492219626903534,
    -0.0031651516910642385,
    -0.03529324010014534,
    0.009769739583134651,
    0.07575514167547226,
    0.06741669028997421,
    -0.0014407712733373046,
    -0.03524555638432503,
    0.08496276289224625,
    0.03651294857263565,
    -0.010730788111686707,
    0.005822352599352598,
    -0.08074677735567093,
    0.06698895245790482,
    0.0066162836737930775,
    -0.03136543184518814,
    -0.083284392952919,
    -0.0658908560872078,
    0.01851782761514187,
    -0.02872784063220024,
    -0.12193658947944641,
    0.17934834957122803,
    -0.08816307038068771,
    -0.044867292046546936,
    0.025858059525489807,
    0.04446303844451904,
    0.09798365831375122,
    0.01457339059561491,
    -0.03670269623398781,
    -0.02945510484278202,
    -0.042309075593948364,
    0.02052535116672516,
    -0.00627827038988471,
    0.027706367895007133,
    -0.058329418301582336,
    0.01786138117313385,
    -0.022778809070587158,
    0.020443271845579147,
    -0.014904532581567764,
    -0.03682141378521919,
    0.056961942464113235,
    0.015898780897259712,
    -0.023629505187273026,
    -0.02124992571771145,
    0.023926692083477974,
    0.0682106614112854,
    0.10706954449415207,
    -0.04958653822541237,
    0.02444455213844776,
    0.08840344101190567,
    -0.06459155678749084,
    -0.08494475483894348,
    -0.01876729726791382,
    -0.05553266778588295,
    -0.02715173363685608,
    -0.027197709307074547,
    -0.10169459134340286,
    -0.04775998368859291,
    -0.0822695940732956,
    0.08242569118738174,
    -0.005333793815225363,
    -0.04292125627398491,
    -0.08977259695529938,
    -0.10699813812971115,
    0.026989614591002464,
    0.03984156996011734,
    0.03973839804530144,
    -0.04074638709425926,
    0.07277411222457886,
    0.05268082022666931,
    0.06603745371103287,
    0.06333979219198227,
    0.04545758292078972,
    0.04817976802587509,
    0.08786647766828537,
    -0.047518644481897354,
    -0.03179517388343811,
    0.013454078696668148,
    0.06607802957296371,
    -0.0440153107047081,
    -5.2110767256863255e-08,
    -0.04166961461305618,
    0.022345585748553276,
    0.0050966376438736916,
    -0.03715524449944496,
    -0.016964934766292572,
    -0.02153632417321205,
    -0.006399597506970167,
    0.0036687497049570084,
    -0.05614379048347473,
    -0.06847186386585236,
    0.05679359659552574,
    -0.010932457633316517,
    -0.04596403241157532,
    -0.04065979644656181,
    0.04694288223981857,
    -0.017254985868930817,
    -0.03072160854935646,
    -0.03869345411658287,
    -0.07452540844678879,
    -0.01677648536860943,
    0.013234594836831093,
    -0.036531154066324234,
    -0.06500174850225449,
    0.038187623023986816,
    0.016526471823453903,
    -0.009729052893817425,
    -0.0030682403594255447,
    0.10102576017379761,
    -0.004814432002604008,
    0.04121997579932213,
    -0.03396371379494667,
    0.046705786138772964,
    0.007620554883033037,
    -0.07772503048181534,
    -0.021669665351510048,
    0.019678620621562004,
    -0.0008763872901909053,
    0.03801766037940979,
    0.08380953967571259,
    0.07622166723012924,
    -0.0711607113480568,
    -0.015483723022043705,
    0.06390061229467392,
    0.10135407745838165,
    0.004087788052856922,
    0.0004118214128538966,
    -0.1040039137005806,
    0.021678313612937927,
    -0.059352561831474304,
    -0.10105138272047043,
    0.001888315542601049,
    -0.06532196700572968,
    0.04672309011220932,
    -0.016164254397153854,
    0.019216202199459076,
    0.13976678252220154,
    0.113440603017807,
    0.08226437866687775,
    -0.02073090896010399,
    -0.05440431460738182,
    0.12277363240718842,
    0.13192006945610046,
    0.06899986416101456,
    0.012998445890843868
]