[
    -0.010111440904438496,
    0.035447727888822556,
    -0.017183011397719383,
    -0.06017109751701355,
    0.02888747677206993,
    0.0744226798415184,
    -0.00776820071041584,
    -0.06285443902015686,
    -0.0679282620549202,
    0.022287307307124138,
    -0.00442322064191103,
    -0.019401464611291885,
    0.00033467457978986204,
    -0.02818271331489086,
    0.10720743238925934,
    -0.03727361559867859,
    0.04405098408460617,
    0.016990020871162415,
    -0.11030124872922897,
    0.09201562404632568,
    0.06734125316143036,
    0.04875270649790764,
    -0.0672614797949791,
    0.021820610389113426,
    -0.08702707290649414,
    0.0033498445991426706,
    0.013373790308833122,
    -0.04067539423704147,
    0.01230528112500906,
    -0.02480900101363659,
    0.010454068891704082,
    -0.04684961214661598,
    0.029793057590723038,
    0.021263564005494118,
    0.03095315210521221,
    -0.040952153503894806,
    -0.007844485342502594,
    -0.02853802591562271,
    -0.039966218173503876,
    -0.0018435199744999409,
    -0.03686876222491264,
    -0.008807503618299961,
    -0.07439534366130829,
    0.02885064110159874,
    0.04343431070446968,
    0.013391143642365932,
    -0.029967570677399635,
    -0.01794222928583622,
    0.011338425800204277,
    0.02058124728500843,
    -0.05315730720758438,
    0.0035861965734511614,
    -0.0243277195841074,
    0.013864112086594105,
    -0.015442050993442535,
    -0.06801796704530716,
    -0.0614975206553936,
    0.011189846321940422,
    -0.0653873160481453,
    -0.014694246463477612,
    0.04182934761047363,
    -0.03175787255167961,
    -0.01312501821666956,
    0.06875432282686234,
    -0.04086966812610626,
    0.033028703182935715,
    -0.01974177174270153,
    -0.002749663544818759,
    -0.04465295001864433,
    -0.02451099269092083,
    -0.09359315782785416,
    -0.059664007276296616,
    -0.032478004693984985,
    0.03983864188194275,
    -0.0014874842017889023,
    -0.01121189258992672,
    -0.009253510273993015,
    0.01714456081390381,
    0.08475571125745773,
    -0.11747759580612183,
    -0.043452341109514236,
    -0.028237085789442062,
    0.0379478856921196,
    0.06132500246167183,
    -0.030824748799204826,
    -0.03231505677103996,
    -0.047583695501089096,
    -0.049277931451797485,
    0.009246683679521084,
    -0.03983331099152565,
    0.04396694898605347,
    -0.04336421191692352,
    0.09480462968349457,
    -0.05928334966301918,
    0.05852077156305313,
    0.01841513253748417,
    -0.011628481559455395,
    -0.1028357744216919,
    0.03618128225207329,
    -0.00852685235440731,
    -0.0035423312801867723,
    -0.041141580790281296,
    0.0005523074651136994,
    0.04577522352337837,
    -0.07981790602207184,
    -0.07641545683145523,
    -0.02935716323554516,
    0.03231038525700569,
    0.049191806465387344,
    0.09472620487213135,
    0.0203003641217947,
    0.023803578689694405,
    0.039442531764507294,
    -0.07658906280994415,
    0.04735424369573593,
    -0.004585872869938612,
    -0.03885017707943916,
    0.002660528989508748,
    0.06177641451358795,
    0.008272295817732811,
    -0.06952700018882751,
    -0.02165580354630947,
    -0.04160679131746292,
    -0.09270459413528442,
    0.028294513002038002,
    0.07077110558748245,
    -0.03202398493885994,
    2.0012604713021252e-32,
    -0.03622589260339737,
    -0.01851193606853485,
    -0.04584454372525215,
    0.03498431295156479,
    -0.019122345373034477,
    -0.01647699996829033,
    0.05869642272591591,
    -0.043606143444776535,
    -0.09692482650279999,
    0.07117564976215363,
    -0.009891768917441368,
    0.002340679056942463,
    -0.03879395127296448,
    0.03794423118233681,
    -0.011798078194260597,
    -0.04736920818686485,
    0.018499944359064102,
    0.03684724494814873,
    0.03622746095061302,
    0.07612765580415726,
    -0.02501004934310913,
    -0.0036049436312168837,
    0.0168314166367054,
    -0.07257860153913498,
    -0.017666710540652275,
    -0.013223306275904179,
    0.01703161932528019,
    -0.012441454455256462,
    -0.007310220971703529,
    0.03251101076602936,
    0.051489103585481644,
    0.0391620434820652,
    0.0325867161154747,
    -0.023666612803936005,
    -0.03897939622402191,
    0.09183251112699509,
    0.023763690143823624,
    -0.05474993959069252,
    0.022064106538891792,
    -0.11795871704816818,
    -0.0004115382325835526,
    -0.029758863151073456,
    -0.000223990369704552,
    0.06368252635002136,
    0.04485425725579262,
    -0.003866586834192276,
    0.0007452069548889995,
    -0.03123229183256626,
    0.026910360902547836,
    0.011397453024983406,
    -0.08141684532165527,
    0.01496077049523592,
    0.02402528002858162,
    -0.04162953421473503,
    0.012801366858184338,
    -0.04099101945757866,
    -0.09421882778406143,
    0.02498077042400837,
    -0.07055359333753586,
    0.02562590502202511,
    -0.06369943171739578,
    0.03509730473160744,
    -0.04137174040079117,
    -0.009626493789255619,
    0.017062513157725334,
    0.011524559929966927,
    -0.047689516097307205,
    -0.04460704326629639,
    0.04963823780417442,
    0.02800990641117096,
    -0.014465900138020515,
    0.057574015110731125,
    -0.02931077405810356,
    0.03167566657066345,
    0.004379178863018751,
    -0.05181438848376274,
    -0.003972846549004316,
    -0.0026673260144889355,
    0.007583419792354107,
    0.008294518105685711,
    -0.10428094118833542,
    -0.018425503745675087,
    0.0018752217292785645,
    0.08407416194677353,
    0.003986704163253307,
    -0.016803383827209473,
    0.035893332213163376,
    0.04435603693127632,
    -0.0038452809676527977,
    -0.07954566180706024,
    -0.03934662416577339,
    -0.012370393611490726,
    0.07309199124574661,
    0.07688077539205551,
    0.02221529930830002,
    -2.1389979933021697e-32,
    0.02377324551343918,
    -0.02785962074995041,
    0.017177486792206764,
    0.009597276337444782,
    0.007941430434584618,
    -0.030154075473546982,
    -0.10550692677497864,
    -0.11993598937988281,
    0.07372131198644638,
    -0.05951729044318199,
    0.02402067556977272,
    -0.023671969771385193,
    0.04164787381887436,
    -0.015801966190338135,
    -0.01748695597052574,
    -0.043409958481788635,
    -0.096269890666008,
    -0.08305545151233673,
    0.022698860615491867,
    0.07518257200717926,
    -0.027817007154226303,
    -0.03631516546010971,
    -0.03096269629895687,
    0.13002604246139526,
    -0.017945963889360428,
    0.039373598992824554,
    -0.10386709868907928,
    0.004989538341760635,
    0.11910676956176758,
    -0.060380931943655014,
    -0.05376721918582916,
    -0.07000970840454102,
    -0.005578086711466312,
    0.05316958948969841,
    -0.12270485609769821,
    -0.16613337397575378,
    0.03537607565522194,
    -0.04794285073876381,
    -0.04096547141671181,
    -0.026149220764636993,
    0.09534427523612976,
    -0.01700683869421482,
    0.016818968579173088,
    0.048211824148893356,
    0.017204556614160538,
    -0.061635468155145645,
    0.09420173615217209,
    -0.044066172093153,
    -0.019015001133084297,
    -0.02182891219854355,
    -0.01041061244904995,
    -0.011026266030967236,
    -0.028888816013932228,
    0.02194877341389656,
    -0.05748718976974487,
    0.032013069838285446,
    0.06957509368658066,
    0.027863379567861557,
    -0.036018211394548416,
    -0.008031560108065605,
    0.06584203988313675,
    0.08928357064723969,
    -0.024313168600201607,
    0.10134036839008331,
    0.0331043042242527,
    -0.03941931203007698,
    -0.01809772290289402,
    -0.09087131917476654,
    0.05437162518501282,
    -0.08629725873470306,
    -0.10021666437387466,
    -0.09916442632675171,
    -0.07273438572883606,
    -0.03499303758144379,
    0.06839467585086823,
    -0.07189071923494339,
    -0.019695889204740524,
    -0.04244073107838631,
    -0.049440763890743256,
    0.015649016946554184,
    0.05394003167748451,
    0.010932981967926025,
    -0.1053445041179657,
    0.06920462101697922,
    0.020654987543821335,
    0.03712337836623192,
    0.011284127831459045,
    -0.09677428752183914,
    0.036453329026699066,
    0.10523498058319092,
    -0.11939840018749237,
    0.047198254615068436,
    -0.04563412070274353,
    0.0286253709346056,
    -0.08280083537101746,
    -5.963963900512681e-08,
    0.004014973994344473,
    0.06929021328687668,
    -0.0010439306497573853,
    -0.008949738927185535,
    -0.029761649668216705,
    -0.0038085966370999813,
    -0.016349758952856064,
    -0.05859837308526039,
    -0.028101574629545212,
    -0.08182013034820557,
    0.07270485162734985,
    0.12958191335201263,
    -0.01510195154696703,
    -0.05739529803395271,
    0.006396897602826357,
    -0.04627622663974762,
    -0.08218744397163391,
    0.06850175559520721,
    -0.033314578235149384,
    0.08087605983018875,
    -0.05720866471529007,
    -0.014735977165400982,
    -0.02172812819480896,
    0.01605168543756008,
    -0.007220426108688116,
    0.05710483342409134,
    0.0325033999979496,
    0.02045607380568981,
    0.11725825071334839,
    0.10223542898893356,
    -0.004516512155532837,
    0.033028848469257355,
    0.023495784029364586,
    -0.019253293052315712,
    -0.06935709714889526,
    -0.04461512342095375,
    0.021328656002879143,
    0.005697954911738634,
    0.07424797117710114,
    -0.03328140079975128,
    0.025806142017245293,
    0.04862434044480324,
    -0.0033949532080441713,
    0.04792208597064018,
    -0.005713355727493763,
    -0.028537966310977936,
    0.028072668239474297,
    -0.01915430650115013,
    0.09288138896226883,
    -0.08289247006177902,
    -0.03677236661314964,
    -0.025459248572587967,
    0.07413019984960556,
    -0.009384513832628727,
    -0.07034557312726974,
    0.017410477623343468,
    -0.027297409251332283,
    0.019377637654542923,
    -0.01950780861079693,
    0.005964820738881826,
    0.09115153551101685,
    0.033072710037231445,
    0.07175058871507645,
    -0.02553553692996502
]