[
    -0.05422920361161232,
    0.04294155165553093,
    -0.04308723285794258,
    -0.08606960624456406,
    -0.029133373871445656,
    0.09267842769622803,
    0.04182596877217293,
    -0.04654226079583168,
    -0.0008891755132935941,
    0.01474706456065178,
    -0.0012209111591801047,
    -0.028752990067005157,
    0.02043892815709114,
    -0.021468250080943108,
    0.06481918692588806,
    -0.044098448008298874,
    0.06115308776497841,
    0.02110740728676319,
    -0.09702437371015549,
    0.06977611035108566,
    0.0257018581032753,
    0.06270664930343628,
    -0.05858732387423515,
    0.0024658117908984423,
    -0.0728130042552948,
    -0.027416948229074478,
    -0.01630086451768875,
    -0.07177796214818954,
    0.0014080314431339502,
    -0.05581596866250038,
    0.06023672968149185,
    0.014880082570016384,
    0.011551798321306705,
    0.08694377541542053,
    -0.03603077307343483,
    -0.054669175297021866,
    -0.0117148132994771,
    0.03345874696969986,
    -0.03734934329986572,
    -0.006542595569044352,
    -0.03851994499564171,
    -0.03355880826711655,
    -0.04394826665520668,
    0.006934450939297676,
    0.06534073501825333,
    -0.016128864139318466,
    -0.044533587992191315,
    -0.032672807574272156,
    0.005013518966734409,
    0.009366567246615887,
    -0.06351539492607117,
    -0.033519063144922256,
    -0.02492448315024376,
    0.09215235710144043,
    -0.04774763062596321,
    -0.0771060362458229,
    -0.030434664338827133,
    0.013781622052192688,
    -0.09383581578731537,
    -0.008496652357280254,
    0.01897296868264675,
    -0.01838088594377041,
    -0.006513941567391157,
    0.0638837218284607,
    -0.06838946789503098,
    0.048530466854572296,
    0.003709091106429696,
    -0.00869365967810154,
    0.027346724644303322,
    -0.031019099056720734,
    -0.08509621024131775,
    -0.013807017356157303,
    -0.03515367582440376,
    0.04490303993225098,
    -0.014212914742529392,
    -0.02730310708284378,
    -0.012162203900516033,
    0.023764390498399734,
    0.041394978761672974,
    -0.11209683120250702,
    -0.03184378519654274,
    -0.021911734715104103,
    0.0017811984289437532,
    0.03435901924967766,
    -0.042487405240535736,
    -0.02923409268260002,
    -0.04498729482293129,
    -0.023639008402824402,
    -0.05044525861740112,
    -0.07903873920440674,
    0.04049310088157654,
    -0.043212808668613434,
    0.09696529805660248,
    -0.04298761487007141,
    0.04924611374735832,
    -0.022762488573789597,
    -0.02151741459965706,
    -0.0663999393582344,
    0.06652864813804626,
    -0.004749750718474388,
    -0.029624443501234055,
    -0.0043495758436620235,
    -0.011004224419593811,
    0.02811957523226738,
    -0.02317599207162857,
    -0.06286069005727768,
    0.019682079553604126,
    -0.017568906769156456,
    0.00822109542787075,
    0.04975030943751335,
    -0.0029477435164153576,
    0.0382513590157032,
    -0.05229941010475159,
    -0.09934589266777039,
    0.013049013912677765,
    0.03486807644367218,
    -0.028009967878460884,
    0.06699826568365097,
    0.015829263255000114,
    0.01515707466751337,
    -0.03586799278855324,
    0.011180012486875057,
    -0.060313303023576736,
    -0.0647302195429802,
    -0.005834691226482391,
    0.007489001378417015,
    -0.0009835556847974658,
    2.4280564622731858e-32,
    -0.00462948577478528,
    -0.003447713330388069,
    -0.051353372633457184,
    0.04244972765445709,
    0.015971112996339798,
    0.017276940867304802,
    0.04280133545398712,
    -0.023512830957770348,
    -0.007831241935491562,
    0.04601019248366356,
    -0.0424405001103878,
    0.027349628508090973,
    -0.009953743778169155,
    -0.0024266571272164583,
    -0.06780178099870682,
    0.007751570548862219,
    -0.008592117577791214,
    0.0720875933766365,
    -0.01978076994419098,
    0.09614001959562302,
    0.023859301581978798,
    0.006900431122630835,
    0.05217030271887779,
    0.02949977107346058,
    0.0025091913994401693,
    -0.014909389428794384,
    0.004882942419499159,
    -0.045227888971567154,
    0.037838779389858246,
    -0.0049987840466201305,
    0.041634418070316315,
    0.015816358849406242,
    0.021099712699651718,
    -0.024104012176394463,
    0.0062131742015480995,
    0.10829682648181915,
    0.050415921956300735,
    -0.06987971812486649,
    0.1329750120639801,
    -0.09869686514139175,
    -0.049882907420396805,
    -0.03437899425625801,
    -0.00721935136243701,
    0.019897378981113434,
    0.029557213187217712,
    -0.007096135523170233,
    -0.02495538629591465,
    -0.02079276740550995,
    0.025264838710427284,
    0.07590024173259735,
    -0.017283160239458084,
    -0.004576500039547682,
    0.03031352534890175,
    -0.038810599595308304,
    0.031997617334127426,
    -0.02505188062787056,
    -0.0629638209939003,
    0.06420673429965973,
    -0.05948328971862793,
    0.0917821079492569,
    0.010153893381357193,
    -0.025485675781965256,
    -0.021919354796409607,
    -0.016003580763936043,
    -0.031143536791205406,
    -0.031372033059597015,
    -0.03206135705113411,
    -0.0788012221455574,
    0.035592686384916306,
    0.024222277104854584,
    -0.032530516386032104,
    0.07734562456607819,
    -8.36110339150764e-05,
    0.022225433960556984,
    0.029702115803956985,
    -0.026668939739465714,
    -0.003535523312166333,
    -0.028890367597341537,
    0.007436121813952923,
    0.044059451669454575,
    -0.09744527190923691,
    0.0134462621062994,
    -0.0007350133382715285,
    0.09327096492052078,
    0.026706840842962265,
    0.046701088547706604,
    0.028875529766082764,
    0.025045372545719147,
    -0.039129968732595444,
    -0.07434220612049103,
    -0.0416470505297184,
    0.048805203288793564,
    0.08504599332809448,
    0.0760980173945427,
    0.047882989048957825,
    -2.4744920156137187e-32,
    -0.02624988742172718,
    -0.015174665488302708,
    -0.08867509663105011,
    0.015337097458541393,
    0.05370581895112991,
    -0.007446230389177799,
    -0.04345710575580597,
    -0.09217000752687454,
    0.09802984446287155,
    0.05550605431199074,
    0.0352383591234684,
    -0.07778503745794296,
    -0.001226081047207117,
    -0.03646361827850342,
    -0.042001206427812576,
    -0.03741675615310669,
    -0.10047975182533264,
    -0.06136337295174599,
    -0.020926982164382935,
    0.13744772970676422,
    -0.008303526788949966,
    0.036146946251392365,
    -0.06052831932902336,
    0.11438881605863571,
    0.01231804583221674,
    0.05157813802361488,
    -0.018134765326976776,
    -0.030718864873051643,
    0.08942189067602158,
    -0.06983695179224014,
    -0.06752371042966843,
    -0.04701818898320198,
    -0.04833303019404411,
    0.03527180850505829,
    -0.10911771655082703,
    -0.19287990033626556,
    0.09622861444950104,
    -0.06045354902744293,
    -0.03466423973441124,
    -0.01963597722351551,
    0.07881996035575867,
    -0.012623591348528862,
    -0.024266548454761505,
    0.033326275646686554,
    -0.005269371904432774,
    -0.10017579048871994,
    0.004291079007089138,
    -0.009363455697894096,
    0.03154147416353226,
    -0.005703884642571211,
    0.06528157740831375,
    -0.03274336829781532,
    -0.006764971185475588,
    0.0602799691259861,
    -0.054197054356336594,
    0.02950787916779518,
    0.01674712635576725,
    -0.035035256296396255,
    -0.07295498251914978,
    -0.015461564064025879,
    0.057531438767910004,
    0.05660947412252426,
    -0.034153811633586884,
    0.07669910043478012,
    0.04268135502934456,
    -0.03522150591015816,
    -0.022197622805833817,
    -0.07241456210613251,
    -0.01689831167459488,
    -0.07290489971637726,
    -0.044839031994342804,
    -0.14398296177387238,
    -0.08496306091547012,
    -0.08162692934274673,
    0.11744653433561325,
    -0.045104045420885086,
    -0.035510700196027756,
    -0.09521754086017609,
    -0.07207047194242477,
    0.04769139736890793,
    0.03879527002573013,
    -0.017292030155658722,
    -0.03169640153646469,
    0.03908823803067207,
    -0.006439896300435066,
    0.013769225217401981,
    0.04074687138199806,
    -0.05506572127342224,
    0.025105644017457962,
    0.06892307102680206,
    -0.05463898554444313,
    -0.034921638667583466,
    -0.004782264586538076,
    0.0004446354869287461,
    -0.07405271381139755,
    -6.816470943249442e-08,
    0.03280232101678848,
    0.06040196493268013,
    0.0333152636885643,
    -0.029874900355935097,
    -0.055029913783073425,
    -0.04659716784954071,
    -0.06482643634080887,
    0.010435479693114758,
    -0.04438910633325577,
    -0.06680389493703842,
    0.06919368356466293,
    0.07401243597269058,
    -0.043241314589977264,
    -0.084976427257061,
    0.08593323081731796,
    -0.036589886993169785,
    -0.08986028283834457,
    -0.044235482811927795,
    -0.04670808091759682,
    0.028383048251271248,
    -0.04913143068552017,
    -0.050421085208654404,
    -0.06524158269166946,
    0.03252396360039711,
    0.007758872117847204,
    0.07017097622156143,
    0.01900271512567997,
    0.04971763491630554,
    0.07492069900035858,
    0.052432820200920105,
    -0.02749239094555378,
    -0.015872756019234657,
    0.026121098548173904,
    -0.019951753318309784,
    -0.05751500651240349,
    -0.03749154880642891,
    0.08760395646095276,
    -0.014508428983390331,
    0.02579348348081112,
    -0.005725572817027569,
    0.011040656827390194,
    -0.0007471932331100106,
    0.010155458934605122,
    0.07269806414842606,
    -0.01878943480551243,
    -0.014189417473971844,
    -0.0349816270172596,
    -0.01053665578365326,
    0.030349818989634514,
    -0.1123441755771637,
    -0.02296934649348259,
    -0.05827231705188751,
    0.0798184871673584,
    -0.003629370592534542,
    -0.07000330090522766,
    0.14027293026447296,
    0.014672314748167992,
    0.01436291728168726,
    0.008489440195262432,
    0.013071095570921898,
    0.13424186408519745,
    0.0420197919011116,
    0.05350678414106369,
    -0.02154601737856865
]