[
    -0.02370530739426613,
    0.06348779797554016,
    -0.04505886510014534,
    -0.04802440479397774,
    -0.018000060692429543,
    0.023624807596206665,
    0.0005742431967519224,
    -0.0720943734049797,
    0.013567302376031876,
    0.06609398126602173,
    0.03044017218053341,
    -0.0084706274792552,
    -0.00016686110757291317,
    -0.070649653673172,
    0.04094693064689636,
    -0.020264891907572746,
    0.022609656676650047,
    0.019850051030516624,
    -0.06788549572229385,
    0.0596206858754158,
    0.0013658524258062243,
    0.025743814185261726,
    -0.03377541899681091,
    -0.018614815548062325,
    -0.15232454240322113,
    -0.015183884650468826,
    0.015322558581829071,
    -0.028300439938902855,
    0.05172864720225334,
    -0.04673340544104576,
    0.006418450735509396,
    0.027428990229964256,
    0.003863673657178879,
    0.13562437891960144,
    -0.014216826297342777,
    -0.031018655747175217,
    0.006011130753904581,
    0.01253401767462492,
    -0.03740616887807846,
    0.03240112215280533,
    -0.021387286484241486,
    -0.03148037940263748,
    -0.0393434576690197,
    -0.0333651602268219,
    0.013412177562713623,
    0.01569417677819729,
    -0.07969353348016739,
    -0.04280991852283478,
    -0.025870583951473236,
    0.015270249918103218,
    -0.11782506108283997,
    -0.05250082165002823,
    -0.040382858365774155,
    0.0680626928806305,
    -0.06545274704694748,
    -0.03317596763372421,
    0.013575329445302486,
    -0.024923233315348625,
    -0.017830906435847282,
    -0.00032452098093926907,
    0.04358363896608353,
    0.014230477623641491,
    -0.030005842447280884,
    0.08069158345460892,
    -0.05059210956096649,
    0.06747384369373322,
    -0.015387415885925293,
    -0.03140201047062874,
    0.05794794484972954,
    -0.016614794731140137,
    -0.06143781915307045,
    -0.021058648824691772,
    0.003396708285436034,
    0.01581270433962345,
    -0.02587224170565605,
    0.012964614666998386,
    -0.0760522112250328,
    0.036415793001651764,
    0.04919377714395523,
    -0.1212056502699852,
    -0.014564222656190395,
    -0.005262359045445919,
    -0.007867401465773582,
    0.06641600281000137,
    -0.04861646890640259,
    -0.005512923002243042,
    -0.02690846286714077,
    -0.0526820570230484,
    -0.04112990200519562,
    -0.03159676119685173,
    0.07853160798549652,
    -0.09447035193443298,
    0.08937766402959824,
    -0.054390955716371536,
    0.10694697499275208,
    -0.020283479243516922,
    0.02443026192486286,
    -0.03757937625050545,
    0.061216939240694046,
    -0.05448543652892113,
    0.011764134280383587,
    0.04713768512010574,
    -0.06327368319034576,
    -0.039259910583496094,
    -0.03955885022878647,
    -0.06337258964776993,
    0.020839834585785866,
    -0.0342014916241169,
    -0.010517153888940811,
    0.03769121319055557,
    0.029360489919781685,
    0.03664584457874298,
    -0.06022458150982857,
    -0.11611279845237732,
    0.08621128648519516,
    -0.04022205248475075,
    0.006405366584658623,
    0.0727582573890686,
    -0.00280978181399405,
    0.003437172854319215,
    -0.023145603016018867,
    0.03669918328523636,
    -0.04972139745950699,
    -0.11062093079090118,
    0.029035376384854317,
    -0.03806929662823677,
    -0.05726657807826996,
    1.5309958747320072e-32,
    -0.04912251606583595,
    0.00849109049886465,
    -0.0990045890212059,
    -0.0020230268128216267,
    -0.0022035937290638685,
    0.02963961847126484,
    0.03254522755742073,
    0.02475612796843052,
    -0.006341653876006603,
    0.09897323697805405,
    -0.039430130273103714,
    0.07371808588504791,
    -0.016463028267025948,
    -0.06788120418787003,
    -0.015149284154176712,
    0.08220212161540985,
    -0.057566940784454346,
    0.08453500270843506,
    -0.031256452202796936,
    0.04639241099357605,
    0.009052913635969162,
    -0.0725567489862442,
    0.0395498126745224,
    0.017794545739889145,
    -0.03355155140161514,
    0.030240105465054512,
    0.028465230017900467,
    -0.025659173727035522,
    0.008899947628378868,
    0.013241029344499111,
    0.009524121880531311,
    0.036814816296100616,
    0.055783841758966446,
    0.01792544312775135,
    0.0769854262471199,
    0.10938289016485214,
    0.02452583611011505,
    -0.02907613478600979,
    0.0365806482732296,
    -0.018221380189061165,
    -0.06810463219881058,
    -0.007824431173503399,
    0.02988007850944996,
    -0.03306872397661209,
    0.01567688025534153,
    0.007364907301962376,
    6.650512659689412e-05,
    -0.038240768015384674,
    0.06736895442008972,
    0.0383845716714859,
    -0.005690965801477432,
    -0.014034177176654339,
    0.03631100431084633,
    -0.029512178152799606,
    0.0070569259114563465,
    0.008414695039391518,
    -0.04343048855662346,
    0.0004838560416828841,
    -0.037076957523822784,
    0.09898872673511505,
    0.020109685137867928,
    0.06946913152933121,
    -0.026276130229234695,
    0.025724008679389954,
    -0.03558259457349777,
    -0.06088952720165253,
    -0.0028469557873904705,
    -0.027737954631447792,
    0.047410596162080765,
    -0.040351502597332,
    -0.033174559473991394,
    0.04203071445226669,
    0.020046528428792953,
    0.03689628839492798,
    -0.01614571362733841,
    -0.010482330806553364,
    -0.006840830203145742,
    0.016484197229146957,
    0.02894144505262375,
    -0.020042769610881805,
    -0.04250332713127136,
    -0.046302635222673416,
    0.07493734359741211,
    0.03092005103826523,
    -0.08331045508384705,
    -0.014401196502149105,
    0.011343125253915787,
    0.016817938536405563,
    -0.03340531140565872,
    -0.01795255020260811,
    -0.005725578870624304,
    0.015160220675170422,
    -0.04259701818227768,
    0.0985589250922203,
    0.03349141404032707,
    -1.6929531353996003e-32,
    0.03751753643155098,
    -0.08116931468248367,
    -0.07093825936317444,
    0.007548702415078878,
    0.057962823659181595,
    -0.01483064703643322,
    -0.014584528282284737,
    -0.06955375522375107,
    0.040317099541425705,
    0.018227800726890564,
    -0.029866045340895653,
    -0.06428040564060211,
    -0.010203884914517403,
    -0.050958242267370224,
    -0.036090075969696045,
    -0.0736420527100563,
    -0.048379965126514435,
    -0.05363696441054344,
    -0.008270381018519402,
    0.0834336131811142,
    0.02826964110136032,
    -0.00522168492898345,
    0.026555268093943596,
    0.06488829851150513,
    0.00608484074473381,
    0.0489029735326767,
    0.032497648149728775,
    -0.04495304450392723,
    0.09656671434640884,
    0.008352670818567276,
    -0.017427517101168633,
    -0.006152068264782429,
    -0.031070025637745857,
    0.07869534939527512,
    -0.08448925614356995,
    -0.13408614695072174,
    0.13953188061714172,
    -0.07604221999645233,
    -0.009206420741975307,
    -0.043490372598171234,
    0.06869004666805267,
    0.060466211289167404,
    -0.027537794783711433,
    -0.005071915220469236,
    0.026999082416296005,
    -0.05319054797291756,
    0.05571281909942627,
    0.049017284065485,
    0.040374089032411575,
    -0.045407429337501526,
    0.04671610891819,
    -0.061358340084552765,
    0.026630030944943428,
    0.03726429492235184,
    -0.044376976788043976,
    0.0677090734243393,
    0.02975388430058956,
    -0.07375945150852203,
    -0.10485656559467316,
    0.056734152138233185,
    0.09284830093383789,
    0.058168474584817886,
    -0.033846136182546616,
    0.05704087018966675,
    0.048822492361068726,
    0.034200724214315414,
    0.027143273502588272,
    -0.031211480498313904,
    -0.015399737283587456,
    -0.0785616934299469,
    -0.10581762343645096,
    -0.10580333322286606,
    -0.08632569760084152,
    -0.11112681776285172,
    0.07244394719600677,
    -0.032138627022504807,
    -0.07548751682043076,
    -0.12491167336702347,
    -0.07738374918699265,
    0.057875461876392365,
    0.0647936761379242,
    -0.03750358149409294,
    -0.06655395030975342,
    0.09916108101606369,
    0.022702159360051155,
    0.011191931553184986,
    0.05203563719987869,
    -0.00823929626494646,
    -0.044663868844509125,
    0.0423244908452034,
    -0.08003253489732742,
    -0.07160278409719467,
    -0.08940981328487396,
    -0.007170392666012049,
    -0.005376124754548073,
    -4.9153346282082566e-08,
    -0.043747201561927795,
    0.02603226527571678,
    0.035590894520282745,
    -0.028347201645374298,
    -0.013995198532938957,
    -0.07686453312635422,
    -0.10586781799793243,
    0.041086673736572266,
    -0.04208921268582344,
    -0.04463164880871773,
    0.037911735475063324,
    0.04717373475432396,
    -0.037831295281648636,
    0.03967062383890152,
    0.0355645976960659,
    -0.07438848912715912,
    -0.043420400470495224,
    0.010390222072601318,
    -0.042126961052417755,
    0.06087378412485123,
    -0.016713300719857216,
    -0.044106561690568924,
    -0.017878564074635506,
    -0.020671239122748375,
    0.06014494597911835,
    0.01983489654958248,
    0.0034475175198167562,
    0.09017134457826614,
    0.07483254373073578,
    0.017606547102332115,
    -0.02799127623438835,
    0.008680258877575397,
    0.023800205439329147,
    -0.0550767220556736,
    -0.07086536288261414,
    -0.058215852826833725,
    0.0487109012901783,
    0.023508775979280472,
    0.07465605437755585,
    -0.05391186475753784,
    -0.02743188478052616,
    0.01046155858784914,
    0.03564327955245972,
    0.0875898152589798,
    -0.04020148515701294,
    -0.044413067400455475,
    -0.07884137332439423,
    0.08314736932516098,
    0.008561533875763416,
    -0.06208633631467819,
    -0.034797120839357376,
    -0.00899494718760252,
    0.009250490926206112,
    0.04038803279399872,
    -0.01714787445962429,
    0.057496603578329086,
    0.05299565941095352,
    0.013113647699356079,
    -0.03795411437749863,
    -0.0003040768497157842,
    0.142617866396904,
    0.03392978012561798,
    0.061342399567365646,
    -0.02973305806517601
]