[
    -0.022460414096713066,
    0.026211747899651527,
    -0.02529500052332878,
    -0.07362563163042068,
    -0.04236546903848648,
    0.07466516643762589,
    0.009952675551176071,
    -0.03408731520175934,
    -0.0007158716907724738,
    0.025897538289427757,
    0.052707891911268234,
    -0.11255796253681183,
    0.0008590548532083631,
    -0.0073312921449542046,
    0.05037228763103485,
    -0.04088984802365303,
    0.06055273115634918,
    0.03824377432465553,
    -0.12988094985485077,
    0.03523467481136322,
    0.11001157015562057,
    0.0237517599016428,
    -0.0902257189154625,
    0.0523446761071682,
    -0.100336454808712,
    -0.06063435599207878,
    -0.04004466161131859,
    -0.04998138174414635,
    0.04969670623540878,
    -0.023557385429739952,
    -0.022489991039037704,
    0.024335909634828568,
    0.015872009098529816,
    0.02972770296037197,
    0.04453631862998009,
    -0.0066432771272957325,
    0.024830950424075127,
    -0.029210634529590607,
    -0.006453691516071558,
    -0.0035862482618540525,
    -0.03164433687925339,
    -0.05121726915240288,
    -0.03857264667749405,
    -0.052722007036209106,
    0.039320386946201324,
    -0.02466297149658203,
    -0.008289861492812634,
    -0.06118028610944748,
    -0.07720772176980972,
    0.006972235627472401,
    -0.043976809829473495,
    -0.012233738787472248,
    0.01498402189463377,
    0.06962105631828308,
    -0.018276138231158257,
    -0.08531089127063751,
    0.019917620345950127,
    0.017415784299373627,
    -0.023183364421129227,
    -0.02625572308897972,
    0.025982225313782692,
    -0.015317751094698906,
    -0.02206551283597946,
    0.02104388177394867,
    -0.04150748997926712,
    0.017633626237511635,
    -0.046894706785678864,
    -0.05501497909426689,
    0.033304162323474884,
    0.04862093925476074,
    -0.0791236087679863,
    -0.08249415457248688,
    -0.03462795540690422,
    -0.011313000693917274,
    0.010356379672884941,
    0.04644954577088356,
    -0.06459056586027145,
    0.07717340439558029,
    0.09724095463752747,
    -0.157607764005661,
    -0.013859495520591736,
    -0.01274237409234047,
    0.045287299901247025,
    0.023786121979355812,
    -0.022387545555830002,
    -0.03549832105636597,
    -0.058532338589429855,
    -0.032767508178949356,
    0.024697721004486084,
    -0.026676757261157036,
    0.09283380955457687,
    0.012864155694842339,
    0.16937127709388733,
    -0.03523482382297516,
    0.01212402991950512,
    -0.04069667309522629,
    -0.021244967356324196,
    -0.09077786654233932,
    0.03890812769532204,
    -0.02326074056327343,
    0.03473016992211342,
    0.025706201791763306,
    -0.07796250283718109,
    0.018534407019615173,
    0.07558701187372208,
    -0.053909264504909515,
    -0.007605865132063627,
    -0.010775620117783546,
    -0.014632398262619972,
    0.011216908693313599,
    0.008186840452253819,
    0.08731099218130112,
    0.017217686399817467,
    -0.12432463467121124,
    0.03540724888443947,
    0.03266657143831253,
    -0.05740560591220856,
    0.04243743419647217,
    0.050100624561309814,
    0.004720611963421106,
    -0.06362487375736237,
    -0.002514093881472945,
    -0.1089683547616005,
    -0.09281550347805023,
    0.033721230924129486,
    0.00968873780220747,
    -0.05476470664143562,
    2.110216014122286e-32,
    0.00777046475559473,
    -0.018820175901055336,
    -0.0682421326637268,
    -0.04420866817235947,
    -0.011090738698840141,
    -0.008500357158482075,
    -0.007249063812196255,
    0.03210649639368057,
    -0.05607535317540169,
    0.05492916330695152,
    0.004413145128637552,
    0.016350632533431053,
    -0.026179702952504158,
    0.007850619032979012,
    0.01455901749432087,
    0.004738583695143461,
    -0.0004210054175928235,
    0.059770483523607254,
    0.04678942263126373,
    0.07616891711950302,
    0.015868451446294785,
    -0.1048649325966835,
    0.011889182031154633,
    -0.01076162327080965,
    -0.010206334292888641,
    0.0009995566215366125,
    -0.0406281054019928,
    -0.030011892318725586,
    0.019424330443143845,
    -0.0026304968632757664,
    0.04832553490996361,
    0.0819491446018219,
    0.13732285797595978,
    -0.03679194673895836,
    0.01484424527734518,
    0.07904305309057236,
    0.024970848113298416,
    -0.007025721482932568,
    0.026851346716284752,
    -0.042806558310985565,
    -0.0826529785990715,
    0.023771150037646294,
    0.037313561886548996,
    0.043952178210020065,
    0.030934756621718407,
    0.023483427241444588,
    0.038544829934835434,
    -0.04182035103440285,
    0.020993458107113838,
    0.02417817898094654,
    -0.02913208305835724,
    0.040911268442869186,
    0.04184645786881447,
    0.018796447664499283,
    -0.026234345510601997,
    -0.05675004422664642,
    -0.01575666479766369,
    0.0344887338578701,
    -0.04638855531811714,
    0.04433027654886246,
    0.0029544031713157892,
    -0.011406228877604008,
    -0.019405100494623184,
    0.027501005679368973,
    0.003495075274258852,
    -0.006826247088611126,
    -0.01282324269413948,
    -0.01224495004862547,
    0.008334805257618427,
    -0.01803978718817234,
    -0.022013971582055092,
    0.08589016646146774,
    7.020016346359625e-05,
    0.016136880964040756,
    -0.030395062640309334,
    -0.07245460152626038,
    0.05358397215604782,
    -0.0006273661856539547,
    0.014926115982234478,
    -0.05697214975953102,
    -0.09176071733236313,
    -0.002554678125306964,
    0.108745276927948,
    0.004369289148598909,
    0.0013277828693389893,
    -0.012595368549227715,
    0.06272640824317932,
    0.033647678792476654,
    -0.020340124145150185,
    -0.07192988693714142,
    -0.0009425377938896418,
    -0.005410682875663042,
    0.007565806619822979,
    0.09064935892820358,
    0.045141130685806274,
    -2.0906942855645926e-32,
    0.007932210341095924,
    0.014866937883198261,
    -0.06203338876366615,
    0.016850054264068604,
    0.03757992386817932,
    0.031001407653093338,
    -0.05219429358839989,
    -0.05350103974342346,
    0.05532953888177872,
    -0.007601512596011162,
    -0.014382478781044483,
    -0.079778291285038,
    0.014364226721227169,
    -0.0006495757261291146,
    -0.02324625290930271,
    -0.12163583934307098,
    -0.06369082629680634,
    -0.03991762176156044,
    -0.0055572520941495895,
    0.06832940876483917,
    0.02284415252506733,
    -0.0329437218606472,
    -0.04019846394658089,
    0.06905769556760788,
    -0.053816549479961395,
    0.015445499680936337,
    -0.06637763231992722,
    -0.07080482691526413,
    0.009868674911558628,
    -0.004322641994804144,
    -0.01294077467173338,
    -0.012268943712115288,
    -0.07439523935317993,
    0.04873627796769142,
    -0.0878220647573471,
    -0.20061753690242767,
    0.08227302879095078,
    -0.07077664881944656,
    -0.016441911458969116,
    -0.05716110020875931,
    0.04895039647817612,
    0.04668186977505684,
    -0.027659382671117783,
    0.023463718593120575,
    0.0033858101814985275,
    -0.05655917897820473,
    -0.00017671825480647385,
    -0.07177045941352844,
    0.04349323734641075,
    -0.04583479464054108,
    0.003987271338701248,
    -0.11729379743337631,
    0.049152251332998276,
    0.0805484727025032,
    -0.018473343923687935,
    0.09037473052740097,
    0.08072786778211594,
    -0.03406454995274544,
    -0.021031953394412994,
    0.01818658411502838,
    0.023208828642964363,
    0.07975824922323227,
    -0.06682652235031128,
    0.07328905165195465,
    0.06620801985263824,
    0.024780485779047012,
    -0.042044758796691895,
    -0.09031534940004349,
    0.04428565874695778,
    -0.03428512066602707,
    -0.01746167056262493,
    -0.05151047930121422,
    -0.0250689759850502,
    -0.010701869614422321,
    -0.004225312266498804,
    -0.02462610974907875,
    0.024613158777356148,
    -0.0677684098482132,
    -0.05451447144150734,
    0.003100721864029765,
    0.08613557368516922,
    0.02797970175743103,
    0.023601217195391655,
    0.05215797945857048,
    -0.05331352725625038,
    0.05501227825880051,
    0.03618525341153145,
    -0.0651569589972496,
    0.02518829144537449,
    0.07726981490850449,
    -0.06829166412353516,
    -0.05686607211828232,
    -0.019880158826708794,
    -0.007268120069056749,
    -0.04469018429517746,
    -5.89364717029639e-08,
    -0.04696584492921829,
    0.05548335239291191,
    -0.07259420305490494,
    -0.015234025195240974,
    0.006506253033876419,
    0.007446701172739267,
    -0.019650965929031372,
    -0.03172202408313751,
    -0.035656727850437164,
    -0.04821966961026192,
    0.03245213255286217,
    0.03424961492419243,
    -0.029670022428035736,
    -0.013485186733305454,
    0.004071756266057491,
    -0.013946827501058578,
    -0.03618974611163139,
    0.013061384670436382,
    -0.03480742126703262,
    0.12262250483036041,
    -0.09574517607688904,
    -0.00034182873787358403,
    -0.05435844883322716,
    -0.018452070653438568,
    0.0688658058643341,
    -0.01507161371409893,
    0.022391242906451225,
    0.17692701518535614,
    0.1166813001036644,
    0.06638401001691818,
    -0.009250633418560028,
    -0.008385878056287766,
    0.05809858813881874,
    -0.029608990997076035,
    -0.05902183800935745,
    -0.009328202344477177,
    -0.05518833547830582,
    0.010271877981722355,
    0.011187653988599777,
    -0.013575222343206406,
    0.015323737636208534,
    -0.018352407962083817,
    0.04770011082291603,
    0.05588594079017639,
    0.06653381884098053,
    -0.05491698160767555,
    -0.11004143953323364,
    0.020420823246240616,
    0.05096999183297157,
    -0.05688023567199707,
    -0.020789943635463715,
    -0.03290558606386185,
    0.07076141983270645,
    0.01503511518239975,
    -0.017910104244947433,
    0.004250216763466597,
    0.01757672242820263,
    0.023839956149458885,
    -0.03460587188601494,
    0.003990901634097099,
    0.12850050628185272,
    -0.006324286572635174,
    0.03728482872247696,
    -0.05777265131473541
]