[
    -0.02399810031056404,
    0.029723618179559708,
    -0.05291106924414635,
    -0.07737109065055847,
    -0.06006468087434769,
    0.11399856209754944,
    -0.0008020753739401698,
    -0.02668170817196369,
    0.0035475040785968304,
    0.01958330348134041,
    0.02704492397606373,
    -0.10069723427295685,
    -0.00980162899941206,
    -0.023307710886001587,
    0.0593414381146431,
    -0.016618214547634125,
    0.08512207865715027,
    0.08446825295686722,
    -0.08797673135995865,
    0.022018607705831528,
    0.04661509022116661,
    0.007625938858836889,
    -0.0831410214304924,
    0.039181601256132126,
    -0.12605781853199005,
    -0.08124200999736786,
    -0.025713441893458366,
    -0.018107187002897263,
    0.08360415697097778,
    -0.10383404046297073,
    -0.014794791117310524,
    0.06338493525981903,
    0.04345839098095894,
    0.03856752812862396,
    0.012671398930251598,
    -0.025912219658493996,
    0.011084899306297302,
    -0.048620909452438354,
    0.01475744228810072,
    -0.01439475268125534,
    -0.025516942143440247,
    -0.03580887243151665,
    -0.07460440695285797,
    -0.05596068874001503,
    0.02127097360789776,
    0.005528315436094999,
    0.03132712468504906,
    -0.03963002562522888,
    -0.07346038520336151,
    -0.02161368355154991,
    -0.06844104826450348,
    -0.029117928817868233,
    -0.026222815737128258,
    0.03990568220615387,
    -0.04587800055742264,
    -0.07186175137758255,
    0.012680557556450367,
    0.04270857200026512,
    -0.008128366433084011,
    -0.039414361119270325,
    0.030346253886818886,
    -0.030389631167054176,
    -0.036800775676965714,
    0.05897897481918335,
    -0.017734169960021973,
    0.0648512914776802,
    -0.0730341449379921,
    -0.03031283989548683,
    0.03329863399267197,
    0.009829447604715824,
    -0.0569569431245327,
    -0.030994905158877373,
    -0.012570315971970558,
    -0.005776719655841589,
    -0.04792408272624016,
    0.010275292210280895,
    -0.042912211269140244,
    0.047377314418554306,
    0.06578334420919418,
    -0.08715387433767319,
    -0.019772296771407127,
    -0.03134920448064804,
    -0.003172900527715683,
    0.057347867637872696,
    -0.027571341022849083,
    -0.06284390389919281,
    -0.047219302505254745,
    -0.014729613438248634,
    0.03882652521133423,
    0.0022314826492220163,
    0.11419473588466644,
    -0.004296486731618643,
    0.1115301102399826,
    -0.06862270832061768,
    0.000618266814853996,
    -0.008294850587844849,
    -0.0021431916393339634,
    -0.05505386367440224,
    0.05307085067033768,
    -0.01830320619046688,
    0.06658677756786346,
    0.0582687184214592,
    -0.0846949964761734,
    -0.03600249066948891,
    0.035666387528181076,
    -0.0399608239531517,
    -0.01568981073796749,
    -0.016575053334236145,
    0.013547523878514767,
    0.005473392549902201,
    0.017923757433891296,
    0.03144944831728935,
    -0.025977723300457,
    -0.05491948127746582,
    0.05719045549631119,
    0.024717066437005997,
    -0.02165677584707737,
    0.07030487805604935,
    0.040644943714141846,
    -0.03184240311384201,
    -0.03708263114094734,
    0.0322549007833004,
    -0.09380088746547699,
    -0.11486181616783142,
    0.012421559542417526,
    0.021841280162334442,
    -0.048133328557014465,
    2.063690976274297e-32,
    -0.035110730677843094,
    -0.013753176666796207,
    -0.11410827934741974,
    -0.022843891754746437,
    -0.001444862107746303,
    -0.035243261605501175,
    -0.028519734740257263,
    0.03307657688856125,
    -0.09840353578329086,
    0.09042146056890488,
    0.03189259022474289,
    -0.0027363700792193413,
    -0.014606403186917305,
    -0.009557634592056274,
    -0.035404354333877563,
    0.02334633655846119,
    -0.07670740783214569,
    0.007651784457266331,
    0.004197620786726475,
    0.05466100946068764,
    0.009267195127904415,
    -0.05173344910144806,
    0.015634726732969284,
    -0.010186576284468174,
    -0.022775135934352875,
    -0.04629848152399063,
    0.01538604311645031,
    -0.04430796205997467,
    0.0038872521836310625,
    -0.007060476578772068,
    0.062117479741573334,
    0.06124521791934967,
    0.12710140645503998,
    -0.0050526331178843975,
    0.03731168434023857,
    0.08504677563905716,
    0.03720686957240105,
    -0.0012332972837612033,
    0.043253324925899506,
    -0.054266832768917084,
    -0.09570526331663132,
    0.026093898341059685,
    0.03614838793873787,
    0.01807183027267456,
    0.03890508413314819,
    -0.01678606867790222,
    -0.004465891048312187,
    -0.05633336678147316,
    0.06529754400253296,
    0.05392035096883774,
    -0.005899990908801556,
    0.025880729779601097,
    0.08830935508012772,
    0.0026163693983107805,
    -0.021665329113602638,
    -0.05900971591472626,
    -0.03667889162898064,
    0.045857012271881104,
    -0.08236048370599747,
    0.052614107728004456,
    -0.005457013845443726,
    -0.002294446574524045,
    -0.05300041288137436,
    0.05012880638241768,
    0.0028061699122190475,
    0.007062272634357214,
    -0.023011187091469765,
    -0.010169217362999916,
    0.0154285728931427,
    -0.05318845063447952,
    -0.03169574961066246,
    0.0647224709391594,
    0.011225796304643154,
    0.008038577623665333,
    -0.04668695107102394,
    -0.0590345524251461,
    -0.008655841462314129,
    -0.001327328267507255,
    0.03235888481140137,
    -0.04834940284490585,
    -0.07849086076021194,
    -0.004448023624718189,
    0.06426694244146347,
    0.01707911491394043,
    0.02942781150341034,
    -0.037563860416412354,
    0.06160697340965271,
    0.015884242951869965,
    0.02305799536406994,
    -0.05659833550453186,
    0.050773125141859055,
    0.007288512773811817,
    -0.013105498626828194,
    0.10454270243644714,
    0.05428240820765495,
    -1.964584753682882e-32,
    0.005976727232336998,
    -0.011897032149136066,
    -0.06884843856096268,
    0.05978970229625702,
    0.05414322018623352,
    0.061090562492609024,
    -0.049158476293087006,
    -0.10031972080469131,
    0.09173676371574402,
    0.018000755459070206,
    -0.03568604588508606,
    -0.06989140808582306,
    0.02485552802681923,
    0.04412607476115227,
    -0.027191830798983574,
    -0.1340835839509964,
    -0.03289852291345596,
    0.032452065497636795,
    0.0028942048083990812,
    0.055185288190841675,
    0.07258093357086182,
    0.01015476044267416,
    -0.011582206934690475,
    0.0497446209192276,
    -0.047649018466472626,
    0.017206283286213875,
    -0.06189916282892227,
    -0.1154826357960701,
    0.040069419890642166,
    0.031287211924791336,
    -0.009062270633876324,
    -0.015432046726346016,
    -0.06617074459791183,
    0.03149072825908661,
    -0.07131442427635193,
    -0.161225363612175,
    0.11798782646656036,
    -0.04766043648123741,
    -0.03403033688664436,
    -0.03534969687461853,
    0.026953617110848427,
    0.0857367068529129,
    -0.008731208741664886,
    -0.011773510836064816,
    0.015547397546470165,
    -0.042929839342832565,
    0.027844225987792015,
    -0.10251093655824661,
    0.017972802743315697,
    -0.03959154710173607,
    0.009603279642760754,
    -0.09963124245405197,
    0.043462805449962616,
    0.0548924095928669,
    -0.006331884302198887,
    0.06127944961190224,
    0.06830417364835739,
    -0.06553502380847931,
    -0.003480359213426709,
    0.04439842700958252,
    0.05108536779880524,
    0.08275234699249268,
    -0.042483337223529816,
    0.04294212535023689,
    0.09618178009986877,
    0.01507379487156868,
    -0.04699325934052467,
    -0.04101772978901863,
    0.003348118392750621,
    -0.03943106159567833,
    -0.05061345547437668,
    -0.05190136656165123,
    -0.03724605590105057,
    -0.05563114583492279,
    0.04863720387220383,
    0.006982753984630108,
    -0.01361656840890646,
    -0.03159544616937637,
    -0.057185299694538116,
    0.027240712195634842,
    0.0987720713019371,
    0.028245821595191956,
    -0.0010315774707123637,
    0.055784501135349274,
    -0.04317186772823334,
    0.06931497901678085,
    0.010258369147777557,
    -0.05379022657871246,
    0.05095633491873741,
    0.08131326735019684,
    -0.07214722782373428,
    -0.008816939778625965,
    0.03587455302476883,
    0.014623578637838364,
    -0.03414040803909302,
    -5.654628054685418e-08,
    -0.05874757468700409,
    0.014241735450923443,
    -0.05522501468658447,
    0.00035917258355766535,
    -0.03203589841723442,
    0.030275903642177582,
    -0.025236982852220535,
    -0.030536124482750893,
    -0.09593847393989563,
    -0.06838423758745193,
    0.019170381128787994,
    -0.022807395085692406,
    -0.027861127629876137,
    0.02136870287358761,
    0.002298833802342415,
    -0.023465596139431,
    -0.013824982568621635,
    0.035877425223588943,
    -0.058641139417886734,
    0.10148745030164719,
    -0.008972509764134884,
    0.004171164706349373,
    -0.04665059968829155,
    -0.01606837660074234,
    0.03619736433029175,
    -0.007334173657000065,
    0.012901590205729008,
    0.1494610607624054,
    0.08758367598056793,
    0.031251631677150726,
    -0.022537870332598686,
    0.005894659087061882,
    0.03613569959998131,
    -0.08434685319662094,
    -0.08829739689826965,
    -0.03307707607746124,
    -0.02815757319331169,
    0.035846490412950516,
    0.07228987663984299,
    0.02182290330529213,
    -0.04356609284877777,
    0.015457824803888798,
    0.032625291496515274,
    0.05455397069454193,
    0.07546135783195496,
    -0.04171182960271835,
    -0.12070541828870773,
    0.009361670352518559,
    0.0025406309869140387,
    -0.06914398074150085,
    -0.0025473244022578,
    -0.09082869440317154,
    0.054127808660268784,
    -0.0055497013963758945,
    0.0072304666973650455,
    0.033238496631383896,
    0.04451536014676094,
    0.04454917088150978,
    -0.04519227519631386,
    -0.0420505553483963,
    0.12232302874326706,
    0.06511837989091873,
    0.05216164514422417,
    -0.028374258428812027
]