[
    -0.016737336292862892,
    0.010268636047840118,
    -0.023515615612268448,
    -0.06774023920297623,
    0.02494080364704132,
    0.07977154850959778,
    -0.01570812612771988,
    -0.05264976993203163,
    -0.04388757795095444,
    -0.018328605219721794,
    -0.008610481396317482,
    -0.028012294322252274,
    -0.021135468035936356,
    -0.054508328437805176,
    0.12824846804141998,
    -0.05844321474432945,
    0.07438594102859497,
    0.03753786161541939,
    -0.07758396863937378,
    -0.011643108911812305,
    0.04961618408560753,
    0.007061957381665707,
    -0.045961130410432816,
    -0.008237410336732864,
    -0.05964505672454834,
    -0.03183033689856529,
    0.020549345761537552,
    -0.01316517312079668,
    0.0029813763685524464,
    -0.027989717200398445,
    0.031651005148887634,
    -0.04809008911252022,
    0.03279528766870499,
    0.05086405947804451,
    0.006816998589783907,
    -0.02585899457335472,
    -0.025417596101760864,
    0.033160194754600525,
    -0.08009199798107147,
    0.013601318001747131,
    -0.045841168612241745,
    -0.025185229256749153,
    -0.037207432091236115,
    0.006580091547220945,
    0.04626152664422989,
    0.01405108068138361,
    -0.07727938145399094,
    -0.03948131203651428,
    -0.02303367294371128,
    0.03477780520915985,
    0.05077066272497177,
    -0.035425808280706406,
    -0.002838133368641138,
    0.10689188539981842,
    -0.03483593463897705,
    -0.04851284623146057,
    -0.005354962777346373,
    -0.03411272168159485,
    -0.11427170783281326,
    0.02840053103864193,
    0.03648341819643974,
    -0.0208874698728323,
    0.00433374522253871,
    0.03384048119187355,
    -0.09194058179855347,
    0.024407437071204185,
    -0.026001976802945137,
    -0.054979730397462845,
    -0.04403671249747276,
    -0.05064484849572182,
    -0.10905388742685318,
    -0.1011483445763588,
    -0.04620862007141113,
    0.032666247338056564,
    0.046331655234098434,
    -0.006135195959359407,
    -0.0054365526884794235,
    0.05675061419606209,
    0.06524375081062317,
    -0.16359728574752808,
    -0.03204357624053955,
    0.006096533499658108,
    8.178332063835114e-05,
    0.11254530400037766,
    -0.09488087147474289,
    -0.02873159758746624,
    -0.05712014436721802,
    0.00030434969812631607,
    -0.030756225809454918,
    -0.0207796823233366,
    0.034577205777168274,
    -0.03410167619585991,
    0.04955359920859337,
    -0.01861782930791378,
    0.08059587329626083,
    -0.011134966276586056,
    -0.013505816459655762,
    -0.03578776866197586,
    0.016865456476807594,
    -0.030173689126968384,
    -0.014160792343318462,
    -0.032892897725105286,
    0.0050619812682271,
    0.03979399800300598,
    -0.07696908712387085,
    -0.06777740269899368,
    0.028076529502868652,
    -0.007047594990581274,
    0.03518985956907272,
    0.026211099699139595,
    0.058038994669914246,
    0.03828248754143715,
    -0.023101743310689926,
    -0.10962220281362534,
    0.00047273209202103317,
    -0.02093280665576458,
    -0.040421418845653534,
    0.03783920407295227,
    0.051719579845666885,
    -0.006241850089281797,
    -0.021482836455106735,
    0.025075353682041168,
    -0.03631303831934929,
    -0.06366542726755142,
    -0.002876133192330599,
    -0.00161975238006562,
    -0.03708065301179886,
    1.9718535699379856e-32,
    0.022360585629940033,
    0.00259792385622859,
    -0.022985627874732018,
    0.011055657640099525,
    0.06391695141792297,
    -0.0053026145324110985,
    0.018837714567780495,
    -0.03126445412635803,
    -0.01673750765621662,
    0.04473899304866791,
    -0.09254135191440582,
    0.01962238736450672,
    -0.01622411608695984,
    0.027321983128786087,
    -0.03262216970324516,
    0.011104474775493145,
    -0.00939452089369297,
    0.0986567884683609,
    -0.042001593858003616,
    0.10916287451982498,
    -0.009383095428347588,
    0.005213551688939333,
    -0.011006375774741173,
    0.01684044487774372,
    -0.008285870775580406,
    0.06525971740484238,
    -0.011923921294510365,
    -0.04458335414528847,
    0.04551312327384949,
    0.022036192938685417,
    0.07071024924516678,
    -0.004225739743560553,
    0.011952770873904228,
    -0.05431314557790756,
    -0.03548363596200943,
    0.08826800435781479,
    0.020889390259981155,
    -0.018080223351716995,
    0.05003625527024269,
    -0.10401010513305664,
    -0.03223622590303421,
    -0.016749152913689613,
    0.12008708715438843,
    -0.002243428025394678,
    0.053251348435878754,
    -0.07608592510223389,
    0.026858698576688766,
    0.016405735164880753,
    0.10722596198320389,
    0.047567110508680344,
    -0.05067925527691841,
    0.015642624348402023,
    0.1000659391283989,
    -0.03416440635919571,
    0.043007295578718185,
    -0.0451928935945034,
    -0.04477042332291603,
    0.08193161338567734,
    -0.015782417729496956,
    0.0654514953494072,
    -0.02991035021841526,
    0.04370834678411484,
    -0.02578090876340866,
    0.0010750917717814445,
    0.013385767117142677,
    0.016398701816797256,
    -0.005241847597062588,
    -0.06750503182411194,
    0.10117890685796738,
    0.0553404837846756,
    -0.030984247103333473,
    0.09823831915855408,
    0.0007693639490753412,
    0.03675469383597374,
    -0.038132019340991974,
    0.006370612420141697,
    -0.0006161227938719094,
    0.005431158002465963,
    0.014454192481935024,
    0.008639773353934288,
    -0.057428181171417236,
    0.02481280267238617,
    0.020899737253785133,
    0.05264556407928467,
    0.021462829783558846,
    0.04264407232403755,
    0.04307505488395691,
    -0.004048521164804697,
    -0.023061346262693405,
    -0.027160601690411568,
    -0.018757468089461327,
    0.0207841694355011,
    0.041715994477272034,
    0.12017632275819778,
    0.018934126943349838,
    -2.0946987540074626e-32,
    0.014215684495866299,
    -0.002252689329907298,
    -0.05252407118678093,
    -0.11021595448255539,
    0.0962880328297615,
    0.009760839864611626,
    -0.0324612557888031,
    -0.09158486127853394,
    0.05518883094191551,
    0.02246779575943947,
    0.0532875657081604,
    -0.0539834201335907,
    -0.026889612898230553,
    -0.020361363887786865,
    -0.054299626499414444,
    -0.03543988615274429,
    -0.10581041127443314,
    -0.07725656777620316,
    -0.015214217826724052,
    0.06949473172426224,
    -0.006751414854079485,
    0.008473659865558147,
    -0.005262476392090321,
    0.15046823024749756,
    0.043787065893411636,
    0.03629792481660843,
    -0.06493090838193893,
    -0.01392323523759842,
    0.05725470930337906,
    -0.05776970833539963,
    -0.0701661929488182,
    -0.07770688086748123,
    -0.029824841767549515,
    0.00121918017975986,
    -0.05504956468939781,
    -0.1605009138584137,
    -0.019392764195799828,
    -0.03709588199853897,
    -0.024338528513908386,
    -0.030286885797977448,
    0.1163989007472992,
    -0.006621628068387508,
    0.023415889590978622,
    0.04391563683748245,
    0.03032202273607254,
    -0.028981680050492287,
    0.03990112990140915,
    -0.04971398785710335,
    -0.03030460886657238,
    0.01578630320727825,
    -0.018574411049485207,
    -0.05585794895887375,
    -0.008027740754187107,
    0.04540512338280678,
    -0.03815310820937157,
    -0.01686401665210724,
    0.03761698305606842,
    -0.03245867043733597,
    -0.05019031837582588,
    -0.030077321454882622,
    0.04071953147649765,
    0.039317380636930466,
    0.0354825034737587,
    0.09389633685350418,
    -0.009094025939702988,
    -0.07190379500389099,
    -0.017693178728222847,
    -0.08487020432949066,
    -0.011185339652001858,
    -0.03529004752635956,
    -0.11762877553701401,
    -0.10932128131389618,
    -0.02409338764846325,
    -0.09273703396320343,
    0.05986722186207771,
    -0.0680246651172638,
    -0.049107614904642105,
    -0.05605987459421158,
    -0.11307898908853531,
    0.024738647043704987,
    0.02695488929748535,
    -0.018785852938890457,
    -0.037664320319890976,
    0.099533811211586,
    -0.024326110258698463,
    0.025945385918021202,
    0.0357842780649662,
    -0.021254293620586395,
    -0.007328218314796686,
    0.062222789973020554,
    -0.08629162609577179,
    -0.014015696942806244,
    -0.00971758458763361,
    0.04950251802802086,
    -0.07483893632888794,
    -5.8776215894340567e-08,
    0.04833916202187538,
    0.09580254554748535,
    0.035037241876125336,
    -0.054197393357753754,
    -0.03421356901526451,
    -0.06821377575397491,
    -0.050744954496622086,
    0.0013424090575426817,
    -0.008172310888767242,
    -0.035882677882909775,
    0.038151998072862625,
    0.05428428202867508,
    -0.01581457443535328,
    -0.05660885572433472,
    0.09550364315509796,
    0.020853158086538315,
    -0.03922771289944649,
    0.007360923569649458,
    -0.018780281767249107,
    0.0007604604470543563,
    -0.06631135195493698,
    -0.017400100827217102,
    -0.06306569278240204,
    -0.01232984010130167,
    0.0007462812354788184,
    0.10036978125572205,
    -0.0659509226679802,
    -0.017768623307347298,
    0.09496673196554184,
    0.05599672719836235,
    0.030115071684122086,
    0.03951992839574814,
    0.017050588503479958,
    -0.03371072933077812,
    -0.04558658227324486,
    -0.04492935910820961,
    0.007384436205029488,
    -0.006282845512032509,
    0.041337236762046814,
    -0.08652439713478088,
    0.027845613658428192,
    0.045191049575805664,
    0.017015384510159492,
    0.06420554220676422,
    0.004346705973148346,
    -0.06732918322086334,
    -0.03750273212790489,
    -0.031475335359573364,
    0.00141814979724586,
    -0.11644934117794037,
    -0.018632689490914345,
    -0.06952815502882004,
    0.08479978144168854,
    -0.02448044903576374,
    -0.06771963834762573,
    0.021877257153391838,
    -0.030671313405036926,
    -0.008998781442642212,
    -0.011507892049849033,
    -0.022463997825980186,
    0.10644137114286423,
    0.031099826097488403,
    0.07371383905410767,
    0.026829401031136513
]