[
    -0.04169652983546257,
    -0.009952009655535221,
    -0.043631814420223236,
    -0.03670940175652504,
    -0.04953822121024132,
    0.06942299008369446,
    -0.02282610721886158,
    -0.0895678848028183,
    0.02836066484451294,
    0.03225070983171463,
    0.021356714889407158,
    0.00526819285005331,
    0.017291981726884842,
    -0.01954703778028488,
    0.10654860734939575,
    0.02347986400127411,
    0.043988361954689026,
    0.05903157591819763,
    -0.10589807480573654,
    0.04410945996642113,
    0.0212970282882452,
    0.06826144456863403,
    -0.08205431699752808,
    -0.03698861971497536,
    -0.13394129276275635,
    -0.034147899597883224,
    0.014508767984807491,
    -0.0731312707066536,
    -0.003486356697976589,
    -0.08757473528385162,
    0.008455353789031506,
    -0.0013886591186746955,
    0.005613950081169605,
    0.10630079358816147,
    0.006128912325948477,
    0.020108629018068314,
    -0.02426821179687977,
    0.03134144842624664,
    0.0124611621722579,
    0.052631575614213943,
    -0.05515020340681076,
    -0.001545730629004538,
    -0.035812437534332275,
    -0.015574684366583824,
    0.03826093673706055,
    -0.004671992734074593,
    -0.04443656653165817,
    -0.049382030963897705,
    -0.014890038408339024,
    0.02150833047926426,
    -0.07930643856525421,
    -0.03403288498520851,
    -0.037219978868961334,
    0.12030844390392303,
    -0.07697690278291702,
    -0.0477643720805645,
    -0.03813968226313591,
    -0.016012759879231453,
    -0.05873647332191467,
    0.0226107407361269,
    -0.020897818729281425,
    0.0006750605534762144,
    0.029331423342227936,
    0.04734671488404274,
    -0.08212941884994507,
    0.03992890939116478,
    -0.06307216733694077,
    -0.026771187782287598,
    -0.049900949001312256,
    -0.016442028805613518,
    -0.08349669724702835,
    -0.04877682402729988,
    -0.03134581446647644,
    0.01180914044380188,
    0.021473869681358337,
    0.015250750817358494,
    -0.03086881898343563,
    0.017875414341688156,
    0.0791688784956932,
    -0.15993496775627136,
    -0.01710418611764908,
    0.03925248607993126,
    -0.03159881755709648,
    0.08303747326135635,
    -0.04905203357338905,
    0.017144545912742615,
    -0.005466658156365156,
    -0.001333224237896502,
    0.011984656564891338,
    -0.012370900250971317,
    0.054654356092214584,
    -0.058572135865688324,
    0.14921236038208008,
    -0.04190199822187424,
    0.07958986610174179,
    -0.02200312912464142,
    -0.02501126378774643,
    -0.0862969309091568,
    0.028350306674838066,
    -0.018907085061073303,
    -0.06168306991457939,
    0.0016562417149543762,
    -0.01167356874793768,
    0.006145110819488764,
    -0.05048074200749397,
    -0.06747489422559738,
    0.041781309992074966,
    -0.019268400967121124,
    -0.003042882774025202,
    0.033659592270851135,
    0.05053315684199333,
    0.06306321918964386,
    -0.06898204237222672,
    -0.12967656552791595,
    0.057582926005125046,
    -0.030614038929343224,
    -0.024955807253718376,
    0.06853757053613663,
    0.011729635298252106,
    -0.048231497406959534,
    -0.03407660499215126,
    -0.014335641637444496,
    -0.02304118312895298,
    -0.04812717065215111,
    -0.0160867590457201,
    0.01747647300362587,
    -0.054678767919540405,
    2.1875107920973994e-32,
    0.009430717676877975,
    -0.013655997812747955,
    -0.02376655675470829,
    -0.005002751015126705,
    0.03862978145480156,
    0.007853931747376919,
    0.023740533739328384,
    -0.02665744721889496,
    -0.007069458719342947,
    0.10030744224786758,
    -0.01807810179889202,
    0.05315904691815376,
    -0.033822376281023026,
    -0.03878866136074066,
    -0.05484211444854736,
    0.02848505973815918,
    0.026454061269760132,
    0.116873599588871,
    -0.040855731815099716,
    0.06752468645572662,
    0.003379413392394781,
    0.004114824812859297,
    0.001294389134272933,
    0.020893631502985954,
    -0.044570792466402054,
    0.01603393442928791,
    -0.013787388801574707,
    -0.04795133322477341,
    0.012070395983755589,
    0.0056725358590483665,
    0.0531933419406414,
    0.0477353036403656,
    0.009827977977693081,
    0.005847811698913574,
    0.019355077296495438,
    0.10938199609518051,
    -0.012227487750351429,
    -0.022164665162563324,
    0.07594513148069382,
    -0.07591832429170609,
    -0.0688479095697403,
    -0.0033708298578858376,
    0.10207392275333405,
    -0.02147838845849037,
    0.013453138992190361,
    -0.05567025765776634,
    0.004008433781564236,
    -0.022135181352496147,
    0.04965255782008171,
    0.04534156620502472,
    0.007404713425785303,
    0.018887698650360107,
    0.0472961850464344,
    -0.03911766782402992,
    0.03517695516347885,
    -0.007678202819079161,
    -0.03291091322898865,
    0.07152284681797028,
    -0.030028071254491806,
    0.06780562549829483,
    -0.03668217360973358,
    0.034547191113233566,
    -0.017546912655234337,
    -0.02332437038421631,
    -0.02540596015751362,
    -0.052285466343164444,
    -0.04997764155268669,
    -0.06817055493593216,
    0.07199489325284958,
    -0.019754840061068535,
    0.008575938642024994,
    0.0885893777012825,
    -0.0199620109051466,
    0.02487460896372795,
    -0.05758797377347946,
    -0.030725503340363503,
    -0.028491362929344177,
    -0.023696862161159515,
    0.06775711476802826,
    0.0005189939984120429,
    -0.08434206992387772,
    -0.026911238208413124,
    0.009555350989103317,
    0.044206682592630386,
    -0.044088900089263916,
    -0.007432688493281603,
    0.0332382470369339,
    -0.0026134501677006483,
    -0.05143270269036293,
    -0.021477194502949715,
    -0.002680345205590129,
    0.05417164787650108,
    0.0031975703313946724,
    0.08612585067749023,
    0.025195667520165443,
    -2.2459803219176815e-32,
    -0.0072774640284478664,
    -0.06122569367289543,
    -0.07612615078687668,
    -0.02815653756260872,
    0.03920852765440941,
    -0.026671908795833588,
    -0.013490025885403156,
    -0.11602971702814102,
    0.008434808813035488,
    0.027082491666078568,
    0.009309524670243263,
    -0.039381153881549835,
    -0.056913021951913834,
    -0.021972229704260826,
    -0.009869595058262348,
    -0.05664399266242981,
    -0.040769871324300766,
    -0.03339257091283798,
    0.0009816997917369008,
    0.0781979188323021,
    -0.034653302282094955,
    -0.0354425311088562,
    0.03608376160264015,
    0.13654828071594238,
    0.07414472848176956,
    0.054236941039562225,
    -0.018651043996214867,
    0.011768420226871967,
    0.11060184240341187,
    -0.01712311990559101,
    -0.022590138018131256,
    -0.019542887806892395,
    -0.03724946826696396,
    -0.002104170387610793,
    -0.08098787814378738,
    -0.19602219760417938,
    0.00945787038654089,
    -0.06120818853378296,
    -0.013654625043272972,
    -0.08971969038248062,
    0.1047462522983551,
    0.001901834737509489,
    -0.0016579272923991084,
    0.011737318709492683,
    0.05791782960295677,
    -0.06510385870933533,
    0.06960679590702057,
    0.006967959459871054,
    -0.01913321390748024,
    0.00999452918767929,
    -0.002623483305796981,
    -0.008762050420045853,
    -0.013618051074445248,
    0.0034279655665159225,
    -0.008384691551327705,
    0.08762068301439285,
    0.04312383756041527,
    -0.05860823765397072,
    -0.006597698200494051,
    -0.05671520531177521,
    0.08197958767414093,
    0.066251739859581,
    -0.01614844612777233,
    0.10461737960577011,
    0.01423699501901865,
    -0.03660498559474945,
    0.006580543238669634,
    -0.052979424595832825,
    -0.019408684223890305,
    -0.0723494216799736,
    -0.043627530336380005,
    -0.07907675206661224,
    -0.05568013712763786,
    -0.13105593621730804,
    0.07350734621286392,
    -0.05886235460639,
    -0.04017568379640579,
    -0.12582950294017792,
    -0.05211728438735008,
    0.0001459749328205362,
    0.045954760164022446,
    -0.0104058301076293,
    -0.050978437066078186,
    0.06732308119535446,
    -0.012188597582280636,
    0.056032754480838776,
    0.08497843891382217,
    -0.0476217120885849,
    0.004771639592945576,
    0.10226429253816605,
    -0.09288731962442398,
    0.0016440199688076973,
    -0.061505112797021866,
    0.017329141497612,
    -0.07783981412649155,
    -6.035942590187915e-08,
    -0.03819969296455383,
    0.08642881363630295,
    0.04073421657085419,
    -0.07199861109256744,
    -0.014406495727598667,
    -0.11106110364198685,
    -0.020390694960951805,
    0.003401638474315405,
    -0.018456386402249336,
    -0.026904670521616936,
    0.03306492045521736,
    0.04393894597887993,
    0.0015876247780397534,
    -0.004116042982786894,
    0.111930251121521,
    0.013577410019934177,
    -0.02637505903840065,
    -0.07169123739004135,
    -0.04172687977552414,
    0.041387561708688736,
    -0.015989257022738457,
    -0.05870432034134865,
    -0.045916683971881866,
    0.009727484546601772,
    0.03364420309662819,
    0.013162094168365002,
    -0.07581308484077454,
    0.0428626723587513,
    0.12085817754268646,
    0.047193627804517746,
    0.0036541647277772427,
    0.016383955255150795,
    0.022644350305199623,
    -0.044940199702978134,
    -0.015372947789728642,
    -0.030793791636824608,
    0.04388609901070595,
    -0.0640033632516861,
    0.027634164318442345,
    -0.012393233366310596,
    0.013867161236703396,
    0.0042678858153522015,
    0.07004924863576889,
    0.0681774914264679,
    0.019924787804484367,
    -0.02917596884071827,
    -0.015493219718337059,
    -0.002404362428933382,
    0.02412518672645092,
    -0.055457476526498795,
    -0.05872894823551178,
    -0.029870465397834778,
    0.036913394927978516,
    -0.007438975851982832,
    -0.05697035789489746,
    0.039701417088508606,
    0.06659752130508423,
    0.016427716240286827,
    0.0013607303844764829,
    -0.023792048916220665,
    0.07246821373701096,
    0.019363436847925186,
    0.024792486801743507,
    -0.011770191602408886
]