[
    -0.04505462199449539,
    0.033065177500247955,
    -0.0301232747733593,
    -0.07599691301584244,
    -0.0394105389714241,
    0.06837237626314163,
    -0.02432342991232872,
    -0.06398747861385345,
    0.01474358793348074,
    -0.029624739661812782,
    -0.006920191925019026,
    -0.007695042062550783,
    0.014494048431515694,
    -0.03859041631221771,
    0.10287868231534958,
    -0.020623570308089256,
    0.06281931698322296,
    0.04835822060704231,
    -0.11323747783899307,
    0.07455474883317947,
    0.02723713591694832,
    0.08283756673336029,
    -0.03489157184958458,
    -0.01970069855451584,
    -0.1108156144618988,
    -0.0380147360265255,
    0.01493906695395708,
    -0.08043008297681808,
    0.0013188777957111597,
    -0.07048976421356201,
    0.05336228385567665,
    0.0007779881707392633,
    0.04117125645279884,
    0.08634629845619202,
    -0.006967504974454641,
    0.0009882227750495076,
    -0.015619452111423016,
    0.04953719303011894,
    -0.009735590778291225,
    0.04668225720524788,
    -0.058874547481536865,
    -0.029139267280697823,
    -0.0305381640791893,
    0.013200046494603157,
    0.04518118500709534,
    -0.03039175644516945,
    -0.06077537685632706,
    -0.046193432062864304,
    0.050571538507938385,
    0.05485716089606285,
    -0.05726143345236778,
    -0.021965859457850456,
    -0.035331353545188904,
    0.0822383463382721,
    -0.0820290595293045,
    -0.04375734552741051,
    -0.020483698695898056,
    0.004644495900720358,
    -0.09931586682796478,
    0.01867181994020939,
    0.026816166937351227,
    0.0202103853225708,
    0.05002143606543541,
    0.07066143304109573,
    -0.07850712537765503,
    0.058491501957178116,
    -0.03315741941332817,
    -0.014796114526689053,
    -0.020408451557159424,
    0.002804369432851672,
    -0.08094973117113113,
    -0.015022681094706059,
    -0.0298820398747921,
    0.044059883803129196,
    -0.0482042133808136,
    0.025615528225898743,
    -0.03848204389214516,
    0.0211484394967556,
    0.06620386987924576,
    -0.1469617784023285,
    -0.020829668268561363,
    -0.00045883070561103523,
    -0.026882266625761986,
    0.06087425723671913,
    -0.08368808031082153,
    -0.02488975040614605,
    0.006412871181964874,
    -0.016612432897090912,
    -0.04841380938887596,
    -0.039462048560380936,
    0.04965245723724365,
    -0.05405709147453308,
    0.08726228773593903,
    -0.05954551324248314,
    0.09064260125160217,
    -0.027586445212364197,
    -0.044840194284915924,
    -0.0788770467042923,
    0.01073609571903944,
    -0.028908679261803627,
    -0.05461791902780533,
    0.031792234629392624,
    0.05225054547190666,
    0.018615808337926865,
    -0.04309016838669777,
    -0.09047864377498627,
    0.043290115892887115,
    0.004947809502482414,
    -0.0007830463582649827,
    0.05173682048916817,
    0.05575894936919212,
    0.04614771530032158,
    -0.06295277923345566,
    -0.13700206577777863,
    0.06114242598414421,
    -0.0310954749584198,
    -0.018154678866267204,
    0.038725532591342926,
    0.017373813316226006,
    -0.0027693116571754217,
    -0.03958020731806755,
    0.006464039906859398,
    -0.061852261424064636,
    -0.07741590589284897,
    -0.04476822167634964,
    0.019367733970284462,
    -0.03550396114587784,
    2.7366722185060077e-32,
    -0.0012388118775561452,
    0.013716191984713078,
    -0.045122019946575165,
    0.052824415266513824,
    0.021376920863986015,
    0.005417661275714636,
    0.025004183873534203,
    -0.0195009708404541,
    -0.03557606413960457,
    0.10766468197107315,
    -0.01649361476302147,
    0.034708235412836075,
    -0.014798209071159363,
    -0.028838438913226128,
    -0.0717349424958229,
    0.06870878487825394,
    0.025499211624264717,
    0.09807688742876053,
    -0.006990386173129082,
    0.06341295689344406,
    0.026021825149655342,
    -0.008675447665154934,
    0.01025223545730114,
    0.04233744740486145,
    -0.03281308710575104,
    0.024158691987395287,
    0.02784533053636551,
    -0.022110922262072563,
    0.020564118400216103,
    -0.004495539702475071,
    0.023486169055104256,
    0.0033409532625228167,
    0.027660910040140152,
    -0.046373624354600906,
    0.03164825960993767,
    0.12386806309223175,
    0.037564609199762344,
    -0.05724398419260979,
    0.10451111197471619,
    -0.06820004433393478,
    -0.001078008092008531,
    -0.015282719396054745,
    0.05295484513044357,
    0.05861339718103409,
    0.027140652760863304,
    -0.01434861496090889,
    0.026489274576306343,
    -0.0014638275606557727,
    0.010000364854931831,
    0.0430770069360733,
    -0.04023382440209389,
    -0.002577707637101412,
    -0.015247534029185772,
    -0.027332980185747147,
    0.0024010471533983946,
    -0.01106278970837593,
    -0.043282583355903625,
    0.030030515044927597,
    -0.057850103825330734,
    0.08013893663883209,
    -0.03883741796016693,
    0.03480155020952225,
    -0.023686029016971588,
    -0.035844817757606506,
    -0.012423021718859673,
    -0.05928380414843559,
    -0.007491820491850376,
    -0.07671526819467545,
    0.032142747193574905,
    -0.0049340673722326756,
    -0.027330247685313225,
    0.05132879316806793,
    -0.005723053123801947,
    0.026103461161255836,
    -0.005363992415368557,
    -0.04148067533969879,
    0.017657430842518806,
    -0.06996999680995941,
    0.07572297006845474,
    0.022152790799736977,
    -0.08323053270578384,
    -0.006322649773210287,
    0.03660564124584198,
    0.09455933421850204,
    -0.04644482955336571,
    0.015221750363707542,
    0.07143087685108185,
    0.043202273547649384,
    -0.09188704937696457,
    -0.06545458734035492,
    -0.009665430523455143,
    0.0434887520968914,
    0.06992751359939575,
    0.06564905494451523,
    -0.0029822171200066805,
    -2.627213711040489e-32,
    -0.012014602310955524,
    -0.06725452095270157,
    -0.03622743487358093,
    -0.008282571099698544,
    0.05236909165978432,
    -0.014863954856991768,
    -0.02142348885536194,
    -0.07830948382616043,
    0.054306622594594955,
    0.04213864356279373,
    0.030644536018371582,
    -0.06312906742095947,
    -0.04135759547352791,
    -0.03661883622407913,
    -0.03290477395057678,
    0.006589668337255716,
    -0.08834582567214966,
    -0.04572674259543419,
    -0.019717739894986153,
    0.1076008602976799,
    -0.022349368780851364,
    0.0033704249653965235,
    0.03508276119828224,
    0.11784899979829788,
    0.06979493796825409,
    0.0797814279794693,
    -0.03154424577951431,
    -0.0042387088760733604,
    0.0720488503575325,
    -0.04237258806824684,
    -0.043534278869628906,
    -0.038273800164461136,
    -0.04598066583275795,
    0.00351722608320415,
    -0.09991614520549774,
    -0.19210343062877655,
    0.05682402849197388,
    -0.0603959895670414,
    -0.047412581741809845,
    -0.040742870420217514,
    0.0672256126999855,
    0.009654025547206402,
    -0.03920430317521095,
    0.014233363792300224,
    0.020563745871186256,
    -0.08020548522472382,
    0.08380359411239624,
    -0.019081639125943184,
    0.01678592897951603,
    0.00824996642768383,
    0.03149557113647461,
    -0.03685576096177101,
    -0.015346888452768326,
    0.05511215701699257,
    -0.025456642732024193,
    0.052177947014570236,
    0.0029367543756961823,
    -0.026211971417069435,
    -0.026270974427461624,
    -0.037876471877098083,
    0.08471855521202087,
    0.07180337607860565,
    -0.0314844585955143,
    0.10221853107213974,
    0.043972328305244446,
    -0.04788319021463394,
    -0.015759149566292763,
    -0.06360092014074326,
    -0.04935045540332794,
    -0.06766896694898605,
    -0.07145871222019196,
    -0.11434025317430496,
    -0.02629459649324417,
    -0.0943881943821907,
    0.05148424580693245,
    -0.05097329616546631,
    -0.03160255029797554,
    -0.1321277618408203,
    -0.04789755493402481,
    0.009202228859066963,
    0.06518770754337311,
    -0.017848949879407883,
    -0.055788591504096985,
    0.07147161662578583,
    -0.017704732716083527,
    0.003937035333365202,
    0.07321199774742126,
    -0.05104243755340576,
    0.0014377697370946407,
    0.09755370765924454,
    -0.09681736677885056,
    -0.012755473144352436,
    -0.06557531654834747,
    0.019037380814552307,
    -0.08883161097764969,
    -6.817091957600496e-08,
    -0.04264889657497406,
    0.09791497141122818,
    0.006846018601208925,
    -0.0538930743932724,
    -0.006182560697197914,
    -0.060576070100069046,
    -0.046050410717725754,
    0.007748783100396395,
    -0.010044354945421219,
    -0.047990065068006516,
    0.048170093446969986,
    0.07741127163171768,
    -0.0537753701210022,
    -0.0148234898224473,
    0.05371682345867157,
    -0.016985714435577393,
    -0.062407754361629486,
    -0.047604963183403015,
    -0.03783605620265007,
    0.04358137398958206,
    -0.05963067710399628,
    -0.024319963529706,
    -0.040997691452503204,
    0.024290751665830612,
    0.035989910364151,
    0.018909815698862076,
    -0.026062674820423126,
    0.01721859909594059,
    0.09701185673475266,
    0.031455736607313156,
    -0.01600985787808895,
    -0.029163409024477005,
    0.01501490455120802,
    -0.009906121529638767,
    -0.015050515532493591,
    -0.05220099911093712,
    0.020673979073762894,
    -0.02197502925992012,
    0.027334261685609818,
    0.015540077351033688,
    0.008090116083621979,
    0.01765802502632141,
    -0.0007826283690519631,
    0.08077016472816467,
    0.0011027862783521414,
    -0.05090611055493355,
    -0.020145397633314133,
    0.017513226717710495,
    0.010951638221740723,
    -0.0871913954615593,
    -0.05376679450273514,
    -0.044298212975263596,
    0.06930883228778839,
    -0.03452291339635849,
    -0.06762226670980453,
    0.08325256407260895,
    0.01406598836183548,
    0.04541224613785744,
    -0.014668610878288746,
    0.00880187563598156,
    0.07589992880821228,
    0.04742058739066124,
    0.03952508419752121,
    -0.03730471804738045
]