[
    -0.04975161328911781,
    0.06342902034521103,
    -0.027727287262678146,
    -0.06187194958329201,
    -0.050052229315042496,
    0.06610659509897232,
    0.017868878319859505,
    -0.038121454417705536,
    0.04050159081816673,
    0.041118524968624115,
    0.035402338951826096,
    -0.011883393861353397,
    0.008830956183373928,
    -0.057222358882427216,
    0.07762651145458221,
    -0.0032986407168209553,
    0.03678378462791443,
    0.06150388717651367,
    -0.10130100697278976,
    0.02750665694475174,
    -0.007099370937794447,
    0.07231199741363525,
    -0.023951206356287003,
    0.01783856190741062,
    -0.16956481337547302,
    -0.04764358699321747,
    0.018481886014342308,
    -0.030311474576592445,
    0.04084770008921623,
    -0.03458385169506073,
    0.015205135568976402,
    0.026764199137687683,
    0.058524228632450104,
    0.09339528530836105,
    -0.029425108805298805,
    0.021017862483859062,
    -0.032078713178634644,
    0.006752355024218559,
    -0.010356707498431206,
    0.041983552277088165,
    -0.03152168542146683,
    -0.03848432004451752,
    -0.04940814897418022,
    -0.012610115110874176,
    0.03536631166934967,
    0.004017870873212814,
    -0.0464380607008934,
    -0.01334979198873043,
    -0.03579969331622124,
    0.04286821186542511,
    -0.07153661549091339,
    -0.032438889145851135,
    -0.020834656432271004,
    0.0827782079577446,
    -0.04996822029352188,
    0.0036724936217069626,
    -0.03831752389669418,
    -0.007505578454583883,
    -0.05799277499318123,
    0.0169988926500082,
    0.007847083732485771,
    0.0011244147317484021,
    0.00023227452766150236,
    0.061167940497398376,
    -0.053751010447740555,
    0.07637202739715576,
    -0.001165812718681991,
    -0.04790354147553444,
    0.005853606387972832,
    -0.0305713452398777,
    -0.06082168221473694,
    -0.020797399803996086,
    -0.022202644497156143,
    0.020920511335134506,
    -0.01500710193067789,
    0.011465178802609444,
    -0.04175395518541336,
    0.0366930328309536,
    0.07564839720726013,
    -0.15856152772903442,
    -0.024812068790197372,
    0.025286180898547173,
    -0.022125311195850372,
    0.04186508059501648,
    0.0032250159420073032,
    0.00816369615495205,
    0.005471451673656702,
    0.008056790567934513,
    0.016875388100743294,
    -0.03548889979720116,
    0.11600887775421143,
    -0.09686389565467834,
    0.1722261905670166,
    -0.08134775608778,
    0.05781734362244606,
    -0.02208731137216091,
    0.01576453261077404,
    -0.0736844465136528,
    0.022640785202383995,
    -0.007805647328495979,
    -0.025736944749951363,
    0.049271080642938614,
    -0.05481429398059845,
    -0.028035586699843407,
    -0.0018647902179509401,
    -0.05738544091582298,
    0.01923079788684845,
    -0.0028574762400239706,
    -0.016927676275372505,
    0.035772014409303665,
    0.06082279607653618,
    0.04399026557803154,
    -0.038107991218566895,
    -0.11745530366897583,
    0.025280212983489037,
    0.015312437899410725,
    -0.018906651064753532,
    0.070687435567379,
    0.0763789713382721,
    -0.0772910788655281,
    -0.02166571095585823,
    0.0010039956541731954,
    -0.025542287155985832,
    -0.09653127193450928,
    -0.015301295556128025,
    0.0076784398406744,
    -0.024171089753508568,
    1.8151689891810058e-32,
    -0.03607705608010292,
    0.03196833282709122,
    -0.09777381271123886,
    -0.02122620865702629,
    0.00287860119715333,
    -0.0002103365695802495,
    0.009250895120203495,
    -0.014468209818005562,
    0.002674785442650318,
    0.05475735664367676,
    -0.02741394191980362,
    0.06817806512117386,
    -0.026787105947732925,
    -0.04524471238255501,
    -0.06105944514274597,
    0.09422237426042557,
    -0.024018192663788795,
    0.1263418346643448,
    -0.037442825734615326,
    0.07530497759580612,
    0.028515072539448738,
    -0.0579926036298275,
    0.00322491442784667,
    0.02901006117463112,
    -0.037116993218660355,
    0.022683588787913322,
    0.02405427023768425,
    -0.015906892716884613,
    0.018610302358865738,
    0.006173074245452881,
    0.058384042233228683,
    0.04820411652326584,
    0.07141517847776413,
    0.004431119188666344,
    0.07110945880413055,
    0.0992790013551712,
    -0.0060121952556073666,
    -0.035593390464782715,
    0.05943187326192856,
    -0.05884040892124176,
    -0.07362344115972519,
    0.006909560412168503,
    0.06120282784104347,
    -0.040747758001089096,
    0.010103156790137291,
    -0.02729661390185356,
    0.013163125142455101,
    -0.04061276838183403,
    0.047325246036052704,
    0.06337777525186539,
    -0.006669900380074978,
    0.028269845992326736,
    -0.003643280128017068,
    -0.03174886479973793,
    -0.019254272803664207,
    -0.013512572273612022,
    0.00742480531334877,
    0.012035121209919453,
    -0.057624924927949905,
    0.06284807622432709,
    0.006690471898764372,
    0.03974410891532898,
    -0.012450381182134151,
    -0.0017782881623134017,
    -0.011234201490879059,
    -0.03867032751441002,
    -0.02008025534451008,
    -0.04581749439239502,
    0.04026823863387108,
    -0.061417870223522186,
    0.0378752239048481,
    0.07856233417987823,
    -0.018919721245765686,
    0.00515655055642128,
    -0.05774540826678276,
    -0.050063520669937134,
    -0.007830317132174969,
    -0.01374379638582468,
    0.02693602442741394,
    -0.00041182595305144787,
    -0.03612856939435005,
    -0.023828910663723946,
    0.030882127583026886,
    0.04407850652933121,
    -0.03829003497958183,
    -0.00706001790240407,
    0.05866999551653862,
    0.03461765870451927,
    -0.07755792140960693,
    -0.04429187253117561,
    0.03697957471013069,
    0.051700521260499954,
    -0.012467566877603531,
    0.11466304957866669,
    0.05035131797194481,
    -1.8526724017600216e-32,
    0.015088547952473164,
    -0.07175463438034058,
    -0.02256838232278824,
    -0.005768412258476019,
    0.08132874965667725,
    -0.04445189610123634,
    -0.02331666834652424,
    -0.027595974504947662,
    -0.015459859743714333,
    0.02432076632976532,
    -0.0003187556576449424,
    -0.08465882390737534,
    -0.08086302876472473,
    -0.04006018862128258,
    0.006167855579406023,
    -0.04352822154760361,
    -0.010801422409713268,
    -0.06302995979785919,
    -0.04376549646258354,
    0.10654318332672119,
    0.003458043560385704,
    -0.048738881945610046,
    0.016525115817785263,
    0.11432386189699173,
    0.029496314004063606,
    0.046384915709495544,
    0.015411587432026863,
    -0.01497654989361763,
    0.07720306515693665,
    -0.052127256989479065,
    -0.04800165817141533,
    -0.029905086383223534,
    -0.07950889319181442,
    0.035129204392433167,
    -0.07773817330598831,
    -0.1934276670217514,
    0.05217444524168968,
    -0.07386688888072968,
    -0.028981482610106468,
    -0.04214630275964737,
    0.09402620792388916,
    0.03284531459212303,
    -0.05013098567724228,
    -0.00832501333206892,
    0.016276484355330467,
    -0.03449555113911629,
    0.0462905578315258,
    -0.03843862935900688,
    -0.0021115236449986696,
    -0.0015423884615302086,
    0.027835743501782417,
    -0.05885368213057518,
    0.056086465716362,
    0.006562769412994385,
    -0.028035365045070648,
    0.10173316299915314,
    0.014119637198746204,
    -0.07737035304307938,
    -0.06862947344779968,
    0.0007358556031249464,
    0.06484454870223999,
    0.04662565514445305,
    0.016366560012102127,
    0.07467732578516006,
    0.03947902470827103,
    0.0004971078597009182,
    0.0198761448264122,
    -0.011828283779323101,
    -0.03590308129787445,
    -0.07308860868215561,
    -0.01883845031261444,
    -0.05962389335036278,
    -0.09631151705980301,
    -0.15259796380996704,
    0.03601023927330971,
    -0.07570100575685501,
    -0.05757827311754227,
    -0.1397949457168579,
    -0.06375086307525635,
    -0.01440531387925148,
    0.037194110453128815,
    -0.008832135237753391,
    -0.06494051218032837,
    0.08812733739614487,
    -0.02299923449754715,
    0.04100538045167923,
    0.06567271798849106,
    -0.0424269400537014,
    -0.002220949623733759,
    0.09984968602657318,
    -0.0420934222638607,
    0.03235791251063347,
    -0.10293379426002502,
    0.03454503417015076,
    -0.07900039851665497,
    -5.2111982284941405e-08,
    -0.06809929758310318,
    0.09353411942720413,
    -0.017841659486293793,
    -0.05829663574695587,
    0.01306548248976469,
    -0.08867097645998001,
    -0.04542238637804985,
    -0.0140115050598979,
    -0.02602851204574108,
    -0.024380531162023544,
    0.013479029759764671,
    0.04691193252801895,
    0.0028717967215925455,
    0.022295743227005005,
    0.04462769255042076,
    -0.038509219884872437,
    -0.07714955508708954,
    -0.014719205908477306,
    -0.07094833254814148,
    0.05699043720960617,
    -0.0158127062022686,
    -0.02957810088992119,
    -0.015602607280015945,
    -0.03006645292043686,
    0.01242745015770197,
    0.006489714607596397,
    -0.010904466733336449,
    0.09845156222581863,
    0.09571178257465363,
    0.026244617998600006,
    -0.05423935130238533,
    0.027179408818483353,
    0.014917402528226376,
    -0.021914353594183922,
    -0.03621731325984001,
    -0.0682080015540123,
    0.08466200530529022,
    -0.048847049474716187,
    0.0328509546816349,
    0.034191686660051346,
    0.011383827775716782,
    -0.007435541599988937,
    0.02413978800177574,
    0.10160748660564423,
    0.025765197351574898,
    -0.0533699207007885,
    -0.0619913786649704,
    0.023767536506056786,
    -0.029232865199446678,
    -0.027472825720906258,
    -0.012925839982926846,
    -0.028785204514861107,
    0.04449364170432091,
    0.011116462759673595,
    -0.04954542964696884,
    0.019585611298680305,
    0.05810415744781494,
    -0.00960083119571209,
    -0.018273502588272095,
    -0.0032879426144063473,
    0.06726692616939545,
    -0.032681990414857864,
    0.06700640916824341,
    0.008544139564037323
]