[
    -0.07856252044439316,
    0.040992505848407745,
    0.014768961817026138,
    -0.05798603221774101,
    -0.02796918712556362,
    0.08406749367713928,
    -0.060221776366233826,
    -0.007611616514623165,
    -0.078402578830719,
    -0.010373067110776901,
    -0.0318697914481163,
    -0.05480274185538292,
    -0.000457432062830776,
    -0.03175076097249985,
    0.061651285737752914,
    -0.018624231219291687,
    0.07886748760938644,
    0.043630946427583694,
    -0.05964596942067146,
    0.03577832132577896,
    0.07046179473400116,
    0.0880420133471489,
    -0.017014143988490105,
    -0.02521342597901821,
    -0.04732317104935646,
    0.09911470860242844,
    0.028206337243318558,
    -0.08317839354276657,
    -0.008217698894441128,
    0.016750743612647057,
    0.06695941090583801,
    -0.0044123586267232895,
    0.0444684661924839,
    0.003853418631479144,
    0.03267447650432587,
    -0.030258379876613617,
    0.0060030557215213776,
    0.06155109778046608,
    -0.04454253613948822,
    0.012287911027669907,
    -0.08217943459749222,
    0.008815470151603222,
    -0.04398510605096817,
    0.01683010160923004,
    0.03456365317106247,
    -0.024460019543766975,
    -0.08780597895383835,
    -0.07045599818229675,
    0.04341888055205345,
    0.007619510404765606,
    -0.013599810190498829,
    -0.011182204820215702,
    0.024295279756188393,
    0.08272700756788254,
    -0.032048098742961884,
    -0.036057908087968826,
    -0.03315672278404236,
    0.004897125530987978,
    -0.09590831398963928,
    0.03937190771102905,
    0.06373762339353561,
    -0.003589204978197813,
    -0.020508022978901863,
    0.02810528129339218,
    -0.07533429563045502,
    0.07954598218202591,
    0.0017799024935811758,
    -0.03846142068505287,
    0.007472442928701639,
    -0.015428283251821995,
    -0.07246753573417664,
    0.03017517179250717,
    -0.008451269008219242,
    0.042729854583740234,
    -0.009558966383337975,
    0.04337234050035477,
    0.05787385255098343,
    0.006258022040128708,
    0.08333704620599747,
    -0.15863530337810516,
    -0.08991134911775589,
    0.01544426940381527,
    0.01298323180526495,
    0.010345748625695705,
    -0.04169429838657379,
    0.03003554418683052,
    -0.044017091393470764,
    -0.036663610488176346,
    -0.03352126479148865,
    -0.031788431107997894,
    0.00468777772039175,
    -0.053662531077861786,
    0.08188877254724503,
    -0.013639657758176327,
    0.10230382531881332,
    -0.02116524986922741,
    -0.00285081728361547,
    -0.1323222666978836,
    0.0058713266626000404,
    -0.019888663664460182,
    -0.0032422130461782217,
    -0.06018578261137009,
    0.07319360226392746,
    0.04539680853486061,
    -0.035365231335163116,
    -0.07225875556468964,
    0.007295523304492235,
    0.04418003559112549,
    -0.014772685244679451,
    0.03168046474456787,
    0.049758702516555786,
    -0.017383161932229996,
    0.013742739334702492,
    -0.03417133539915085,
    -0.03083750605583191,
    -0.07205531746149063,
    0.03234240785241127,
    -0.028101610019803047,
    0.06850115209817886,
    -0.015628177672624588,
    -0.03756715729832649,
    -0.008095769211649895,
    -0.08024192601442337,
    -0.05728388577699661,
    -0.016580330207943916,
    -0.031136836856603622,
    -0.06356140971183777,
    2.1563804690781605e-32,
    -0.041083190590143204,
    -0.00996025837957859,
    -0.007698417641222477,
    0.04212143272161484,
    0.02128974162042141,
    0.0048750038258731365,
    0.10114295780658722,
    -0.0437881164252758,
    -0.06179148331284523,
    0.04154931753873825,
    -0.029677359387278557,
    0.012660118751227856,
    -0.028855182230472565,
    0.04975735396146774,
    -0.07071986794471741,
    -0.0032429781276732683,
    -0.041177112609148026,
    0.0753914937376976,
    -0.04290498048067093,
    0.08840847760438919,
    0.014854841865599155,
    -0.016878025606274605,
    0.018311632797122,
    0.034323800355196,
    -0.022334761917591095,
    0.06385450810194016,
    0.006942561827600002,
    -0.01619597338140011,
    -0.025117626413702965,
    -5.419913577497937e-05,
    0.01416398398578167,
    0.02030174992978573,
    0.023424893617630005,
    -0.10481427609920502,
    -0.023081021383404732,
    0.11383827030658722,
    0.11804580688476562,
    -0.02386963739991188,
    -0.013434266671538353,
    -0.09526949375867844,
    -0.02207743003964424,
    -0.008555875159800053,
    0.06834278255701065,
    0.049329694360494614,
    0.08352822065353394,
    -0.03012149967253208,
    -0.026449628174304962,
    0.03185371309518814,
    0.01405298337340355,
    0.04794636368751526,
    -0.04755134508013725,
    -0.00984143279492855,
    -0.03616585209965706,
    -0.06266120076179504,
    -0.036681801080703735,
    -0.02961030974984169,
    -0.07523906230926514,
    0.08724688738584518,
    -0.048088379204273224,
    0.021936126053333282,
    -0.030841484665870667,
    -0.07486099749803543,
    -0.029880031943321228,
    -0.021518075838685036,
    -0.006867571268230677,
    -0.011941858567297459,
    0.029493654146790504,
    -0.04338046535849571,
    0.03540654480457306,
    -0.005105413496494293,
    -0.03308574855327606,
    0.06011512130498886,
    -0.05442981421947479,
    0.05274079367518425,
    0.0163230299949646,
    0.009750560857355595,
    0.05921415612101555,
    0.005303788464516401,
    0.04041733965277672,
    0.026254143565893173,
    -0.09386177361011505,
    0.03375198319554329,
    0.026453597471117973,
    0.029824724420905113,
    0.023530593141913414,
    -0.023178573697805405,
    0.005110318772494793,
    0.05145709216594696,
    -0.06701508164405823,
    -0.10672177374362946,
    -0.008789749816060066,
    0.0016034101136028767,
    0.05642625316977501,
    0.04591550678014755,
    0.025831222534179688,
    -2.1714379639650186e-32,
    0.004417975898832083,
    -0.0356031097471714,
    0.0007549498695880175,
    -0.059655964374542236,
    0.03737696632742882,
    -0.022920478135347366,
    -0.02423902601003647,
    -0.11476896703243256,
    0.07082013785839081,
    0.006321446504443884,
    0.03041621297597885,
    -0.05309290811419487,
    0.03471900150179863,
    -0.04263816401362419,
    -0.10662267357110977,
    -0.03190156817436218,
    -0.10996902734041214,
    -0.034439727663993835,
    0.0003367606259416789,
    0.1112111434340477,
    -0.021765919402241707,
    0.06540582329034805,
    -0.04138186573982239,
    0.09293698519468307,
    0.04686212167143822,
    0.04404177889227867,
    -0.0678098052740097,
    -0.006749922875314951,
    0.051979344338178635,
    -0.024650124832987785,
    -0.004293865989893675,
    -0.098015196621418,
    0.0010066126706078649,
    0.08189350366592407,
    -0.07085855305194855,
    -0.15019075572490692,
    0.0194467231631279,
    -0.04262596368789673,
    -0.07430805265903473,
    -0.03969988599419594,
    0.08829455077648163,
    -0.010481146164238453,
    0.008353018201887608,
    0.046838413923978806,
    -0.026387149468064308,
    0.025877926498651505,
    0.06387341022491455,
    -0.010192342102527618,
    -0.045073650777339935,
    0.02829780802130699,
    0.0071266451850533485,
    -0.002664328319951892,
    -0.014995144680142403,
    0.0609341561794281,
    -0.004164417274296284,
    0.009724671021103859,
    0.0310069527477026,
    0.006250625476241112,
    -0.06024566665291786,
    -0.04484538733959198,
    0.03647652640938759,
    0.04527609795331955,
    -0.037692777812480927,
    0.052292872220277786,
    0.04559308663010597,
    -0.12317666411399841,
    -0.08910422027111053,
    -0.09961143136024475,
    0.00024013758229557425,
    -0.04560067877173424,
    -0.0836271345615387,
    -0.05833835154771805,
    0.010278602130711079,
    -0.08698950707912445,
    0.06173337623476982,
    -0.07141026109457016,
    0.015086681582033634,
    0.0025149413850158453,
    -0.05967948958277702,
    0.025222856551408768,
    0.03912702947854996,
    -0.02973974123597145,
    -0.049735914915800095,
    0.0377998910844326,
    -0.02344725839793682,
    0.036095213145017624,
    0.03525572270154953,
    -0.04651762172579765,
    0.02233295328915119,
    0.10702866315841675,
    -0.09570908546447754,
    0.04350007697939873,
    -0.023283550515770912,
    0.02189752086997032,
    -0.05200450122356415,
    -5.7246104745445336e-08,
    0.07829304784536362,
    0.101158507168293,
    -0.06584987789392471,
    -0.025400210171937943,
    -0.029821190983057022,
    -0.014093877747654915,
    -0.06957439333200455,
    0.013941967859864235,
    -0.021296923980116844,
    -0.04523269087076187,
    -0.006769477855414152,
    0.11834399402141571,
    0.011567462235689163,
    -0.044388674199581146,
    0.036093540489673615,
    -0.0667647197842598,
    -0.03679237514734268,
    0.00020045605197083205,
    -0.00913996808230877,
    0.061760853976011276,
    -0.08848866075277328,
    -0.01943686418235302,
    -0.06168818101286888,
    0.049049261957407,
    -0.00467337341979146,
    0.027053382247686386,
    -0.024096760898828506,
    0.018620671704411507,
    0.043621085584163666,
    0.030236832797527313,
    0.047670748084783554,
    0.016172999516129494,
    -0.019413219764828682,
    0.0006313577177934349,
    -0.024928726255893707,
    -0.0614173598587513,
    -0.05513729527592659,
    0.0787351056933403,
    0.05268209055066109,
    -0.02711915783584118,
    0.007359509821981192,
    0.08062917739152908,
    0.016511833295226097,
    0.0577348954975605,
    -0.03369275853037834,
    -0.042997270822525024,
    -0.028383193537592888,
    0.00016993150347843766,
    0.0366520881652832,
    -0.057507164776325226,
    -0.07810954749584198,
    -0.08165773004293442,
    0.044181983917951584,
    -0.09262286126613617,
    -0.042024560272693634,
    0.10811377316713333,
    0.009262725710868835,
    -0.004976517055183649,
    0.016578931361436844,
    0.026417646557092667,
    0.11093071848154068,
    0.03051297552883625,
    0.02442069724202156,
    0.03386671841144562
]