[
    -0.03982089087367058,
    0.01999593712389469,
    -0.029032064601778984,
    -0.05057166889309883,
    -0.04815032333135605,
    0.09564964473247528,
    -0.03467120602726936,
    -0.04089750349521637,
    -0.021064359694719315,
    -0.004176148679107428,
    0.033861756324768066,
    -0.06310244649648666,
    0.01594957523047924,
    -0.015308000147342682,
    0.05410924553871155,
    0.003914145287126303,
    0.06176008656620979,
    0.09806972742080688,
    -0.142369344830513,
    -0.005610713269561529,
    0.023852813988924026,
    0.04064679890871048,
    -0.06181774288415909,
    0.012022295966744423,
    -0.16392584145069122,
    -0.05391886085271835,
    -0.0028837162535637617,
    -0.05328037217259407,
    0.009554584510624409,
    -0.08451022952795029,
    -0.0386313833296299,
    0.038021303713321686,
    0.061892688274383545,
    0.06898657977581024,
    0.00544190127402544,
    -0.005079135298728943,
    0.03399299085140228,
    -0.004184503573924303,
    0.02512272074818611,
    -0.022179393097758293,
    -0.08196847885847092,
    -0.03709080442786217,
    -0.04223925992846489,
    -0.030675454065203667,
    0.03797033056616783,
    -0.0312283206731081,
    -0.02290324680507183,
    -0.09009329974651337,
    -0.04091488942503929,
    0.01605365239083767,
    -0.05768324062228203,
    -0.033623624593019485,
    -0.006366153713315725,
    0.05401936173439026,
    -0.021402930840849876,
    -0.038826990872621536,
    -0.010090078227221966,
    0.04911451414227486,
    -0.03756815195083618,
    -0.02139926329255104,
    0.05185725912451744,
    -0.018683305010199547,
    -0.045526694506406784,
    0.0767793282866478,
    -0.04235580191016197,
    0.03785024955868721,
    -0.03701043501496315,
    -0.031565941870212555,
    0.0006745103164575994,
    0.033055033534765244,
    -0.10156820714473724,
    -0.04073994606733322,
    -0.042249277234077454,
    0.01647598296403885,
    -0.00931506883352995,
    0.03754434362053871,
    -0.07606939226388931,
    0.056757956743240356,
    0.07442399859428406,
    -0.13927459716796875,
    -0.01690707542002201,
    0.021422313526272774,
    -0.008307872340083122,
    0.0811484158039093,
    -0.042523808777332306,
    -0.05187774449586868,
    -0.01336322259157896,
    -0.04538656771183014,
    0.05250213295221329,
    0.013057670556008816,
    0.10872562974691391,
    -0.04875485226511955,
    0.1376195251941681,
    -0.07201332598924637,
    0.02604071982204914,
    -0.02467733807861805,
    -0.02875642478466034,
    -0.08493362367153168,
    0.048518747091293335,
    -0.006645480636507273,
    0.03625760227441788,
    0.0492815263569355,
    -0.08511989563703537,
    0.023432224988937378,
    -0.005407104734331369,
    -0.044239409267902374,
    0.0007067523547448218,
    0.018058927729725838,
    0.023546762764453888,
    0.025243015959858894,
    0.027967140078544617,
    0.0570036880671978,
    -0.04313472658395767,
    -0.12508068978786469,
    0.03855879232287407,
    -0.019629159942269325,
    -0.032798882573843,
    0.07227028161287308,
    0.03623151406645775,
    0.007172400131821632,
    -0.016400394961237907,
    0.0026205237954854965,
    -0.056950658559799194,
    -0.080954410135746,
    -0.00018081710732076317,
    0.02109633758664131,
    -0.062095172703266144,
    2.101504425488342e-32,
    0.017821133136749268,
    0.023353440687060356,
    -0.0853329598903656,
    -0.0007976326160132885,
    0.015600897371768951,
    -0.027021976187825203,
    -0.015005359426140785,
    0.0014995248056948185,
    -0.04604628309607506,
    0.06467798352241516,
    -0.007470025215297937,
    0.08036912232637405,
    -0.028598705306649208,
    -0.03624832630157471,
    -0.02540460415184498,
    0.031154153868556023,
    -0.04436070844531059,
    0.058329470455646515,
    -0.010403996333479881,
    0.0804227888584137,
    0.007702175993472338,
    -0.05936872959136963,
    0.03325335308909416,
    -6.483479228336364e-05,
    -0.008907575160264969,
    -0.04126616194844246,
    0.0044357795268297195,
    0.009084869176149368,
    0.008316847495734692,
    0.011821550317108631,
    0.07486860454082489,
    0.022074000909924507,
    0.06978966295719147,
    -0.015063201077282429,
    0.036594294011592865,
    0.12192980945110321,
    0.04248431697487831,
    -0.056788135319948196,
    0.05898910388350487,
    -0.06486167013645172,
    -0.09238419681787491,
    0.02581416442990303,
    0.01973460614681244,
    -0.0032984139397740364,
    0.042468469589948654,
    -0.03871234506368637,
    -0.0003526670625433326,
    -0.03912899270653725,
    0.058007415384054184,
    0.0571415051817894,
    -0.015647025778889656,
    0.007066661957651377,
    0.0435386560857296,
    -0.01388541515916586,
    -0.034578241407871246,
    -0.052377231419086456,
    -0.016614414751529694,
    0.04338495805859566,
    -0.04733728617429733,
    0.0530618354678154,
    -0.012305276468396187,
    0.02633773162961006,
    -0.012631474062800407,
    0.022557726129889488,
    -0.010736859403550625,
    -0.025646774098277092,
    -0.029616888612508774,
    -0.02489936351776123,
    -0.0012794622452929616,
    -0.0163454320281744,
    -0.03135942295193672,
    0.05812084302306175,
    -0.04003748297691345,
    0.01598464511334896,
    -0.03434941545128822,
    -0.04238022491335869,
    -0.02312217839062214,
    -0.01143768709152937,
    0.049964334815740585,
    -0.014949977397918701,
    -0.09387573599815369,
    -0.012236512266099453,
    0.030729474499821663,
    0.016193365678191185,
    -0.016043471172451973,
    -0.019371982663869858,
    0.1028517335653305,
    0.03485381603240967,
    -0.025435876101255417,
    -0.05544454604387283,
    0.046708233654499054,
    0.0062601384706795216,
    0.026856565847992897,
    0.13346923887729645,
    0.04873925819993019,
    -2.1169659965582953e-32,
    0.01983984000980854,
    -0.0147597910836339,
    -0.0449548102915287,
    0.008581787347793579,
    0.049429286271333694,
    -0.002275442238897085,
    -0.04530306160449982,
    -0.10170347988605499,
    0.04696257412433624,
    0.007402390707284212,
    -0.005009260959923267,
    -0.07389634847640991,
    -0.008938228711485863,
    0.015151172876358032,
    -0.027406316250562668,
    -0.11044668406248093,
    -0.04493476450443268,
    0.00034426464117132127,
    -0.02611963078379631,
    0.07785561680793762,
    0.03167710453271866,
    -0.005934135057032108,
    0.01923755370080471,
    0.09440087527036667,
    -0.01684986613690853,
    0.034199073910713196,
    -0.04377502202987671,
    -0.057082127779722214,
    0.02639385685324669,
    -0.009430600330233574,
    -3.7240674828353804e-06,
    -0.012189049273729324,
    -0.04742179065942764,
    0.10688953846693039,
    -0.06064467504620552,
    -0.16785487532615662,
    0.06552323698997498,
    -0.10954426974058151,
    -0.018066028133034706,
    -0.05803530290722847,
    0.043011970818042755,
    0.058833830058574677,
    -0.02804412506520748,
    0.010380112566053867,
    0.019499165937304497,
    -0.07307856529951096,
    0.04994337633252144,
    -0.07116059958934784,
    0.004191430285573006,
    -0.026465579867362976,
    0.019333714619278908,
    -0.046130578964948654,
    0.03480479121208191,
    0.039985451847314835,
    0.0013591235037893057,
    0.11071613430976868,
    0.07240583747625351,
    -0.051040761172771454,
    -0.04822432994842529,
    0.034221455454826355,
    0.02668609283864498,
    0.0939071998000145,
    0.015798984095454216,
    0.06339066475629807,
    0.08585250377655029,
    -0.02281367778778076,
    -0.013472069054841995,
    -0.020957766100764275,
    -0.021113499999046326,
    -0.07107099890708923,
    -0.021485185250639915,
    -0.04975736886262894,
    -0.07606483995914459,
    -0.05616697296500206,
    0.05227233096957207,
    -0.059200678020715714,
    -0.010922941379249096,
    -0.11533791571855545,
    -0.11816880851984024,
    0.008216988295316696,
    0.021139729768037796,
    0.014533192850649357,
    -0.01296885684132576,
    0.05886776000261307,
    -0.05247805640101433,
    0.03953878954052925,
    0.049752164632081985,
    -0.03566613048315048,
    0.06891080737113953,
    0.08426013588905334,
    -0.0922730341553688,
    -0.018215429037809372,
    -0.02385944500565529,
    -0.00011404913675505668,
    -0.06385566294193268,
    -5.9334226421015046e-08,
    -0.09496013075113297,
    0.053614724427461624,
    -0.04000525549054146,
    0.018292807042598724,
    0.003470848547294736,
    -0.008044817484915257,
    -0.04972416162490845,
    0.0024028641637414694,
    -0.06365028023719788,
    -0.09658345580101013,
    0.02616010047495365,
    0.02303946577012539,
    -0.049789950251579285,
    0.012012812308967113,
    0.07111524790525436,
    -0.048529841005802155,
    -0.015511996112763882,
    0.022574378177523613,
    -0.0675305426120758,
    0.10213799774646759,
    -0.03868406265974045,
    -0.01748613454401493,
    -0.019038604572415352,
    -0.03727578744292259,
    0.003333260305225849,
    -0.00425062607973814,
    -0.026292063295841217,
    0.13225242495536804,
    0.09563877433538437,
    0.017757946625351906,
    -0.006100831553339958,
    0.014080221764743328,
    0.031680550426244736,
    -0.06912333518266678,
    -0.07835149019956589,
    -0.035473309457302094,
    0.01031433418393135,
    0.004470556974411011,
    0.039328210055828094,
    0.025165343657135963,
    -0.014705348759889603,
    0.04183230921626091,
    0.06164535880088806,
    0.1132434532046318,
    0.03638804331421852,
    -0.05234609171748161,
    -0.09021662175655365,
    0.022746531292796135,
    -1.4808303603786044e-05,
    -0.08171570301055908,
    0.02729318104684353,
    -0.05736580491065979,
    0.030164508149027824,
    0.002303795889019966,
    -0.052480004727840424,
    0.01589588075876236,
    0.04180096834897995,
    0.05672946199774742,
    -0.04011210426688194,
    -0.017382919788360596,
    0.08693143725395203,
    0.03664020448923111,
    0.0396832600235939,
    -0.04361875727772713
]