[
    -0.020884009078145027,
    0.059126053005456924,
    0.005191786680370569,
    -0.07064095884561539,
    0.025732651352882385,
    0.09419697523117065,
    0.027778230607509613,
    -0.03291669860482216,
    -0.05744609609246254,
    -0.04144928231835365,
    -0.02251511998474598,
    0.0007108885329216719,
    -0.055418696254491806,
    -0.05735927075147629,
    0.1199386939406395,
    -0.05519066005945206,
    0.04930035397410393,
    0.03072776086628437,
    -0.09664157778024673,
    0.0019631623290479183,
    0.028252894058823586,
    0.020344454795122147,
    -0.07069636136293411,
    0.020022554323077202,
    -0.0669492781162262,
    -0.025889962911605835,
    0.04606771469116211,
    -0.0411074236035347,
    0.019241701811552048,
    -0.014183949679136276,
    0.04967553913593292,
    -0.02546018362045288,
    0.048275865614414215,
    0.05676925927400589,
    0.007217830512672663,
    -0.0027651384007185698,
    0.005170824471861124,
    0.004842475056648254,
    -0.06300441175699234,
    0.03288765624165535,
    -0.04334394633769989,
    -0.017529230564832687,
    -0.030908111482858658,
    0.03874640911817551,
    0.04834028705954552,
    0.027990084141492844,
    -0.04117809608578682,
    -0.023776564747095108,
    -0.03913480043411255,
    0.04374351352453232,
    0.047405343502759933,
    -0.005220015998929739,
    -0.00038060007500462234,
    0.0676838830113411,
    -0.014517407864332199,
    -0.04050051048398018,
    -0.016730908304452896,
    -0.025723356753587723,
    -0.0864572674036026,
    0.025820467621088028,
    0.09508045017719269,
    -0.03763824328780174,
    0.02254488319158554,
    0.01650470308959484,
    -0.11117197573184967,
    0.028956864029169083,
    0.008776463568210602,
    -0.02013685181736946,
    -0.04155919328331947,
    -0.042833276093006134,
    -0.11373359709978104,
    -0.09113357216119766,
    0.003645249642431736,
    0.0637720599770546,
    0.02941296063363552,
    0.007637954317033291,
    -0.013469131663441658,
    0.023806342855095863,
    0.04367514327168465,
    -0.1503029316663742,
    -0.051231153309345245,
    0.002851468976587057,
    0.01005647610872984,
    0.08365371823310852,
    -0.07703673094511032,
    0.002203762996941805,
    -0.009368754923343658,
    -0.002770514227449894,
    0.003005801234394312,
    -0.025592956691980362,
    0.006805578246712685,
    -0.049395602196455,
    0.06911874562501907,
    -0.029300080612301826,
    0.0771695226430893,
    -0.012130456045269966,
    -0.025099491700530052,
    -0.05905802547931671,
    -0.0035712746903300285,
    -0.0450366772711277,
    0.00730150518938899,
    -0.008703401312232018,
    0.0069029503501951694,
    0.04150867834687233,
    -0.0932348221540451,
    -0.055883780121803284,
    0.029722772538661957,
    -0.0028576795011758804,
    0.03235667198896408,
    -0.003473024582490325,
    0.02366926521062851,
    0.032536979764699936,
    -0.026338834315538406,
    -0.09488435834646225,
    0.024786632508039474,
    -0.040091317147016525,
    -0.03218395635485649,
    0.03831398859620094,
    0.04104948043823242,
    -0.021728144958615303,
    -0.026492493227124214,
    0.018749989569187164,
    -0.02640675939619541,
    -0.029943251982331276,
    -0.028587546199560165,
    -0.03899459168314934,
    -0.040725111961364746,
    1.6537390846665503e-32,
    0.005148159805685282,
    0.011010167188942432,
    -0.03363281488418579,
    -0.008860933594405651,
    0.058341577649116516,
    -0.026078810915350914,
    0.023603547364473343,
    -0.0009939050069078803,
    -0.03250238299369812,
    0.07327410578727722,
    -0.08120588958263397,
    0.013590599410235882,
    0.002286994131281972,
    0.05018424987792969,
    -0.044036880135536194,
    0.04191656410694122,
    0.008105812594294548,
    0.11570374667644501,
    -0.036263253539800644,
    0.06220245361328125,
    -0.004482612479478121,
    0.013436811044812202,
    -0.03495708480477333,
    0.0059732734225690365,
    -0.06560946255922318,
    0.0805487334728241,
    -0.016146836802363396,
    -0.06334035843610764,
    0.050331003963947296,
    0.02217055857181549,
    0.0511949248611927,
    0.018977168947458267,
    0.0016913092695176601,
    -0.04068167880177498,
    -0.03296840563416481,
    0.07061503827571869,
    0.0007554917829111218,
    0.02221391350030899,
    0.033651188015937805,
    -0.13464121520519257,
    -0.02945747785270214,
    0.0043297079391777515,
    0.0815301313996315,
    0.011956986039876938,
    0.08661967515945435,
    -0.04323510453104973,
    0.0005356903420761228,
    0.003406269010156393,
    0.1050710678100586,
    0.03672925382852554,
    -0.07038372755050659,
    0.009492729790508747,
    0.07014157623052597,
    -0.04222229868173599,
    0.01851695030927658,
    -0.04216046631336212,
    -0.059266529977321625,
    0.11021838337182999,
    -0.022108403965830803,
    0.049766018986701965,
    0.012211626395583153,
    0.04978950694203377,
    -0.05508463829755783,
    -0.018892919644713402,
    0.02424018643796444,
    0.0032420302741229534,
    0.026780666783452034,
    -0.043016720563173294,
    0.08315948396921158,
    0.03383273631334305,
    -0.011598481796681881,
    0.10920393466949463,
    0.01087361853569746,
    0.03851214796304703,
    -0.05775023624300957,
    0.013476023450493813,
    0.01716354675590992,
    -0.009090893901884556,
    0.008734708651900291,
    0.027582526206970215,
    -0.06003985181450844,
    0.04995369911193848,
    0.012996491976082325,
    -0.022826584056019783,
    0.004061103332787752,
    0.056672148406505585,
    0.048315081745386124,
    0.025861524045467377,
    -0.034241415560245514,
    -0.00474027544260025,
    -0.009558463469147682,
    0.016794059425592422,
    0.026313835754990578,
    0.08782888203859329,
    7.095258479239419e-05,
    -1.8049433638232027e-32,
    0.02447851561009884,
    -0.00038623923319391906,
    -0.08498265594244003,
    -0.09328402578830719,
    0.10389785468578339,
    0.004164968151599169,
    -0.0015539738815277815,
    -0.047575969249010086,
    0.022149477154016495,
    0.05576768517494202,
    0.0407387837767601,
    -0.09562253206968307,
    -0.04133063927292824,
    -0.022220715880393982,
    -0.09098637104034424,
    -0.0445910282433033,
    -0.07461243122816086,
    -0.10939637571573257,
    -0.00418349914252758,
    0.08917899429798126,
    -0.02884763851761818,
    0.017062721773982048,
    -0.005017448682337999,
    0.15168553590774536,
    0.06059570237994194,
    0.05108342319726944,
    -0.03728439286351204,
    -0.012475645169615746,
    0.06906742602586746,
    -0.04305034130811691,
    -0.059026703238487244,
    -0.04445541650056839,
    -0.05090637505054474,
    0.0008403031388297677,
    -0.07068922370672226,
    -0.18200723826885223,
    -0.036299847066402435,
    -0.03281155228614807,
    -0.012465838342905045,
    -0.02473030425608158,
    0.0902612954378128,
    0.011245067231357098,
    0.02213260531425476,
    0.033305615186691284,
    0.02675628289580345,
    -0.012937931343913078,
    0.06624650210142136,
    -0.04764317721128464,
    -0.03745575249195099,
    -0.005248602479696274,
    0.036844003945589066,
    -0.03764542564749718,
    0.024885986000299454,
    0.02413390390574932,
    -0.02561686746776104,
    -0.040968116372823715,
    0.02723415195941925,
    -0.04746026173233986,
    -0.10405789315700531,
    -0.02587202750146389,
    0.048439785838127136,
    0.019560275599360466,
    0.020370809361338615,
    0.11049108952283859,
    -0.027949463576078415,
    -0.08747643232345581,
    -0.042729996144771576,
    -0.10246314853429794,
    -0.004087182227522135,
    -0.04277513921260834,
    -0.11218364536762238,
    -0.13637100160121918,
    -0.030428871512413025,
    -0.08267686516046524,
    0.024011634290218353,
    -0.07178099453449249,
    -0.033119454979896545,
    -0.06804841756820679,
    -0.11198844015598297,
    0.030008362606167793,
    0.03248518705368042,
    -0.014742027036845684,
    -0.06958888471126556,
    0.10419148206710815,
    -0.004841876216232777,
    0.017211223021149635,
    0.025235770270228386,
    0.03291662782430649,
    0.0030129870865494013,
    0.08642524480819702,
    -0.07174431532621384,
    -0.009817623533308506,
    -0.03814864158630371,
    0.0864962488412857,
    -0.08321871608495712,
    -5.442455730531037e-08,
    0.04217087849974632,
    0.09733326733112335,
    0.015294097363948822,
    -0.06334242969751358,
    -0.0681736096739769,
    -0.08166100829839706,
    -0.04521346092224121,
    -0.016325410455465317,
    0.02163309045135975,
    -0.05456969514489174,
    -0.009850416332483292,
    0.05493028834462166,
    -0.029346486553549767,
    -0.0027813913766294718,
    0.05424152687191963,
    -0.014674173668026924,
    -0.0400601364672184,
    0.004732646048069,
    0.010308495722711086,
    0.051451217383146286,
    -0.026467328891158104,
    -0.05042669549584389,
    -0.07046901434659958,
    -0.03120720013976097,
    0.004767097067087889,
    0.10508846491575241,
    -0.07431016862392426,
    0.0007576398784294724,
    0.09357567131519318,
    0.029680198058485985,
    0.023984355852007866,
    0.04104785621166229,
    0.018661629408597946,
    -0.018082529306411743,
    -0.03468570113182068,
    -0.06155659630894661,
    -0.005107812583446503,
    0.010588452219963074,
    0.05273262783885002,
    -0.035195209085941315,
    0.021723465994000435,
    0.04161214455962181,
    0.0005784175591543317,
    0.05552021786570549,
    -0.032856300473213196,
    -0.051554933190345764,
    -0.011757096275687218,
    -0.03317347913980484,
    -0.014338419772684574,
    -0.09303542226552963,
    -0.03243862837553024,
    -0.06631656736135483,
    0.0888863205909729,
    -0.025617025792598724,
    -0.05981924384832382,
    0.04590705409646034,
    -0.022639200091362,
    -0.028424261137843132,
    -0.023540375754237175,
    -0.04030897468328476,
    0.09229335933923721,
    0.03715036064386368,
    0.031649503856897354,
    0.025941908359527588
]