[
    0.0008902967092581093,
    -0.016121340915560722,
    -0.03786875307559967,
    -0.08818554878234863,
    -0.008931553922593594,
    0.09619113057851791,
    0.01295393891632557,
    0.005086021032184362,
    -0.07049936801195145,
    -0.016219181939959526,
    -0.012744455598294735,
    0.024564571678638458,
    0.03423925116658211,
    0.0007543180254288018,
    0.12127450853586197,
    0.008497397415339947,
    0.0849262923002243,
    0.043928973376750946,
    -0.06998422741889954,
    0.0898829773068428,
    0.0623493567109108,
    0.07590112835168839,
    -0.07451118528842926,
    0.004310694057494402,
    -0.05911700055003166,
    -0.009654298424720764,
    -0.029881756752729416,
    -0.06444104015827179,
    0.011713114567101002,
    0.007213776931166649,
    0.009291949681937695,
    0.030499707907438278,
    0.04900187999010086,
    0.07646206021308899,
    0.010573159903287888,
    -0.05205473303794861,
    0.0035501127131283283,
    0.0019378603901714087,
    0.02177768014371395,
    -0.007334791589528322,
    -0.06164275109767914,
    -0.029694583266973495,
    -0.06265360116958618,
    0.024424821138381958,
    -0.005568429362028837,
    0.01506995689123869,
    -0.0597996860742569,
    -0.07054126262664795,
    -0.011602560989558697,
    -0.006101095117628574,
    -0.07874862104654312,
    -0.017146527767181396,
    -0.02310473844408989,
    0.08716294169425964,
    -0.019650669768452644,
    -0.025734510272741318,
    0.019558418542146683,
    0.05630875378847122,
    -0.03870800882577896,
    0.008902575820684433,
    0.018611852079629898,
    -0.024558095261454582,
    0.0061168670654296875,
    0.030769631266593933,
    -0.050307080149650574,
    0.014786123298108578,
    -0.041019830852746964,
    -0.0233288686722517,
    0.011478998698294163,
    0.04495009034872055,
    -0.07498683780431747,
    0.028802555054426193,
    -0.006334270350635052,
    0.018517693504691124,
    -0.08326481282711029,
    -0.05043809115886688,
    -0.003064961638301611,
    0.05053328722715378,
    0.0035807008389383554,
    -0.13118243217468262,
    -0.07995116710662842,
    0.014986081048846245,
    -0.013733918778598309,
    0.027484280988574028,
    -0.04575891047716141,
    -0.0071503883227705956,
    -0.006212607026100159,
    -0.07393389195203781,
    -0.035914741456508636,
    0.03161529079079628,
    0.01930541731417179,
    -0.0924571081995964,
    0.16252285242080688,
    -0.0863599106669426,
    0.07010738551616669,
    -0.038050245493650436,
    0.009772440418601036,
    -0.06797797232866287,
    0.022092193365097046,
    -0.06748849898576736,
    -0.04252079874277115,
    0.014195842668414116,
    0.01758924312889576,
    -0.026518678292632103,
    -0.07580149173736572,
    -0.01550610177218914,
    0.021668566390872,
    0.020148329436779022,
    0.007340688724070787,
    0.01605319231748581,
    0.00725506991147995,
    -0.016990622505545616,
    -0.0511382631957531,
    -0.054304491728544235,
    0.05527695640921593,
    -0.0411340706050396,
    0.043292365968227386,
    0.07014352828264236,
    0.030303645879030228,
    -0.01791132241487503,
    -0.012272430583834648,
    0.03314931318163872,
    -0.008628790266811848,
    -0.05310985818505287,
    -0.0007956585031934083,
    0.0014609433710575104,
    -0.01742662861943245,
    1.4318673177479268e-32,
    -0.041026826947927475,
    -0.022403836250305176,
    -0.12988419830799103,
    0.10347242653369904,
    -0.011514321900904179,
    -0.022406959906220436,
    0.05727025121450424,
    -0.009403858333826065,
    -0.029602281749248505,
    0.08300863951444626,
    0.001963434275239706,
    0.06366734951734543,
    0.0006163291400298476,
    0.06440448015928268,
    -0.03401489928364754,
    0.002782268449664116,
    -0.018729139119386673,
    0.04874935746192932,
    0.009231556206941605,
    0.025059226900339127,
    0.055156558752059937,
    0.015010004863142967,
    0.04653855785727501,
    -0.02130994386970997,
    -0.030751340091228485,
    -0.025934597477316856,
    0.04890204593539238,
    -0.024714242666959763,
    -0.04054173082113266,
    0.003425269154831767,
    0.03878042846918106,
    0.02336587943136692,
    0.056588638573884964,
    -0.040597159415483475,
    0.05443626642227173,
    0.08148525655269623,
    0.10760045051574707,
    -0.03815174847841263,
    0.059405501931905746,
    -0.13654875755310059,
    -0.050635479390621185,
    0.0011122013675048947,
    0.0344034880399704,
    0.04441673308610916,
    0.08602625876665115,
    0.005463874898850918,
    -0.017177995294332504,
    0.04820140078663826,
    0.08136539906263351,
    0.05169232189655304,
    -0.05435682460665703,
    0.012163340114057064,
    0.05708784982562065,
    -0.03770207241177559,
    -0.03957275673747063,
    -0.04012259468436241,
    -0.08022450655698776,
    0.05157618969678879,
    -0.08231685310602188,
    -0.0018428702605888247,
    -0.031733568757772446,
    -0.0003081328177358955,
    0.03939463570713997,
    0.0010923522058874369,
    -0.001118797343224287,
    -0.017232922837138176,
    -0.01205659843981266,
    0.02535989135503769,
    0.00971882976591587,
    0.009614112786948681,
    -0.05401516705751419,
    0.04921816289424896,
    0.027495497837662697,
    -0.014820490032434464,
    0.03634259104728699,
    -0.029683392494916916,
    0.030827149748802185,
    -0.031161481514573097,
    0.023832805454730988,
    -0.0030386964790523052,
    -0.12041111290454865,
    0.022317398339509964,
    0.028649158775806427,
    0.020738257095217705,
    0.0005209578666836023,
    0.04936531186103821,
    0.07900355756282806,
    0.012205690145492554,
    -0.03353504464030266,
    -0.06390198320150375,
    0.024025041610002518,
    -0.032543957233428955,
    0.04559145122766495,
    0.0700446143746376,
    0.01719873771071434,
    -1.5585932494798497e-32,
    -0.012542661279439926,
    -0.026038404554128647,
    -0.039718132466077805,
    0.01554024126380682,
    0.005037716124206781,
    0.0017292738193646073,
    -0.06333111226558685,
    -0.06458403170108795,
    0.029769308865070343,
    0.04453010484576225,
    0.013924002647399902,
    -0.03410942852497101,
    -0.05939288064837456,
    -0.014639101922512054,
    -0.05424491688609123,
    -0.0524723120033741,
    -0.08191173523664474,
    -0.04458046704530716,
    0.047636978328228,
    0.10551737248897552,
    0.0037136701866984367,
    0.013563302345573902,
    0.014417188242077827,
    0.08870694041252136,
    0.07716307044029236,
    0.022892151027917862,
    -0.012204763479530811,
    0.014243196696043015,
    0.09650643169879913,
    -0.01842026226222515,
    0.0156182199716568,
    -0.047057732939720154,
    -0.01744947023689747,
    0.009737929329276085,
    -0.10760803520679474,
    -0.17233161628246307,
    0.09892688691616058,
    -0.1028255894780159,
    -0.015064400620758533,
    -0.10822678357362747,
    0.04918399825692177,
    0.04502301663160324,
    -0.009830580092966557,
    0.008078288286924362,
    -0.006703266408294439,
    -0.04945153370499611,
    0.026434408500790596,
    0.004748629406094551,
    -0.05504406988620758,
    -0.01965704746544361,
    0.07491284608840942,
    -0.054344844073057175,
    -0.015355797484517097,
    0.0035016427282243967,
    -0.011688106693327427,
    0.007486642803996801,
    0.05464699864387512,
    -0.0007055029273033142,
    -0.08993105590343475,
    -0.03432246670126915,
    0.045782558619976044,
    0.08452819287776947,
    -0.00040991607238538563,
    0.07547265291213989,
    0.07255692780017853,
    -0.07345864921808243,
    -0.08481913059949875,
    -0.08537210524082184,
    -0.019088823348283768,
    -0.06256340444087982,
    -0.09977299720048904,
    -0.13547375798225403,
    -0.03832774981856346,
    -0.012910286895930767,
    0.049622971564531326,
    -0.0485893189907074,
    0.019207706674933434,
    -0.04314348101615906,
    -0.04979131743311882,
    0.015715641900897026,
    0.07320789247751236,
    0.053184203803539276,
    -0.10660649091005325,
    -0.007324280217289925,
    -0.00381185463629663,
    0.09037736058235168,
    -0.03513425961136818,
    0.0471581369638443,
    0.035708650946617126,
    0.07284869998693466,
    -0.09484191983938217,
    -0.02637450024485588,
    0.01296372152864933,
    0.021033398807048798,
    -0.0753675103187561,
    -4.55786732800334e-08,
    0.03846186026930809,
    0.12409422546625137,
    -0.047170739620923996,
    -0.009861435741186142,
    -0.07776852697134018,
    -0.02425309084355831,
    -0.06381855905056,
    -8.469022577628493e-05,
    -0.04350990056991577,
    -0.0879880040884018,
    0.038567401468753815,
    0.052305493503808975,
    -0.029347416013479233,
    -0.06633344292640686,
    0.006823008880019188,
    -0.06975239515304565,
    -0.062436264008283615,
    -0.011750145815312862,
    -0.03795425593852997,
    0.08149001747369766,
    -0.006893784739077091,
    -0.03904884308576584,
    -0.0920388251543045,
    0.059099387377500534,
    0.00761826615780592,
    0.05609205737709999,
    -0.022865811362862587,
    0.07391226291656494,
    0.04424222558736801,
    0.0067981393076479435,
    0.0009776250226423144,
    0.006198552902787924,
    -0.010997659526765347,
    -0.01880486123263836,
    -0.02739805355668068,
    -0.016234159469604492,
    0.001805601641535759,
    0.01616067998111248,
    0.10239145904779434,
    0.01995704136788845,
    -0.02890537679195404,
    -0.04308120161294937,
    0.039330996572971344,
    0.04785992577672005,
    -0.08267904072999954,
    -0.04660312458872795,
    -0.06261506676673889,
    0.005045122466981411,
    0.04509131237864494,
    -0.07319856435060501,
    -0.061053648591041565,
    -0.028332887217402458,
    0.016460318118333817,
    -0.009957633912563324,
    -0.03466574847698212,
    0.0695955902338028,
    0.03163120150566101,
    -0.011974827386438847,
    -0.014086732640862465,
    -0.029437733814120293,
    0.13643665611743927,
    0.03504052013158798,
    -0.025385094806551933,
    0.0026881040539592505
]