[
    -0.010050809010863304,
    -0.005864613689482212,
    -0.01503951195627451,
    -0.07185918092727661,
    -0.009850275702774525,
    -0.007661971729248762,
    0.0018279353389516473,
    -0.0452347993850708,
    -0.03292052820324898,
    0.06331609189510345,
    -0.01978910155594349,
    -0.04103735834360123,
    -0.016419552266597748,
    0.0015955843264237046,
    0.07599590718746185,
    0.0740516185760498,
    0.05630071088671684,
    0.06248457357287407,
    -0.1010996401309967,
    0.0015659639611840248,
    0.010366241447627544,
    0.0006441393634304404,
    -0.03068385273218155,
    -0.0322096012532711,
    -0.1289605349302292,
    -0.03861996904015541,
    -0.012856500223279,
    -0.07192391157150269,
    0.07863259315490723,
    -0.08540965616703033,
    -0.004965318366885185,
    0.020439470186829567,
    0.08186376094818115,
    0.03529365733265877,
    -0.012147776782512665,
    -0.043429069221019745,
    0.029952410608530045,
    -0.014310426078736782,
    0.062041375786066055,
    -0.00396031653508544,
    0.013382107019424438,
    -0.0017704603960737586,
    -0.026234213262796402,
    -0.0601000040769577,
    -0.009392588399350643,
    0.0290924571454525,
    -0.007426286116242409,
    -0.018946107476949692,
    -0.03365825116634369,
    0.015335739590227604,
    -0.0891398936510086,
    -0.054720062762498856,
    -0.004827019292861223,
    0.05958947539329529,
    -0.01568981260061264,
    0.015388811938464642,
    0.018598981201648712,
    0.04709847271442413,
    -0.015491980127990246,
    -0.02268930710852146,
    0.024959055706858635,
    -0.016720270738005638,
    -0.05994509533047676,
    0.07595598697662354,
    -0.05572172999382019,
    0.02185310423374176,
    -0.0032684931065887213,
    -0.03246458247303963,
    0.048767171800136566,
    -0.04216136038303375,
    -0.040807127952575684,
    0.03761227801442146,
    0.05377642810344696,
    0.009389400482177734,
    -0.05593252182006836,
    -0.03869234398007393,
    -0.03229188919067383,
    -0.03125876933336258,
    0.06156960129737854,
    -0.056211311370134354,
    -0.0960279181599617,
    0.005447654984891415,
    -0.05439666286110878,
    -0.010293900966644287,
    -0.05288495123386383,
    -0.019709596410393715,
    -0.02227870002388954,
    -0.036559902131557465,
    -0.02273203805088997,
    0.030780090019106865,
    0.06747478991746902,
    -0.09783339500427246,
    0.0280421394854784,
    -0.07257954031229019,
    0.0384160615503788,
    0.023066075518727303,
    0.01555177103728056,
    0.03616918995976448,
    0.07218362390995026,
    -0.011145214550197124,
    0.034082818776369095,
    0.05107886344194412,
    -0.028955649584531784,
    -0.009171133860945702,
    -0.012960588559508324,
    -0.06438910216093063,
    -0.010557877831161022,
    -0.035689931362867355,
    0.008343580178916454,
    0.019672829657793045,
    0.0010571391321718693,
    -0.007149551995098591,
    -0.04352479800581932,
    -0.04057685658335686,
    0.07525856792926788,
    0.017363887280225754,
    -0.015219641849398613,
    0.08793170750141144,
    -0.028079675510525703,
    -0.007326589431613684,
    -0.011540577746927738,
    0.058300990611314774,
    -0.008529219776391983,
    -0.058413561433553696,
    0.042284224182367325,
    0.0013996718917042017,
    -0.007808985188603401,
    1.7089566093652826e-32,
    -0.04445187747478485,
    -0.05050942674279213,
    -0.110966257750988,
    0.01172975730150938,
    0.06851054728031158,
    -0.0028212156612426043,
    -0.037187397480010986,
    0.006325701717287302,
    -0.03579435870051384,
    0.04616647958755493,
    -0.02707124501466751,
    0.05279286205768585,
    0.007694766856729984,
    -0.09856433421373367,
    -0.0479375459253788,
    0.051128700375556946,
    -0.08419393002986908,
    0.057000014930963516,
    -0.05587322264909744,
    0.029161890968680382,
    0.02250664122402668,
    -0.05368779972195625,
    -0.001825353130698204,
    0.055829454213380814,
    0.0025256015360355377,
    -0.03783237934112549,
    0.09795510023832321,
    -0.016865724697709084,
    0.011302048340439796,
    0.007429796736687422,
    0.0372009240090847,
    -0.02071375586092472,
    0.018880465999245644,
    0.03660549223423004,
    0.09852573275566101,
    0.10777027904987335,
    0.012123065069317818,
    -0.01930522732436657,
    0.08401056379079819,
    -0.09926486015319824,
    -0.0686054676771164,
    -0.03398527204990387,
    0.030372440814971924,
    -0.02301655150949955,
    -0.036255985498428345,
    -0.0003415208775550127,
    -0.08368756622076035,
    -0.03245554491877556,
    0.09770670533180237,
    0.059956274926662445,
    0.027681944891810417,
    -0.054794177412986755,
    0.07331034541130066,
    -0.01641770638525486,
    0.05173100158572197,
    0.013193225488066673,
    -0.02110198140144348,
    0.059329815208911896,
    -0.032570842653512955,
    0.04126405715942383,
    -0.013180695474147797,
    0.05149390920996666,
    -0.037555716931819916,
    0.07069090753793716,
    -0.04783216491341591,
    -0.04616142064332962,
    -0.04947888106107712,
    -0.06648585945367813,
    0.06812511384487152,
    -0.07329588383436203,
    -0.05101190134882927,
    0.05211945250630379,
    -0.030168017372488976,
    0.031152786687016487,
    -0.044076792895793915,
    -0.02869681641459465,
    -0.037040792405605316,
    -0.03215999901294708,
    0.010059325024485588,
    0.004292332101613283,
    -0.07899998128414154,
    -0.019306186586618423,
    0.03617742285132408,
    0.04040452092885971,
    0.04340668395161629,
    -0.027152342721819878,
    -0.03088066540658474,
    -0.0015491512604057789,
    0.028441984206438065,
    -0.046996522694826126,
    0.04138052091002464,
    0.025569302961230278,
    -0.01911507360637188,
    0.06416496634483337,
    0.011267085559666157,
    -1.7557714065707495e-32,
    -0.001391251222230494,
    -0.021256644278764725,
    -0.04037909954786301,
    0.025605425238609314,
    0.034756239503622055,
    0.03656921908259392,
    -0.07250722497701645,
    -0.10296794772148132,
    0.06058543920516968,
    -0.04769383743405342,
    -0.04001516476273537,
    -0.01815590262413025,
    -0.005350397899746895,
    0.02262863703072071,
    -0.06663547456264496,
    -0.07853512465953827,
    -0.03266287222504616,
    -0.013519569300115108,
    0.03412158414721489,
    0.053997065871953964,
    0.04967747628688812,
    -0.016548780724406242,
    -0.04186086356639862,
    0.05389558896422386,
    -0.02327161282300949,
    -0.035010021179914474,
    -0.04630102962255478,
    -0.06206413358449936,
    0.08482610434293747,
    0.07713284343481064,
    -0.03156110644340515,
    -0.045734573155641556,
    -0.08365597575902939,
    0.0782085433602333,
    -0.08388478308916092,
    -0.14011861383914948,
    0.16343508660793304,
    -0.0488179549574852,
    -0.04272271320223808,
    -0.010001295246183872,
    0.02583855763077736,
    0.08309712260961533,
    0.02358226105570793,
    -0.053306154906749725,
    0.004543188028037548,
    -0.023580357432365417,
    0.07223234325647354,
    0.012309083715081215,
    -0.05905502662062645,
    -0.08796802163124084,
    0.04127809777855873,
    -0.06003200635313988,
    0.049810267984867096,
    0.024756597355008125,
    -0.009193248115479946,
    0.09465819597244263,
    0.028989505022764206,
    -0.030043596401810646,
    -0.02727448381483555,
    -0.011905590072274208,
    0.06118758022785187,
    0.10473962873220444,
    -0.01712648943066597,
    0.07147066295146942,
    0.021303005516529083,
    0.005782460328191519,
    -0.02891993336379528,
    0.021615618839859962,
    -0.03541317582130432,
    -0.03492007404565811,
    0.011629616841673851,
    -0.12819316983222961,
    -0.10894853621721268,
    -0.053808655589818954,
    0.1019815132021904,
    0.038672007620334625,
    -0.05115808546543121,
    -0.1030970960855484,
    -0.10236722975969315,
    0.03147101402282715,
    -0.010935646481812,
    0.02682855911552906,
    -0.053697291761636734,
    0.07168081402778625,
    0.013750124722719193,
    0.0815097987651825,
    0.04773219674825668,
    -0.04871034249663353,
    0.039241209626197815,
    0.055798716843128204,
    -0.05016471818089485,
    0.0044607920572161674,
    -0.009532622992992401,
    0.0078116413205862045,
    -0.07558368146419525,
    -5.001046687880262e-08,
    -0.0639832615852356,
    -0.005689575336873531,
    0.0033626731019467115,
    -0.025754356756806374,
    -0.04252422973513603,
    -0.019396964460611343,
    -0.07138708978891373,
    0.014044685289263725,
    -0.06241975724697113,
    -0.040654923766851425,
    0.0471816286444664,
    0.006145453080534935,
    -0.0546456053853035,
    0.015806883573532104,
    0.07219982147216797,
    -0.024949591606855392,
    -0.002491028979420662,
    0.034229084849357605,
    -0.0495358482003212,
    -0.003394443541765213,
    0.006975788623094559,
    -0.07970954477787018,
    -0.02314019575715065,
    0.09602735191583633,
    0.025270452722907066,
    0.024866601452231407,
    0.0024607025552541018,
    0.10672612488269806,
    -0.015896979719400406,
    0.08328380435705185,
    -0.03357016295194626,
    0.06481996923685074,
    0.029832178726792336,
    -0.09062352776527405,
    0.01798268035054207,
    -0.01982247829437256,
    -0.012057121843099594,
    0.011356556788086891,
    0.06966804713010788,
    0.024937694892287254,
    -0.06741932034492493,
    -0.03379780799150467,
    0.09283612668514252,
    0.07517669349908829,
    0.012987089343369007,
    -0.008626265451312065,
    -0.02783617191016674,
    0.04423999786376953,
    0.03300536051392555,
    -0.07012172043323517,
    0.0038961702957749367,
    -0.06485705077648163,
    0.0052262526005506516,
    -0.03042720817029476,
    -0.016319110989570618,
    0.0677390992641449,
    0.09000684320926666,
    0.03886803239583969,
    -0.03849564865231514,
    -0.07411281019449234,
    0.155050128698349,
    0.14488191902637482,
    0.073568195104599,
    -0.0070807430893182755
]