[
    -0.04221506044268608,
    0.05080118030309677,
    -0.06294061243534088,
    -0.01607627421617508,
    -0.047555822879076004,
    0.07605959475040436,
    0.059235598891973495,
    -0.028739243745803833,
    -0.015798619017004967,
    0.0760861188173294,
    0.060220979154109955,
    -0.06005048379302025,
    -0.011506130918860435,
    0.027492547407746315,
    -0.028334124013781548,
    -0.03958980366587639,
    0.038662370294332504,
    0.04517905414104462,
    -0.08028723299503326,
    0.04139254614710808,
    0.12186390161514282,
    0.06127104163169861,
    -0.09112540632486343,
    0.048062097281217575,
    -0.060396306216716766,
    -0.03980112075805664,
    -0.043997716158628464,
    0.018141278997063637,
    0.08233132213354111,
    -0.08058413863182068,
    -0.024255812168121338,
    0.03276377171278,
    0.011155828833580017,
    0.06112079322338104,
    -0.030864667147397995,
    0.001046636956743896,
    0.054567787796258926,
    -0.05548180639743805,
    -0.009451519697904587,
    -0.006944084540009499,
    -0.023518754169344902,
    0.014736846089363098,
    -0.04969770461320877,
    -0.023878222331404686,
    0.04574304819107056,
    0.02078964374959469,
    -5.366117329685949e-05,
    -0.03673543035984039,
    -0.11252608895301819,
    -0.025974079966545105,
    -0.027315804734826088,
    -0.004554093815386295,
    -0.01558427233248949,
    0.06895188242197037,
    -0.031043505296111107,
    -0.04268866032361984,
    0.030759388580918312,
    -0.021440036594867706,
    -0.02691006287932396,
    -0.03812802955508232,
    0.03660915046930313,
    -0.06021910905838013,
    -0.009305150248110294,
    0.02621489018201828,
    -0.027416570112109184,
    0.047784626483917236,
    -0.01407124474644661,
    -0.05259396508336067,
    0.022250719368457794,
    0.03186393156647682,
    -0.08981963992118835,
    -0.06740490347146988,
    0.007399752736091614,
    -0.009406276978552341,
    -0.014853092841804028,
    0.014929577708244324,
    -0.04615647718310356,
    0.06158243864774704,
    0.016305280849337578,
    -0.118372343480587,
    0.018012840300798416,
    -0.03869949281215668,
    0.029958080500364304,
    0.014312265440821648,
    -0.03403780236840248,
    -0.017822325229644775,
    -0.036958832293748856,
    -0.04654060676693916,
    0.08843890577554703,
    0.006520833820104599,
    0.10724808275699615,
    -0.010001784190535545,
    0.10603310167789459,
    -0.08299242705106735,
    -0.00490302499383688,
    -0.01490104291588068,
    -0.0020518354140222073,
    -0.10420282930135727,
    0.003057846101000905,
    -0.025426574051380157,
    0.04920344054698944,
    0.05192345753312111,
    -0.05167580395936966,
    -0.027797870337963104,
    0.021357450634241104,
    -0.041475359350442886,
    0.038604311645030975,
    -0.026169005781412125,
    0.007293737027794123,
    0.009216331876814365,
    -0.008816268295049667,
    0.050166208297014236,
    -0.008285549469292164,
    -0.06214291229844093,
    0.04084348306059837,
    0.06432464718818665,
    -0.006810056511312723,
    0.05399292707443237,
    0.06760609149932861,
    -0.031022168695926666,
    -0.0553666390478611,
    0.025907378643751144,
    -0.02719046175479889,
    -0.11373254656791687,
    0.02509135566651821,
    0.021285057067871094,
    -0.02833082713186741,
    1.79375324535055e-32,
    -0.016781724989414215,
    -0.057751916348934174,
    -0.11913791298866272,
    -0.02525424398481846,
    -0.03549414873123169,
    -0.04453667253255844,
    0.014348670840263367,
    0.0521213635802269,
    -0.0824822336435318,
    0.08645283430814743,
    -0.002102642087265849,
    -0.059960007667541504,
    0.0023419682402163744,
    0.05134343355894089,
    0.02521534450352192,
    0.05483674257993698,
    -0.027461664751172066,
    0.043193019926548004,
    0.03287971392273903,
    0.05538430064916611,
    0.05563375726342201,
    -0.03180935978889465,
    0.0474524050951004,
    -0.06801334768533707,
    -0.005849956534802914,
    0.018973128870129585,
    -0.02351694367825985,
    -0.03763432055711746,
    -0.008658843114972115,
    -0.004446662496775389,
    0.040180906653404236,
    0.11602432280778885,
    0.11433786898851395,
    -0.008101196028292179,
    -0.0005073288921266794,
    0.08288432657718658,
    0.00949863251298666,
    -0.02264413982629776,
    0.07070739567279816,
    -0.06960976868867874,
    -0.050904128700494766,
    0.04425301402807236,
    -0.009150191210210323,
    0.06091275438666344,
    0.039241500198841095,
    -0.04749034345149994,
    0.03384433314204216,
    -0.03998059779405594,
    0.05533966049551964,
    0.06118844076991081,
    -0.026749959215521812,
    -0.006659410428255796,
    0.05846533179283142,
    -0.020935066044330597,
    -0.05315448343753815,
    -0.03857468068599701,
    -0.04942919313907623,
    0.030983271077275276,
    -0.10066340118646622,
    0.004808247555047274,
    0.005146580282598734,
    -0.03926997259259224,
    -0.06717219948768616,
    -0.00913420133292675,
    0.008407393470406532,
    -0.02003735676407814,
    -0.06629714369773865,
    0.04521101340651512,
    0.004786855075508356,
    -0.01978488080203533,
    -0.07863954454660416,
    0.005854343995451927,
    0.0011238697916269302,
    -0.02672973833978176,
    -0.018939096480607986,
    -0.04211236163973808,
    0.03315674513578415,
    -0.04375779628753662,
    0.024455443024635315,
    -0.03170926496386528,
    -0.06391596049070358,
    -0.017143160104751587,
    0.08288823813199997,
    -0.024361787363886833,
    0.002266785828396678,
    -0.04450046643614769,
    0.0981149673461914,
    0.024554120376706123,
    0.022692207247018814,
    -0.05986788123846054,
    -0.01023205928504467,
    0.022628672420978546,
    0.008747152052819729,
    0.09572521597146988,
    0.06424637138843536,
    -1.8581175854666182e-32,
    0.039840567857027054,
    -0.0046404143795371056,
    -0.09796462208032608,
    0.07712253928184509,
    -0.0019513857550919056,
    0.033889614045619965,
    -0.09077025949954987,
    -0.0935787782073021,
    0.019841307774186134,
    -0.050529591739177704,
    -0.05421417951583862,
    -0.0819103866815567,
    -0.004403463564813137,
    0.0379788875579834,
    0.016549725085496902,
    -0.13344529271125793,
    -0.0753098577260971,
    -0.018837997689843178,
    0.007677540183067322,
    0.028287256136536598,
    0.05956299602985382,
    -0.049539122730493546,
    0.006646918132901192,
    0.04135754704475403,
    -0.07032173126935959,
    -0.02308133989572525,
    -0.011237948201596737,
    -0.10894911736249924,
    0.0560949370265007,
    0.07797589153051376,
    0.022927772253751755,
    -0.00273145386017859,
    -0.028453854843974113,
    0.06690040230751038,
    -0.0741676390171051,
    -0.15925760567188263,
    0.024024641141295433,
    -0.025416450574994087,
    -0.013724995777010918,
    0.0034317050594836473,
    0.009651130065321922,
    0.054708030074834824,
    -0.05823260173201561,
    -0.04797044023871422,
    0.015343373641371727,
    -0.07280612736940384,
    0.06066002696752548,
    -0.02395542524755001,
    -0.013492191210389137,
    -0.03503258526325226,
    0.057075921446084976,
    -0.07058318704366684,
    0.018414508551359177,
    0.055956535041332245,
    -0.038593679666519165,
    0.05221923440694809,
    0.11275355517864227,
    -0.05294051393866539,
    0.021598057821393013,
    0.07342338562011719,
    0.053186386823654175,
    0.049810852855443954,
    0.013067991472780704,
    0.07818583399057388,
    0.0707034096121788,
    0.017683183774352074,
    0.005763514898717403,
    -0.04538063704967499,
    0.035690151154994965,
    -0.025605620816349983,
    -0.061259541660547256,
    -0.07138916105031967,
    -0.023343712091445923,
    0.0008816124754957855,
    0.08113878220319748,
    -0.052939239889383316,
    -0.03281564638018608,
    -0.0644603967666626,
    -0.06960738450288773,
    0.0019491490675136447,
    0.06025250256061554,
    0.015569810755550861,
    0.00026670366059988737,
    0.04566537216305733,
    -0.019357046112418175,
    -0.02326205186545849,
    -0.0019940922502428293,
    -0.01985570415854454,
    0.0315227136015892,
    0.05420410633087158,
    -0.043021660298109055,
    0.002782524796202779,
    -0.00232652947306633,
    -0.04389778897166252,
    -0.053739745169878006,
    -5.412387693581877e-08,
    -0.09998475015163422,
    0.015403755940496922,
    -0.04462901130318642,
    0.026140818372368813,
    -0.0624324269592762,
    0.018139928579330444,
    -0.013843067921698093,
    -0.014901832677423954,
    -0.06228889897465706,
    -0.08266033232212067,
    0.08495911955833435,
    0.04910559952259064,
    -0.003486118046566844,
    -0.015219684690237045,
    0.002797557972371578,
    -0.029162906110286713,
    -0.034604720771312714,
    0.04825478419661522,
    -0.06363040953874588,
    0.15229062736034393,
    -0.015141737647354603,
    -0.06825637817382812,
    -0.02156679704785347,
    -0.04248281568288803,
    0.03059512935578823,
    -0.02453630603849888,
    0.06014002487063408,
    0.20795732736587524,
    0.0869322344660759,
    0.030001958832144737,
    0.004476344212889671,
    0.011021275073289871,
    0.0528351254761219,
    -0.037572916597127914,
    -0.04959134757518768,
    0.0408051535487175,
    -0.02906244620680809,
    0.025085927918553352,
    0.0375477559864521,
    0.044827528297901154,
    -0.020455725491046906,
    -0.012812362052500248,
    -0.011310597881674767,
    0.013457339257001877,
    0.07094265520572662,
    -0.0222855806350708,
    -0.09810678660869598,
    0.012307976372539997,
    0.02792981080710888,
    -0.04223096743226051,
    -0.007345753721892834,
    -0.019974777474999428,
    0.025934599339962006,
    0.06830134987831116,
    -0.01624760776758194,
    -0.04745079576969147,
    0.011876875534653664,
    0.009432646445930004,
    -0.046973105520009995,
    -0.03523580729961395,
    0.1175689622759819,
    0.030269408598542213,
    0.034729719161987305,
    -0.06482081860303879
]