[
    -0.04252881556749344,
    0.02086496539413929,
    -0.0022484678775072098,
    -0.04344811290502548,
    -0.04443400353193283,
    0.05684715136885643,
    -0.028269849717617035,
    -0.03040206991136074,
    -0.024505743756890297,
    0.028405431658029556,
    0.00017511432815808803,
    -0.07949212938547134,
    -0.00797219667583704,
    0.006404811050742865,
    0.04444565996527672,
    0.019091717898845673,
    0.061355024576187134,
    0.02529727853834629,
    -0.08023296296596527,
    -0.006883218418806791,
    0.05156366154551506,
    0.06049284711480141,
    -0.037397533655166626,
    0.0009897836716845632,
    -0.10434947162866592,
    -0.032345328480005264,
    -0.02500135265290737,
    -0.054053548723459244,
    0.04929262399673462,
    -0.07641203701496124,
    0.04145723581314087,
    0.036920055747032166,
    0.04656518995761871,
    0.04615376889705658,
    -0.053751010447740555,
    -0.029080234467983246,
    0.018659159541130066,
    -0.0711502730846405,
    0.01054832711815834,
    -0.0872052013874054,
    -0.05595362186431885,
    -0.028478849679231644,
    -0.04809889197349548,
    -0.02949782833456993,
    -0.024013828486204147,
    -0.018058765679597855,
    -0.004521625582128763,
    -0.02435845509171486,
    -0.04802398756146431,
    -0.010917897336184978,
    -0.06460092961788177,
    -0.03270275518298149,
    0.030505774542689323,
    0.08449278771877289,
    -0.06020873039960861,
    -0.01954640820622444,
    -0.0001825256331358105,
    0.050403982400894165,
    -0.02133180759847164,
    -0.015406324528157711,
    -0.018702875822782516,
    -0.04173343628644943,
    -0.062106672674417496,
    0.04702834039926529,
    -0.06613311171531677,
    0.053943537175655365,
    -0.038629915565252304,
    -0.01871262677013874,
    0.07342130690813065,
    0.03794504329562187,
    -0.048977989703416824,
    0.04602440446615219,
    0.013609307818114758,
    -0.0034670678433030844,
    -0.029302366077899933,
    0.02166786789894104,
    -0.03237687051296234,
    0.012024340219795704,
    0.08018586784601212,
    -0.07793103158473969,
    -0.07431366294622421,
    0.00033703239751048386,
    -0.046310026198625565,
    0.008097270503640175,
    -0.025251924991607666,
    -0.0680079460144043,
    -0.021881895139813423,
    0.016169846057891846,
    0.015656469389796257,
    0.015183305367827415,
    0.08464942127466202,
    -0.03876897692680359,
    0.04283986613154411,
    -0.044330399483442307,
    0.045708175748586655,
    -0.00840260274708271,
    -0.005124921910464764,
    -0.019862502813339233,
    0.0723259299993515,
    0.021818170323967934,
    0.05822376534342766,
    0.030678270384669304,
    -0.06500878930091858,
    -0.09108707308769226,
    0.013741642236709595,
    -0.05786851420998573,
    -0.039244428277015686,
    -0.02100943587720394,
    -0.0476929247379303,
    0.0121762128546834,
    0.0066082351841032505,
    -0.03981740027666092,
    -0.014526489190757275,
    -0.05181165412068367,
    0.05293136090040207,
    0.04856811463832855,
    -0.014009593054652214,
    0.09173847734928131,
    0.029946014285087585,
    -0.025810906663537025,
    -0.02226910926401615,
    0.05662465840578079,
    -0.08204063028097153,
    -0.08828412741422653,
    0.04775020480155945,
    0.010493861511349678,
    -0.04272973909974098,
    2.3149074902932603e-32,
    -0.023297864943742752,
    -0.02453594282269478,
    -0.12423718720674515,
    -0.028811002150177956,
    0.03038455918431282,
    -0.03218701481819153,
    -0.039353981614112854,
    0.020918700844049454,
    -0.053377799689769745,
    0.0316586010158062,
    0.02557205781340599,
    -0.006387836765497923,
    0.03001491166651249,
    -0.08424270898103714,
    -0.037071630358695984,
    -0.01993471570312977,
    -0.01554103009402752,
    0.09301645308732986,
    -0.052362117916345596,
    0.027669865638017654,
    0.05620178207755089,
    -0.0429505854845047,
    0.04765614867210388,
    0.026030950248241425,
    0.017632372677326202,
    -0.06123965233564377,
    0.04383004456758499,
    -0.03801249712705612,
    -0.021336864680051804,
    -0.0150828268378973,
    0.050329435616731644,
    0.005575606599450111,
    0.02105609141290188,
    -0.002371399197727442,
    0.06766325235366821,
    0.10064448416233063,
    0.06507193297147751,
    -0.000605690001975745,
    0.090366892516613,
    -0.09574741125106812,
    -0.06704556196928024,
    -0.010086714290082455,
    -0.012701290659606457,
    -0.037371717393398285,
    0.04478079453110695,
    -0.02767079323530197,
    -0.04356374219059944,
    -0.03815925493836403,
    0.09121450781822205,
    0.07706035673618317,
    0.023065729066729546,
    0.006320701912045479,
    0.048219259828329086,
    0.009756645187735558,
    0.026356756687164307,
    -0.0036836364306509495,
    -0.06550039350986481,
    0.04159770905971527,
    -0.03533777594566345,
    0.01625514216721058,
    0.019794214516878128,
    0.02023826539516449,
    -0.023737497627735138,
    0.018560102209448814,
    -0.013972688466310501,
    -0.05392853543162346,
    -0.0555264875292778,
    -0.04399322718381882,
    0.047867439687252045,
    -0.0700620636343956,
    -0.017179571092128754,
    0.037098124623298645,
    0.03380301594734192,
    0.008957558311522007,
    -0.04454038292169571,
    -0.051350075751543045,
    0.016673272475600243,
    -0.01928146928548813,
    0.044386111199855804,
    -0.024521520361304283,
    -0.0846024826169014,
    0.023574473336338997,
    0.008979929611086845,
    0.05009443685412407,
    0.10581754893064499,
    -0.053251419216394424,
    0.0015580208273604512,
    -0.017914364114403725,
    -0.013943511992692947,
    -0.025892289355397224,
    0.020746735855937004,
    0.036541420966386795,
    -0.03992397338151932,
    0.04115167632699013,
    0.02379840612411499,
    -2.1528650062852326e-32,
    0.0018610613187775016,
    -0.035413119941949844,
    -0.06836561113595963,
    0.04208925738930702,
    0.07501435279846191,
    0.0698467493057251,
    -0.08031173795461655,
    -0.06343524158000946,
    0.09263712167739868,
    -0.018345879390835762,
    -0.05110994726419449,
    -0.06285956501960754,
    -0.0032238769344985485,
    0.031436048448085785,
    -0.05515627935528755,
    -0.0924835056066513,
    -0.0038798910100013018,
    -0.01257553230971098,
    0.053883835673332214,
    0.09594178199768066,
    0.056457679718732834,
    0.021224435418844223,
    -0.057874321937561035,
    0.07291188091039658,
    -0.01797289215028286,
    -0.010211208835244179,
    -0.008322134613990784,
    -0.05293646454811096,
    0.04358094558119774,
    0.036206308752298355,
    -0.07177697867155075,
    -0.07668513059616089,
    -0.1209501251578331,
    0.02418285235762596,
    -0.016981692984700203,
    -0.18060432374477386,
    0.143771231174469,
    -0.03726932778954506,
    -0.031003639101982117,
    0.033308178186416626,
    0.029673859477043152,
    0.0789579451084137,
    0.01500707771629095,
    -0.04706687107682228,
    -0.01717572845518589,
    -0.03624071925878525,
    0.033368561416864395,
    -0.025495389476418495,
    -0.04566999152302742,
    -0.07672614604234695,
    0.06104636937379837,
    -0.023234114050865173,
    0.03751857578754425,
    0.032886967062950134,
    -0.02822072245180607,
    0.03302937000989914,
    0.044771596789360046,
    -0.05425562709569931,
    -0.02500745840370655,
    0.02114626206457615,
    0.05403512716293335,
    0.09996899217367172,
    -0.026269452646374702,
    -0.0011249184608459473,
    0.09252863377332687,
    0.0012391643831506371,
    -0.051863137632608414,
    -0.048171717673540115,
    -0.015122361481189728,
    -0.048231158405542374,
    0.0380985252559185,
    -0.10448471456766129,
    -0.08707183599472046,
    -0.04880669713020325,
    0.16082750260829926,
    0.04165820777416229,
    -0.04021594673395157,
    -0.07086706161499023,
    -0.09609404951334,
    0.018307065591216087,
    0.04698851332068443,
    0.07245685905218124,
    -0.033991195261478424,
    0.07391303777694702,
    -0.007830864749848843,
    0.0763983204960823,
    0.04235265403985977,
    -0.0459304042160511,
    0.06049981713294983,
    0.10085073113441467,
    0.021986501291394234,
    -0.005928761791437864,
    0.027724655345082283,
    0.061351124197244644,
    -0.0542457140982151,
    -5.915039480441919e-08,
    -0.039054986089468,
    0.009179559536278248,
    0.001143255503848195,
    -0.03716209530830383,
    -0.008693475276231766,
    0.025685656815767288,
    0.01989712566137314,
    -0.0008670050301589072,
    -0.08769075572490692,
    -0.08650081604719162,
    0.06916532665491104,
    -0.03480811044573784,
    -0.010682286694645882,
    -0.02832125872373581,
    0.039999086409807205,
    -0.020839964970946312,
    -0.047175873070955276,
    0.0048895045183598995,
    -0.1013139933347702,
    -0.029925812035799026,
    0.005208570510149002,
    -0.03668709844350815,
    -0.06856253743171692,
    0.03677096590399742,
    0.01564635895192623,
    0.004330210387706757,
    0.0225369930267334,
    0.0950131043791771,
    0.005143571645021439,
    0.04965692758560181,
    -0.03301570564508438,
    0.04365488886833191,
    0.012983134016394615,
    -0.0933474451303482,
    -0.02134031429886818,
    -0.045692842453718185,
    -0.012925082817673683,
    0.00549205020070076,
    0.06325643509626389,
    0.03788452968001366,
    -0.06051154062151909,
    0.0502316914498806,
    0.07266177982091904,
    0.0542241632938385,
    0.05732952803373337,
    0.0035802379716187716,
    -0.0609365813434124,
    0.022986868396401405,
    -0.004743245895951986,
    -0.08331162482500076,
    -0.02559841237962246,
    -0.07954058796167374,
    0.04025401920080185,
    -0.0006535725551657379,
    -0.0005069360486231744,
    0.13766148686408997,
    0.10379590839147568,
    0.023207547143101692,
    -0.05546839162707329,
    -0.0345628522336483,
    0.14189012348651886,
    0.10978586971759796,
    0.014556210488080978,
    0.019222484901547432
]