[
    -0.06414066255092621,
    0.06234631687402725,
    -0.012007207609713078,
    -0.0722350999712944,
    0.01094954926520586,
    0.05407743528485298,
    0.024914130568504333,
    -0.05398189276456833,
    0.004222676157951355,
    0.020921846851706505,
    -0.026451971381902695,
    -0.021128376945853233,
    -0.013277562335133553,
    -0.08553232997655869,
    0.1059069111943245,
    -0.026975197717547417,
    0.03077397309243679,
    0.05174306035041809,
    -0.11751656234264374,
    0.06199978291988373,
    0.02743746154010296,
    0.10152591019868851,
    -0.039409007877111435,
    0.0039145187474787235,
    -0.11185503751039505,
    -0.00542396679520607,
    0.04314146190881729,
    -0.061871595680713654,
    0.022208405658602715,
    -0.020245186984539032,
    0.04673246666789055,
    0.012830226682126522,
    0.026704343035817146,
    0.13122786581516266,
    -0.02846781723201275,
    -0.031340792775154114,
    -0.04069903865456581,
    0.003942045848816633,
    -0.0796707347035408,
    0.04307892918586731,
    -0.03940018638968468,
    -0.03109772689640522,
    -0.03523474186658859,
    0.017350323498249054,
    0.033495813608169556,
    0.029606893658638,
    -0.06245473027229309,
    0.00984386820346117,
    0.011963755823671818,
    0.032556161284446716,
    -0.03677425906062126,
    -0.02583117038011551,
    -0.04315783828496933,
    0.06539123505353928,
    -0.049971431493759155,
    -0.0521659217774868,
    -0.03202110528945923,
    -0.010675754398107529,
    -0.07635660469532013,
    0.030063744634389877,
    0.0009979805909097195,
    0.0026890472508966923,
    0.01949239708483219,
    0.07145006209611893,
    -0.056887563318014145,
    0.047045521438121796,
    0.0024121387396007776,
    -0.008752328343689442,
    0.00819022674113512,
    -0.04917927458882332,
    -0.073158860206604,
    -0.025616617873311043,
    -0.005030354019254446,
    0.02919897437095642,
    -0.0004504405369516462,
    -0.004593784920871258,
    -0.028270188719034195,
    0.012269475497305393,
    0.055461205542087555,
    -0.11433861404657364,
    -0.0696246400475502,
    -0.0029676174744963646,
    0.01542759221047163,
    0.03359775245189667,
    -0.04935045540332794,
    0.011511645279824734,
    0.030404770746827126,
    -0.03518106788396835,
    -0.039038922637701035,
    -0.051683396100997925,
    0.06253782659769058,
    -0.0876162201166153,
    0.09699833393096924,
    -0.0034472565166652203,
    0.08889898657798767,
    0.006174834445118904,
    0.030739672482013702,
    -0.10048220306634903,
    0.028595948591828346,
    -0.06059112772345543,
    -0.05030735582113266,
    0.018315616995096207,
    0.005370244849473238,
    0.02797284536063671,
    -0.05919286981225014,
    -0.06832559406757355,
    0.058637239038944244,
    -0.00550119997933507,
    -0.012555972672998905,
    0.059953007847070694,
    0.029226329177618027,
    0.02095661498606205,
    -0.06067250296473503,
    -0.0972517877817154,
    0.07305066287517548,
    -0.05887104943394661,
    -0.03754765912890434,
    0.05243099108338356,
    0.0517176017165184,
    -0.04575507342815399,
    -0.05795850604772568,
    -0.02301323600113392,
    -0.03340888023376465,
    -0.09322439879179001,
    -0.014510462060570717,
    -0.0356440506875515,
    -0.03968660905957222,
    1.8628881823526366e-32,
    -0.017767485231161118,
    0.006507244426757097,
    -0.053266700357198715,
    0.012162553146481514,
    -0.026876702904701233,
    0.03421743959188461,
    0.039047736674547195,
    0.010540047660470009,
    -0.014170275069773197,
    0.10534688830375671,
    -0.024638283997774124,
    0.06711824983358383,
    -0.013574793934822083,
    -0.00039279251359403133,
    -0.028332386165857315,
    0.04224579036235809,
    -0.016725754365324974,
    0.095974400639534,
    0.017504947260022163,
    0.077483169734478,
    0.017189934849739075,
    -0.011177290230989456,
    0.008575309067964554,
    0.008846425451338291,
    -0.057471275329589844,
    0.05980021506547928,
    0.012850165367126465,
    -0.0582750104367733,
    0.0077559989877045155,
    0.024999385699629784,
    0.002166974591091275,
    0.028081156313419342,
    0.03641844913363457,
    -0.017800571396946907,
    0.02681395225226879,
    0.13811665773391724,
    0.014745772816240788,
    -0.036695536226034164,
    0.05989806354045868,
    -0.07564091682434082,
    -0.029198693111538887,
    -0.041434936225414276,
    0.056355323642492294,
    0.0038695987313985825,
    0.03696698695421219,
    -0.0053484393283724785,
    0.014699868857860565,
    -0.011518334038555622,
    0.03320404514670372,
    0.06213497743010521,
    -0.04932237043976784,
    0.017077947035431862,
    -0.014650760218501091,
    -0.07176070660352707,
    -0.006253302097320557,
    -0.036562561988830566,
    -0.04039415344595909,
    0.003291100263595581,
    -0.0964488834142685,
    0.070968858897686,
    -0.007088163867592812,
    0.060731176286935806,
    -0.005318052135407925,
    -0.055843327194452286,
    -0.01663239113986492,
    -0.058351315557956696,
    0.0044713132083415985,
    -0.0999966487288475,
    0.06567345559597015,
    -0.020323829725384712,
    -0.007872645743191242,
    0.09586713463068008,
    -0.001415796228684485,
    0.038855019956827164,
    -0.0018831038614735007,
    -0.018154190853238106,
    0.01717865839600563,
    0.009496861137449741,
    0.023262841627001762,
    0.03843621537089348,
    -0.06553960591554642,
    0.01014922559261322,
    0.024024879559874535,
    0.05327444523572922,
    -0.026753896847367287,
    0.024176208302378654,
    0.02655407413840294,
    0.05401386320590973,
    -0.060534317046403885,
    -0.049455754458904266,
    0.007798437494784594,
    0.023191358894109726,
    0.032039958983659744,
    0.04683346301317215,
    -0.009047484956681728,
    -1.974501224026419e-32,
    0.006465950980782509,
    -0.049664851278066635,
    -0.04754155874252319,
    -0.010070345364511013,
    0.06988895684480667,
    -0.027670999988913536,
    -0.03773127496242523,
    -0.04756779968738556,
    0.0393461249768734,
    0.01713404804468155,
    0.028920406475663185,
    -0.07293153554201126,
    -0.025502929463982582,
    -0.04829026758670807,
    -0.036054834723472595,
    -0.03066217340528965,
    -0.0701301097869873,
    -0.10801563411951065,
    -0.04378068447113037,
    0.10850983113050461,
    -0.029947204515337944,
    -0.02441784366965294,
    -0.018016109243035316,
    0.10998604446649551,
    0.06041225045919418,
    0.03859975188970566,
    -0.01728704944252968,
    -0.013244589790701866,
    0.14554394781589508,
    -0.037789758294820786,
    -0.019252054393291473,
    -0.035101670771837234,
    -0.07064678519964218,
    0.011301953345537186,
    -0.1150178536772728,
    -0.18313707411289215,
    0.07825756818056107,
    -0.03905046358704567,
    -0.023427309468388557,
    -0.07742241770029068,
    0.09026075154542923,
    -0.001977459993213415,
    -0.013538293540477753,
    -0.00010870205005630851,
    0.0002735910820774734,
    -0.030868373811244965,
    0.045013029128313065,
    0.018486550077795982,
    0.007344868965446949,
    0.0039703743532299995,
    0.0576096810400486,
    -0.021260511130094528,
    0.021534256637096405,
    0.007051987107843161,
    -0.04108152538537979,
    0.04277903586626053,
    0.012764619663357735,
    -0.03816515579819679,
    -0.050343263894319534,
    -0.024509873241186142,
    0.07455527037382126,
    0.08714679628610611,
    -0.02889281138777733,
    0.10230258107185364,
    -0.0116295600309968,
    -0.0008353142766281962,
    -0.012468982487916946,
    -0.06516678631305695,
    -0.04568455368280411,
    -0.07696062326431274,
    -0.09119059145450592,
    -0.10883206874132156,
    -0.06615284830331802,
    -0.09889458864927292,
    0.027302294969558716,
    -0.05782026797533035,
    -0.046159591525793076,
    -0.14005622267723083,
    -0.04691620543599129,
    0.0424262136220932,
    0.08538439124822617,
    -0.01648540236055851,
    -0.095911405980587,
    0.054080698639154434,
    0.02335236594080925,
    0.0038558398373425007,
    0.0410572811961174,
    -0.040209248661994934,
    -0.029486041516065598,
    0.08409937471151352,
    -0.08893276751041412,
    -0.0009172346326522529,
    -0.1049496978521347,
    0.048582058399915695,
    -0.06317855417728424,
    -5.355034460308161e-08,
    0.004704588558524847,
    0.10489033162593842,
    0.018913816660642624,
    -0.04262116551399231,
    -0.016707275062799454,
    -0.05299631133675575,
    -0.035064198076725006,
    -0.011101996526122093,
    0.0025756352115422487,
    -0.042392000555992126,
    0.025974180549383163,
    0.07809440791606903,
    -0.0277694258838892,
    0.03740484267473221,
    0.04819781333208084,
    -0.023632578551769257,
    -0.08899889886379242,
    -0.06426762789487839,
    -0.01909344643354416,
    0.05307575687766075,
    -0.03280329704284668,
    -0.05349835008382797,
    -0.07487209141254425,
    -0.013859921135008335,
    0.062494028359651566,
    0.04795148968696594,
    -0.0006673842435702682,
    0.053555671125650406,
    0.09588515758514404,
    0.03978591784834862,
    -0.030353400856256485,
    0.027157781645655632,
    -0.007793666794896126,
    0.01719975844025612,
    -0.04693850502371788,
    -0.04920922964811325,
    0.05941437929868698,
    -0.0219984482973814,
    0.029915863648056984,
    -0.015947841107845306,
    0.021733954548835754,
    0.02389967441558838,
    0.019458020105957985,
    0.08659287542104721,
    -0.013711373321712017,
    -0.04456193745136261,
    0.014346681535243988,
    0.013159014284610748,
    0.007193925324827433,
    -0.07648822665214539,
    -0.0617251843214035,
    -0.021067915484309196,
    0.10865907371044159,
    0.005787626840174198,
    -0.05066067725419998,
    0.08354184776544571,
    0.027011070400476456,
    -0.002125023864209652,
    -0.012031160295009613,
    0.024853626266121864,
    0.06929851323366165,
    -0.020924553275108337,
    0.04171070456504822,
    0.03385904058814049
]