[
    -0.09240667521953583,
    -0.013869562186300755,
    0.0040744999423623085,
    -0.10223672538995743,
    -0.0845019742846489,
    0.009365596808493137,
    -0.05960116162896156,
    0.004673477727919817,
    0.04739655554294586,
    0.023531930521130562,
    0.0016486975364387035,
    -0.03000061959028244,
    0.020804917439818382,
    0.0004324687470216304,
    0.0714733675122261,
    0.020624693483114243,
    0.11214891076087952,
    -0.004284413531422615,
    -0.019405771046876907,
    0.04340135678648949,
    0.035716716200113297,
    -0.007865507155656815,
    -0.06922435760498047,
    0.002910351613536477,
    -0.08439670503139496,
    -0.01741935685276985,
    -0.04671626538038254,
    -0.02953733503818512,
    0.06896792352199554,
    -0.10703549534082413,
    0.06575314700603485,
    0.02952011302113533,
    0.008647089824080467,
    0.027260025963187218,
    0.02689291723072529,
    0.003394870553165674,
    0.029772771522402763,
    -0.0578220933675766,
    0.05038192868232727,
    -0.0026965688448399305,
    -0.03690142184495926,
    -0.05798948183655739,
    -0.04504222795367241,
    -0.03614730387926102,
    0.00935797393321991,
    0.038765907287597656,
    0.005505888257175684,
    0.01700470596551895,
    -0.050986871123313904,
    0.004350739531219006,
    -0.04394009709358215,
    -0.043514691293239594,
    -0.023206107318401337,
    0.10705956816673279,
    -0.07083291560411453,
    -0.06548110395669937,
    0.024238094687461853,
    0.014591751620173454,
    -0.005336957983672619,
    -0.03270683437585831,
    -0.0036378426011651754,
    0.05796383321285248,
    -0.05943240970373154,
    0.012854008004069328,
    -0.014889281243085861,
    0.0010796202113851905,
    -0.013322027400135994,
    -0.01606673188507557,
    0.00993845984339714,
    0.02845725603401661,
    -0.018209462985396385,
    0.01921362243592739,
    -0.03434126824140549,
    0.06565850228071213,
    -0.07519824057817459,
    -0.03228946030139923,
    -0.029568662866950035,
    0.02439604140818119,
    0.011271839030086994,
    -0.11132919043302536,
    -0.0027176011353731155,
    0.06708680093288422,
    -0.03662387281656265,
    0.02273108810186386,
    -0.03864356875419617,
    -0.03651225566864014,
    -0.011810376308858395,
    -0.00533343106508255,
    -0.020453114062547684,
    0.030303362756967545,
    0.03724351525306702,
    -0.04515125975012779,
    0.07420199364423752,
    -0.05398472398519516,
    0.03985690325498581,
    -0.016751911491155624,
    0.04421743378043175,
    -0.05869222804903984,
    0.07175914943218231,
    0.03593667224049568,
    0.027308009564876556,
    0.09439431875944138,
    -0.02704639360308647,
    -0.04369300976395607,
    -0.03040127642452717,
    -0.04152466356754303,
    -0.03189383074641228,
    -0.011457830667495728,
    0.04380085691809654,
    0.05804435908794403,
    0.008963040076196194,
    -0.021769629791378975,
    -0.0775221735239029,
    -0.0820663720369339,
    0.07178822159767151,
    0.001359631773084402,
    -0.012987667694687843,
    0.1592978984117508,
    -0.0035826335661113262,
    -0.09615053236484528,
    -0.043746236711740494,
    0.01375642605125904,
    -0.04173870012164116,
    -0.08210170269012451,
    0.028219500556588173,
    -0.024842167273163795,
    0.02808271162211895,
    2.2462768403676765e-32,
    -0.021081453189253807,
    0.00860457681119442,
    -0.07913600653409958,
    0.06893253326416016,
    0.030846502631902695,
    -0.021134408190846443,
    0.005248311907052994,
    -0.012169462628662586,
    -0.07836500555276871,
    0.024995578452944756,
    -0.04162546619772911,
    -0.04072962701320648,
    0.020875409245491028,
    -0.08434030413627625,
    -0.07215916365385056,
    0.009756344370543957,
    0.0003459033905528486,
    0.04170782491564751,
    0.007316845469176769,
    0.03100581094622612,
    0.041885193437337875,
    -0.061546407639980316,
    0.05131625384092331,
    0.04896165058016777,
    -0.0026634451933205128,
    -0.017266642302274704,
    0.07552570104598999,
    0.003704940201714635,
    -0.03155622258782387,
    0.006488377694040537,
    0.07462604343891144,
    0.011341721750795841,
    0.06071879714727402,
    0.030423125252127647,
    0.0543866865336895,
    0.09628043323755264,
    0.03153058886528015,
    -0.11222642660140991,
    0.07618360221385956,
    -0.05949436500668526,
    -0.08427407592535019,
    0.017409546300768852,
    0.01016923412680626,
    0.03059537522494793,
    0.004007262643426657,
    -0.005820500198751688,
    -0.011701914481818676,
    0.029158227145671844,
    0.06075320020318031,
    0.06529735028743744,
    0.014634455554187298,
    -0.03012184239923954,
    0.02240440435707569,
    -0.04736475646495819,
    -0.001080103451386094,
    0.023731930181384087,
    -0.06430288404226303,
    0.060029663145542145,
    -0.02534581907093525,
    0.013112124055624008,
    -0.0356522873044014,
    -0.018407341092824936,
    -0.051165420562028885,
    0.03670911118388176,
    0.01747872494161129,
    -0.12867127358913422,
    -0.05370371416211128,
    -0.07813185453414917,
    0.09288732707500458,
    -0.07854653894901276,
    -0.02781413123011589,
    0.05537661164999008,
    0.04407491162419319,
    0.04863740876317024,
    -0.03382166475057602,
    -0.028524838387966156,
    0.026789506897330284,
    -0.044747527688741684,
    0.08282306045293808,
    0.026826998218894005,
    -0.13476383686065674,
    -0.013573515228927135,
    0.027722816914319992,
    0.036852557212114334,
    0.054527804255485535,
    -0.012894926592707634,
    0.0253597479313612,
    -0.023469148203730583,
    -0.05804328992962837,
    0.014590858481824398,
    0.020299071446061134,
    -0.024031465873122215,
    0.006607369519770145,
    0.038928572088479996,
    0.08278542011976242,
    -2.0692550318471203e-32,
    -0.008324158377945423,
    -0.09168039262294769,
    -0.12308841943740845,
    0.0885234922170639,
    0.012337049469351768,
    0.008561059832572937,
    -0.05544259771704674,
    -0.05695036053657532,
    0.007178024854511023,
    0.04244614765048027,
    -0.04266820475459099,
    -0.014301186427474022,
    0.04987267032265663,
    0.005314924754202366,
    -0.06677137315273285,
    -0.0434923954308033,
    -0.005580832250416279,
    -0.002104656072333455,
    0.035961512476205826,
    0.08028999716043472,
    0.03210107982158661,
    0.004796238150447607,
    0.06654784083366394,
    0.10257856547832489,
    0.08263301104307175,
    0.02603042684495449,
    -0.01821264810860157,
    -0.016698850318789482,
    0.02806154638528824,
    0.009131520986557007,
    0.03318749740719795,
    -0.04633178934454918,
    -0.04828421026468277,
    0.026533003896474838,
    -0.06798361986875534,
    -0.14841769635677338,
    0.13829654455184937,
    0.004556792788207531,
    -0.04499726742506027,
    -0.0322900116443634,
    0.022584237158298492,
    0.12237425893545151,
    0.03499877452850342,
    -0.052854862064123154,
    -0.02677633985877037,
    -0.06552299857139587,
    0.05960727855563164,
    0.027926718816161156,
    0.03335370123386383,
    -0.040542468428611755,
    0.013898350298404694,
    -0.020814543589949608,
    0.010552585124969482,
    0.0012491074157878757,
    -0.02220088057219982,
    0.014578712172806263,
    -0.008585149422287941,
    -0.011014964431524277,
    -0.017390822991728783,
    -0.0053330413065850735,
    0.07946307212114334,
    0.07586123794317245,
    -0.007384730037301779,
    0.0456206351518631,
    0.10327991098165512,
    -0.01811235584318638,
    -0.0655076876282692,
    -0.0023459834046661854,
    -0.04247942566871643,
    -0.07252416014671326,
    -0.027757123112678528,
    -0.1709582358598709,
    -0.020162740722298622,
    -0.09832028299570084,
    0.12830837070941925,
    -0.07256084680557251,
    -0.009797535836696625,
    -0.07147686183452606,
    -0.08917655050754547,
    -0.05167702957987785,
    0.04188806563615799,
    0.03522752597928047,
    -0.0775875449180603,
    0.011895920149981976,
    -0.03383393958210945,
    0.061285726726055145,
    0.070487841963768,
    -0.029427427798509598,
    0.03349917009472847,
    0.06401106715202332,
    -0.07318499684333801,
    0.030336329713463783,
    0.0024880573619157076,
    0.041451964527368546,
    -0.036665886640548706,
    -5.688228910116777e-08,
    -0.02850828319787979,
    0.030517855659127235,
    0.030989542603492737,
    -0.05569678917527199,
    -0.018739812076091766,
    -0.042508818209171295,
    -0.015576597303152084,
    -0.012074878439307213,
    -0.03366899862885475,
    -0.12323261797428131,
    0.0008944575092755258,
    -0.03516540676355362,
    0.0021461707074195147,
    -0.05632184073328972,
    0.05015898495912552,
    -0.02119884453713894,
    0.040178075432777405,
    -0.03079819865524769,
    -0.1290311962366104,
    -0.0030902703292667866,
    -0.007611539214849472,
    -0.06854426860809326,
    -0.03147495165467262,
    0.005094402469694614,
    0.01527886837720871,
    -0.01145537756383419,
    -0.037339624017477036,
    0.036113400012254715,
    0.0623900480568409,
    0.012642071582376957,
    -0.05449214577674866,
    0.04646753892302513,
    0.05213848501443863,
    -0.05289938300848007,
    -0.04959907382726669,
    0.022948171943426132,
    0.005291211884468794,
    -0.005106698255985975,
    0.04288684204220772,
    0.004286108072847128,
    -0.01996641419827938,
    0.03287498652935028,
    0.027704032137989998,
    0.05185868591070175,
    0.008863620460033417,
    0.010265888646245003,
    -0.03605616092681885,
    0.0410885289311409,
    -0.01827884279191494,
    -0.05749937891960144,
    -0.04251448065042496,
    -0.08684593439102173,
    0.03141282498836517,
    0.05334502086043358,
    -0.017403550446033478,
    0.05690578371286392,
    0.06865489482879639,
    0.049341972917318344,
    0.06917466223239899,
    -0.001418181462213397,
    0.10910934209823608,
    0.06911991536617279,
    0.07352053374052048,
    -0.020232317969202995
]