[
    -0.0038769906386733055,
    0.016756542026996613,
    -0.011505337432026863,
    -0.042012881487607956,
    -0.02575759030878544,
    0.037632055580616,
    -0.058556608855724335,
    -0.018111908808350563,
    -0.05950111150741577,
    0.012683331035077572,
    0.005040937568992376,
    -0.00016387476352974772,
    0.004476342350244522,
    -0.021291302517056465,
    0.0828004702925682,
    -0.03092653863132,
    0.09452317655086517,
    0.0062691145576536655,
    -0.10075273364782333,
    0.0932622104883194,
    0.10792969912290573,
    0.05089391767978668,
    -0.10421361029148102,
    0.011892059817910194,
    -0.09554989635944366,
    -0.015040704980492592,
    -0.05972497537732124,
    -0.0581529438495636,
    0.05272465944290161,
    -0.012129290960729122,
    -0.0004723186430055648,
    0.01060703955590725,
    0.02756783366203308,
    0.02793470397591591,
    -0.025054555386304855,
    0.0009920669253915548,
    0.027356285601854324,
    -0.0031243504490703344,
    0.021982019767165184,
    0.016753830015659332,
    -0.07992476224899292,
    -0.003569521941244602,
    -0.015989204868674278,
    0.027352964505553246,
    -0.009799601510167122,
    0.009183460846543312,
    -0.03464680537581444,
    -0.027158845216035843,
    -0.029118064790964127,
    -0.03744969516992569,
    -0.04111729934811592,
    0.0230548195540905,
    -0.01669180765748024,
    0.1149747222661972,
    0.0017237536376342177,
    -0.02884969301521778,
    -0.00045758066698908806,
    0.013936973176896572,
    -0.08605240285396576,
    -0.0110233835875988,
    0.004801440984010696,
    -0.04161947965621948,
    -0.024904385209083557,
    0.0553397536277771,
    0.007760446518659592,
    0.07396533340215683,
    -0.030687110498547554,
    -0.08255620300769806,
    0.017692437395453453,
    -0.05682721734046936,
    -0.06061383709311485,
    0.02091209404170513,
    -0.024791983887553215,
    0.10530900210142136,
    0.030803361907601357,
    -0.002650855341926217,
    -0.020711950957775116,
    0.0458843819797039,
    0.06431420147418976,
    -0.1249861940741539,
    -0.05037615820765495,
    0.036267418414354324,
    0.048586707562208176,
    0.03247211501002312,
    -0.035161178559064865,
    0.017771678045392036,
    -0.06138577684760094,
    -0.03661352023482323,
    -0.004806816577911377,
    -0.03701306879520416,
    0.04327397793531418,
    -0.0645003542304039,
    0.07321584224700928,
    -0.04750153049826622,
    0.021262099966406822,
    0.040568169206380844,
    -0.007847337983548641,
    -0.13598036766052246,
    0.035139285027980804,
    -0.024371592327952385,
    0.0369587205350399,
    -0.08441115915775299,
    -0.024938378483057022,
    0.01613226905465126,
    0.010136702097952366,
    -0.05710763484239578,
    0.015488476492464542,
    -0.034578174352645874,
    -0.019988039508461952,
    0.09890644997358322,
    0.0735936090350151,
    0.027666347101330757,
    0.0066650970838963985,
    -0.07466604560613632,
    0.020329425111413002,
    -0.0027804977726191282,
    -0.006551911123096943,
    0.029566718265414238,
    0.039601948112249374,
    -0.059187788516283035,
    -0.043362922966480255,
    -0.0283050499856472,
    0.0003040636074729264,
    -0.08576346933841705,
    0.06454489380121231,
    -0.012918304651975632,
    -0.07513004541397095,
    1.9037918592781997e-32,
    -0.0020502940751612186,
    -0.0565190427005291,
    -0.024838950484991074,
    0.013415091671049595,
    0.04116693139076233,
    -0.01903500407934189,
    0.017581740394234657,
    -0.05884988605976105,
    -0.041620973497629166,
    0.04914410412311554,
    -0.0003525013162288815,
    0.05924911051988602,
    0.005185058806091547,
    -0.026953835040330887,
    -0.029462561011314392,
    -0.015628645196557045,
    0.038614291697740555,
    0.039078474044799805,
    0.046809226274490356,
    0.049869704991579056,
    0.008533567190170288,
    -0.0032434798777103424,
    0.0019019371829926968,
    0.02145388349890709,
    -0.004984724801033735,
    0.021129654720425606,
    -0.033399127423763275,
    -0.014044566079974174,
    -0.010333784855902195,
    0.017647501081228256,
    -0.014299651607871056,
    0.021466027945280075,
    0.0648488700389862,
    -0.025115741416811943,
    -0.007879752665758133,
    0.0982246994972229,
    0.06557189673185349,
    -0.032377466559410095,
    0.02183176577091217,
    -0.12418309599161148,
    -0.06600818783044815,
    0.01225164532661438,
    0.022226080298423767,
    0.0242437906563282,
    0.042414385825395584,
    -0.08293074369430542,
    -0.0437750369310379,
    -0.02234312891960144,
    0.02023051492869854,
    0.07117671519517899,
    -0.040402885526418686,
    0.0039224689826369286,
    0.06541795283555984,
    -0.07178375124931335,
    -0.0006271974416449666,
    -0.02665543183684349,
    -0.06541755050420761,
    0.05326395481824875,
    -0.03742698207497597,
    0.1144879087805748,
    -0.01958882063627243,
    0.04987281933426857,
    -0.015526395291090012,
    0.024499207735061646,
    -0.0009715331834740937,
    -0.10585981607437134,
    0.004598059691488743,
    -0.06743145734071732,
    0.033759020268917084,
    0.008895975537598133,
    -0.09393433481454849,
    0.036251500248909,
    -0.026858532801270485,
    0.04641401022672653,
    -0.019051436334848404,
    -0.013712054118514061,
    0.06823763996362686,
    -0.04220648482441902,
    0.059466585516929626,
    -0.06705275923013687,
    -0.12317661941051483,
    0.0017417488852515817,
    0.0017751663690432906,
    0.07211073487997055,
    -0.014537972398102283,
    -0.008587800897657871,
    -0.01922743208706379,
    0.007625166792422533,
    -0.03083624504506588,
    -0.05973827838897705,
    -0.02327110432088375,
    0.010726463980972767,
    0.04610111191868782,
    0.07962334901094437,
    0.02302374504506588,
    -1.995803826525608e-32,
    0.05027221143245697,
    -0.0781780257821083,
    -0.048190098255872726,
    0.028034280985593796,
    0.04546207934617996,
    0.029414216056466103,
    -0.047369785606861115,
    -0.13019970059394836,
    0.06502246111631393,
    -0.050177108496427536,
    -0.00045737490290775895,
    -0.021593960002064705,
    -0.013389629311859608,
    0.04333294928073883,
    -0.04250065237283707,
    -0.0273917093873024,
    -0.12379686534404755,
    -0.045561838895082474,
    0.022378815338015556,
    0.10263372212648392,
    -0.02392934449017048,
    -0.007462404202669859,
    -0.038884829729795456,
    0.09472757577896118,
    -0.02429918758571148,
    0.005806350614875555,
    -0.09912080317735672,
    -0.045707736164331436,
    0.03971615061163902,
    -0.04347173124551773,
    -0.026303868740797043,
    -0.1080656498670578,
    -0.01967977173626423,
    0.0699085220694542,
    -0.12270382046699524,
    -0.162446528673172,
    0.0060455212369561195,
    -0.03102017752826214,
    -0.030896876007318497,
    -0.019131146371364594,
    0.05894125625491142,
    0.020482955500483513,
    0.023994456976652145,
    0.018968254327774048,
    -0.014938035979866982,
    -0.020178906619548798,
    0.065667524933815,
    -0.041225310415029526,
    -0.03755205124616623,
    -0.005747651215642691,
    -0.01784195564687252,
    -0.03680555522441864,
    0.017320750281214714,
    0.045550573617219925,
    -0.0363566055893898,
    0.02578897215425968,
    0.04763072356581688,
    0.007314935326576233,
    -0.047856949269771576,
    0.03583744913339615,
    0.08336911350488663,
    0.03230614215135574,
    -0.037566184997558594,
    0.03709029778838158,
    0.028899800032377243,
    -0.021505888551473618,
    -0.05896756798028946,
    -0.041299641132354736,
    0.03560546040534973,
    -0.02658917009830475,
    -0.04874362796545029,
    -0.10354974120855331,
    -0.06512245535850525,
    -0.04487059637904167,
    0.1085781380534172,
    -0.035704195499420166,
    0.034838683903217316,
    -0.08553145080804825,
    -0.06326666474342346,
    0.02822762541472912,
    0.02755826897919178,
    0.025259336456656456,
    -0.09964407980442047,
    0.08117115497589111,
    -0.041926752775907516,
    0.14027456939220428,
    0.003135903272777796,
    -0.05079720541834831,
    0.07750584185123444,
    0.08153891563415527,
    -0.08013632148504257,
    0.05685093626379967,
    0.009929001331329346,
    -0.013260156847536564,
    -0.05933929234743118,
    -5.6219949584601636e-08,
    -0.013119740411639214,
    0.09331826120615005,
    -0.022989865392446518,
    -0.030530834570527077,
    -0.05255066603422165,
    -0.00315079721622169,
    0.00845750980079174,
    -0.07528841495513916,
    -0.06637393683195114,
    -0.07998212426900864,
    0.022888554260134697,
    0.08580493927001953,
    -0.004845599643886089,
    -0.04908258840441704,
    0.028643490746617317,
    -0.021830815821886063,
    -0.0365770198404789,
    0.004802585579454899,
    -0.057867974042892456,
    0.04900158569216728,
    -0.060525745153427124,
    -0.06850602477788925,
    -0.03348039090633392,
    0.02051280438899994,
    0.02705358900129795,
    0.004981902427971363,
    -0.005198293831199408,
    0.06394818425178528,
    0.0457063652575016,
    0.11829926073551178,
    0.005060998257249594,
    0.030274303629994392,
    -0.012672842480242252,
    0.005313738714903593,
    -0.007903778925538063,
    -0.04855446144938469,
    -0.04075722023844719,
    0.002193575957790017,
    0.07555293291807175,
    -0.03906005248427391,
    0.01785323955118656,
    0.030046695843338966,
    0.045507676899433136,
    0.061114873737096786,
    0.009787311777472496,
    -0.011677669361233711,
    0.009469437412917614,
    0.023435059934854507,
    0.09639916568994522,
    -0.07312668859958649,
    -0.07787654548883438,
    -0.02485203929245472,
    0.015758637338876724,
    0.0191824808716774,
    -0.020976074039936066,
    0.11413152515888214,
    0.00890329573303461,
    0.05067871883511543,
    -0.022680314257740974,
    -0.0473850779235363,
    0.12719781696796417,
    0.08224725723266602,
    0.0490618459880352,
    -0.018130656331777573
]