[
    -0.02415654994547367,
    0.007520243525505066,
    -0.0025978083722293377,
    -0.12883369624614716,
    -0.01612844690680504,
    0.06838148087263107,
    -0.011061583645641804,
    -0.0087334755808115,
    -0.05427558347582817,
    -0.0022004193160682917,
    -0.02331896871328354,
    0.010412507690489292,
    0.006045944523066282,
    -0.011277123354375362,
    0.1010960042476654,
    -0.03521641716361046,
    0.05000640079379082,
    0.005338749382644892,
    -0.09043127298355103,
    0.10247495025396347,
    0.041964445263147354,
    0.09492377936840057,
    -0.026090627536177635,
    0.03682228922843933,
    -0.13191278278827667,
    0.030853409320116043,
    -0.008462820202112198,
    -0.07581527531147003,
    0.016568489372730255,
    -0.011872703209519386,
    0.06559386104345322,
    0.021067429333925247,
    0.005720517598092556,
    0.09263575822114944,
    0.00015463963791262358,
    -0.005721301771700382,
    -0.02995928004384041,
    0.060915157198905945,
    0.005198443308472633,
    0.04304535314440727,
    -0.025489600375294685,
    -0.042192570865154266,
    -0.06212633475661278,
    0.02566683478653431,
    0.07953866571187973,
    -0.00023636747209820896,
    -0.0812433511018753,
    0.017138976603746414,
    0.03890247270464897,
    -0.005058114882558584,
    -0.08505793660879135,
    -0.02225702442228794,
    -0.02465360052883625,
    0.07259154319763184,
    -0.018821073696017265,
    -0.07478049397468567,
    0.006064750254154205,
    0.036291465163230896,
    -0.03963598981499672,
    0.0434315949678421,
    0.04046010598540306,
    0.014157664030790329,
    -0.001155415317043662,
    0.02655462734401226,
    -0.08263818919658661,
    0.03130326047539711,
    -0.040207866579294205,
    -0.004318355116993189,
    0.04345298931002617,
    -0.024366647005081177,
    -0.11422450095415115,
    0.009527083486318588,
    0.05202622711658478,
    0.07348139584064484,
    -0.008825292810797691,
    -0.012807625345885754,
    -0.012845242395997047,
    0.0019518686458468437,
    0.023940393701195717,
    -0.14801707863807678,
    -0.044909823685884476,
    0.019533537328243256,
    0.016230715438723564,
    0.05055734142661095,
    -0.05052513629198074,
    -0.005233047995716333,
    -0.01218719594180584,
    -0.033631324768066406,
    -0.02083032764494419,
    -0.0522601455450058,
    0.02432626113295555,
    -0.10036052763462067,
    0.10451745986938477,
    -0.0610358826816082,
    0.07083582133054733,
    0.008677331730723381,
    -0.02047266624867916,
    -0.09474928677082062,
    0.011396984569728374,
    -0.055564336478710175,
    0.008896331302821636,
    -0.043013717979192734,
    0.02627592347562313,
    0.046691346913576126,
    -0.022139932960271835,
    -0.037759628146886826,
    0.051005858927965164,
    0.01940339058637619,
    0.002062879502773285,
    0.05849262699484825,
    0.01889103278517723,
    0.03143937513232231,
    -0.04674987867474556,
    -0.0863669365644455,
    0.026630613952875137,
    0.0014467991422861814,
    0.05446971207857132,
    0.03032807633280754,
    0.03417697921395302,
    -0.017734160646796227,
    -0.061664193868637085,
    -0.011062726378440857,
    -0.00660924194380641,
    -0.1065409779548645,
    -0.010487770661711693,
    -0.007926978170871735,
    -0.026448668912053108,
    1.6282380571566055e-32,
    -0.0766931101679802,
    -0.016809586435556412,
    -0.06690654903650284,
    0.05525315925478935,
    -0.009256328456103802,
    0.0031454332638531923,
    0.050565723329782486,
    -0.0016380046727135777,
    -0.020127499476075172,
    0.05341354012489319,
    -0.034055501222610474,
    0.02984316647052765,
    -0.036500465124845505,
    0.05353971943259239,
    -0.08998635411262512,
    -0.04081820324063301,
    -0.04122336953878403,
    0.05250819772481918,
    -0.027383379638195038,
    0.029161350801587105,
    -0.022277681156992912,
    -0.0035652611404657364,
    -0.0009161104680970311,
    0.034141525626182556,
    -0.06776484102010727,
    0.06078948825597763,
    0.03937754034996033,
    -0.018673710525035858,
    0.07727406173944473,
    0.008777057752013206,
    0.029206562787294388,
    0.04416966438293457,
    0.02443827874958515,
    -0.06549332290887833,
    -0.01311767939478159,
    0.11707132309675217,
    0.04339037463068962,
    -0.05059526860713959,
    0.05982629209756851,
    -0.13155727088451385,
    -0.07207152247428894,
    0.0015273086028173566,
    -0.01230099517852068,
    0.05671054124832153,
    0.06632137298583984,
    0.0012924179900437593,
    -0.02809559926390648,
    -0.019063428044319153,
    0.00549954641610384,
    0.044420819729566574,
    -0.04951401799917221,
    -0.04140109196305275,
    0.021359208971261978,
    -0.040466923266649246,
    -0.006021971348673105,
    -0.030569221824407578,
    -0.08361173421144485,
    0.04216622933745384,
    -0.0637100338935852,
    0.08400379866361618,
    0.04559958353638649,
    0.015321746468544006,
    -0.030862625688314438,
    0.004545858595520258,
    0.009075568988919258,
    -0.06249186769127846,
    0.0029590532649308443,
    -0.05508922412991524,
    0.030584076419472694,
    0.023521920666098595,
    -0.04804777354001999,
    0.07731866091489792,
    0.013047243468463421,
    0.04486002400517464,
    0.002339808503165841,
    -0.02161465585231781,
    0.032043345272541046,
    -0.05899276211857796,
    0.024116160348057747,
    0.004419770557433367,
    -0.09476438909769058,
    0.05785464495420456,
    -0.00033647887175902724,
    0.07707169651985168,
    -0.019502639770507812,
    -0.01772761531174183,
    0.04689950495958328,
    0.04460373520851135,
    -0.04470411688089371,
    -0.0761096253991127,
    -0.05341014266014099,
    0.019222116097807884,
    0.07881151139736176,
    0.06542164087295532,
    -0.008278796449303627,
    -1.813665531906304e-32,
    0.0489979088306427,
    -0.014517450705170631,
    -0.021728595718741417,
    0.030740665271878242,
    0.05765702575445175,
    0.0022765547037124634,
    -0.050336625427007675,
    -0.07820429652929306,
    0.06429015100002289,
    0.034061335027217865,
    0.0329035148024559,
    -0.08998613804578781,
    -0.001974536571651697,
    -0.02223452553153038,
    -0.08408743888139725,
    -0.028238115832209587,
    -0.11420240253210068,
    -0.062364429235458374,
    -0.030814534053206444,
    0.09987083077430725,
    -0.020600955933332443,
    0.012620911002159119,
    -0.01968640275299549,
    0.09300117194652557,
    0.017751984298229218,
    0.04140814393758774,
    -0.019746001809835434,
    0.021322280168533325,
    0.09744008630514145,
    -0.03146461397409439,
    -0.0361640602350235,
    -0.018437309190630913,
    0.003664323827251792,
    0.028324803337454796,
    -0.13338124752044678,
    -0.14792194962501526,
    0.0762178897857666,
    -0.07251899689435959,
    -0.006585727911442518,
    -0.03984067589044571,
    0.09410721063613892,
    -0.021682970225811005,
    -0.01123883854597807,
    0.009153013117611408,
    -0.03340844437479973,
    -0.05129595473408699,
    0.09151411801576614,
    0.002778533846139908,
    0.032507963478565216,
    -0.051782988011837006,
    0.04884292557835579,
    -0.05919351428747177,
    -0.0041705709882080555,
    0.0323026068508625,
    -0.024464959278702736,
    0.010983966290950775,
    -0.0013523870147764683,
    -0.02540668658912182,
    -0.09412668645381927,
    -0.03418794646859169,
    0.07473109662532806,
    0.030110007151961327,
    -0.045130953192710876,
    0.058861907571554184,
    0.02853451296687126,
    -0.07589001953601837,
    -0.040785301476716995,
    -0.052605435252189636,
    -0.0004709059721790254,
    -0.08797313272953033,
    -0.10649377852678299,
    -0.10567490756511688,
    -0.04487915709614754,
    -0.07311262935400009,
    0.02909671515226364,
    -0.0662815123796463,
    -0.01556439884006977,
    -0.08663767576217651,
    -0.03503495082259178,
    -0.01159733161330223,
    0.06843282282352448,
    -0.03121502324938774,
    -0.09750793874263763,
    0.058464888483285904,
    -0.029478920623660088,
    0.039845872670412064,
    0.01941458322107792,
    -0.040876954793930054,
    0.018518051132559776,
    0.08912747353315353,
    -0.10376464575529099,
    0.01430443488061428,
    -0.05350690335035324,
    0.03517487645149231,
    -0.09060855954885483,
    -5.235945721437929e-08,
    0.017967460677027702,
    0.08407021313905716,
    0.02500753104686737,
    -0.007291250396519899,
    -0.08268192410469055,
    0.014685741625726223,
    -0.07182370871305466,
    -0.03566361963748932,
    -0.007517398800700903,
    0.0011409370927140117,
    0.035547591745853424,
    0.07173298299312592,
    -0.007748158182948828,
    -0.012781117111444473,
    -0.004222833551466465,
    -0.04644705355167389,
    -0.06342358142137527,
    0.041823551058769226,
    -0.01871318742632866,
    0.12224239856004715,
    -0.05442992225289345,
    -0.00096360087627545,
    -0.03952493146061897,
    -0.011168367229402065,
    0.008744792081415653,
    0.022996829822659492,
    -0.007380172610282898,
    0.06018461659550667,
    0.03110925853252411,
    0.021558037027716637,
    0.017175093293190002,
    0.050951797515153885,
    0.01589621976017952,
    -0.06346844136714935,
    -0.05692334473133087,
    -0.07363561540842056,
    -0.024350950494408607,
    0.020703693851828575,
    0.03708057105541229,
    -0.0004087084380444139,
    -0.012541390024125576,
    0.012998797930777073,
    -0.027977097779512405,
    0.05072948336601257,
    -0.03545623645186424,
    -0.027105962857604027,
    0.0020519797690212727,
    0.025412188842892647,
    0.020326413214206696,
    -0.07413285225629807,
    -0.051049672067165375,
    0.02219487354159355,
    0.0966409370303154,
    -0.035739753395318985,
    -0.0559777170419693,
    0.10139130800962448,
    -0.005007348023355007,
    -0.03029642626643181,
    -0.017487362027168274,
    -0.014627457596361637,
    0.09139499813318253,
    0.03935107961297035,
    0.07846012711524963,
    0.021026795729994774
]