[
    -0.031151868402957916,
    -0.023926494643092155,
    -0.038228217512369156,
    0.02757744863629341,
    -0.02226170524954796,
    0.004616574849933386,
    -0.02825639769434929,
    -0.0035358176100999117,
    -0.03128102794289589,
    0.08250222355127335,
    0.008188028819859028,
    -0.04789343848824501,
    -0.015522739849984646,
    0.013413899578154087,
    0.05795774236321449,
    -0.00643217284232378,
    0.06789282709360123,
    0.046884503215551376,
    -0.09706620126962662,
    0.03507070615887642,
    0.07871508598327637,
    0.06361382454633713,
    -0.07170507311820984,
    0.032165441662073135,
    -0.16281451284885406,
    -0.01987180858850479,
    -0.06146623194217682,
    -0.03056119754910469,
    0.07770023494958878,
    -0.08763889223337173,
    -0.03281955048441887,
    -0.011613595299422741,
    0.04923360049724579,
    0.02799459919333458,
    0.003180902684107423,
    0.051719557493925095,
    0.085606150329113,
    -0.034975890070199966,
    0.003161445027217269,
    -0.0002745536039583385,
    -0.014528128318488598,
    -0.02592691220343113,
    -0.04335591942071915,
    -0.03687349706888199,
    -0.030293555930256844,
    0.035985857248306274,
    0.02518419921398163,
    0.0010591446189209819,
    -0.08522415906190872,
    -0.0824703648686409,
    -0.038269735872745514,
    -0.05478512868285179,
    -0.007297914940863848,
    0.0794837474822998,
    -0.04338010028004646,
    -0.03605014458298683,
    0.0655311718583107,
    -0.02531883679330349,
    -0.062156252562999725,
    -0.033327121287584305,
    0.040212273597717285,
    -0.0011827369453385472,
    -0.05352425575256348,
    0.036821234971284866,
    -0.0028831998351961374,
    0.04380699619650841,
    -0.029943600296974182,
    -0.0020754688885062933,
    0.008583218790590763,
    -0.032178353518247604,
    -0.05044207349419594,
    0.01088958140462637,
    0.0403418242931366,
    0.06771878898143768,
    0.0193136278539896,
    -0.036282531917095184,
    -0.07492311298847198,
    0.06985261291265488,
    0.052146438509225845,
    -0.13935160636901855,
    -0.01776435226202011,
    0.07337962836027145,
    0.00826912373304367,
    0.0630970373749733,
    -0.029724007472395897,
    -0.016295425593852997,
    -0.00411863112822175,
    -0.009788861498236656,
    -0.032778944820165634,
    0.026777036488056183,
    0.11855310946702957,
    -0.05204292759299278,
    0.13073348999023438,
    -0.04496273398399353,
    -0.020746365189552307,
    -0.008681904524564743,
    -0.006991694215685129,
    -0.032262492924928665,
    0.05745062232017517,
    -0.007412298116832972,
    -0.009312228299677372,
    0.011897571384906769,
    -0.08729185909032822,
    -0.019379019737243652,
    0.0013899352634325624,
    -0.042444467544555664,
    -0.02880537323653698,
    -0.032284315675497055,
    -0.0028786687180399895,
    0.044680628925561905,
    -0.020542312413454056,
    -0.021540256217122078,
    -0.09787542372941971,
    -0.12022403627634048,
    0.07224202156066895,
    -0.03572816774249077,
    -0.05693589895963669,
    0.0889696404337883,
    -0.00847672764211893,
    -0.047853022813797,
    0.03307073190808296,
    -0.01067978423088789,
    -0.09845834225416183,
    -0.07136067003011703,
    0.06470512598752975,
    0.045011524111032486,
    0.01677372120320797,
    1.8135341704125997e-32,
    -0.011205598711967468,
    0.08171281963586807,
    -0.06069684773683548,
    0.02114764042198658,
    0.07533556967973709,
    -0.009665258228778839,
    0.006328309886157513,
    0.008849273435771465,
    -0.01601319946348667,
    0.07227396219968796,
    -0.008136485703289509,
    0.07500599324703217,
    -0.003108440199866891,
    -0.04806479439139366,
    -0.0661633312702179,
    0.008184622041881084,
    0.019459862262010574,
    0.055836476385593414,
    0.023994823917746544,
    0.05476544424891472,
    0.045490849763154984,
    0.013126003555953503,
    0.009623595513403416,
    -0.02384689263999462,
    0.02598225511610508,
    0.015568993985652924,
    -0.001821595709770918,
    -0.0071606943383812904,
    -0.006006088573485613,
    0.004579734988510609,
    0.07507462799549103,
    0.025387603789567947,
    0.08123337477445602,
    0.010389212518930435,
    0.015830229967832565,
    0.02213398739695549,
    0.016817662864923477,
    -0.04402053356170654,
    0.08764240145683289,
    -0.08355285227298737,
    -0.054401010274887085,
    0.022774217650294304,
    -0.012705459259450436,
    0.002116285264492035,
    -0.005398942157626152,
    0.01198715902864933,
    0.03470420092344284,
    -0.03702670708298683,
    0.07079283148050308,
    0.04582658410072327,
    0.07225091010332108,
    -0.017273008823394775,
    0.10732108354568481,
    0.027868496254086494,
    0.0709235668182373,
    -0.0042888093739748,
    -0.03327958285808563,
    -0.004708339925855398,
    -0.040112365037202835,
    0.03915416821837425,
    0.030823592096567154,
    0.06447234749794006,
    0.0006075698765926063,
    0.04207621142268181,
    0.015652943402528763,
    -0.11055237054824829,
    -0.02981405332684517,
    -0.021164264529943466,
    0.02741054631769657,
    -0.061289556324481964,
    -0.059378594160079956,
    0.05843877047300339,
    -0.03458583354949951,
    0.015585907734930515,
    -0.0532941073179245,
    -0.06054307147860527,
    0.01609526202082634,
    -0.05586164817214012,
    -0.035678308457136154,
    -0.06063806638121605,
    -0.13893800973892212,
    -0.007810016628354788,
    0.0888291746377945,
    0.030672231689095497,
    0.030809327960014343,
    -0.012528342194855213,
    0.0207007247954607,
    0.0455898754298687,
    0.029949257150292397,
    0.026501480489969254,
    -0.016826212406158447,
    -0.010214440524578094,
    0.0038212158251553774,
    0.12307077646255493,
    0.007674823515117168,
    -1.7531490256108588e-32,
    0.02599308453500271,
    -0.06620249897241592,
    -0.09238117188215256,
    0.038064341992139816,
    -0.011344358325004578,
    0.06122557446360588,
    -0.12264424562454224,
    -0.09895060956478119,
    0.06506145000457764,
    -0.02932797372341156,
    -0.05558733269572258,
    -0.049023792147636414,
    -0.05569528043270111,
    0.008035777136683464,
    -0.020483843982219696,
    -0.060429491102695465,
    -0.05650829151272774,
    -0.007604758720844984,
    0.02087763510644436,
    0.016826650127768517,
    0.03068367950618267,
    -0.015104914084076881,
    -0.04651717469096184,
    -0.00043847275082953274,
    -0.010544485412538052,
    -0.04697128012776375,
    -0.012427303940057755,
    -0.03223472461104393,
    0.09792225807905197,
    0.030351080000400543,
    -0.030672509223222733,
    -0.05349084734916687,
    -0.060092128813266754,
    0.07504836469888687,
    -0.09382104128599167,
    -0.14256833493709564,
    0.07341662794351578,
    -0.08608759939670563,
    -0.042717620730400085,
    0.004006276372820139,
    0.010137625969946384,
    0.09540217369794846,
    0.04854312911629677,
    -0.004022884648293257,
    -0.007169590797275305,
    -0.04891727864742279,
    0.0157991424202919,
    -0.02323349379003048,
    -0.044512271881103516,
    -0.03555675223469734,
    0.03933790698647499,
    -0.10026955604553223,
    -0.012071817182004452,
    0.025673942640423775,
    -0.05269058421254158,
    0.06699610501527786,
    0.019574562087655067,
    -0.016368821263313293,
    -0.01838458701968193,
    0.017832783982157707,
    0.09576155245304108,
    0.07592200487852097,
    -0.07578840851783752,
    0.02431369386613369,
    0.05183784291148186,
    -0.04091748967766762,
    -0.020793434232473373,
    -0.04050470143556595,
    0.030910201370716095,
    -0.034568432718515396,
    -0.0030621460173279047,
    -0.11261774599552155,
    -0.09227251261472702,
    -0.05993301421403885,
    0.10563784837722778,
    -0.007789376191794872,
    -0.03667467460036278,
    -0.08946076780557632,
    -0.11127512902021408,
    0.05863898620009422,
    0.018698204308748245,
    0.060561131685972214,
    -0.042119916528463364,
    0.03407484292984009,
    -0.018951859325170517,
    0.12087010592222214,
    0.09405025094747543,
    0.0028876757714897394,
    0.05208328738808632,
    0.0713224783539772,
    -0.01658451557159424,
    -0.03316845744848251,
    0.03831708803772926,
    0.02970210090279579,
    -0.025978760793805122,
    -5.284443460595867e-08,
    -0.03637188673019409,
    0.008587516844272614,
    -0.014479700475931168,
    -0.04161222279071808,
    0.004336930345743895,
    -0.020456649363040924,
    0.028887411579489708,
    -0.004010592587292194,
    -0.05255519598722458,
    -0.0893368199467659,
    0.03128267452120781,
    -0.019452013075351715,
    0.02680579572916031,
    -0.03662470355629921,
    0.06668990850448608,
    -0.0481756255030632,
    -0.02721490152180195,
    0.02024168148636818,
    -0.08441188186407089,
    0.05591907352209091,
    -0.024670690298080444,
    -0.05650365725159645,
    -0.04320906847715378,
    -0.0042787655256688595,
    0.03760310634970665,
    -0.05772170424461365,
    0.04997115209698677,
    0.05999806150794029,
    -0.0013625703286379576,
    0.11600320041179657,
    -0.02337299846112728,
    0.023132942616939545,
    0.010236028581857681,
    -0.02429613098502159,
    0.013646836392581463,
    0.004037925507873297,
    -0.036702435463666916,
    -0.00146975286770612,
    0.06539101898670197,
    -0.055205412209033966,
    -0.03694771230220795,
    0.019432611763477325,
    0.04683322831988335,
    0.056438371539115906,
    0.04232051223516464,
    -0.004657106939703226,
    -0.034036342054605484,
    0.007918684743344784,
    0.04804997146129608,
    -0.08947496116161346,
    -0.010669915936887264,
    -0.027918605133891106,
    -0.014642976224422455,
    0.02727659046649933,
    -0.021937090903520584,
    0.02474583499133587,
    0.06269455701112747,
    0.03061153180897236,
    -0.05215601250529289,
    -0.042577989399433136,
    0.07397731393575668,
    0.06074683368206024,
    0.07845716178417206,
    -0.015542037785053253
]