[
    -0.06563267856836319,
    0.022864334285259247,
    -0.015228407457470894,
    -0.057998962700366974,
    -0.04094845429062843,
    0.05676623806357384,
    -0.030355332419276237,
    -0.006978766992688179,
    0.006601454224437475,
    0.06255275011062622,
    0.0028270413167774677,
    -0.0003179072227794677,
    0.0197842326015234,
    0.003604297526180744,
    0.045343369245529175,
    0.032495785504579544,
    0.058298509567976,
    -0.02609870210289955,
    -0.09586772322654724,
    0.06717635691165924,
    0.030417311936616898,
    0.030535878613591194,
    -0.06380978226661682,
    0.0005010771565139294,
    -0.09926906228065491,
    -0.04195500165224075,
    -0.042368803173303604,
    -0.06327793002128601,
    0.03618805110454559,
    -0.10611844807863235,
    0.05713541433215141,
    0.04710162431001663,
    0.011628658510744572,
    0.09338279813528061,
    0.012299633584916592,
    -0.03647870570421219,
    -0.002160962438210845,
    -0.08132066577672958,
    -0.006715028081089258,
    -0.04131282866001129,
    -0.07106585800647736,
    -0.010717368684709072,
    -0.08385016769170761,
    0.020620830357074738,
    -0.01676936261355877,
    0.00874607264995575,
    0.02174186334013939,
    0.009063082747161388,
    -0.043988291174173355,
    0.015598222613334656,
    -0.08363350480794907,
    -0.029521549120545387,
    -0.010395972058176994,
    0.05372869223356247,
    -0.05112398788332939,
    -0.06529530882835388,
    -0.02685660682618618,
    0.0305941142141819,
    -0.04392363503575325,
    -0.01583300530910492,
    -0.04255497828125954,
    -0.01102531049400568,
    -0.04789246991276741,
    0.026519978418946266,
    -0.03685285523533821,
    0.04800280183553696,
    -0.014071832410991192,
    0.00027283059898763895,
    0.00847653765231371,
    0.027056604623794556,
    -0.03198542445898056,
    0.02367943525314331,
    -0.04250151291489601,
    0.0422203354537487,
    -0.03855786472558975,
    -0.016872555017471313,
    -0.009395543485879898,
    0.03291313722729683,
    0.031015031039714813,
    -0.11707958579063416,
    -0.0404939167201519,
    0.0034418082796037197,
    -0.02844003401696682,
    -0.0159824937582016,
    -0.06040919944643974,
    -0.0807996466755867,
    -0.010637850500643253,
    0.07432418316602707,
    0.030596794560551643,
    0.036904700100421906,
    0.0484086349606514,
    -0.07409586012363434,
    0.10469476878643036,
    -0.01036813110113144,
    0.037031956017017365,
    -0.008021416142582893,
    0.05337904021143913,
    -0.04436022415757179,
    0.09615926444530487,
    0.0419788733124733,
    0.03028171882033348,
    0.048879850655794144,
    -0.03163332864642143,
    -0.04686744883656502,
    -0.010374573059380054,
    -0.03649276867508888,
    -0.018178682774305344,
    -0.0027347609866410494,
    -0.04825495555996895,
    0.03231193870306015,
    0.028588147833943367,
    -0.01744741201400757,
    -0.03954639658331871,
    -0.13523879647254944,
    0.010444837622344494,
    0.019805414602160454,
    -0.011736813001334667,
    0.11215440183877945,
    0.027314646169543266,
    -0.06575582921504974,
    0.008617611601948738,
    0.00058427156182006,
    -0.045586228370666504,
    -0.06584227830171585,
    0.0009585043881088495,
    -0.003016467671841383,
    -0.030281472951173782,
    2.4715876629464245e-32,
    -0.037350449711084366,
    -0.033265504986047745,
    -0.13853177428245544,
    0.014667176641523838,
    0.023204274475574493,
    -0.020118646323680878,
    0.043920859694480896,
    0.01957184635102749,
    -0.11022432893514633,
    0.017635401338338852,
    0.017638815566897392,
    -0.013668550178408623,
    0.014884152449667454,
    -0.048150815069675446,
    -0.060219764709472656,
    -0.041027918457984924,
    -0.018891163170337677,
    0.09834799915552139,
    -0.0037121924106031656,
    0.011701499111950397,
    0.0380825474858284,
    -0.053211819380521774,
    0.04280481114983559,
    0.056981757283210754,
    0.021451570093631744,
    -0.037410374730825424,
    0.025045784190297127,
    -0.021796267479658127,
    0.015498006716370583,
    -0.0012175578158348799,
    0.06203242763876915,
    0.006934694480150938,
    0.029329299926757812,
    0.03317830711603165,
    0.07940609753131866,
    0.12888537347316742,
    0.011671108193695545,
    -0.09227129817008972,
    0.10671485960483551,
    -0.07884828746318817,
    -0.07042399048805237,
    -0.02135874517261982,
    -0.028940686956048012,
    -0.008800480514764786,
    -0.014624617993831635,
    -0.049642413854599,
    -0.023650499060750008,
    -0.015475724823772907,
    0.025483084842562675,
    0.05238625407218933,
    0.008365653455257416,
    0.0054499441757798195,
    0.08943061530590057,
    -0.03522217273712158,
    0.018110720440745354,
    -0.007741231936961412,
    -0.10668186843395233,
    0.022217432036995888,
    -0.04740522801876068,
    0.040172792971134186,
    -0.03381266072392464,
    0.010133306495845318,
    -0.04208049550652504,
    0.02678067237138748,
    -0.04283634200692177,
    -0.08236770331859589,
    -0.028891056776046753,
    -0.036981500685214996,
    0.09343048185110092,
    -0.05532408505678177,
    0.0030264663510024548,
    0.028090666979551315,
    0.03014875389635563,
    0.0019303810549899936,
    -0.009943422861397266,
    -0.009130502119660378,
    0.01928168348968029,
    -0.01898147165775299,
    0.034856777638196945,
    -0.02694138139486313,
    -0.10599292814731598,
    -0.010827149264514446,
    0.034718915820121765,
    0.05051088705658913,
    0.025425003841519356,
    -0.003991374280303717,
    0.022605877369642258,
    -0.007641503121703863,
    -0.04593034088611603,
    -0.014941253699362278,
    0.0029627319891005754,
    0.009403496980667114,
    -0.013181973248720169,
    0.06286998838186264,
    0.06924588978290558,
    -2.3448360172755773e-32,
    0.013639779761433601,
    -0.0785529613494873,
    -0.08948474377393723,
    0.04373801872134209,
    0.04142057150602341,
    0.013808971270918846,
    -0.09020782262086868,
    -0.08554545044898987,
    0.07790683209896088,
    0.008641596883535385,
    -0.03841923922300339,
    -0.035895783454179764,
    0.013280250132083893,
    -0.051117442548274994,
    -0.06070670112967491,
    -0.07208392769098282,
    -0.007708620745688677,
    -0.010204162448644638,
    0.0339006669819355,
    0.0946921557188034,
    -0.001284223166294396,
    -0.0011302356142550707,
    -0.05054861307144165,
    0.0700083076953888,
    0.055624909698963165,
    0.010892638005316257,
    -0.047500088810920715,
    -0.07008147984743118,
    0.07905170321464539,
    0.03398662805557251,
    -0.04537895694375038,
    -0.11374682188034058,
    -0.08516528457403183,
    7.284837192855775e-05,
    -0.039845503866672516,
    -0.15449801087379456,
    0.07372123748064041,
    -0.019060354679822922,
    -0.028056655079126358,
    0.019121665507555008,
    0.03779682144522667,
    0.08715727925300598,
    0.05269094556570053,
    0.01550394669175148,
    -0.035431720316410065,
    -0.06286069750785828,
    0.0149293327704072,
    0.022646469995379448,
    0.026943836361169815,
    -0.051028501242399216,
    0.031802818179130554,
    0.010130197741091251,
    0.04128800332546234,
    -0.029054999351501465,
    -0.019115423783659935,
    0.02973046712577343,
    0.006029576063156128,
    -0.041819989681243896,
    -0.027176406234502792,
    0.07456456124782562,
    0.08347713947296143,
    0.06950783729553223,
    0.0009012637310661376,
    0.0010818204609677196,
    0.080039843916893,
    -0.041217271238565445,
    -0.08360711485147476,
    -0.043013736605644226,
    -0.009382125921547413,
    -0.040325943380594254,
    0.041858162730932236,
    -0.10010391473770142,
    -0.09110888093709946,
    -0.02811398357152939,
    0.15910859405994415,
    -0.04727734252810478,
    0.008208916522562504,
    -0.03748185560107231,
    -0.07302679866552353,
    0.02121124044060707,
    0.059149034321308136,
    0.08629606664180756,
    -0.062526635825634,
    0.07561025023460388,
    -0.005121453665196896,
    0.04515696316957474,
    0.03808518126606941,
    -0.017912596464157104,
    0.04313981905579567,
    0.0747826024889946,
    -0.02993863634765148,
    -0.020167769864201546,
    0.011308056302368641,
    0.07023213058710098,
    -0.052207667380571365,
    -6.495132964801087e-08,
    -0.01916058175265789,
    0.03554609790444374,
    -0.020574068650603294,
    -0.0151116494089365,
    -0.008417736738920212,
    -0.013006595894694328,
    0.005264370236545801,
    0.015529545024037361,
    -0.06780688464641571,
    -0.10637523978948593,
    0.10939907282590866,
    -0.029379429295659065,
    -0.009619999676942825,
    -0.07934410870075226,
    0.02384086698293686,
    -0.026569291949272156,
    -0.0335499532520771,
    -0.06247377768158913,
    -0.10251820087432861,
    -0.012093989178538322,
    -0.000886305351741612,
    -0.07011544704437256,
    -0.0176723450422287,
    0.03868832811713219,
    0.031526830047369,
    0.013549539260566235,
    -0.0033720778301358223,
    0.06355808675289154,
    0.019945213571190834,
    0.04756932333111763,
    -0.05124111846089363,
    0.03252081200480461,
    0.012973244301974773,
    -0.0700363740324974,
    0.008826451376080513,
    0.027670789510011673,
    -0.03317888453602791,
    0.0064688874408602715,
    0.035797104239463806,
    0.030110372230410576,
    -0.024065691977739334,
    0.05778828635811806,
    0.06242594122886658,
    0.057646382600069046,
    0.015955965965986252,
    0.01044744998216629,
    -0.1042223647236824,
    -0.0005662171170115471,
    -0.020603517070412636,
    -0.09053406864404678,
    -0.02336285635828972,
    -0.0949283167719841,
    0.043904393911361694,
    0.03542487323284149,
    -0.020002253353595734,
    0.1415582150220871,
    0.09188917279243469,
    0.06521027535200119,
    0.04235673323273659,
    -0.037628304213285446,
    0.13272318243980408,
    0.08827369660139084,
    0.021604716777801514,
    0.012868937104940414
]