[
    -0.003646709257736802,
    0.013369103893637657,
    0.0423876978456974,
    -0.08296497911214828,
    -0.02863672375679016,
    0.04156336560845375,
    -0.0018151861149817705,
    -0.033531904220581055,
    -0.05053124204277992,
    -0.023883750662207603,
    -0.04390060529112816,
    0.00020484483684413135,
    -0.0005436113569885492,
    -0.03119613416492939,
    0.06711599975824356,
    -0.04875589534640312,
    0.06053845211863518,
    0.009976349771022797,
    -0.07208334654569626,
    0.07081467658281326,
    0.03710370138287544,
    0.056754644960165024,
    -0.06352123618125916,
    0.026824770495295525,
    -0.07717975974082947,
    0.017827477306127548,
    0.014408440329134464,
    -0.04189033433794975,
    -0.00329384277574718,
    -0.01223022025078535,
    0.0029720922466367483,
    0.029634099453687668,
    0.03416380658745766,
    0.05549706518650055,
    0.019316988065838814,
    -0.04919947683811188,
    -0.006865017581731081,
    0.0363738089799881,
    -0.04049070551991463,
    0.024073056876659393,
    -0.04083763435482979,
    -0.012950368225574493,
    -0.0232953242957592,
    0.04165876656770706,
    0.07663172483444214,
    0.02787720412015915,
    -0.0956420823931694,
    -0.01688416302204132,
    0.06857650727033615,
    0.05531235784292221,
    -0.017799442633986473,
    -0.017247533425688744,
    0.010832118801772594,
    0.036602988839149475,
    -0.01711982674896717,
    -0.07371781766414642,
    -0.08724815398454666,
    0.015703579410910606,
    -0.09702478349208832,
    -0.020881755277514458,
    0.03598784655332565,
    -0.021947061643004417,
    -0.017924178391695023,
    0.04134306684136391,
    -0.05116363614797592,
    0.0661904588341713,
    -0.022976038977503777,
    -0.038255587220191956,
    -0.030071347951889038,
    -0.024420304223895073,
    -0.10552556067705154,
    -0.035532984882593155,
    -0.00939569715410471,
    0.04939252883195877,
    -0.02127303183078766,
    0.032501284033060074,
    0.02247256599366665,
    -0.003336604218930006,
    0.04938965663313866,
    -0.11546941846609116,
    -0.07182905822992325,
    -0.006072902120649815,
    -0.0030836339574307203,
    0.04065549746155739,
    -0.03245441988110542,
    -0.013573766686022282,
    -0.05387083813548088,
    -0.024798564612865448,
    -0.035191860049963,
    -0.050684913992881775,
    0.007072810549288988,
    -0.03906797617673874,
    0.06061866134405136,
    -0.037139642983675,
    0.07300813496112823,
    0.0024028995539993048,
    -0.010975702665746212,
    -0.08081528544425964,
    0.05410941317677498,
    -0.011930260807275772,
    -0.011936922557651997,
    -0.023820487782359123,
    0.07316385954618454,
    0.025090761482715607,
    -0.040791332721710205,
    -0.0824238657951355,
    0.030107157304883003,
    0.03327828273177147,
    0.06403042376041412,
    0.04836347699165344,
    -0.010175056755542755,
    0.005461631342768669,
    -0.03359026089310646,
    -0.11131630092859268,
    0.0014805448008701205,
    -0.01869923248887062,
    -0.01532933209091425,
    0.01220681145787239,
    0.045423638075590134,
    0.013926207087934017,
    -0.025075554847717285,
    -0.026754232123494148,
    -0.019873162731528282,
    -0.09341105073690414,
    -0.006514410953968763,
    0.054832253605127335,
    0.012190296314656734,
    2.3782340158343463e-32,
    -0.030669894069433212,
    -0.0012711973395198584,
    -0.005681376904249191,
    0.0359753854572773,
    0.024356598034501076,
    -0.029282482340931892,
    0.05676915869116783,
    -0.006056847050786018,
    -0.002722603501752019,
    0.006622957997024059,
    -0.08036425709724426,
    0.018018050119280815,
    -0.05007035657763481,
    0.06288884580135345,
    -0.07291577011346817,
    0.007401160430163145,
    0.03583086282014847,
    0.0818767100572586,
    -0.057711176574230194,
    0.04543674737215042,
    -0.006996624171733856,
    0.016246996819972992,
    0.039794743061065674,
    0.01907605677843094,
    -0.07632938027381897,
    0.04252483323216438,
    0.04050782322883606,
    -0.030446527525782585,
    0.05966043844819069,
    0.03059818036854267,
    0.053282756358385086,
    0.0009704130934551358,
    -0.030189288780093193,
    -0.0807214304804802,
    -0.07051830738782883,
    0.13777707517147064,
    0.009697678498923779,
    -0.043186888098716736,
    0.08040770888328552,
    -0.11772599071264267,
    -0.08062049001455307,
    -0.040686145424842834,
    -0.010407431051135063,
    0.031199760735034943,
    0.051526989787817,
    -0.018060537055134773,
    0.008675716817378998,
    0.015619147568941116,
    0.025167427957057953,
    0.04891527444124222,
    -0.10396087914705276,
    -0.02214980125427246,
    -0.012884792871773243,
    -0.027896495535969734,
    0.02108543924987316,
    -0.061796884983778,
    -0.046099815517663956,
    0.06644532829523087,
    -0.0601373128592968,
    0.07070641219615936,
    -0.0013209476601332426,
    0.03922867029905319,
    -0.018622662872076035,
    0.008378986269235611,
    -0.008465581573545933,
    -0.0561039000749588,
    -0.016248418018221855,
    -0.0813782662153244,
    0.054066676646471024,
    0.06490802764892578,
    -0.00856007356196642,
    0.08846025168895721,
    -0.04072355479001999,
    0.04492801055312157,
    -0.010049034841358662,
    -0.04118328168988228,
    0.0008621120359748602,
    -0.041372355073690414,
    0.038564566522836685,
    0.10059267282485962,
    -0.06468992680311203,
    0.06132222339510918,
    0.02128203585743904,
    0.06926196068525314,
    0.016055474057793617,
    0.03207926079630852,
    0.07522758096456528,
    0.032043956220149994,
    -0.016589511185884476,
    -0.06798511743545532,
    -0.039579592645168304,
    0.015572299249470234,
    0.057011302560567856,
    0.07403677701950073,
    0.00826292298734188,
    -2.468327429364419e-32,
    -0.007121183443814516,
    -0.0029775905422866344,
    0.03090038150548935,
    -0.03147866204380989,
    0.02765830047428608,
    -0.010024798102676868,
    -0.06508713215589523,
    -0.09974268823862076,
    0.10837079584598541,
    0.02015957050025463,
    0.03344215825200081,
    -0.05295410752296448,
    0.005909872706979513,
    -0.033235397189855576,
    -0.06757770478725433,
    -0.036623265594244,
    -0.1707879900932312,
    -0.0851128101348877,
    0.004392510745674372,
    0.11806070804595947,
    -0.019062476232647896,
    -0.010505241341888905,
    -0.03493364900350571,
    0.08913572877645493,
    0.017532387748360634,
    0.034878287464380264,
    -0.04498715326189995,
    0.0076503935270011425,
    0.08543594926595688,
    -0.07200557738542557,
    -0.05900399759411812,
    -0.06960973143577576,
    -0.01648765429854393,
    -0.004073616582900286,
    -0.05256998538970947,
    -0.14227703213691711,
    0.005652809515595436,
    0.057862378656864166,
    -0.034940849989652634,
    -0.009151272475719452,
    0.09458600729703903,
    -0.07087451964616776,
    0.016299623996019363,
    -0.0009610897395759821,
    0.013806692324578762,
    -0.040743425488471985,
    0.058937184512615204,
    -0.0882013589143753,
    0.005726921372115612,
    0.014964408241212368,
    0.026442090049386024,
    -0.00678899884223938,
    -0.026710331439971924,
    0.04556466266512871,
    -0.012665273621678352,
    0.017310867086052895,
    -0.013690102845430374,
    0.01423466857522726,
    -0.07364799082279205,
    -0.05888523906469345,
    0.018295858055353165,
    0.024104509502649307,
    -0.0038022794760763645,
    0.09508983045816422,
    0.034020714461803436,
    -0.05397891625761986,
    -0.02572462521493435,
    -0.1205248087644577,
    -0.03605419024825096,
    -0.035904381424188614,
    -0.1286282241344452,
    -0.09561684727668762,
    -0.049724169075489044,
    -0.09816256910562515,
    0.06346658617258072,
    -0.09081941843032837,
    -0.041675496846437454,
    -0.059356220066547394,
    -0.05231834203004837,
    0.004742211662232876,
    0.03184901922941208,
    -0.000708238163497299,
    -0.04716670885682106,
    0.07452945411205292,
    -0.020973289385437965,
    -0.010408047586679459,
    0.056955400854349136,
    -0.02065151371061802,
    -0.024003857746720314,
    0.10361375659704208,
    -0.08637017756700516,
    0.018441570922732353,
    -0.028549160808324814,
    0.025724787265062332,
    -0.10293300449848175,
    -6.573751676341999e-08,
    -0.006282980088144541,
    0.06319668889045715,
    0.00575694814324379,
    -0.03673947602510452,
    -0.014756821095943451,
    -0.014439459890127182,
    -0.07809925079345703,
    0.034324053674936295,
    -0.005146916024386883,
    -0.015545903705060482,
    0.07147032767534256,
    0.07789291441440582,
    -0.023062458261847496,
    -0.0688479095697403,
    0.046131499111652374,
    -0.03686590865254402,
    -0.06476758420467377,
    0.03150175139307976,
    -0.03767595812678337,
    0.07468831539154053,
    -0.09376120567321777,
    -0.03858843818306923,
    -0.04828263446688652,
    0.029994923621416092,
    0.017782818526029587,
    0.08977016061544418,
    -0.027387328445911407,
    0.004010702017694712,
    0.04877510294318199,
    0.06273897737264633,
    0.01605565845966339,
    0.010349084623157978,
    -0.0006047281785868108,
    -0.03177502378821373,
    -0.06397078931331635,
    -0.04338693991303444,
    -0.05182819068431854,
    0.02749561332166195,
    0.03953153267502785,
    -0.019437475129961967,
    0.012053181417286396,
    -0.005316604394465685,
    -0.027100099250674248,
    0.08062960207462311,
    0.012439913116395473,
    -0.04705382138490677,
    -0.01312278863042593,
    -0.023949362337589264,
    -0.010079840198159218,
    -0.0939575806260109,
    -0.023081639781594276,
    -0.07070290297269821,
    0.13948222994804382,
    -0.06218942999839783,
    -0.08838356286287308,
    0.08623841404914856,
    0.05460267886519432,
    -0.022392665967345238,
    0.005954779218882322,
    0.02571478858590126,
    0.10404648631811142,
    0.03433593362569809,
    0.0406680628657341,
    0.03666609153151512
]