[
    0.02236374281346798,
    0.023632505908608437,
    -0.053303062915802,
    -0.05736260488629341,
    -0.04921230301260948,
    0.05695442855358124,
    0.028750961646437645,
    -0.0400938056409359,
    -0.005731134209781885,
    0.04292301461100578,
    0.0801718458533287,
    -0.019711729139089584,
    0.020783022046089172,
    0.013628951273858547,
    0.04346730560064316,
    0.012325676158070564,
    0.08238289505243301,
    0.07146520912647247,
    -0.10247533768415451,
    0.02897043153643608,
    0.0013362744357436895,
    0.033216118812561035,
    -0.06329315900802612,
    -0.007197554688900709,
    -0.17973299324512482,
    -0.06876728683710098,
    -0.018978092819452286,
    -0.034825343638658524,
    0.050316017121076584,
    -0.053864333778619766,
    -0.007592747453600168,
    0.012715145014226437,
    0.13103102147579193,
    0.08368338644504547,
    0.018161581829190254,
    0.022371018305420876,
    0.034610770642757416,
    0.00712340883910656,
    0.006238583941012621,
    0.03624187037348747,
    -0.062268346548080444,
    -0.028401052579283714,
    -0.07435969263315201,
    -0.0004958103527314961,
    0.004054642282426357,
    0.01750275306403637,
    0.033498719334602356,
    -0.06060189753770828,
    -0.006628341972827911,
    -0.03723801672458649,
    -0.06881733983755112,
    -0.006182214245200157,
    -0.028338953852653503,
    0.02093064785003662,
    -0.037345096468925476,
    -0.02131679095327854,
    -0.03946121037006378,
    -0.0015454181702807546,
    -0.04302842915058136,
    0.012090110220015049,
    0.02123449370265007,
    -0.06453187018632889,
    -0.023319710046052933,
    0.03299655765295029,
    -0.009133029729127884,
    0.016071295365691185,
    -0.04837701842188835,
    -0.03277736157178879,
    -0.02816447615623474,
    0.01751638762652874,
    -0.0631166473031044,
    -0.03011021949350834,
    -0.03876408189535141,
    -0.0025718598626554012,
    -0.0018214613664895296,
    0.04288649931550026,
    -0.016028163954615593,
    0.07346271723508835,
    0.09962116926908493,
    -0.15914855897426605,
    -0.022743428125977516,
    0.013406765647232533,
    0.0025148175191134214,
    0.0911942720413208,
    -0.030286554247140884,
    -0.009606984443962574,
    -0.023811720311641693,
    -0.016446612775325775,
    0.020352158695459366,
    -0.0340639166533947,
    0.06436280906200409,
    -0.09645543992519379,
    0.13065366446971893,
    -0.10987848043441772,
    0.06841563433408737,
    -0.013701743446290493,
    0.02107354626059532,
    -0.07911369949579239,
    0.0061664460226893425,
    0.013706693425774574,
    -0.005383576266467571,
    0.002227552467957139,
    -0.10506978631019592,
    -0.018094675615429878,
    -0.03285614028573036,
    -0.029308948665857315,
    0.002747886348515749,
    -0.02029283717274666,
    0.04367749020457268,
    0.004150927998125553,
    0.044971100986003876,
    0.044876810163259506,
    -0.057788167148828506,
    -0.0866026058793068,
    0.03343037888407707,
    0.023724094033241272,
    -0.017766162753105164,
    0.09359760582447052,
    -0.026978913694620132,
    -0.031569451093673706,
    -0.060664184391498566,
    0.014736206270754337,
    -0.03759610280394554,
    -0.0460008829832077,
    -0.0028755797538906336,
    -0.008296011947095394,
    -0.04058127850294113,
    2.107735867978845e-32,
    -0.0022128114942461252,
    0.014247878454625607,
    -0.04610316827893257,
    -0.007912825793027878,
    0.036223094910383224,
    -0.04250025004148483,
    0.01803475245833397,
    -0.015706179663538933,
    -0.016203051432967186,
    0.0466034971177578,
    0.020097071304917336,
    0.03118922747671604,
    -0.04877074807882309,
    -0.03197706118226051,
    -0.05094103515148163,
    0.05841471254825592,
    -0.05352696031332016,
    0.04571577161550522,
    -0.051992010325193405,
    0.05049241706728935,
    0.05182531848549843,
    -0.03489045053720474,
    -0.028506945818662643,
    -0.015058735385537148,
    -0.04233212769031525,
    -0.04760271683335304,
    -0.02002556063234806,
    0.0026963232085108757,
    0.015896916389465332,
    0.009166940115392208,
    0.034403033554553986,
    0.04144108667969704,
    0.08036800473928452,
    0.06401142477989197,
    0.014110633172094822,
    0.10676989704370499,
    -0.009329604916274548,
    -0.048762690275907516,
    0.013246814720332623,
    -0.06485766172409058,
    -0.08239232748746872,
    0.04656966030597687,
    0.06169714033603668,
    -0.0517403818666935,
    0.05785496532917023,
    -0.032909512519836426,
    0.03234308212995529,
    -0.04904128611087799,
    0.03876328840851784,
    0.09130316227674484,
    -0.03343851864337921,
    0.0040053860284388065,
    0.0909007117152214,
    -0.06861978769302368,
    -0.0005593009409494698,
    -0.025426747277379036,
    -0.04133874550461769,
    0.10225539654493332,
    -0.012680243700742722,
    0.05702555179595947,
    -0.07325325161218643,
    0.04392451047897339,
    -0.08678264915943146,
    0.013934834860265255,
    -0.013577287085354328,
    -0.0015432824147865176,
    -0.06498419493436813,
    -0.011740092188119888,
    0.07578671723604202,
    -0.0033746003173291683,
    -0.0035338420420885086,
    0.07689380645751953,
    -0.031296487897634506,
    0.013923881575465202,
    -0.07891702651977539,
    -0.007783231325447559,
    -0.020272165536880493,
    -0.02384486235678196,
    0.08450663834810257,
    -0.04233485832810402,
    -0.0838061273097992,
    -0.010421444661915302,
    0.014813651330769062,
    0.006870395969599485,
    -0.03361036255955696,
    -0.00033163194893859327,
    0.084563709795475,
    -0.0005141324945725501,
    0.022019827738404274,
    -0.012093338184058666,
    0.02909136936068535,
    0.0029215612448751926,
    -0.011724945157766342,
    0.0917748510837555,
    0.04874581843614578,
    -2.1174190026937435e-32,
    0.012966303154826164,
    -0.03798452392220497,
    -0.052768245339393616,
    0.03257647156715393,
    0.05745901167392731,
    0.04620297998189926,
    -0.017826339229941368,
    -0.0513511598110199,
    -0.01571665145456791,
    -0.01249495055526495,
    0.026750007644295692,
    -0.057257380336523056,
    -0.028610030189156532,
    -0.012156100012362003,
    -0.09412182122468948,
    -0.055653903633356094,
    -0.02885473147034645,
    -0.008723940700292587,
    -0.0016514196759089828,
    0.059352900832891464,
    0.012422679923474789,
    0.011096050031483173,
    -0.002435853937640786,
    0.12462607771158218,
    0.015783315524458885,
    0.028330326080322266,
    -0.01911633461713791,
    -0.019553180783987045,
    0.052744269371032715,
    0.02649572491645813,
    -0.015066075138747692,
    -0.035267338156700134,
    -0.038741011172533035,
    0.05796165019273758,
    -0.06450028717517853,
    -0.16761544346809387,
    0.07401016354560852,
    -0.024663832038640976,
    -0.04672062769532204,
    -0.06601794064044952,
    0.03649075701832771,
    0.022485507652163506,
    -0.037064120173454285,
    -0.042276401072740555,
    0.007934286259114742,
    -0.05693156644701958,
    0.035017095506191254,
    -0.03650597482919693,
    0.05148792266845703,
    -0.08818013966083527,
    0.012337910942733288,
    -0.08036104589700699,
    0.032547108829021454,
    0.03380165249109268,
    -0.041821565479040146,
    0.05851193144917488,
    0.10225559026002884,
    -0.011946823447942734,
    -0.03071078285574913,
    0.02468244545161724,
    0.06436613202095032,
    0.05645761638879776,
    -0.016225816681981087,
    0.07133615016937256,
    0.04052743315696716,
    -0.018335668370127678,
    -0.04939057305455208,
    0.02304799109697342,
    -0.028822138905525208,
    -0.06839726865291595,
    -0.05758139118552208,
    -0.05854901298880577,
    -0.03292214125394821,
    -0.12224164605140686,
    0.07124502956867218,
    -0.039145298302173615,
    -0.03243227303028107,
    -0.09983320534229279,
    -0.11403923481702805,
    0.021775582805275917,
    0.0459449402987957,
    -0.013800046406686306,
    -0.033812157809734344,
    0.09266337007284164,
    -0.030732104554772377,
    0.10972098261117935,
    0.054375939071178436,
    -0.03584622964262962,
    0.05808146670460701,
    0.06997361779212952,
    -0.07387546449899673,
    0.024297161027789116,
    -0.07903225719928741,
    0.035673871636390686,
    -0.08251433074474335,
    -5.779169853781241e-08,
    -0.07790008187294006,
    0.06861919164657593,
    0.011467364616692066,
    -0.05957641452550888,
    -0.026571625843644142,
    -0.004720752127468586,
    -0.05795937031507492,
    -0.056147925555706024,
    -0.028266580775380135,
    -0.06821335852146149,
    0.004868329036980867,
    0.031158577650785446,
    -0.04321758449077606,
    -0.014829947613179684,
    0.06066668778657913,
    0.004890243522822857,
    -0.019488921388983727,
    0.006063628476113081,
    -0.0447174496948719,
    0.06295657902956009,
    -0.006192786619067192,
    -0.06940160691738129,
    -0.03623863682150841,
    0.004179351031780243,
    0.041950736194849014,
    -0.011713423766195774,
    -0.043178968131542206,
    0.11519742012023926,
    0.05929279699921608,
    0.026642637327313423,
    -0.04015243425965309,
    0.02380349114537239,
    0.024841075763106346,
    -0.08480429649353027,
    -0.041968755424022675,
    -0.0075537716038525105,
    0.0421302504837513,
    -0.0332782082259655,
    0.05081375688314438,
    -0.01734926737844944,
    -0.022602524608373642,
    0.021508237347006798,
    0.07973159104585648,
    0.06163264065980911,
    0.04768262803554535,
    -0.018047595396637917,
    -0.0718875378370285,
    0.03499757498502731,
    -0.0003224942192900926,
    -0.05283600091934204,
    0.04102331027388573,
    -0.04749060049653053,
    0.05048742890357971,
    0.006204648409038782,
    -0.03985065594315529,
    0.004908237140625715,
    0.0311614740639925,
    -0.0007016800809651613,
    -0.07101056724786758,
    -0.04235459864139557,
    0.1654856950044632,
    0.008687187917530537,
    0.10904259234666824,
    -0.0216384194791317
]