[
    -0.017847072333097458,
    -0.021213868632912636,
    -0.052137766033411026,
    -0.030650202184915543,
    -0.05594541132450104,
    1.0619492968544364e-05,
    -0.06314355134963989,
    -0.01268706563860178,
    -0.03051358088850975,
    0.022891541942954063,
    -0.009841383434832096,
    -0.04141481593251228,
    0.009084423072636127,
    0.012549575418233871,
    0.05820445716381073,
    0.06174222007393837,
    0.065943643450737,
    0.06661898642778397,
    -0.09919290244579315,
    0.04661501199007034,
    0.09617406129837036,
    0.03847438097000122,
    -0.06565480679273605,
    0.010200363583862782,
    -0.1154458075761795,
    -0.013776049017906189,
    -0.06494338065385818,
    -0.045865532010793686,
    0.022136949002742767,
    -0.09970776736736298,
    -0.038747407495975494,
    -0.00300925993360579,
    0.013122190721333027,
    0.024825718253850937,
    0.006926184520125389,
    -0.015500438399612904,
    0.05368939787149429,
    -0.04612350091338158,
    0.05134207010269165,
    0.011058993637561798,
    -0.03576267138123512,
    0.04248867556452751,
    -0.06304490566253662,
    -0.005571478977799416,
    -0.03331008926033974,
    0.004944181069731712,
    -0.008324217982590199,
    -0.0021215402521193027,
    -0.049400825053453445,
    -0.011223596520721912,
    -0.06188889592885971,
    -0.03971821814775467,
    -0.025051234290003777,
    0.08179280906915665,
    -0.0016159783117473125,
    -0.015257040970027447,
    0.003436287399381399,
    0.05313900113105774,
    -0.009533574804663658,
    -0.045788321644067764,
    0.010963240638375282,
    0.00616192864254117,
    -0.07982422411441803,
    0.030925782397389412,
    8.767320832703263e-05,
    0.015074893832206726,
    -0.05581609159708023,
    -0.08629851043224335,
    -0.008534208871424198,
    -0.005083125084638596,
    -0.060515351593494415,
    0.020668433979153633,
    0.019935740157961845,
    0.04649398848414421,
    -0.030903445556759834,
    -0.00032583781285211444,
    -0.0007615616195835173,
    0.03185423091053963,
    0.04656452313065529,
    -0.08745197206735611,
    -0.05801631137728691,
    0.05126297473907471,
    0.016626698896288872,
    0.015284942463040352,
    -0.04790596663951874,
    -0.033726826310157776,
    -0.014664149843156338,
    0.008126309141516685,
    -0.015190139412879944,
    0.059931572526693344,
    0.10818962007761002,
    -0.06891204416751862,
    0.096285380423069,
    -0.06593929976224899,
    0.0215015672147274,
    0.0029723779298365116,
    0.04067549854516983,
    -0.07304881513118744,
    0.05827423557639122,
    0.0173532385379076,
    0.0528077557682991,
    0.022271139547228813,
    -0.03044578991830349,
    0.002218547509983182,
    0.002838034648448229,
    -0.02904443070292473,
    0.00345633109100163,
    -0.005145901348441839,
    -0.013411572203040123,
    -0.011734480038285255,
    0.03756879270076752,
    -0.017068395391106606,
    -0.049111541360616684,
    -0.09478840231895447,
    0.007144516799598932,
    0.02697421796619892,
    -0.01622837781906128,
    0.08273612707853317,
    0.006215328816324472,
    -0.06919804215431213,
    -0.08404722064733505,
    0.025673789903521538,
    -0.013637871481478214,
    -0.06344050914049149,
    0.07392849773168564,
    0.014260627329349518,
    -0.056728433817625046,
    1.7221588802929554e-32,
    -0.07193996012210846,
    -0.06915900856256485,
    -0.10635510832071304,
    0.009623751044273376,
    0.044756922870874405,
    -0.02095332369208336,
    -0.029068104922771454,
    -0.018338901922106743,
    -0.10120519250631332,
    0.035894107073545456,
    0.03384235128760338,
    0.05827103555202484,
    -0.02121441811323166,
    -0.06172802671790123,
    -0.018521446734666824,
    -0.000489899015519768,
    -0.01022063847631216,
    0.01682139001786709,
    0.024695346131920815,
    0.010355529375374317,
    0.031377870589494705,
    -0.028482826426625252,
    -0.024652769789099693,
    -0.027448631823062897,
    -0.03959668055176735,
    -0.0017670892411842942,
    0.03234739601612091,
    -0.0004057775076944381,
    -0.023819895461201668,
    0.014554694294929504,
    0.004908411763608456,
    0.006878577172756195,
    0.08501452952623367,
    0.004168868530541658,
    0.06001806631684303,
    0.07864929735660553,
    0.03647087141871452,
    -0.01673135533928871,
    0.068305104970932,
    -0.13101951777935028,
    -0.05413971468806267,
    0.006169834174215794,
    0.014072561636567116,
    0.015846269205212593,
    0.0032032052986323833,
    0.022073086351156235,
    -0.042492739856243134,
    -0.039963264018297195,
    0.030345803126692772,
    0.04981572926044464,
    0.025730891153216362,
    -0.017128678038716316,
    0.1075155958533287,
    -0.013834409415721893,
    0.005499136634171009,
    -0.049048617482185364,
    -0.09079380333423615,
    0.06148460879921913,
    -0.06269066780805588,
    0.05870586261153221,
    0.01199421938508749,
    0.0793861374258995,
    -0.04301971197128296,
    0.04418845474720001,
    -0.03986550122499466,
    -0.047232698649168015,
    -0.06592981517314911,
    -0.0322425439953804,
    0.059597987681627274,
    -0.0376867838203907,
    -0.052734117954969406,
    0.06919632107019424,
    0.0005569930654019117,
    0.04607461392879486,
    -0.034548986703157425,
    -0.06219806149601936,
    0.03148495778441429,
    -0.05075206607580185,
    0.03921157121658325,
    -0.09438905119895935,
    -0.10785770416259766,
    0.03482753038406372,
    0.03929126635193825,
    0.054899729788303375,
    -0.02012770250439644,
    -0.05279907211661339,
    0.013901865109801292,
    0.0537356361746788,
    0.020688289776444435,
    0.021804973483085632,
    -0.023700924590229988,
    -0.010525153949856758,
    0.037193503230810165,
    0.0690583810210228,
    0.05190543457865715,
    -1.6871607400491296e-32,
    0.027465319260954857,
    -0.05103936046361923,
    -0.044785887002944946,
    0.04418788105249405,
    0.018057625740766525,
    0.0349464975297451,
    -0.11527548730373383,
    -0.08035246282815933,
    0.07002203166484833,
    -0.06330782920122147,
    -0.012305623851716518,
    -0.04054141789674759,
    -0.010416815057396889,
    0.04287027567625046,
    -0.043004345148801804,
    -0.0694553330540657,
    -0.0835951566696167,
    -0.030533432960510254,
    0.03980293124914169,
    0.037827037274837494,
    0.04211542755365372,
    0.0011512084165588021,
    -0.07340405881404877,
    0.09930875152349472,
    -0.01377367228269577,
    -0.01593232899904251,
    -0.09688881039619446,
    -0.02931523136794567,
    0.053747959434986115,
    0.03595755994319916,
    -0.020245496183633804,
    -0.07897389680147171,
    -0.00996172521263361,
    0.028913697227835655,
    -0.07434992492198944,
    -0.15417534112930298,
    0.12241967767477036,
    -0.009309322573244572,
    -0.032584331929683685,
    -0.012780975550413132,
    0.0026503342669457197,
    0.09660256654024124,
    0.02053532376885414,
    -0.01756090112030506,
    0.030509451404213905,
    -0.0176232922822237,
    0.049166347831487656,
    -0.03460575267672539,
    -0.018881196156144142,
    -0.05220911279320717,
    -0.014749503694474697,
    -0.06228379160165787,
    0.005684887059032917,
    -0.0002523352450225502,
    -0.04088607430458069,
    0.08350298553705215,
    0.05249113216996193,
    -0.006927113048732281,
    -0.013316416181623936,
    0.05742138996720314,
    0.06593849509954453,
    0.0552545003592968,
    -0.04968056455254555,
    0.05852602794766426,
    0.08070171624422073,
    0.0073285480029881,
    -0.07522755861282349,
    0.014572161249816418,
    0.010568142868578434,
    -0.01254696398973465,
    -0.013038082979619503,
    -0.08315176516771317,
    -0.09722499549388885,
    -0.020943811163306236,
    0.10448897629976273,
    -0.013166762888431549,
    0.04961472749710083,
    -0.049009934067726135,
    -0.08321855962276459,
    0.037026338279247284,
    0.06780220568180084,
    0.04837769269943237,
    -0.040954358875751495,
    0.06606554985046387,
    0.007439832203090191,
    0.12606921792030334,
    0.04744518920779228,
    -0.05409281700849533,
    0.032124705612659454,
    0.10907361656427383,
    -0.04177166894078255,
    -0.0258196834474802,
    0.006448280997574329,
    0.03572322800755501,
    -0.08133317530155182,
    -4.735140990419495e-08,
    -0.06714267283678055,
    0.03914998844265938,
    -0.03282903507351875,
    -0.006448082625865936,
    -0.03604589030146599,
    0.027974115684628487,
    0.05129639804363251,
    -0.0633193626999855,
    -0.06408246606588364,
    -0.08572658896446228,
    0.021581824868917465,
    0.028170665726065636,
    -0.030145607888698578,
    0.006506707984954119,
    0.05760191008448601,
    -0.00152359448838979,
    -0.03433549404144287,
    0.029152071103453636,
    -0.03583872318267822,
    0.08369797468185425,
    -0.011181852780282497,
    -0.05987904593348503,
    -0.018189238384366035,
    0.03727569803595543,
    0.018583308905363083,
    -0.015526761300861835,
    0.0047794426791369915,
    0.14276684820652008,
    0.038319628685712814,
    0.14655454456806183,
    0.004099451005458832,
    0.08554407209157944,
    -0.0029699208680540323,
    -0.07662342488765717,
    -0.015317843295633793,
    -0.03931671380996704,
    -0.03569020703434944,
    0.03265691548585892,
    0.06205327808856964,
    0.0014257070142775774,
    -0.01938966102898121,
    -0.00012790776963811368,
    0.035538382828235626,
    0.03718726709485054,
    0.039816439151763916,
    -0.021854300051927567,
    -0.00877651572227478,
    0.02492498978972435,
    0.08842715620994568,
    -0.05714498460292816,
    0.0005682075279764831,
    -0.06659965217113495,
    0.008791654370725155,
    -0.030649520456790924,
    -0.006038937717676163,
    0.02304992638528347,
    0.040221020579338074,
    0.03544670715928078,
    -0.07977411895990372,
    -0.07596207410097122,
    0.1620195060968399,
    0.0702417641878128,
    0.11474476754665375,
    0.0005662718904204667
]