[
    -0.006124362349510193,
    -0.0019909145776182413,
    -0.045569419860839844,
    -0.07133633643388748,
    -0.026780864223837852,
    0.0622464120388031,
    0.02259056456387043,
    -0.01591816358268261,
    -0.03498116508126259,
    0.05242976173758507,
    0.003785028588026762,
    -0.06906935572624207,
    -0.03036247007548809,
    -0.007152424193918705,
    0.057676587253808975,
    0.04142593964934349,
    0.07938137650489807,
    0.05210709199309349,
    -0.07597032189369202,
    0.019117582589387894,
    0.04175432771444321,
    0.08350605517625809,
    -0.06881332397460938,
    0.03963325545191765,
    -0.14044414460659027,
    -0.04738161340355873,
    -0.017107674852013588,
    -0.026065878570079803,
    0.09213820099830627,
    -0.06558088958263397,
    0.036078423261642456,
    0.046320971101522446,
    0.06376800686120987,
    0.027676351368427277,
    -0.04249776154756546,
    -0.007794399745762348,
    0.02117875963449478,
    -0.08801174908876419,
    -0.0035587784368544817,
    -0.06514085084199905,
    -0.014758002012968063,
    -0.01383164431899786,
    -0.06735275685787201,
    -0.05546630546450615,
    0.0006913982215337455,
    0.013123427517712116,
    0.007728488650172949,
    -0.029136667028069496,
    -0.05441398546099663,
    -0.02747601829469204,
    -0.03562755882740021,
    -0.06706704944372177,
    0.004367498680949211,
    0.057426054030656815,
    -0.08701176941394806,
    -0.022729380056262016,
    -0.0028970849234610796,
    0.0153971491381526,
    -0.01043652556836605,
    -0.025473982095718384,
    0.0031064674258232117,
    -0.040755484253168106,
    -0.035286739468574524,
    0.044434379786252975,
    -0.049230288714170456,
    0.03032018058001995,
    -0.029416440054774284,
    -0.04185378924012184,
    0.0377349816262722,
    -0.017155887559056282,
    -0.014332185499370098,
    0.012647592462599277,
    0.06484581530094147,
    -0.01706121489405632,
    -0.04647281393408775,
    0.008639522828161716,
    -0.039027538150548935,
    0.05258573591709137,
    0.043770063668489456,
    -0.09462803602218628,
    -0.03462345153093338,
    0.002715755021199584,
    -0.047281794250011444,
    0.016261687502264977,
    -0.0341142937541008,
    -0.03647557273507118,
    -0.014286383055150509,
    -0.007436821702867746,
    0.012294160202145576,
    0.05599917843937874,
    0.11443828791379929,
    -0.048122793436050415,
    0.09575401991605759,
    -0.035053811967372894,
    0.02294001914560795,
    -0.0061865681782364845,
    0.00674433633685112,
    -0.06033211946487427,
    0.055436961352825165,
    0.005764174275100231,
    0.04203217104077339,
    0.06658957898616791,
    -0.05876527726650238,
    -0.0973065048456192,
    0.00204525631852448,
    -0.040913812816143036,
    -0.038281507790088654,
    -0.014579029753804207,
    0.01591687835752964,
    -0.005068555474281311,
    -0.011860155500471592,
    -0.02811933495104313,
    -0.02824896015226841,
    -0.06263479590415955,
    0.05854107439517975,
    0.03764861077070236,
    0.011999864131212234,
    0.0717691108584404,
    0.03539637476205826,
    -0.04982945695519447,
    -0.03275825083255768,
    0.039520181715488434,
    -0.06718722730875015,
    -0.09020160883665085,
    0.06194097921252251,
    0.01978924125432968,
    -0.062004536390304565,
    1.897930550571412e-32,
    -0.06870055198669434,
    -0.035098981112241745,
    -0.11758024990558624,
    -0.002670383546501398,
    0.030103297904133797,
    -0.0445166751742363,
    0.000686590385157615,
    0.0013309087371453643,
    -0.09296074509620667,
    0.044173285365104675,
    0.022753994911909103,
    0.012676015496253967,
    0.013851357623934746,
    -0.06248750910162926,
    -0.03602856770157814,
    -0.011953240260481834,
    -0.043674737215042114,
    0.06316350400447845,
    -0.022104807198047638,
    0.02476968988776207,
    0.02614590711891651,
    0.0039411187171936035,
    0.004171785432845354,
    0.014945214614272118,
    0.01574988290667534,
    -0.012338089756667614,
    0.040224190801382065,
    -0.050180234014987946,
    -0.002918991493061185,
    0.006901615299284458,
    0.06553688645362854,
    0.04360000416636467,
    0.04499373584985733,
    -0.02486530691385269,
    0.040072277188301086,
    0.08451969176530838,
    0.03951632231473923,
    -0.01878151297569275,
    0.0628628134727478,
    -0.09064242988824844,
    -0.04726763814687729,
    0.006016981787979603,
    0.003568294458091259,
    -0.04234228655695915,
    0.04131007939577103,
    -0.0003486806235741824,
    -0.027154115960001945,
    -0.01721683330833912,
    0.12369367480278015,
    0.06520868837833405,
    0.021250443533062935,
    -0.0094329584389925,
    0.08289492130279541,
    0.010883385315537453,
    0.023709997534751892,
    -0.04469141364097595,
    -0.06633134931325912,
    0.05263088271021843,
    -0.02934890240430832,
    0.01461443305015564,
    -0.017013296484947205,
    0.026862388476729393,
    -0.024013834074139595,
    0.0632726177573204,
    -0.034868933260440826,
    -0.019801679998636246,
    -0.022413259372115135,
    -0.04900906980037689,
    0.03429412096738815,
    -0.07641266286373138,
    -0.045098379254341125,
    0.03943923860788345,
    0.026400646194815636,
    -0.001234133611433208,
    -0.09734757989645004,
    -0.05824870616197586,
    -0.03277970105409622,
    -0.037035051733255386,
    0.05468283221125603,
    -0.027873635292053223,
    -0.06984136253595352,
    0.027387358248233795,
    0.03332201763987541,
    0.02464204840362072,
    0.07492372393608093,
    -0.0364474393427372,
    0.02777157723903656,
    -0.02046678029000759,
    0.005171933211386204,
    -0.002833806909620762,
    0.007329070474952459,
    0.036359500139951706,
    -0.026986081153154373,
    0.0927693173289299,
    0.016770122572779655,
    -1.845055492240281e-32,
    0.017344336956739426,
    -0.038942329585552216,
    -0.10949335992336273,
    0.024637848138809204,
    0.05344686657190323,
    0.08022020757198334,
    -0.06669437140226364,
    -0.0817023292183876,
    0.05792178213596344,
    -0.012280852533876896,
    -0.044499676674604416,
    -0.08090846240520477,
    -0.04397619515657425,
    0.05929923057556152,
    -0.052454400807619095,
    -0.10696405172348022,
    -0.011779675260186195,
    -0.013185624033212662,
    0.062492530792951584,
    0.07690732181072235,
    0.021106161177158356,
    0.018873481079936028,
    -0.014119913801550865,
    0.07860994338989258,
    -0.019118888303637505,
    -0.013707239180803299,
    -0.0004854164435528219,
    -0.06916221976280212,
    0.0659496933221817,
    0.04714745283126831,
    -0.05157097056508064,
    -0.06505924463272095,
    -0.09293780475854874,
    0.048743732273578644,
    -0.04840901866555214,
    -0.17752383649349213,
    0.15057772397994995,
    -0.03358413651585579,
    -0.03387601673603058,
    0.024067791178822517,
    0.03524305671453476,
    0.08560335636138916,
    -0.0062661138363182545,
    -0.04033280536532402,
    -0.012856139801442623,
    -0.0067415083758533,
    0.051852863281965256,
    -0.02644679881632328,
    -0.026863522827625275,
    -0.07634395360946655,
    0.06567764282226562,
    -0.028338737785816193,
    0.0469670407474041,
    0.051004912704229355,
    -0.04195012152194977,
    0.04841367527842522,
    0.08356743305921555,
    -0.054004717618227005,
    -0.017390023916959763,
    0.04891078546643257,
    0.08361884951591492,
    0.05757903680205345,
    -0.040206197649240494,
    0.022186992689967155,
    0.07745111733675003,
    0.001453672768548131,
    -0.054556895047426224,
    -0.056353893131017685,
    -0.014978497289121151,
    -0.06480883061885834,
    0.003743840381503105,
    -0.14102882146835327,
    -0.10270465910434723,
    -0.0635937750339508,
    0.11591232568025589,
    0.04034329578280449,
    -0.014658373780548573,
    -0.08301862329244614,
    -0.09589005261659622,
    0.017191346734762192,
    0.0797806829214096,
    0.030815787613391876,
    -0.0023544656578451395,
    0.0540495403110981,
    0.006914071273058653,
    0.04500844329595566,
    0.00776625843718648,
    -0.05675250291824341,
    0.027998261153697968,
    0.08943082392215729,
    -0.043005939573049545,
    -0.0044484524987638,
    0.032029688358306885,
    0.043572958558797836,
    -0.05068017542362213,
    -5.427665072943455e-08,
    -0.05783722549676895,
    -0.004207007586956024,
    -0.014937632717192173,
    -0.03542662039399147,
    -0.050436217337846756,
    0.004095066804438829,
    -0.02960432693362236,
    -0.013377383351325989,
    -0.08397414535284042,
    -0.08952958881855011,
    0.03513777256011963,
    -0.028079986572265625,
    -0.04182981699705124,
    0.009694192558526993,
    0.0623360276222229,
    -0.017294369637966156,
    -0.06397057324647903,
    0.05643889307975769,
    -0.07161823660135269,
    0.061581820249557495,
    0.02318030595779419,
    -0.026155132800340652,
    -0.03412181884050369,
    0.009645353071391582,
    0.029319796711206436,
    -0.017462974414229393,
    0.020358936861157417,
    0.11858079582452774,
    0.030990730971097946,
    0.03389870375394821,
    -0.032601822167634964,
    0.059723448008298874,
    0.0506863035261631,
    -0.05626525357365608,
    -0.01874488964676857,
    -0.02071015164256096,
    -0.032607004046440125,
    0.022770551964640617,
    0.06230216100811958,
    0.057988349348306656,
    -0.06862937659025192,
    0.018449604511260986,
    0.029742391780018806,
    0.012420270591974258,
    0.04806416481733322,
    0.003060895949602127,
    -0.05030179023742676,
    0.007581720128655434,
    0.010553504340350628,
    -0.08414217829704285,
    -0.016993634402751923,
    -0.0416114442050457,
    0.043801285326480865,
    0.01271859835833311,
    0.01920154131948948,
    0.09081012010574341,
    0.05900434032082558,
    0.026435179635882378,
    -0.07165347784757614,
    -0.04008776694536209,
    0.1648072898387909,
    0.08649660646915436,
    0.05234194174408913,
    0.01747310906648636
]