[
    -0.020191160961985588,
    0.07700231671333313,
    -0.01702156849205494,
    -0.03771683946251869,
    -0.01373414695262909,
    0.08071312308311462,
    0.0034646796993911266,
    -0.018525809049606323,
    0.02875848300755024,
    0.023259278386831284,
    0.01156639214605093,
    -0.016270220279693604,
    -0.007918141782283783,
    -0.062406253069639206,
    0.07721419632434845,
    -0.015004892833530903,
    0.030401399359107018,
    0.02038646675646305,
    -0.09806891530752182,
    0.09668505191802979,
    0.02606981433928013,
    0.08073544502258301,
    -0.05762752890586853,
    0.01590382494032383,
    -0.09704156965017319,
    -0.011070430278778076,
    -0.018275558948516846,
    -0.03537248447537422,
    0.0162470955401659,
    -0.060687508434057236,
    0.08653587102890015,
    0.00019882863853126764,
    0.03753022104501724,
    0.06393805146217346,
    -0.014337453059852123,
    0.05797144025564194,
    -0.02809760347008705,
    0.04602556675672531,
    -0.03567447140812874,
    0.03106413036584854,
    -0.04906792938709259,
    -0.05626504868268967,
    -0.04917377233505249,
    -0.0016011957777664065,
    0.04794086143374443,
    0.03480508551001549,
    -0.06021071970462799,
    0.000983966514468193,
    -0.0013055895688012242,
    0.028867783024907112,
    -0.03202034905552864,
    -0.014783979393541813,
    -0.017272094264626503,
    0.06555257737636566,
    -0.028095955029129982,
    -0.03662958741188049,
    -0.04173021763563156,
    -0.03158534690737724,
    -0.08600600063800812,
    -0.050734132528305054,
    -0.006666411180049181,
    0.021534986793994904,
    0.02941829152405262,
    0.05069012939929962,
    -0.06153346225619316,
    0.05338585004210472,
    0.006399968173354864,
    -0.003089203964918852,
    0.028841856867074966,
    -0.06703109294176102,
    -0.06148054823279381,
    -0.02071436308324337,
    0.07048486173152924,
    0.050274867564439774,
    -0.016239359974861145,
    -0.010273659601807594,
    0.006800232455134392,
    -0.0007465489907190204,
    0.07965084165334702,
    -0.08694157004356384,
    -0.021594049409031868,
    -0.007085862569510937,
    0.00232107937335968,
    0.0400262214243412,
    -0.048384252935647964,
    0.012370767071843147,
    -0.012717192061245441,
    0.02073531039059162,
    0.017151303589344025,
    -0.025413528084754944,
    0.06783878058195114,
    -0.0276893712580204,
    0.12659230828285217,
    -0.027838625013828278,
    0.07139504700899124,
    -0.04309486970305443,
    -0.030682990327477455,
    -0.10509540140628815,
    0.029380030930042267,
    0.019331524148583412,
    0.01382516324520111,
    -0.0028291805647313595,
    -0.009181438013911247,
    -0.02908751368522644,
    -0.011681977659463882,
    -0.07667769491672516,
    -0.011594320647418499,
    -0.04133949801325798,
    0.024447621777653694,
    0.05157698318362236,
    0.01823713257908821,
    0.0017595062963664532,
    -0.02686324156820774,
    -0.1680188924074173,
    0.04143788665533066,
    0.006190063431859016,
    -0.07764224708080292,
    0.04537951573729515,
    0.03941917419433594,
    -0.04232533648610115,
    -0.05036985129117966,
    -0.03919881209731102,
    -0.06417220830917358,
    -0.10739154368638992,
    -0.01265436876565218,
    0.051161181181669235,
    -0.01615830697119236,
    2.1360235517842078e-32,
    0.00033702398650348186,
    0.03424378111958504,
    -0.041711658239364624,
    0.044239480048418045,
    0.029358524829149246,
    -0.03371185064315796,
    -0.020020628347992897,
    -0.0357418991625309,
    -0.047191400080919266,
    0.024625521153211594,
    0.04481887444853783,
    0.0037232977338135242,
    0.03416815772652626,
    -0.03998962417244911,
    -0.09548669308423996,
    0.046238966286182404,
    -0.03082725964486599,
    0.08962776511907578,
    -0.029653606936335564,
    0.051511749625205994,
    -0.013957049697637558,
    -0.06494778394699097,
    0.0016125175170600414,
    0.02037806622684002,
    -0.016685161739587784,
    0.018597131595015526,
    0.03481938689947128,
    -0.019125455990433693,
    0.04439155384898186,
    -0.01240645069628954,
    0.02172917313873768,
    0.028135787695646286,
    0.023106809705495834,
    -0.08345410227775574,
    0.06462951749563217,
    0.12747614085674286,
    -5.467631490319036e-05,
    -0.03767621889710426,
    0.06621813029050827,
    -0.055296700447797775,
    -0.05946643278002739,
    -0.024957193061709404,
    0.02872752957046032,
    0.06466290354728699,
    0.0553118921816349,
    -0.028576966375112534,
    -0.01808064803481102,
    -0.02386965975165367,
    -0.015903130173683167,
    0.022664308547973633,
    -0.02137942984700203,
    -0.013432328589260578,
    -0.001998821971938014,
    -0.019843077287077904,
    -0.010439672507345676,
    -0.0060280365869402885,
    -0.052276208996772766,
    0.054143793880939484,
    -0.036725688725709915,
    0.030068619176745415,
    0.018352221697568893,
    0.0016116159968078136,
    -0.0450311116874218,
    -0.04069984331727028,
    0.021717628464102745,
    -0.06729535013437271,
    -0.025074966251850128,
    -0.06052839010953903,
    0.08016053587198257,
    -0.03102675825357437,
    -0.014542658813297749,
    0.07005254179239273,
    0.006174284499138594,
    0.01814357191324234,
    -0.04952908679842949,
    -0.0440203957259655,
    0.015671012923121452,
    -0.01323693711310625,
    0.04934459924697876,
    0.04221423342823982,
    -0.04026845470070839,
    0.007913650944828987,
    0.01721205934882164,
    0.09921877831220627,
    0.020756956189870834,
    -0.0171602051705122,
    0.019702445715665817,
    0.06143326312303543,
    -0.10859492421150208,
    -0.032454684376716614,
    -0.03320641815662384,
    0.04777028411626816,
    0.05942297354340553,
    0.03922039642930031,
    -0.024415843188762665,
    -2.1473375379740785e-32,
    -0.008389769122004509,
    -0.051995038986206055,
    -0.09619767963886261,
    0.027989214286208153,
    0.09060335159301758,
    -0.02965538762509823,
    -0.026701107621192932,
    -0.09580487757921219,
    0.02882022224366665,
    0.021825456991791725,
    0.0037341713905334473,
    -0.07114624232053757,
    -0.009604918770492077,
    -0.03198816999793053,
    -0.010769407264888287,
    0.017354708164930344,
    -0.0630965530872345,
    -0.04902078956365585,
    -0.05014830455183983,
    0.1278408318758011,
    0.024560265243053436,
    -0.021784935146570206,
    -0.0476493164896965,
    0.12800593674182892,
    0.022123584523797035,
    0.07068730145692825,
    -0.02274547703564167,
    -0.024614159017801285,
    0.09223519265651703,
    -0.07328393310308456,
    -0.04471682012081146,
    -0.03034454584121704,
    -0.0590544231235981,
    0.009442322887480259,
    -0.08891324698925018,
    -0.14400030672550201,
    0.05787494778633118,
    -0.06751696020364761,
    -0.0640280693769455,
    0.0013820584863424301,
    0.08796626329421997,
    0.007849656045436859,
    -0.031150776892900467,
    0.0028723084833472967,
    0.00930685643106699,
    -0.04238750785589218,
    0.07544969022274017,
    -0.04182887449860573,
    -0.02226909250020981,
    0.011128335259854794,
    0.053672268986701965,
    -0.07421997934579849,
    -0.03798982873558998,
    0.05365226790308952,
    -0.03538325056433678,
    0.034987956285476685,
    -0.009861334227025509,
    -0.08371949195861816,
    -0.073917917907238,
    -0.03635622560977936,
    0.1039464995265007,
    0.04503732547163963,
    -0.07909798622131348,
    0.10577264428138733,
    0.010005559772253036,
    -0.05136844143271446,
    -0.022948814556002617,
    -0.07779040187597275,
    -0.041792381554841995,
    -0.1004444807767868,
    -0.06032513082027435,
    -0.09856412559747696,
    -0.044365838170051575,
    -0.12681251764297485,
    0.0942360982298851,
    -0.05311886593699455,
    -0.040280237793922424,
    -0.044482845813035965,
    -0.08383870124816895,
    0.030772114172577858,
    0.05586417391896248,
    -0.007856152951717377,
    -0.044940076768398285,
    0.05512143298983574,
    -0.018415268510580063,
    0.03483254462480545,
    0.09638173133134842,
    -0.07280932366847992,
    -0.014440460130572319,
    0.08827945590019226,
    -0.09138433635234833,
    0.008782311342656612,
    -0.038048870861530304,
    0.06316719204187393,
    -0.11425671726465225,
    -6.312103550953907e-08,
    0.005602122284471989,
    0.04621931165456772,
    0.007158123422414064,
    -0.053329065442085266,
    -0.02520473301410675,
    -0.0876956507563591,
    -0.02797807939350605,
    -0.010846061632037163,
    -0.04443429037928581,
    -0.016920382156968117,
    0.04334511607885361,
    0.09250524640083313,
    -0.02079538255929947,
    0.0017397808842360973,
    0.07312032580375671,
    -0.05411010980606079,
    -0.07078125327825546,
    -0.02008020505309105,
    -0.07700472325086594,
    0.024363309144973755,
    -0.028024259954690933,
    -0.052607037127017975,
    -0.06957050412893295,
    -0.0071671404875814915,
    0.0682641789317131,
    0.05179346352815628,
    -0.017223823815584183,
    0.04751112312078476,
    0.056932419538497925,
    0.022880375385284424,
    -0.03427708148956299,
    0.006636909209191799,
    0.011686854064464569,
    -0.022677671164274216,
    -0.04316158965229988,
    -0.00642441026866436,
    0.056429967284202576,
    -0.02816779538989067,
    0.050970032811164856,
    -0.0054597873240709305,
    0.017510470002889633,
    0.05382702872157097,
    0.018635882064700127,
    0.08822391927242279,
    0.007237142417579889,
    -0.04160616174340248,
    -0.023875048384070396,
    0.025836367160081863,
    0.019426973536610603,
    -0.11001311242580414,
    -0.011524325236678123,
    -0.0760076567530632,
    0.09838977456092834,
    0.0031749620102345943,
    -0.03543302044272423,
    0.08760921657085419,
    0.03915635868906975,
    0.044789619743824005,
    0.009520398452877998,
    -0.00200260104611516,
    0.11877207458019257,
    0.02013229764997959,
    0.0026730222161859274,
    -0.023847239091992378
]