[
    -0.03623605892062187,
    0.040344081819057465,
    -0.026749687269330025,
    -0.033849313855171204,
    -0.0875585675239563,
    0.024660291150212288,
    -0.018119892105460167,
    0.02059347555041313,
    0.01768162101507187,
    -0.040799569338560104,
    0.014330930076539516,
    0.014000552706420422,
    0.019787762314081192,
    -0.007557653356343508,
    0.09408926218748093,
    -0.007769637741148472,
    0.03368232026696205,
    -0.0011086163576692343,
    -0.05343770235776901,
    0.09706737101078033,
    -0.01297641359269619,
    0.08218218386173248,
    -0.08210239559412003,
    0.04175576567649841,
    -0.05731216445565224,
    -0.03857029229402542,
    -0.01051353756338358,
    -0.05971734970808029,
    0.09038339555263519,
    -0.02218242548406124,
    0.008658995851874352,
    0.10208965837955475,
    -0.025492802262306213,
    0.05724192038178444,
    -0.04804496467113495,
    0.02298424392938614,
    -0.06910062581300735,
    0.052166473120450974,
    -0.028287967666983604,
    0.012002605013549328,
    -0.024102965369820595,
    0.015360375866293907,
    -0.039498887956142426,
    -0.003239135257899761,
    0.034810490906238556,
    -0.031105246394872665,
    -0.0329010896384716,
    -0.002783049363642931,
    -0.028576210141181946,
    0.01520611997693777,
    -0.14701704680919647,
    -0.022234123200178146,
    -0.06175367906689644,
    0.10859958827495575,
    -0.016766494140028954,
    -0.030809063464403152,
    -0.00119779072701931,
    -0.007865124382078648,
    -0.09270386397838593,
    0.007523602340370417,
    -0.0010000611655414104,
    0.026295645162463188,
    -0.003802327439188957,
    0.021875668317079544,
    -0.0687900260090828,
    0.041699208319187164,
    -0.0143562788143754,
    0.03492802754044533,
    0.033054061233997345,
    0.017589779570698738,
    -0.10270669311285019,
    -0.007354213856160641,
    0.056564975529909134,
    0.03144832327961922,
    -0.004822582937777042,
    -0.05465202033519745,
    0.0029811053536832333,
    0.007030332460999489,
    0.036774247884750366,
    -0.11684154719114304,
    -0.03917662054300308,
    0.02729220502078533,
    0.013931791298091412,
    0.0025332551449537277,
    -0.09492892771959305,
    -0.02527764067053795,
    -0.017769457772374153,
    -0.04266996309161186,
    -0.00977482832968235,
    -0.07603850215673447,
    0.014433193020522594,
    -0.05729895457625389,
    0.10292709618806839,
    -0.07698389142751694,
    0.03619636222720146,
    -0.06182238459587097,
    -0.018687212839722633,
    -0.06184124946594238,
    0.03202524781227112,
    -0.043228134512901306,
    -0.009406296536326408,
    -0.022940095514059067,
    -0.01051344908773899,
    0.04044080153107643,
    -0.08506693691015244,
    -0.052798591554164886,
    -0.011441348120570183,
    -0.041425976902246475,
    0.03083287551999092,
    0.05477118492126465,
    0.011369670741260052,
    -0.006713897921144962,
    -0.09143257886171341,
    -0.1242598295211792,
    0.025659479200839996,
    -0.015561042353510857,
    -0.020176447927951813,
    0.021148379892110825,
    0.06868046522140503,
    0.02026759274303913,
    -0.05812884494662285,
    0.008166855201125145,
    -0.001238471013493836,
    -0.06066082790493965,
    -0.03995196893811226,
    0.019629735499620438,
    -0.01328228134661913,
    1.9474447236167485e-32,
    -0.024097789078950882,
    -0.022925740107893944,
    -0.05749960243701935,
    0.05701489374041557,
    0.029002057388424873,
    0.014382722787559032,
    0.03969958797097206,
    0.010943571105599403,
    -0.05630284175276756,
    0.049038272351026535,
    -0.005128182470798492,
    0.03275922313332558,
    0.04235586151480675,
    -0.02324896678328514,
    -0.07362857460975647,
    -0.003427941119298339,
    0.012227584607899189,
    0.11767400801181793,
    -0.04429971054196358,
    0.05632134526968002,
    0.020844778046011925,
    0.06300070881843567,
    -0.022191686555743217,
    0.02621208317577839,
    -0.010148410685360432,
    -0.018600130453705788,
    0.015980036929249763,
    -0.0275455079972744,
    0.039055559784173965,
    -0.01149139553308487,
    0.04539816081523895,
    0.04255278408527374,
    0.027558811008930206,
    -0.06643456965684891,
    0.055230762809515,
    0.11062058061361313,
    0.004037295468151569,
    -0.038564033806324005,
    0.08472297340631485,
    -0.0832613855600357,
    -0.0463075116276741,
    -0.062465470284223557,
    0.015696540474891663,
    0.05477864667773247,
    0.05668312683701515,
    0.0162576362490654,
    -0.00959298200905323,
    -0.05395781993865967,
    -0.04944644868373871,
    0.03951546177268028,
    -0.061478398740291595,
    0.0028157075867056847,
    0.02567433752119541,
    0.010981106199324131,
    0.04884720221161842,
    0.0087656881660223,
    -0.0881781056523323,
    0.08407562971115112,
    -0.07449371367692947,
    0.10817813873291016,
    0.029669614508748055,
    0.0035977819934487343,
    -0.013308380730450153,
    0.003372195875272155,
    0.020562443882226944,
    -0.08935748040676117,
    -0.05758387967944145,
    -0.05001780018210411,
    0.04715825244784355,
    -0.01544101070612669,
    -0.11314672976732254,
    0.09931900352239609,
    0.030722375959157944,
    0.04138347506523132,
    0.0005812130402773619,
    -0.06137258931994438,
    -0.028607184067368507,
    -0.027357861399650574,
    0.014048775658011436,
    0.044845763593912125,
    -0.10732779651880264,
    0.020435756072402,
    0.014790545217692852,
    0.08087090402841568,
    -0.0485275574028492,
    -0.008176881819963455,
    0.007220367435365915,
    0.03190010040998459,
    -0.0397833026945591,
    -0.045560505241155624,
    -0.03641292825341225,
    0.05286605656147003,
    0.02256072871387005,
    0.08138267695903778,
    0.038740649819374084,
    -2.0927747636287542e-32,
    0.024721603840589523,
    -0.0046091871336102486,
    -0.05078529193997383,
    0.0012084520421922207,
    0.08657398074865341,
    -0.00999869592487812,
    -0.0013205662835389376,
    -0.08333143591880798,
    0.10607748478651047,
    0.03459857031702995,
    -0.01667441800236702,
    -0.018302129581570625,
    -0.014890242367982864,
    0.01114431582391262,
    -0.07932596653699875,
    0.021106533706188202,
    -0.08037452399730682,
    -0.06261636316776276,
    0.02003302425146103,
    0.08530557155609131,
    0.015013010241091251,
    -0.04123785346746445,
    -0.03181532397866249,
    0.08243486285209656,
    0.03249914199113846,
    0.007132670842111111,
    0.009534915909171104,
    -0.03652695193886757,
    0.08660897612571716,
    -0.028039228171110153,
    -0.03996511921286583,
    -0.04730825498700142,
    -0.02860434353351593,
    -0.021469727158546448,
    -0.11157042533159256,
    -0.12192428857088089,
    0.03636733815073967,
    -0.05891703814268112,
    -0.029594125226140022,
    -0.03927735984325409,
    0.08710929751396179,
    -0.025757314637303352,
    0.004356011748313904,
    -0.028986463323235512,
    0.01692567951977253,
    -0.04642711207270622,
    0.03298144042491913,
    -0.07417704910039902,
    0.02294979989528656,
    -0.032829202711582184,
    0.029901841655373573,
    -0.06031794473528862,
    -0.02623567543923855,
    0.038123324513435364,
    -0.055676814168691635,
    -0.02006550319492817,
    0.035408925265073776,
    -0.03371109813451767,
    -0.018128853291273117,
    -0.024345658719539642,
    0.13909542560577393,
    0.005658435169607401,
    -0.08241294324398041,
    0.05619058012962341,
    0.03573480248451233,
    -0.04861455038189888,
    -0.027710754424333572,
    -0.041853126138448715,
    0.02433740347623825,
    -0.08833014219999313,
    -0.08266732841730118,
    -0.10530443489551544,
    -0.045776743441820145,
    -0.10436587035655975,
    0.1038719192147255,
    -0.0321766622364521,
    -0.02874235436320305,
    -0.154203861951828,
    -0.07983133941888809,
    -0.04758691415190697,
    0.08347278088331223,
    -0.056789517402648926,
    -0.026320889592170715,
    0.06157795339822769,
    -0.04615926370024681,
    0.031379394233226776,
    0.09278267621994019,
    -0.036073341965675354,
    0.004049920942634344,
    0.03159051761031151,
    -0.061763934791088104,
    -0.0233659278601408,
    -0.015820471569895744,
    0.02174593135714531,
    -0.08300222456455231,
    -5.9480992575799974e-08,
    -0.01518224272876978,
    0.07088920474052429,
    0.03639359772205353,
    -0.007720638997852802,
    -0.020627601072192192,
    -0.06220836192369461,
    -0.01787354238331318,
    0.033681560307741165,
    -0.027855468913912773,
    0.03087793104350567,
    -0.020368032157421112,
    0.00943502876907587,
    0.009718739427626133,
    -0.01155541930347681,
    0.09749159216880798,
    -0.011957446113228798,
    -0.05901147052645683,
    -0.07198752462863922,
    -0.019865812733769417,
    0.043109867721796036,
    -0.05772993341088295,
    -0.058804042637348175,
    -0.0886974036693573,
    0.056599050760269165,
    0.028238294646143913,
    0.036460310220718384,
    -0.008219549432396889,
    0.06046457588672638,
    0.05640331283211708,
    0.012954723089933395,
    -0.03144480288028717,
    0.023184003308415413,
    0.04693252220749855,
    -0.024014201015233994,
    -0.08829188346862793,
    -0.04657590016722679,
    0.004007492680102587,
    -0.018448879942297935,
    0.05378568917512894,
    -0.03256329149007797,
    -0.004925182089209557,
    0.03695427626371384,
    0.010896116495132446,
    0.07078529894351959,
    0.02960764802992344,
    0.0025736552197486162,
    0.05032580718398094,
    0.004397680051624775,
    0.013273497112095356,
    -0.10976281017065048,
    -0.025712020695209503,
    0.005297577474266291,
    0.09784220904111862,
    -0.01322448905557394,
    0.007490397430956364,
    0.07379885017871857,
    0.09185690432786942,
    0.05221947282552719,
    -0.01458730362355709,
    0.009483909234404564,
    0.06269077956676483,
    0.07776526361703873,
    0.04837184399366379,
    -0.027124663814902306
]