[
    -0.0678003802895546,
    0.05560833588242531,
    -0.020736802369356155,
    -0.02462971955537796,
    -0.033785976469516754,
    0.06639152765274048,
    -0.011352945119142532,
    -0.07155843079090118,
    -0.022137217223644257,
    -0.0029820697382092476,
    0.00670868344604969,
    0.0008155746036209166,
    -0.011335073038935661,
    -0.06242233142256737,
    0.07026652246713638,
    -0.005104448180645704,
    0.008727041073143482,
    0.0257696695625782,
    -0.09706340730190277,
    0.06826124340295792,
    0.027560096234083176,
    0.06564898043870926,
    -0.03443882241845131,
    0.01600601337850094,
    -0.09936567395925522,
    -0.04038750007748604,
    0.010546423494815826,
    -0.05533521994948387,
    0.006207583472132683,
    -0.07704723626375198,
    0.08101527392864227,
    0.016399681568145752,
    0.019935349002480507,
    0.07546253502368927,
    -0.05256001651287079,
    -0.007097735535353422,
    -0.035686831921339035,
    0.041840214282274246,
    -0.006605527363717556,
    -0.008641944266855717,
    -0.05422329157590866,
    -0.06734023243188858,
    -0.07149703800678253,
    0.07079640030860901,
    0.0254385806620121,
    0.04257766902446747,
    -0.06641147285699844,
    -0.009042490273714066,
    -0.016781195998191833,
    0.07083621621131897,
    -0.09204979985952377,
    -0.019904667511582375,
    -0.0003110369434580207,
    0.06394996494054794,
    -0.051877230405807495,
    -0.04493638500571251,
    -0.06467867642641068,
    -0.04150895029306412,
    -0.09689199924468994,
    -0.012549402192234993,
    0.02229679748415947,
    -0.004126363899558783,
    0.038066573441028595,
    0.03264850378036499,
    -0.04841530695557594,
    0.08209200948476791,
    0.005885189399123192,
    -0.05879085510969162,
    0.01828135922551155,
    -0.03515986353158951,
    -0.04396077245473862,
    -0.02941066026687622,
    -0.011996330693364143,
    0.056102506816387177,
    0.007542015053331852,
    0.00930999219417572,
    -0.02025722526013851,
    0.022113347426056862,
    0.08414362370967865,
    -0.14473958313465118,
    -0.0545506477355957,
    0.01818753406405449,
    0.00709567591547966,
    0.06551898270845413,
    -0.07689056545495987,
    0.010969594120979309,
    -0.010899418033659458,
    -0.015038639307022095,
    -0.00919303484261036,
    -0.020818477496504784,
    0.018167559057474136,
    -0.04917118698358536,
    0.11406993120908737,
    -0.04223914071917534,
    0.09082058072090149,
    -0.05051026865839958,
    -0.03084421157836914,
    -0.09329397976398468,
    0.009703822433948517,
    0.004977220669388771,
    -0.035974062979221344,
    0.007814241573214531,
    0.010172808542847633,
    0.02423151396214962,
    -0.06351982802152634,
    -0.09029880166053772,
    0.007142046932131052,
    0.004077092278748751,
    0.03413580358028412,
    0.06257456541061401,
    0.01771645061671734,
    0.004596541170030832,
    -0.009831833653151989,
    -0.11210091412067413,
    0.043398335576057434,
    -0.01885293982923031,
    -0.014107361435890198,
    0.05627313628792763,
    0.06517675518989563,
    0.0008215776761062443,
    -0.040606070309877396,
    -0.01102882158011198,
    -0.045962199568748474,
    -0.07805626094341278,
    -0.07332715392112732,
    0.02648105099797249,
    -0.08756214380264282,
    2.1595097819768433e-32,
    -0.06988207995891571,
    0.01364004984498024,
    -0.02804107405245304,
    0.06648217886686325,
    0.004416185896843672,
    -0.012970230542123318,
    0.024890700355172157,
    -0.037886880338191986,
    -0.0890345349907875,
    0.043463706970214844,
    -0.010012520477175713,
    -0.020444147288799286,
    -0.017642119899392128,
    0.015264762565493584,
    -0.01662544533610344,
    0.03681712970137596,
    0.0033083695452660322,
    0.09741846472024918,
    -0.009991073980927467,
    0.0721764862537384,
    0.046707555651664734,
    0.018318960443139076,
    0.003171570599079132,
    0.004292359109967947,
    -0.01589219644665718,
    0.001969606149941683,
    -0.011312554590404034,
    -0.06154339760541916,
    0.06068878993391991,
    0.008044767193496227,
    0.03734405338764191,
    0.01189496647566557,
    0.01706325262784958,
    -0.048766765743494034,
    0.0721881240606308,
    0.1172625795006752,
    0.03780017048120499,
    -0.052275363355875015,
    0.04458006098866463,
    -0.027163920924067497,
    -0.026547253131866455,
    -0.017661167308688164,
    0.048824209719896317,
    0.04168149083852768,
    0.04932767525315285,
    0.012934493832290173,
    -0.020521048456430435,
    -0.008057628758251667,
    -0.025319144129753113,
    0.043563682585954666,
    -0.046605270355939865,
    0.02255018800497055,
    -0.003380758920684457,
    -0.033420629799366,
    0.009382123127579689,
    -0.04321314021945,
    -0.10363085567951202,
    0.02667148783802986,
    -0.06982944160699844,
    0.02036181464791298,
    -0.02493022009730339,
    0.02133849635720253,
    -0.02507692575454712,
    -0.04168926179409027,
    -0.07319653779268265,
    -0.1196228563785553,
    -0.024565527215600014,
    -0.06472423672676086,
    0.06482532620429993,
    -0.014336184598505497,
    0.004612643271684647,
    0.05499040335416794,
    -0.044817015528678894,
    0.032229628413915634,
    -0.04877522215247154,
    -0.019290583208203316,
    0.015367007814347744,
    0.0012398043181747198,
    0.04088738560676575,
    0.011424599215388298,
    -0.059326983988285065,
    0.012729940004646778,
    -0.027593590319156647,
    0.03551454842090607,
    -0.027810782194137573,
    -0.0018182822968810797,
    0.06611500680446625,
    0.04589684307575226,
    -0.047180380672216415,
    -0.05802888795733452,
    -0.0047675846144557,
    0.0347299724817276,
    0.029610343277454376,
    0.02971077710390091,
    -0.029201971367001534,
    -2.2829408030434113e-32,
    -0.07089576870203018,
    -0.06653887033462524,
    -0.05186791345477104,
    -6.469039362855256e-05,
    0.027173129841685295,
    -0.03677332028746605,
    -0.012056313455104828,
    -0.10428018122911453,
    0.04796776548027992,
    0.005602909717708826,
    0.04271788150072098,
    -0.06410650908946991,
    0.007167865056544542,
    -0.034093040972948074,
    -0.047032035887241364,
    -0.0048791938461363316,
    -0.04551160708069801,
    -0.032436296343803406,
    -0.0002649817615747452,
    0.11826913803815842,
    -0.027510354295372963,
    0.023848598822951317,
    -0.01855640299618244,
    0.16830182075500488,
    0.04750578850507736,
    0.07394765317440033,
    -0.05281431972980499,
    0.0495486781001091,
    0.11211460083723068,
    -0.0437203086912632,
    -0.07744470983743668,
    -0.008722850121557713,
    -0.04362067952752113,
    -0.012591488659381866,
    -0.06940177828073502,
    -0.18966113030910492,
    0.08532415330410004,
    0.01599850133061409,
    -0.02515317127108574,
    -0.06059296429157257,
    0.10418848693370819,
    0.006073123775422573,
    -0.04049840569496155,
    0.04004697501659393,
    0.02805023267865181,
    -0.028371283784508705,
    0.05368496850132942,
    -0.015988491475582123,
    0.023987900465726852,
    0.030359948053956032,
    0.060677021741867065,
    -0.04077024757862091,
    -0.004847532603889704,
    0.006296114530414343,
    -0.025583090260624886,
    0.04512329027056694,
    0.016886280849575996,
    -0.026444178074598312,
    -0.01497690286487341,
    -0.006411619018763304,
    0.0589195191860199,
    0.06645657122135162,
    -0.05535731837153435,
    0.10714267194271088,
    0.019819434732198715,
    -0.07164967805147171,
    -0.025960512459278107,
    -0.03093206323683262,
    2.9489061489584856e-05,
    -0.11454606056213379,
    -0.08814486861228943,
    -0.11214743554592133,
    -0.01795342192053795,
    -0.112123042345047,
    0.09865693002939224,
    -0.08684583753347397,
    -0.05552896857261658,
    -0.04083038866519928,
    -0.061546441167593,
    0.02490990236401558,
    0.07961501181125641,
    -0.014130796305835247,
    -0.042222850024700165,
    0.03800179436802864,
    0.019093655049800873,
    -0.037945616990327835,
    0.09265350550413132,
    -0.014707517810165882,
    -0.008388789370656013,
    0.05281275510787964,
    -0.08040428906679153,
    0.008468716405332088,
    -0.11857397854328156,
    0.02678539976477623,
    -0.08436936885118484,
    -6.375814365355836e-08,
    0.06406745314598083,
    0.046619582921266556,
    0.025537952780723572,
    -0.04240235686302185,
    -0.0027215296868234873,
    -0.029983725398778915,
    -0.04844774678349495,
    -0.011926406994462013,
    -0.015152589417994022,
    -0.032118335366249084,
    0.01975318416953087,
    0.11067817360162735,
    -0.030485497787594795,
    -0.008143046870827675,
    0.07651165127754211,
    -0.06353967636823654,
    -0.10233303159475327,
    -0.033433713018894196,
    -0.037830427289009094,
    0.011922325938940048,
    -0.04639251530170441,
    -0.04565217345952988,
    -0.053576137870550156,
    0.03384772688150406,
    0.03738611936569214,
    0.036512069404125214,
    -0.024841327220201492,
    -0.01846015453338623,
    0.06985605508089066,
    0.026715490967035294,
    -0.025264795869588852,
    0.016898643225431442,
    0.023570874705910683,
    0.005351201165467501,
    -0.03160817548632622,
    -0.044006772339344025,
    -0.004017599392682314,
    -0.0076865400187671185,
    0.05005969479680061,
    0.005615991540253162,
    0.015019676648080349,
    0.033302780240774155,
    0.02241368778049946,
    0.0737103521823883,
    0.006458481773734093,
    -0.05215848237276077,
    0.00404466362670064,
    -0.011363286525011063,
    0.008535709232091904,
    -0.0822066217660904,
    -0.06991320103406906,
    -0.03333334997296333,
    0.1143425703048706,
    -0.0035250673536211252,
    -0.041471682488918304,
    0.0698261633515358,
    0.032026924192905426,
    0.05476666986942291,
    -0.009456580504775047,
    -0.00789241585880518,
    0.12808950245380402,
    0.03127666935324669,
    0.04160742461681366,
    -0.015398646704852581
]