[
    -0.009207935072481632,
    0.058105867356061935,
    -0.02061445079743862,
    -0.054609138518571854,
    -0.03569604456424713,
    0.056896209716796875,
    -0.040297191590070724,
    -0.015116087161004543,
    -0.0026641932781785727,
    0.022470669820904732,
    0.021385768428444862,
    -0.0854179859161377,
    0.018615316599607468,
    -0.036757323890924454,
    0.07870052009820938,
    -0.00858155358582735,
    0.041461050510406494,
    0.017365552484989166,
    -0.0722004845738411,
    0.0840892419219017,
    0.0638401061296463,
    0.05043766647577286,
    -0.04359079897403717,
    -0.010671316646039486,
    -0.1355324685573578,
    0.01000558864325285,
    -0.025977080687880516,
    -0.02807844802737236,
    0.05125965178012848,
    -0.042632389813661575,
    0.031088151037693024,
    0.01764950156211853,
    0.05893594026565552,
    0.05436040088534355,
    -0.01603919081389904,
    -0.04011088237166405,
    -0.027475055307149887,
    0.012785481289029121,
    -0.018129626289010048,
    0.03219043090939522,
    -0.05267968028783798,
    -0.05232396721839905,
    -0.058983467519283295,
    0.002326037734746933,
    0.014677162282168865,
    -0.023290231823921204,
    -0.06583870202302933,
    -0.011747886426746845,
    -0.0235282015055418,
    0.03334830328822136,
    -0.07713202387094498,
    -0.05135902017354965,
    -0.05881867557764053,
    0.06375682353973389,
    -0.05834825709462166,
    -0.06525310128927231,
    -0.05079616978764534,
    -0.018235541880130768,
    -0.07547241449356079,
    -0.04428775608539581,
    -0.021410567685961723,
    0.029865235090255737,
    -0.04291578382253647,
    0.09368110448122025,
    -0.01398350391536951,
    0.06731148809194565,
    -0.026508325710892677,
    -0.03654300794005394,
    0.025288520380854607,
    0.04757325351238251,
    -0.11618968099355698,
    -0.008738264441490173,
    -0.01806837134063244,
    0.04087558016180992,
    -0.03160803020000458,
    -0.015819881111383438,
    -0.02173142321407795,
    0.03450339660048485,
    0.05446888506412506,
    -0.12666930258274078,
    -0.04523935541510582,
    0.015881558880209923,
    -0.018871592357754707,
    0.04053695127367973,
    -0.01218508742749691,
    -0.025537049397826195,
    -0.037287887185811996,
    -0.012632905505597591,
    -0.04307031258940697,
    -0.04385296255350113,
    0.08776955306529999,
    -0.048196859657764435,
    0.10829300433397293,
    -0.0678260326385498,
    0.08188482373952866,
    -0.06617239117622375,
    0.021421365439891815,
    -0.03820054978132248,
    0.05225815251469612,
    -0.023557081818580627,
    -0.026187270879745483,
    -0.003558938857167959,
    -0.010929255746304989,
    -0.0103821512311697,
    -0.0544978566467762,
    -0.05882258340716362,
    0.006083018612116575,
    -0.03856772556900978,
    0.005019848700612783,
    0.06134852394461632,
    0.0522196963429451,
    0.05220118910074234,
    -0.03862999379634857,
    -0.16021785140037537,
    0.0458553321659565,
    0.023994766175746918,
    -0.02498266100883484,
    0.03385467827320099,
    0.02285885065793991,
    -0.0018889916827902198,
    -0.07374231517314911,
    -0.03937859460711479,
    -0.0015776489162817597,
    -0.095075823366642,
    0.007245947606861591,
    0.019235866144299507,
    -0.061689283698797226,
    1.7192261688244477e-32,
    0.0022189903538674116,
    -0.009887993335723877,
    -0.06440193951129913,
    0.011214468628168106,
    0.020730774849653244,
    -0.0017159056151285768,
    -0.020759403705596924,
    -0.019823506474494934,
    -0.018171118572354317,
    0.06027447432279587,
    0.015383679419755936,
    0.05500462278723717,
    -0.02025497332215309,
    -0.04106679931282997,
    0.004953084979206324,
    0.056533943861722946,
    0.018857279792428017,
    0.07829104363918304,
    -0.0037501093465834856,
    0.05548223480582237,
    0.02010565809905529,
    -0.09323416650295258,
    0.011010687798261642,
    0.039946164935827255,
    0.015420854091644287,
    0.021823802962899208,
    0.024221764877438545,
    -0.03674367442727089,
    -0.021636564284563065,
    0.010648061521351337,
    0.031846534460783005,
    -0.014453978277742863,
    0.027625665068626404,
    -0.05995749682188034,
    0.08085808902978897,
    0.11670288443565369,
    0.03662683814764023,
    -0.017990289255976677,
    0.10614725947380066,
    -0.05078544840216637,
    -0.02535613626241684,
    -0.03470791503787041,
    0.05542619526386261,
    0.011256026104092598,
    0.04424801841378212,
    0.012873178347945213,
    0.023861689493060112,
    0.0072124251164495945,
    0.05138548091053963,
    0.04628545045852661,
    -0.007565368432551622,
    0.012182215228676796,
    -0.007603388745337725,
    -0.03595249727368355,
    0.020501337945461273,
    0.01315214391797781,
    -0.07448091357946396,
    0.00580928148701787,
    -0.049917496740818024,
    0.09462740272283554,
    -0.048264164477586746,
    0.047292012721300125,
    0.0012092135148122907,
    -0.01628454402089119,
    0.020444948226213455,
    -0.053237184882164,
    -0.015916233882308006,
    -0.06307845562696457,
    0.05152279883623123,
    -0.021709050983190536,
    -0.06405171006917953,
    0.021569637581706047,
    -0.04953230917453766,
    0.042579930275678635,
    0.030434465035796165,
    -0.010169769637286663,
    0.039608001708984375,
    -0.0031323523726314306,
    0.058633673936128616,
    -0.022687148302793503,
    -0.09988842159509659,
    0.01038795243948698,
    0.027071861550211906,
    0.07980487495660782,
    -0.009907092899084091,
    -0.021112797781825066,
    0.07908742874860764,
    0.023928042501211166,
    -0.11627005785703659,
    -0.05642278119921684,
    0.012403653003275394,
    0.026540586724877357,
    -0.015415615402162075,
    0.019843265414237976,
    0.051973607391119,
    -1.838294048734351e-32,
    -0.0012634146260097623,
    -0.03659725934267044,
    -0.02512146532535553,
    -0.0063951038755476475,
    0.0481627993285656,
    0.0025711446069180965,
    -0.0022528725676238537,
    -0.09263834357261658,
    0.06403058022260666,
    0.03678426891565323,
    0.03593064844608307,
    -0.013857206329703331,
    -0.02252708189189434,
    -0.03807026147842407,
    -0.04507451876997948,
    -0.002451319945976138,
    -0.11510569602251053,
    -0.0284395981580019,
    -0.03370213881134987,
    0.09546485543251038,
    0.006263066548854113,
    -0.012014597654342651,
    0.01792648620903492,
    0.11453776806592941,
    0.057190921157598495,
    0.045481517910957336,
    -0.049537401646375656,
    0.00254305312409997,
    0.09261024743318558,
    -0.0383797213435173,
    -0.03267229348421097,
    -0.047697246074676514,
    -0.03540637344121933,
    -0.012628455646336079,
    -0.10319943726062775,
    -0.1745954155921936,
    0.07666522264480591,
    -0.04410369694232941,
    -0.04525502771139145,
    -0.025421522557735443,
    0.0825132355093956,
    0.019724922254681587,
    -0.015563370659947395,
    0.016595011577010155,
    -0.030537530779838562,
    -0.07047022879123688,
    0.05049128830432892,
    -0.028426537290215492,
    -0.032554030418395996,
    -0.034446291625499725,
    0.028659282252192497,
    -0.03441331163048744,
    -0.01697034388780594,
    0.03892697021365166,
    -0.07090642303228378,
    0.08278916031122208,
    -0.01319138240069151,
    -0.03591924160718918,
    -0.004848893266171217,
    -0.009801916778087616,
    0.05715195834636688,
    0.09366451948881149,
    -0.07451210170984268,
    0.03830711916089058,
    0.07212085276842117,
    -0.0955541580915451,
    0.007767753209918737,
    -0.04142729565501213,
    -0.06689921021461487,
    -0.07414308190345764,
    -0.0827874094247818,
    -0.08888097107410431,
    -0.03131125494837761,
    -0.11084844917058945,
    0.0643676295876503,
    -0.009191029705107212,
    -0.028211286291480064,
    -0.10160797834396362,
    -0.040593914687633514,
    -0.006248245947062969,
    0.0677555724978447,
    0.011003147810697556,
    -0.06314106285572052,
    0.073656365275383,
    -0.022256188094615936,
    0.0301652904599905,
    0.07408931851387024,
    -0.07900272309780121,
    0.0027858063112944365,
    0.09572730958461761,
    -0.08023519814014435,
    0.010002922266721725,
    -0.04530782997608185,
    0.05966496467590332,
    -0.07154813408851624,
    -5.214857878854673e-08,
    -0.04916932433843613,
    0.06400279700756073,
    0.0006376219098456204,
    -0.0322750024497509,
    0.029249724000692368,
    0.017991693690419197,
    -0.03606795147061348,
    -0.007705201394855976,
    -0.0601770356297493,
    -0.05964773893356323,
    0.0443083792924881,
    0.053953249007463455,
    -0.04930141940712929,
    0.023559793829917908,
    0.025677544996142387,
    0.010387551039457321,
    -0.08086169511079788,
    -0.03066006675362587,
    -0.07588143646717072,
    0.007718189619481564,
    -0.06572383642196655,
    -0.03680816665291786,
    -0.06116872653365135,
    0.04744987562298775,
    0.07505825161933899,
    -0.00825903844088316,
    -0.025696367025375366,
    0.06542930752038956,
    0.08488570898771286,
    0.06058132275938988,
    0.00333419325761497,
    0.019579743966460228,
    0.022975796833634377,
    -0.019752122461795807,
    -0.06527049094438553,
    -0.05717423930764198,
    0.0332864485681057,
    -0.03422946110367775,
    0.056501973420381546,
    0.003915989771485329,
    0.015584979206323624,
    0.03251306340098381,
    0.046372804790735245,
    0.09540187567472458,
    -0.00878467969596386,
    -0.0496881827712059,
    -0.03235754370689392,
    0.02155182883143425,
    0.002361058257520199,
    -0.0899161845445633,
    -0.029532071202993393,
    -0.062390364706516266,
    0.07957954704761505,
    8.445823914371431e-05,
    -0.04784165322780609,
    0.08376403152942657,
    0.0450824610888958,
    0.06823420524597168,
    -0.010234351269900799,
    -0.02452794462442398,
    0.14883339405059814,
    0.07367613911628723,
    0.06304412335157394,
    -0.011004901491105556
]