[
    -0.02687985636293888,
    0.036167096346616745,
    -0.0023637472186237574,
    -0.07272011786699295,
    -0.04138103872537613,
    0.07302071899175644,
    -0.015117431059479713,
    -0.032818637788295746,
    0.011926215142011642,
    0.02395414561033249,
    0.04142240062355995,
    -0.008289378136396408,
    0.021855918690562248,
    -0.0487370491027832,
    0.07274544984102249,
    -0.022079365327954292,
    0.06986609101295471,
    0.011772111058235168,
    -0.07737668603658676,
    0.06686622649431229,
    0.04777907207608223,
    0.07992547005414963,
    -0.06571610271930695,
    -0.003749527968466282,
    -0.07100871950387955,
    -0.050354816019535065,
    -0.03589189425110817,
    -0.012924976646900177,
    0.023856522515416145,
    -0.06755898892879486,
    0.01731458306312561,
    0.011294008232653141,
    -0.006620151922106743,
    0.09067945182323456,
    -0.0017281349282711744,
    -0.05175304040312767,
    -0.02760954760015011,
    0.03745622560381889,
    -0.04325556382536888,
    0.02705245651304722,
    -0.08116552978754044,
    -0.06455443054437637,
    -0.07739328593015671,
    0.018124906346201897,
    0.02387428656220436,
    -0.02013459987938404,
    -0.0667475238442421,
    -0.030339930206537247,
    -0.030250540003180504,
    0.04733333736658096,
    -0.07669737190008163,
    -0.00736865634098649,
    -0.05183840170502663,
    0.13213035464286804,
    -0.03734297305345535,
    -0.02935030125081539,
    -0.06590881198644638,
    -0.0348929837346077,
    -0.09386775642633438,
    -0.0023666697088629007,
    -0.017319345846772194,
    -0.006040084641426802,
    -0.011644831858575344,
    0.05436941981315613,
    -0.05213051289319992,
    0.06109236553311348,
    -0.02877615951001644,
    -0.00916171632707119,
    -0.017257440835237503,
    0.037036340683698654,
    -0.07899748533964157,
    -0.03383517265319824,
    -0.052087947726249695,
    0.05487089976668358,
    0.044870100915431976,
    -0.004317596089094877,
    -0.006313252728432417,
    0.010398468002676964,
    0.060516856610774994,
    -0.15223650634288788,
    -0.026593022048473358,
    0.03340282663702965,
    -0.04226953536272049,
    0.02564128488302231,
    -0.03913591429591179,
    -0.013874425552785397,
    -0.009710213169455528,
    -0.01733209937810898,
    0.03624438866972923,
    -0.04322650283575058,
    0.015556037425994873,
    -0.04927993565797806,
    0.11188836395740509,
    -0.05282953381538391,
    0.07151323556900024,
    -0.05723164975643158,
    -0.023435980081558228,
    -0.07759825885295868,
    0.05312798544764519,
    -0.03383548557758331,
    -0.014054267667233944,
    0.0034094008151441813,
    0.008193193934857845,
    -0.02005443163216114,
    -0.030856456607580185,
    -0.10591328889131546,
    0.03419541195034981,
    -0.002276224084198475,
    0.017108747735619545,
    0.06201986223459244,
    0.03893124684691429,
    0.055830299854278564,
    -0.020743656903505325,
    -0.14756593108177185,
    0.030626419931650162,
    0.022199083119630814,
    -0.04119131341576576,
    0.06385697424411774,
    0.04777901992201805,
    -0.008183404803276062,
    -0.03666531294584274,
    0.04233677685260773,
    -0.025434181094169617,
    -0.07480155676603317,
    -0.07068675756454468,
    -0.00514401588588953,
    -0.09863608330488205,
    2.1884481019053863e-32,
    -0.010048910044133663,
    -0.023452507331967354,
    -0.03412412106990814,
    0.021275239065289497,
    0.04328465834259987,
    0.0026957772206515074,
    -0.021420761942863464,
    -0.014154271222651005,
    -0.019788052886724472,
    0.10314179956912994,
    -0.021721061319112778,
    0.008504720404744148,
    -0.01070248894393444,
    -0.006588364951312542,
    0.006093952339142561,
    0.04367448389530182,
    0.040780432522296906,
    0.10232839733362198,
    -0.02436021901667118,
    0.09844794124364853,
    0.0349402092397213,
    -0.025197679176926613,
    0.01624363474547863,
    0.052955687046051025,
    -0.01916726678609848,
    -0.001659825793467462,
    -0.02203993871808052,
    -0.03930041939020157,
    0.027444131672382355,
    -0.0005975562962703407,
    0.007066764868795872,
    0.004254789557307959,
    0.04876616224646568,
    -0.016292201355099678,
    0.07081498205661774,
    0.07483848184347153,
    0.02471405453979969,
    -0.03908618539571762,
    0.10206128656864166,
    -0.07030234485864639,
    -0.06820967048406601,
    -0.02210250124335289,
    0.04841219633817673,
    -0.003494508098810911,
    0.07328442484140396,
    -0.021362872794270515,
    0.007133220788091421,
    -0.03431854397058487,
    0.0014231303939595819,
    0.0254462081938982,
    -0.034937284886837006,
    0.039557911455631256,
    0.03236987069249153,
    -0.017870349809527397,
    -0.012060138396918774,
    -0.03462371602654457,
    -0.08125978708267212,
    0.04037901386618614,
    -0.05505207180976868,
    0.08560395985841751,
    -0.056879132986068726,
    0.039013367146253586,
    0.004078091587871313,
    -0.0581090971827507,
    -0.0639181137084961,
    -0.03733326494693756,
    -0.054290205240249634,
    -0.1009531021118164,
    0.042043671011924744,
    -0.017670348286628723,
    -0.006723798345774412,
    0.07028640061616898,
    -0.009137689135968685,
    0.044310957193374634,
    0.017167354002594948,
    -0.04450305551290512,
    0.01883811689913273,
    0.005616112612187862,
    0.08219701796770096,
    -0.014925388619303703,
    -0.07200690358877182,
    -0.03034229949116707,
    0.003157412400469184,
    0.07838629931211472,
    -0.037187360227108,
    0.025666354224085808,
    0.06249478459358215,
    0.005185374990105629,
    -0.057863667607307434,
    -0.049078814685344696,
    0.002983100013807416,
    0.024357425048947334,
    -0.004956653341650963,
    0.03737153857946396,
    0.05487203598022461,
    -2.2536169209677985e-32,
    -0.033935852348804474,
    -0.020550910383462906,
    -0.07522471249103546,
    -0.051620930433273315,
    0.048415932804346085,
    -0.014842472970485687,
    0.016430849209427834,
    -0.081825390458107,
    0.0674106702208519,
    0.014147770591080189,
    0.0050983852706849575,
    -0.037306226789951324,
    -0.048505522310733795,
    -0.03535740450024605,
    -0.04246928170323372,
    -0.06626962870359421,
    -0.06503940373659134,
    -0.04566480591893196,
    -0.007793080992996693,
    0.1209624782204628,
    -0.022726725786924362,
    0.013672745786607265,
    -0.0065039824694395065,
    0.12322007864713669,
    0.045631829649209976,
    0.07768406718969345,
    -0.05207052826881409,
    0.037414588034152985,
    0.08412608504295349,
    -0.039864640682935715,
    -0.055718231946229935,
    -0.034365154802799225,
    -0.07090073823928833,
    -0.013924741186201572,
    -0.07217980921268463,
    -0.20452915132045746,
    0.05556229129433632,
    -0.07885423302650452,
    -0.03934263065457344,
    -0.049680426716804504,
    0.0976463034749031,
    0.012860115617513657,
    -0.002984642283990979,
    0.03895867243409157,
    0.04149448499083519,
    -0.0793064683675766,
    0.030070645734667778,
    -0.03501881659030914,
    -0.0021096006967127323,
    -0.02557559311389923,
    0.005366488825529814,
    -0.04117714986205101,
    0.0035659433342516422,
    0.043340813368558884,
    -0.060762919485569,
    0.09763258695602417,
    0.04297732561826706,
    -0.0591885931789875,
    -0.0341191366314888,
    0.00786795374006033,
    0.06298802047967911,
    0.08723121136426926,
    -0.04813776910305023,
    0.07251807302236557,
    0.042534008622169495,
    -0.047423411160707474,
    -0.0010931136785075068,
    -0.04832847788929939,
    -0.03637281432747841,
    -0.09059131145477295,
    -0.03882819414138794,
    -0.08068352937698364,
    -0.04876406863331795,
    -0.15350838005542755,
    0.10202869027853012,
    -0.02197038009762764,
    -0.039425697177648544,
    -0.06510569900274277,
    -0.05644488334655762,
    -0.0012486600317060947,
    0.02903241291642189,
    -0.029283063486218452,
    -0.023969432339072227,
    0.10325102508068085,
    -0.01156515534967184,
    -0.009550057351589203,
    0.05902087688446045,
    -0.05263211578130722,
    -0.02063072845339775,
    0.09233814477920532,
    -0.06866158545017242,
    -0.027985040098428726,
    -0.05959330126643181,
    0.07215873897075653,
    -0.05319594591856003,
    -6.06877321729371e-08,
    -0.008174502290785313,
    0.05878353863954544,
    0.022027142345905304,
    -0.04818565770983696,
    0.015168949961662292,
    -0.0492795929312706,
    -0.003046507714316249,
    0.0008459517848677933,
    -0.00787702389061451,
    0.003320807358250022,
    0.03790240362286568,
    0.07223372161388397,
    -0.026981770992279053,
    -0.011897780932486057,
    0.0535845048725605,
    -0.006232902407646179,
    -0.056628912687301636,
    -0.05280065909028053,
    -0.06622368842363358,
    0.02909337729215622,
    -0.04026263207197189,
    -0.03694920986890793,
    -0.06998471915721893,
    0.030751869082450867,
    0.01754656992852688,
    0.0057700639590620995,
    0.0032240324653685093,
    0.04122697189450264,
    0.06959984451532364,
    0.04083972051739693,
    -0.031102893874049187,
    0.020001694560050964,
    0.0433080680668354,
    -0.0021357375662773848,
    -0.04275716096162796,
    -0.041332218796014786,
    0.047307778149843216,
    -0.01959870010614395,
    0.024660835042595863,
    0.01728072017431259,
    0.02596769481897354,
    -0.012176334857940674,
    0.04316134378314018,
    0.09219994395971298,
    0.03427080437541008,
    -0.010900427587330341,
    -0.06137673929333687,
    0.008724499493837357,
    0.02512175217270851,
    -0.07679275423288345,
    -0.05397631227970123,
    -0.02385186403989792,
    0.10304761677980423,
    -0.03862973302602768,
    -0.02993845008313656,
    0.06222163140773773,
    0.0386924147605896,
    0.04790366068482399,
    -0.018740005791187286,
    -0.013398269191384315,
    0.14159899950027466,
    0.011826527304947376,
    0.04810638353228569,
    -0.01835043914616108
]