[
    -0.025332272052764893,
    0.07482856512069702,
    -0.028081104159355164,
    -0.02808557264506817,
    -0.03004835546016693,
    0.06722553819417953,
    -0.023269211873412132,
    -0.0500992089509964,
    0.02381698042154312,
    0.016222449019551277,
    -0.008474728092551231,
    0.020451471209526062,
    -0.04214079678058624,
    -0.09555093199014664,
    0.09089431166648865,
    -0.023931490257382393,
    0.01635761559009552,
    0.026128124445676804,
    -0.07690665870904922,
    0.09130365401506424,
    0.01497977040708065,
    0.0970798209309578,
    -0.03074956312775612,
    0.018310748040676117,
    -0.09930116683244705,
    0.0008784459787420928,
    -0.021836547181010246,
    -0.08298993855714798,
    0.02374531328678131,
    -0.03567099943757057,
    0.08412676304578781,
    0.02789473533630371,
    0.0389656238257885,
    0.08227720111608505,
    -0.05074836313724518,
    -0.023280346766114235,
    -0.031566835939884186,
    0.045946381986141205,
    -0.04279312491416931,
    0.031807657331228256,
    -0.025611095130443573,
    -0.06631775945425034,
    -0.0574384443461895,
    0.02280356176197529,
    0.02161497436463833,
    0.019112426787614822,
    -0.054556604474782944,
    0.010225730948150158,
    0.014332063496112823,
    0.06434085965156555,
    -0.09236335009336472,
    -0.028156351298093796,
    -0.05430705100297928,
    0.0915658101439476,
    -0.03364041820168495,
    -0.03436911106109619,
    -0.057910386472940445,
    -0.03226667642593384,
    -0.08648918569087982,
    -0.00461250264197588,
    -0.02137608267366886,
    0.004895911552011967,
    0.017551902681589127,
    0.06104990839958191,
    -0.0435178205370903,
    0.060485441237688065,
    -0.0010073442244902253,
    -0.0021106016356498003,
    0.00788163859397173,
    -0.03193404898047447,
    -0.06938472390174866,
    -0.004645919892936945,
    0.04445873200893402,
    0.04080401360988617,
    0.0059440843760967255,
    -0.03925580531358719,
    -0.014043128117918968,
    0.005759458057582378,
    0.07839611917734146,
    -0.11688777059316635,
    -0.039793528616428375,
    0.013653124682605267,
    -0.018658071756362915,
    0.056000009179115295,
    -0.049182865768671036,
    -0.008752773515880108,
    -0.018348613753914833,
    0.004644261207431555,
    -0.01578250154852867,
    -0.0564146488904953,
    0.057147156447172165,
    -0.03689413145184517,
    0.11705447733402252,
    -0.06043609231710434,
    0.08425331115722656,
    -0.04246355593204498,
    -0.035950761288404465,
    -0.08639553934335709,
    -0.0048140063881874084,
    -0.04186179116368294,
    -0.022286808118224144,
    -0.026095600798726082,
    0.004398351535201073,
    -0.03240691125392914,
    -0.04223251715302467,
    -0.06237361207604408,
    -0.003994897473603487,
    -0.004528038669377565,
    0.02794298343360424,
    0.07984453439712524,
    0.03500552847981453,
    -0.007755792699754238,
    -0.0426580011844635,
    -0.13665889203548431,
    0.06086701154708862,
    0.0021385527215898037,
    -0.01704772375524044,
    0.06788945943117142,
    0.03916102275252342,
    0.0037875112611800432,
    -0.06465743482112885,
    -0.03017822466790676,
    -0.02573598362505436,
    -0.09788979589939117,
    -0.04495329409837723,
    0.02058432810008526,
    -0.07789957523345947,
    1.871909660684816e-32,
    -0.04219083860516548,
    -0.026031093671917915,
    -0.026949560269713402,
    0.04676065593957901,
    0.015471302904188633,
    0.0012776426738128066,
    0.014739375561475754,
    -0.022758696228265762,
    -0.05248648300766945,
    0.05048095062375069,
    0.027505937963724136,
    0.02952500805258751,
    -0.011682464741170406,
    -0.021862341091036797,
    -0.029108496382832527,
    0.04299922287464142,
    -0.050158072263002396,
    0.08889126777648926,
    -0.049103032797575,
    0.07666522264480591,
    0.04677645117044449,
    0.014406757429242134,
    0.01731197163462639,
    0.0025998239871114492,
    -0.02004067786037922,
    -0.012564829550683498,
    0.014146975241601467,
    -0.03617479279637337,
    0.0012465525651350617,
    -0.01896824687719345,
    0.007453745696693659,
    0.012962594628334045,
    0.030480697751045227,
    -0.07162671536207199,
    0.07003697007894516,
    0.11552365124225616,
    0.028041783720254898,
    -0.01609061099588871,
    0.06301846355199814,
    -0.05989430844783783,
    -0.013411417603492737,
    -0.024950958788394928,
    0.03902992606163025,
    0.047527533024549484,
    0.05572479963302612,
    0.01639634370803833,
    -0.023297736421227455,
    -0.05240195617079735,
    -0.00197201338596642,
    0.04316048324108124,
    -0.023787355050444603,
    0.018941041082143784,
    -0.016326241195201874,
    -0.00846750196069479,
    0.014384337700903416,
    -0.010629636235535145,
    -0.08480017632246017,
    0.03527107089757919,
    -0.04953305423259735,
    0.05487007647752762,
    0.005935813300311565,
    0.04447242245078087,
    0.011269459500908852,
    -0.0550517663359642,
    -0.04817870259284973,
    -0.048398733139038086,
    -0.036280468106269836,
    -0.06315729022026062,
    0.050425607711076736,
    -0.016813911497592926,
    -0.021014684811234474,
    0.07166412472724915,
    0.013274669647216797,
    0.03301650285720825,
    -0.0037815708201378584,
    -0.031357113271951675,
    -0.01674598455429077,
    -0.024198083207011223,
    0.021583816036581993,
    0.009961455129086971,
    -0.033582158386707306,
    0.015350189991295338,
    0.018061794340610504,
    0.08619377762079239,
    -0.008759461343288422,
    -0.01588050089776516,
    0.04585978761315346,
    0.03911953419446945,
    -0.049906887114048004,
    -0.0869680866599083,
    -0.02202174998819828,
    0.04531993344426155,
    0.04623503237962723,
    0.0030663555953651667,
    -0.02438647486269474,
    -2.0540672040241148e-32,
    -0.05067712441086769,
    -0.08543651551008224,
    -0.07120265811681747,
    0.019233472645282745,
    0.0859132781624794,
    -0.0034285434521734715,
    -0.015655167400836945,
    -0.05344091355800629,
    0.08152367174625397,
    0.015416262671351433,
    0.032125286757946014,
    -0.0406329445540905,
    -0.029034478589892387,
    -0.02741236798465252,
    -0.02330107055604458,
    0.006808795500546694,
    -0.057900626212358475,
    -0.06535933911800385,
    -0.009217930026352406,
    0.09632086753845215,
    -0.03579948469996452,
    -0.021829424425959587,
    -0.02673410251736641,
    0.13610585033893585,
    0.05992705002427101,
    0.04267549142241478,
    -0.005437218118458986,
    -0.006117029581218958,
    0.14546257257461548,
    -0.055185772478580475,
    -0.07236053794622421,
    -0.04699357599020004,
    -0.07699322700500488,
    -0.00309942988678813,
    -0.10157160460948944,
    -0.17364610731601715,
    0.06641414016485214,
    -0.03983551636338234,
    -0.03898529335856438,
    -0.02298872172832489,
    0.1144198402762413,
    -0.017110958695411682,
    -0.026826636865735054,
    0.009374314919114113,
    -0.02745097503066063,
    -0.03575089946389198,
    0.044240761548280716,
    0.011686322279274464,
    -0.04466986283659935,
    0.017913425341248512,
    0.0659225806593895,
    -0.053705357015132904,
    -0.008020710200071335,
    0.04179418087005615,
    -0.050528038293123245,
    0.021355168893933296,
    -0.01551971584558487,
    -0.05040612816810608,
    -0.032166071236133575,
    -0.016599804162979126,
    0.05804033204913139,
    0.058597251772880554,
    -0.09286844730377197,
    0.07397856563329697,
    0.005151504650712013,
    -0.053782518953084946,
    -0.011358249001204967,
    -0.061016328632831573,
    -0.05816183611750603,
    -0.09604296833276749,
    -0.0844871923327446,
    -0.1308346390724182,
    -0.05940759554505348,
    -0.12524472177028656,
    0.10684829205274582,
    -0.030206531286239624,
    -0.03267836198210716,
    -0.09219933301210403,
    -0.08419422805309296,
    0.02405601739883423,
    0.08590798079967499,
    -0.0224315132945776,
    -0.04516187682747841,
    0.08120612055063248,
    0.00936914887279272,
    0.043113816529512405,
    0.0793098732829094,
    -0.064338818192482,
    -0.00680171325802803,
    0.09099873900413513,
    -0.06343680620193481,
    -0.004714467562735081,
    -0.05547017604112625,
    0.06126251444220543,
    -0.06383692473173141,
    -5.6789900781950564e-08,
    0.02307523414492607,
    0.041274815797805786,
    0.03298626095056534,
    -0.035634979605674744,
    -0.008285203948616982,
    -0.05381247028708458,
    -0.045561302453279495,
    0.00808162521570921,
    -0.010343274101614952,
    -0.010228181257843971,
    0.05031277984380722,
    0.08297186344861984,
    -0.028126874938607216,
    -0.021848458796739578,
    0.045484382659196854,
    -0.024795418605208397,
    -0.10168856382369995,
    -0.040475595742464066,
    -0.017289992421865463,
    0.023513277992606163,
    -0.05093853548169136,
    -0.05859937146306038,
    -0.068060003221035,
    0.035278454422950745,
    0.04075011983513832,
    0.055330775678157806,
    -0.010880879126489162,
    0.008156483992934227,
    0.028338555246591568,
    0.04908818006515503,
    -0.030927173793315887,
    0.016997309401631355,
    0.038950931280851364,
    0.017883863300085068,
    -0.030642226338386536,
    -0.0725322961807251,
    0.0219462588429451,
    -0.011868945322930813,
    0.04325420409440994,
    -0.03129579499363899,
    0.0023299565073102713,
    0.032851461321115494,
    0.01088195014744997,
    0.0669538825750351,
    0.008401889353990555,
    -0.04134146869182587,
    -0.001337857567705214,
    0.011928954161703587,
    0.021390264853835106,
    -0.10197377949953079,
    -0.0498514324426651,
    -0.024339601397514343,
    0.12755410373210907,
    -0.03093266487121582,
    -0.005449701566249132,
    0.09904280304908752,
    0.026750069111585617,
    0.031094389036297798,
    -0.03234250470995903,
    -0.009863493032753468,
    0.15394549071788788,
    0.028763627633452415,
    0.04341655224561691,
    0.03477397933602333
]