[
    -0.04016502574086189,
    0.08949591219425201,
    -0.014484304934740067,
    -0.018645070493221283,
    0.011637118645012379,
    0.06710284948348999,
    0.014359661377966404,
    -0.05844033882021904,
    0.010211861692368984,
    -0.006832847371697426,
    0.023298218846321106,
    -0.006366747431457043,
    -0.04187040776014328,
    -0.07607170939445496,
    0.07921598851680756,
    -0.04815766215324402,
    0.012943285517394543,
    -0.00297165266238153,
    -0.10850213468074799,
    0.0682491734623909,
    0.04541834071278572,
    0.05101633444428444,
    -0.026570096611976624,
    0.051422372460365295,
    -0.0691862553358078,
    -0.03213462978601456,
    0.016362998634576797,
    -0.03770884871482849,
    0.03559701144695282,
    -0.0301873367279768,
    0.07519164681434631,
    0.051067009568214417,
    0.058770112693309784,
    0.0774180144071579,
    0.005277564283460379,
    -0.02846202813088894,
    -0.019026298075914383,
    0.016681121662259102,
    -0.07846800982952118,
    0.005826509092003107,
    -0.06566977500915527,
    -0.05830060690641403,
    -0.07388292998075485,
    0.04085313156247139,
    0.02053912542760372,
    0.06716769188642502,
    -0.03305622562766075,
    0.022433526813983917,
    -0.00988390576094389,
    0.06541920453310013,
    -0.046084996312856674,
    -0.012928253971040249,
    -0.01627579890191555,
    0.04406879097223282,
    -0.033903155475854874,
    -0.04538801312446594,
    -0.06747613847255707,
    -0.030573097988963127,
    -0.10629168897867203,
    -0.010939830914139748,
    0.007451966404914856,
    -0.003738619154319167,
    0.01698065549135208,
    0.07035747915506363,
    -0.07862837612628937,
    0.09695194661617279,
    0.0053234524093568325,
    -0.025874421000480652,
    0.016354737803339958,
    -0.051076702773571014,
    -0.06448329240083694,
    -0.07733996212482452,
    -0.005228862166404724,
    0.031083038076758385,
    0.01746239885687828,
    0.031369853764772415,
    -0.027035852894186974,
    -0.0031078124884516,
    0.05979607254266739,
    -0.11919564008712769,
    -0.03727070614695549,
    0.01773366890847683,
    0.01705373451113701,
    0.07777485996484756,
    -0.06400758028030396,
    -0.010724869556725025,
    0.003989699296653271,
    -0.040000587701797485,
    0.009426779113709927,
    -0.04665612056851387,
    0.01247596088796854,
    -0.02733641490340233,
    0.06178145483136177,
    -0.0169839970767498,
    0.06840723752975464,
    -0.046694330871105194,
    -0.023848263546824455,
    -0.08645503968000412,
    -0.011689047329127789,
    0.010043754242360592,
    -0.0063495514914393425,
    0.017643503844738007,
    0.004652431234717369,
    0.00740789482370019,
    -0.05893291160464287,
    -0.051105499267578125,
    0.003652416868135333,
    -0.024961134418845177,
    0.056970637291669846,
    0.09133625775575638,
    0.032390519976615906,
    0.005785767920315266,
    -0.03523055836558342,
    -0.13684657216072083,
    0.028630994260311127,
    -0.028379160910844803,
    -0.05641157180070877,
    0.07089627534151077,
    0.05225969851016998,
    -0.001421316177584231,
    0.009409717284142971,
    -0.005886076018214226,
    -0.0006287567084655166,
    -0.08054833114147186,
    -0.07156339287757874,
    0.003942168317735195,
    -0.0605853907763958,
    1.6919366266597267e-32,
    -0.034321609884500504,
    0.015048825182020664,
    -0.010109239257872105,
    0.0411585234105587,
    0.036597929894924164,
    -0.02871938794851303,
    0.005767430644482374,
    -0.02876266837120056,
    -0.04359162226319313,
    0.03488445281982422,
    0.01670953817665577,
    0.01866990514099598,
    0.002181960502639413,
    -0.013228069990873337,
    -0.011534160934388638,
    0.04132845625281334,
    0.007467187941074371,
    0.1320405751466751,
    0.020601680502295494,
    0.06043808162212372,
    0.05433961749076843,
    -0.017467277124524117,
    0.0198679156601429,
    -0.005235397256910801,
    -0.019013870507478714,
    0.05108840763568878,
    0.008500021882355213,
    -0.06454899162054062,
    0.03222105652093887,
    0.012543100863695145,
    0.035789042711257935,
    0.014804428443312645,
    0.00719672255218029,
    -0.08067844063043594,
    0.04285109415650368,
    0.10312697291374207,
    -0.004875845741480589,
    -0.08745027333498001,
    0.060268472880125046,
    -0.062419645488262177,
    0.002390952780842781,
    -0.03858311101794243,
    0.07258430868387222,
    -0.002145820064470172,
    0.056251149624586105,
    -0.00250323791988194,
    -0.042968008667230606,
    0.002223375951871276,
    0.028687607496976852,
    0.04566438868641853,
    -0.04989657178521156,
    -0.00018180882034357637,
    0.0038759203162044287,
    -0.04705154895782471,
    0.028712593019008636,
    -0.07013846188783646,
    -0.07342749834060669,
    0.026653513312339783,
    -0.0397939495742321,
    0.02184409648180008,
    -0.0360536202788353,
    0.05197995528578758,
    -0.024875188246369362,
    -0.04589620977640152,
    -0.06982801109552383,
    -0.06705380231142044,
    -0.04951748251914978,
    -0.06701213121414185,
    0.0354643277823925,
    -0.03135867416858673,
    -0.029497327283024788,
    0.10954683274030685,
    -0.029683658853173256,
    0.01954227313399315,
    -0.041545502841472626,
    -0.0347854420542717,
    0.005031336564570665,
    0.023357652127742767,
    0.03221900016069412,
    0.030988382175564766,
    -0.010385633446276188,
    -0.008467650972306728,
    0.004485361278057098,
    0.03584986552596092,
    -0.06592302024364471,
    0.0408661887049675,
    0.07395234704017639,
    0.051443036645650864,
    -0.051247965544462204,
    -0.0233442485332489,
    -0.009558510035276413,
    0.03862453252077103,
    0.009748559445142746,
    0.04119224473834038,
    -0.020381974056363106,
    -1.933722002565249e-32,
    -0.04980519786477089,
    -0.0255572646856308,
    -0.07548488676548004,
    -0.03075375221669674,
    0.08300332725048065,
    -0.00990275014191866,
    -0.011271822266280651,
    -0.08225465565919876,
    0.05748050659894943,
    0.024341076612472534,
    0.008518313057720661,
    -0.04721050709486008,
    -0.011703742668032646,
    -0.06370638310909271,
    -0.03939374163746834,
    0.016019893810153008,
    -0.029953299090266228,
    -0.07827219367027283,
    -0.030040474608540535,
    0.13232724368572235,
    -0.021524401381611824,
    -0.014815054833889008,
    -0.04001588374376297,
    0.13722409307956696,
    0.06722575426101685,
    0.021045761182904243,
    -0.05273541435599327,
    -0.005660364869982004,
    0.10776595026254654,
    -0.04008004814386368,
    -0.049874480813741684,
    -0.01774529740214348,
    -0.07906869798898697,
    -0.012517442926764488,
    -0.08557236194610596,
    -0.16476036608219147,
    0.029277153313159943,
    0.007871371693909168,
    -0.037485409528017044,
    -0.001231732894666493,
    0.1157187670469284,
    -0.016886720433831215,
    0.01381977554410696,
    0.005562534090131521,
    0.0010592314647510648,
    -0.02760298363864422,
    0.07143566012382507,
    -0.0627516359090805,
    -0.014828712679445744,
    0.04040629044175148,
    0.07259257882833481,
    -0.043475545942783356,
    0.016616176813840866,
    0.022067636251449585,
    -0.05760504677891731,
    0.0565372034907341,
    -0.013061672449111938,
    -0.04869256541132927,
    -0.040182702243328094,
    -0.012922086752951145,
    0.07714016735553741,
    0.03497258946299553,
    -0.06623401492834091,
    0.09777083247900009,
    -0.004496649373322725,
    -0.058360304683446884,
    -0.034909654408693314,
    -0.04603233188390732,
    -0.0239990446716547,
    -0.07974013686180115,
    -0.09425444155931473,
    -0.1319023221731186,
    -0.03163046017289162,
    -0.10878957062959671,
    0.07878461480140686,
    -0.048844121396541595,
    -0.04674496874213219,
    -0.07561854273080826,
    -0.12559708952903748,
    0.0473925918340683,
    0.0624186210334301,
    -0.008518839254975319,
    -0.07063739001750946,
    0.08073481172323227,
    0.022152604535222054,
    -0.015831785276532173,
    0.06622912734746933,
    -0.028170518577098846,
    -0.028355715796351433,
    0.09713198989629745,
    -0.06999729573726654,
    -0.0011738842586055398,
    -0.08201896399259567,
    0.06981420516967773,
    -0.057548973709344864,
    -5.716499629215832e-08,
    0.04258145019412041,
    0.025926606729626656,
    0.04314331337809563,
    -0.06185690686106682,
    0.017476070672273636,
    -0.0846676155924797,
    -0.042049482464790344,
    -0.024851683527231216,
    -0.0029126405715942383,
    -0.03328811377286911,
    0.047255150973796844,
    0.0850021168589592,
    -0.052324019372463226,
    -0.017240261659026146,
    0.04798088222742081,
    -0.03617744892835617,
    -0.10189428180456161,
    -0.055692873895168304,
    -0.023080332204699516,
    -0.002689710119739175,
    -0.05775090679526329,
    -0.07981197535991669,
    -0.08728714287281036,
    -0.0018530871020630002,
    0.032151419669389725,
    0.07486538589000702,
    0.004660457372665405,
    0.025217849761247635,
    0.052323196083307266,
    0.06260409206151962,
    -0.013992193154990673,
    0.02450377680361271,
    0.03860959783196449,
    0.009908124804496765,
    -0.07495561242103577,
    -0.029033560305833817,
    0.010358700528740883,
    -1.137913204729557e-05,
    0.07095414400100708,
    -0.023885907605290413,
    -0.005921291187405586,
    0.038196712732315063,
    0.018529560416936874,
    0.09410649538040161,
    0.004457211121916771,
    -0.011614006012678146,
    0.003698713146150112,
    -0.016583768650889397,
    -0.0059573412872850895,
    -0.08560162782669067,
    -0.06009992957115173,
    -0.015667689964175224,
    0.12486021965742111,
    0.04301478713750839,
    -0.038947585970163345,
    0.08412188291549683,
    0.01768832840025425,
    0.028483973816037178,
    -0.005989136174321175,
    -0.06138318032026291,
    0.10340921580791473,
    0.004167793784290552,
    0.012767167761921883,
    0.0059275077655911446
]