[
    -0.05774681642651558,
    0.05132589861750603,
    -0.017445417121052742,
    -0.04181886836886406,
    -0.04366828873753548,
    0.067231185734272,
    -0.03428617864847183,
    -0.046054232865571976,
    0.017312005162239075,
    0.02458934672176838,
    0.026597943156957626,
    -0.02948676235973835,
    0.030138548463582993,
    -0.045207757502794266,
    0.04409845545887947,
    0.007981120608747005,
    0.05557802692055702,
    0.024167001247406006,
    -0.08601446449756622,
    0.06945039331912994,
    0.03528518229722977,
    0.060845278203487396,
    -0.0533379428088665,
    -0.03336934745311737,
    -0.042529866099357605,
    0.0013082510558888316,
    -5.028000668971799e-05,
    -0.0764615386724472,
    0.04004937410354614,
    -0.05883357301354408,
    0.06779542565345764,
    0.001434333622455597,
    0.050601594150066376,
    0.06947708129882812,
    -0.00871012732386589,
    -0.01990487053990364,
    -0.010100796818733215,
    0.03582799434661865,
    -0.02721935138106346,
    -0.019710887223482132,
    -0.06775825470685959,
    -0.012401698157191277,
    -0.03781542927026749,
    -0.0033210988622158766,
    0.01772199757397175,
    0.0008523117285221815,
    -0.07742372155189514,
    -0.039846260100603104,
    0.0061049992218613625,
    0.04685793071985245,
    -0.06270194053649902,
    -0.05655250325798988,
    -0.012312312610447407,
    0.12278548628091812,
    -0.026926446706056595,
    -0.044775284826755524,
    -0.06924223899841309,
    -0.058797504752874374,
    -0.12120069563388824,
    -0.04495869576931,
    -0.039563387632369995,
    0.024040546268224716,
    -0.010279213078320026,
    0.013021084479987621,
    -0.0701659768819809,
    0.048488348722457886,
    0.009474913589656353,
    -0.06666774302721024,
    0.04065091162919998,
    -0.025303293019533157,
    -0.05389563739299774,
    0.018638204783201218,
    -0.03297227993607521,
    0.06192977726459503,
    -0.014227965846657753,
    -0.010052843019366264,
    -0.015256944112479687,
    -0.0024829285684973,
    0.08644300699234009,
    -0.14661352336406708,
    -0.047114502638578415,
    0.036826103925704956,
    -0.03586955741047859,
    0.03242703154683113,
    -0.04065801575779915,
    -0.0050891004502773285,
    -0.028989391401410103,
    0.014606510289013386,
    0.010409727692604065,
    0.00812719389796257,
    0.05371006950736046,
    -0.031139764934778214,
    0.12835076451301575,
    -0.05568092688918114,
    0.10468018054962158,
    -0.07800254225730896,
    0.03157714009284973,
    -0.0709705501794815,
    0.022734683007001877,
    -0.0019385346677154303,
    -0.027009865269064903,
    -0.04293888062238693,
    0.01573282480239868,
    0.030499454587697983,
    -0.05029679089784622,
    -0.06802480667829514,
    -0.012884771451354027,
    -0.003017119597643614,
    0.02226777747273445,
    0.04395068436861038,
    0.011385170742869377,
    -0.01131485216319561,
    -0.022614482790231705,
    -0.09139437973499298,
    0.017661981284618378,
    -0.018558280542492867,
    0.010920065455138683,
    0.0464741513133049,
    0.028179487213492393,
    -0.034209005534648895,
    -0.04369338974356651,
    -0.0012095015263184905,
    -0.05812479928135872,
    -0.056966330856084824,
    -0.005815505050122738,
    0.048675619065761566,
    -0.09418220818042755,
    2.1965518130231613e-32,
    -0.035946790128946304,
    -0.024910898879170418,
    -0.04243345931172371,
    0.0370812863111496,
    0.024555740877985954,
    -0.014396392740309238,
    0.018323121592402458,
    -0.03648562356829643,
    -0.06274054944515228,
    0.011698172427713871,
    0.027678679674863815,
    -0.02619875967502594,
    0.010789269581437111,
    -0.04236322268843651,
    -0.04400289058685303,
    0.015100305899977684,
    -0.027079125866293907,
    0.0651419535279274,
    -0.03593418374657631,
    0.09411852061748505,
    0.016116006299853325,
    0.02738402783870697,
    0.014474431984126568,
    0.02429475449025631,
    -0.026886383071541786,
    -0.005015771370381117,
    -0.003271229099482298,
    -0.018952423706650734,
    0.02706425078213215,
    -0.003786735236644745,
    0.043032851070165634,
    -5.9086847613798454e-05,
    -0.014330617152154446,
    -0.07213478535413742,
    0.03517802804708481,
    0.13132217526435852,
    0.07158538699150085,
    -0.014052370563149452,
    0.08718991279602051,
    -0.09333834052085876,
    -0.06185836344957352,
    -0.036908041685819626,
    0.04540317505598068,
    0.021419502794742584,
    0.03297092765569687,
    -0.025381922721862793,
    -0.00928072351962328,
    -0.021345367655158043,
    -0.016248082742094994,
    0.08241602033376694,
    -0.04118650406599045,
    0.00721227889880538,
    -0.011977974325418472,
    -0.041513971984386444,
    -0.004462405573576689,
    -0.012156159617006779,
    -0.1139688640832901,
    0.08222664892673492,
    -0.06347217410802841,
    0.044612109661102295,
    -0.002209002384915948,
    -0.008671838790178299,
    0.012490568682551384,
    0.0051446110010147095,
    -0.04348687455058098,
    -0.09069155901670456,
    -0.03202901408076286,
    -0.0897769182920456,
    0.08285115659236908,
    -0.022564755752682686,
    -0.017143918201327324,
    0.051224131137132645,
    0.013503176160156727,
    0.017413128167390823,
    -0.044310010969638824,
    0.005741011817008257,
    0.050255030393600464,
    -0.037581853568553925,
    0.03080787882208824,
    0.007212570868432522,
    -0.07438996434211731,
    0.014972119592130184,
    0.01329673733562231,
    0.046678729355335236,
    0.03900595009326935,
    -0.0515061691403389,
    0.023250898346304893,
    0.019507093355059624,
    -0.05816338211297989,
    -0.07055941969156265,
    -0.010153577663004398,
    -0.010054557584226131,
    0.051464445888996124,
    0.02730974182486534,
    -0.016424302011728287,
    -2.2536770181164843e-32,
    -0.022921355441212654,
    -0.06791099905967712,
    -0.02987009286880493,
    -0.02190302312374115,
    0.061890266835689545,
    -0.05254971235990524,
    -0.025851281359791756,
    -0.08665327727794647,
    0.04793621227145195,
    -0.003757856786251068,
    -0.009437678381800652,
    -0.04458760842680931,
    0.03594433516263962,
    0.027124671265482903,
    -0.03703952580690384,
    -0.005121135618537664,
    -0.09565126895904541,
    -0.03262243792414665,
    0.027113426476716995,
    0.11749640107154846,
    -0.05104498192667961,
    0.05204126611351967,
    -0.04956000670790672,
    0.18287824094295502,
    0.06732957810163498,
    0.07610487192869186,
    -0.05131189897656441,
    0.009271256625652313,
    0.07441446185112,
    -0.029348989948630333,
    -0.03373207524418831,
    -0.10022997111082077,
    -0.029117140918970108,
    -0.009940668940544128,
    -0.08348234742879868,
    -0.18929465115070343,
    0.05890769138932228,
    0.0038672068621963263,
    -0.04156937077641487,
    -0.04379171505570412,
    0.0915977731347084,
    0.001475276192650199,
    0.025678349658846855,
    0.005424526985734701,
    -0.010824264958500862,
    -0.03836720064282417,
    0.0545024499297142,
    -0.003764508757740259,
    -0.03614092618227005,
    0.017238914966583252,
    0.02305637113749981,
    -0.004065367858856916,
    0.026488209143280983,
    0.046082768589258194,
    -0.0035758905578404665,
    0.03179170936346054,
    0.032491158694028854,
    -0.02237897925078869,
    0.005749548319727182,
    -0.010403073392808437,
    0.060906291007995605,
    0.03690260276198387,
    -0.06474202126264572,
    0.055708661675453186,
    0.014865177683532238,
    -0.06250899285078049,
    -0.08465179800987244,
    -0.06870328634977341,
    -0.043259743601083755,
    -0.05978916212916374,
    -0.056754328310489655,
    -0.14283373951911926,
    -0.04202014580368996,
    -0.11342564225196838,
    0.14886300265789032,
    -0.06803836673498154,
    0.0023311516270041466,
    -0.01833830587565899,
    -0.058791451156139374,
    -0.015079517848789692,
    0.041988909244537354,
    -0.017026010900735855,
    -0.051467347890138626,
    0.03667351230978966,
    -0.00561984209343791,
    -0.01748616062104702,
    0.07939939200878143,
    -0.0479445680975914,
    0.0249454528093338,
    0.06851114332675934,
    -0.030871212482452393,
    0.009728784672915936,
    -0.05424639210104942,
    0.0020514309871941805,
    -0.08619357645511627,
    -5.991464036014804e-08,
    0.05441616475582123,
    0.04131866246461868,
    0.03034331649541855,
    -0.040925510227680206,
    -0.01818610168993473,
    -0.05909910053014755,
    -0.007140957284718752,
    -0.006345302797853947,
    -0.04180806502699852,
    0.005849060136824846,
    0.035176802426576614,
    0.056590523570775986,
    0.006525789853185415,
    -0.08682461082935333,
    0.0923004075884819,
    -0.04429810121655464,
    -0.0791914239525795,
    -0.026179295033216476,
    -0.05418061837553978,
    0.005545208230614662,
    -0.05619673803448677,
    -0.020610345527529716,
    -0.04786094278097153,
    0.0781029760837555,
    0.005674771498888731,
    0.026129771023988724,
    -0.020010191947221756,
    -0.018206465989351273,
    0.00239131529815495,
    0.037844445556402206,
    -0.028740087524056435,
    0.06298814713954926,
    0.027518223971128464,
    0.01920335926115513,
    -0.040844932198524475,
    -0.038717083632946014,
    -0.03054085746407509,
    0.020223844796419144,
    0.042420972138643265,
    -0.03286800533533096,
    0.038741335272789,
    0.04168247804045677,
    0.03304341435432434,
    0.06466832011938095,
    0.03033534251153469,
    -0.013082349672913551,
    -0.025593185797333717,
    0.015272509306669235,
    0.008473497815430164,
    -0.07174510508775711,
    -0.04129483550786972,
    -0.03674387186765671,
    0.10304731130599976,
    -0.03315214067697525,
    0.002333682030439377,
    0.11999563872814178,
    0.05606517568230629,
    0.07949573546648026,
    0.004949373193085194,
    -0.014018116518855095,
    0.20305956900119781,
    0.06318722665309906,
    0.010544616729021072,
    -0.0004674635420087725
]