[
    -0.10443412512540817,
    0.07021430879831314,
    -0.0019773829262703657,
    -0.03965619206428528,
    -0.057341646403074265,
    0.0828605443239212,
    -0.015252945944666862,
    -0.023647893220186234,
    -0.005849214270710945,
    0.010489215143024921,
    0.03704780340194702,
    -0.02760595828294754,
    0.025393113493919373,
    -0.06662331521511078,
    0.04965763911604881,
    -0.01542671024799347,
    0.05319758504629135,
    0.015589551068842411,
    -0.07857715338468552,
    0.0944841057062149,
    0.008020286448299885,
    0.08557519316673279,
    -0.06649475544691086,
    -0.0048296768218278885,
    -0.07489190250635147,
    -0.0025035953149199486,
    -0.04171926528215408,
    -0.10670563578605652,
    0.046008482575416565,
    -0.06057155877351761,
    0.034420695155858994,
    -0.014606722630560398,
    0.0538710355758667,
    0.07189106941223145,
    0.00659559853374958,
    -0.028790412470698357,
    0.015279191546142101,
    0.010203457437455654,
    -0.03246363624930382,
    -0.039564672857522964,
    -0.05753317475318909,
    -0.046657029539346695,
    -0.03323589265346527,
    -0.0014160461723804474,
    -0.017533646896481514,
    0.02579665184020996,
    -0.014198710210621357,
    -0.02563631348311901,
    -0.014491106383502483,
    0.01709085702896118,
    -0.08616793155670166,
    -0.01965346746146679,
    -0.033578015863895416,
    0.09589944034814835,
    -0.020496303215622902,
    -0.021113617345690727,
    -0.031076710671186447,
    -0.011165661737322807,
    -0.09083060175180435,
    -0.004770583938807249,
    -0.024790890514850616,
    -0.003944397438317537,
    -0.023442303761839867,
    0.05563151463866234,
    -0.04217567294836044,
    0.05352358520030975,
    0.0002633164986036718,
    -0.06726100295782089,
    0.027084041386842728,
    0.027830874547362328,
    -0.10915718972682953,
    -0.007897473871707916,
    -0.014211269095540047,
    0.05396796017885208,
    0.01104590855538845,
    -0.023327432572841644,
    -0.043884068727493286,
    -0.003551267320290208,
    0.09366021305322647,
    -0.11339455097913742,
    -0.05311882123351097,
    0.026828359812498093,
    0.01460123062133789,
    0.04026046395301819,
    -0.04559645429253578,
    -0.018092380836606026,
    -0.010024294257164001,
    -0.030955344438552856,
    0.02100256085395813,
    -0.016829287633299828,
    0.07637862861156464,
    -0.05603637918829918,
    0.12240123003721237,
    -0.03857019543647766,
    0.06484055519104004,
    -0.08197091519832611,
    -0.010411584749817848,
    -0.07726866006851196,
    -0.004931607749313116,
    0.005236988887190819,
    -0.006838596425950527,
    -0.007869959808886051,
    -0.0003196515899617225,
    0.03315732255578041,
    -0.02465853840112686,
    -0.07232730835676193,
    -0.016684290021657944,
    -0.03913239762187004,
    -0.012132517993450165,
    0.05537009239196777,
    0.0324581116437912,
    -0.02727273479104042,
    -0.0848524197936058,
    -0.11498843878507614,
    0.057990532368421555,
    -0.04172319918870926,
    -0.0004195927467662841,
    0.03134167566895485,
    0.024291472509503365,
    -0.048938602209091187,
    -0.035397544503211975,
    -0.0376773402094841,
    -0.047673601657152176,
    -0.06699305772781372,
    -0.029116451740264893,
    0.07116799801588058,
    -0.04999353364109993,
    1.7565401798761873e-32,
    -0.0449615977704525,
    -0.020733371376991272,
    -0.0519760437309742,
    0.01898355782032013,
    0.013006745837628841,
    -0.019014859572052956,
    -0.02286032773554325,
    -0.03321798890829086,
    -0.025942156091332436,
    0.006658448372036219,
    0.032526228576898575,
    0.006818344816565514,
    0.027669254690408707,
    -0.05516216903924942,
    -0.04986173287034035,
    0.0390874408185482,
    -0.05552487447857857,
    0.09214196354150772,
    0.0025738668628036976,
    0.06811597943305969,
    0.012791936285793781,
    0.025673840194940567,
    0.01367143727838993,
    0.005717073567211628,
    -0.02339530549943447,
    0.0018466167384758592,
    0.014166596345603466,
    -0.03636038303375244,
    0.02761988155543804,
    0.003967571537941694,
    0.04778333753347397,
    0.012815453112125397,
    0.02740716002881527,
    -0.05268202722072601,
    0.07606629282236099,
    0.1342526078224182,
    0.046894922852516174,
    -0.05804404988884926,
    0.08469990640878677,
    -0.05783247575163841,
    -0.038630176335573196,
    -0.004068814683705568,
    0.059561558067798615,
    0.002513232873752713,
    0.057358793914318085,
    -0.011266210116446018,
    -0.03844103962182999,
    -0.02060546912252903,
    -0.013590586371719837,
    0.061261922121047974,
    -0.045752234756946564,
    0.031837765127420425,
    -0.023212594911456108,
    -0.046975016593933105,
    -0.03327101841568947,
    -0.020677350461483,
    -0.09119647741317749,
    0.09300179779529572,
    -0.06654345989227295,
    0.022862747311592102,
    0.02255033515393734,
    0.038034383207559586,
    0.04490567371249199,
    -0.015441573224961758,
    -0.04343293979763985,
    -0.07547710835933685,
    -0.05084730684757233,
    -0.059251077473163605,
    0.05917373299598694,
    -0.020151516422629356,
    -0.04967387020587921,
    0.07296371459960938,
    0.012803846038877964,
    0.006661204621195793,
    -0.03314637765288353,
    -0.007069663144648075,
    0.06214563921093941,
    -0.010792531073093414,
    -0.00025140735669992864,
    -0.004599559120833874,
    -0.07822176069021225,
    0.018282655626535416,
    0.023473262786865234,
    0.059407372027635574,
    -0.04443325102329254,
    -0.04214514046907425,
    0.04027130827307701,
    0.045708950608968735,
    -0.02188372053205967,
    -0.022801315411925316,
    0.008570147678256035,
    0.0028180114459246397,
    -0.0024663894437253475,
    0.055659372359514236,
    -0.044614292681217194,
    -1.9493742975936233e-32,
    -0.02063564583659172,
    -0.0483829490840435,
    -0.04517946392297745,
    0.01425401121377945,
    0.06284432858228683,
    -0.03444001078605652,
    -0.02272334136068821,
    -0.07280062139034271,
    0.03963065892457962,
    0.026359500363469124,
    -0.015618470497429371,
    -0.046527668833732605,
    0.03163664788007736,
    0.02288874424993992,
    -0.040389157831668854,
    -0.011230687610805035,
    -0.07671178877353668,
    -0.07555342465639114,
    -0.024523751810193062,
    0.07828962802886963,
    0.0134242232888937,
    0.012557108886539936,
    -0.0012907228665426373,
    0.17194554209709167,
    0.03805169835686684,
    0.054436687380075455,
    -0.020112887024879456,
    -0.03432539105415344,
    0.10433710366487503,
    -0.06264472007751465,
    -0.028908709064126015,
    -0.04344569146633148,
    -0.0532650500535965,
    0.0004985522828064859,
    -0.10301103442907333,
    -0.17084556818008423,
    0.053661689162254333,
    0.01261286810040474,
    -0.02838546596467495,
    -0.046250149607658386,
    0.08560317754745483,
    0.024734536185860634,
    -0.007704444229602814,
    -0.002465498633682728,
    0.014383911155164242,
    -0.0401349812746048,
    0.05239849165081978,
    -0.07676942646503448,
    -0.028913618996739388,
    -0.019096165895462036,
    -0.01250001136213541,
    -0.04035477712750435,
    0.03890887275338173,
    0.045998167246580124,
    -0.05347122997045517,
    0.018085941672325134,
    0.07893969863653183,
    -0.047644082456827164,
    -0.002252159407362342,
    0.023642107844352722,
    0.05054115131497383,
    0.06406079977750778,
    -0.09434320777654648,
    0.042669255286455154,
    0.029767565429210663,
    -0.05726121738553047,
    -0.059827614575624466,
    -0.0769471675157547,
    -0.027742678299546242,
    -0.0645466297864914,
    -0.06757284700870514,
    -0.1471462845802307,
    -0.017960218712687492,
    -0.10456628352403641,
    0.10190083086490631,
    -0.05110194534063339,
    -0.019268259406089783,
    -0.06297125667333603,
    -0.09742217510938644,
    -0.009275613352656364,
    0.07657653838396072,
    -0.0180906280875206,
    -0.05270685255527496,
    0.03536815941333771,
    -0.0003627263067755848,
    -0.01263163611292839,
    0.0951823815703392,
    -0.02136342227458954,
    0.014965471811592579,
    0.09292016178369522,
    -0.03490982577204704,
    0.018374351784586906,
    -0.10309464484453201,
    0.02401607483625412,
    -0.086079902946949,
    -5.797090452119846e-08,
    0.02939062938094139,
    0.031939197331666946,
    0.031211551278829575,
    -0.011382796801626682,
    -0.015816662460565567,
    -0.05787736549973488,
    -0.02923785336315632,
    -0.017278103157877922,
    -0.03336365148425102,
    0.016491474583745003,
    0.036472078412771225,
    0.03072717972099781,
    0.023916829377412796,
    -0.04522111266851425,
    0.07919824868440628,
    -0.0321001335978508,
    -0.08862672001123428,
    -0.0705299898982048,
    -0.049912791699171066,
    0.05604023486375809,
    -0.052489910274744034,
    -0.05810389295220375,
    -0.060314398258924484,
    0.019066130742430687,
    0.03562154248356819,
    0.0666985884308815,
    -0.04282883182168007,
    0.05286601930856705,
    0.011516030877828598,
    0.039102040231227875,
    -0.01083619799464941,
    0.09261234849691391,
    0.03365202993154526,
    -0.016631361097097397,
    -0.08634741604328156,
    0.002067941939458251,
    0.020697345957159996,
    0.01590368151664734,
    0.060565654188394547,
    -0.06653063744306564,
    0.006794451270252466,
    0.03867681697010994,
    0.04618765041232109,
    0.09280463308095932,
    0.043944597244262695,
    0.01927848346531391,
    -0.028810035437345505,
    0.021153928712010384,
    0.014069978147745132,
    -0.06035296991467476,
    -0.003108242293819785,
    -0.03884541243314743,
    0.1250644326210022,
    0.020975792780518532,
    -0.003697674721479416,
    0.07563551515340805,
    0.07256698608398438,
    0.03914184868335724,
    -0.014390851370990276,
    -0.05029138922691345,
    0.16326729953289032,
    0.06554234027862549,
    0.004702641163021326,
    -0.011809299699962139
]