[
    -0.008510255254805088,
    0.07305235415697098,
    0.0006506775971502066,
    -0.03431668505072594,
    0.008452178910374641,
    0.060826655477285385,
    -0.0392443984746933,
    -0.03749559074640274,
    0.00476843724027276,
    0.015610847622156143,
    -0.031579695641994476,
    0.004375450313091278,
    -0.029360145330429077,
    -0.0629577487707138,
    0.1106162816286087,
    -0.05889416113495827,
    0.0383635088801384,
    0.000981022254563868,
    -0.10229051858186722,
    0.03659902513027191,
    0.008307619020342827,
    0.019111953675746918,
    -0.04424617439508438,
    -0.0042170374654233456,
    -0.04181178659200668,
    -0.053018976002931595,
    -0.00020133751968387514,
    -0.03674531355500221,
    -0.03161236271262169,
    -0.049186524003744125,
    0.035328201949596405,
    0.049248624593019485,
    0.05267314612865448,
    0.08185086399316788,
    -0.023598715662956238,
    -0.05121612176299095,
    -0.05144535377621651,
    0.04525904357433319,
    -0.03637336939573288,
    0.01692398078739643,
    -0.07784543186426163,
    -0.05194678530097008,
    -0.08190877735614777,
    0.04384588450193405,
    0.030966512858867645,
    0.025329388678073883,
    -0.05472494289278984,
    0.00447845971211791,
    0.030539680272340775,
    0.07235576212406158,
    -0.0442083515226841,
    -0.003221300430595875,
    0.029028134420514107,
    0.05983605608344078,
    -0.026094971224665642,
    -0.08468300104141235,
    -0.0717642605304718,
    -0.022473247721791267,
    -0.09518212080001831,
    0.032995350658893585,
    -0.007743138819932938,
    -0.04149427264928818,
    0.0267802681773901,
    0.07714853435754776,
    -0.14248628914356232,
    0.05318336561322212,
    -0.013477876782417297,
    0.02204403653740883,
    -0.029201626777648926,
    -0.05406268313527107,
    -0.07964447140693665,
    -0.05451729893684387,
    -0.020486649125814438,
    0.08495650440454483,
    0.023139534518122673,
    -0.01886330172419548,
    -0.01120156142860651,
    0.00012736028293147683,
    0.09246237576007843,
    -0.10280314832925797,
    -0.04059571027755737,
    0.027772793546319008,
    -0.02164829522371292,
    0.08461234718561172,
    -0.04435203596949577,
    -0.0278816819190979,
    0.0014950631884858012,
    0.028008535504341125,
    0.032720424234867096,
    -0.07016368955373764,
    -0.03089200146496296,
    -0.010958043858408928,
    -0.013729126192629337,
    -0.029191628098487854,
    0.08213207870721817,
    -0.03815150260925293,
    -0.050729069858789444,
    -0.05088270828127861,
    -0.009288845583796501,
    -0.01762084662914276,
    -0.020592058077454567,
    -0.04611881449818611,
    0.011971996165812016,
    0.00595604395493865,
    -0.07807988673448563,
    -0.10478178411722183,
    0.03137795627117157,
    0.03181839361786842,
    0.04234721511602402,
    0.08842543512582779,
    0.04432712122797966,
    0.027689771726727486,
    -0.028090495616197586,
    -0.13132530450820923,
    0.05114820972084999,
    -0.0243283249437809,
    -0.03287549316883087,
    0.047867968678474426,
    0.014310598373413086,
    0.06156226620078087,
    -0.029171321541070938,
    0.002795896492898464,
    -0.011399785988032818,
    -0.06929831206798553,
    -0.0400942899286747,
    0.05337410047650337,
    -0.046230632811784744,
    2.4347259233461638e-32,
    -0.02156234346330166,
    0.018847515806555748,
    0.052843526005744934,
    0.05662995204329491,
    0.04669545590877533,
    -0.04385010898113251,
    0.037385303527116776,
    -0.029413938522338867,
    -0.033515915274620056,
    0.04079543799161911,
    -0.02964821457862854,
    -0.017065126448869705,
    -0.015860598534345627,
    0.04423210769891739,
    -0.008231623098254204,
    0.005718471948057413,
    0.021451611071825027,
    0.09784390032291412,
    -0.013479250483214855,
    0.06945150345563889,
    0.017808223143219948,
    -0.04706864431500435,
    0.006914293859153986,
    0.0033670742996037006,
    -0.025684673339128494,
    0.03851458802819252,
    0.00818069651722908,
    -0.06845002621412277,
    0.033958885818719864,
    0.013335011899471283,
    -0.002752188825979829,
    -0.01925281621515751,
    -0.017302528023719788,
    -0.10024925321340561,
    0.0034359607379883528,
    0.08932874351739883,
    -0.00263466639444232,
    -0.04357529431581497,
    0.03549874946475029,
    -0.05250096321105957,
    -0.01476738415658474,
    -0.03795747086405754,
    0.05648506432771683,
    0.027790123596787453,
    0.005965128540992737,
    -0.036623816937208176,
    -0.022376634180545807,
    -0.007779151201248169,
    0.02482970617711544,
    0.006742532830685377,
    -0.059291645884513855,
    0.002499794587492943,
    0.047898806631565094,
    -0.0029290500096976757,
    0.02397117018699646,
    0.0030612857080996037,
    -0.07107942551374435,
    -0.018897397443652153,
    -0.03774743154644966,
    0.05940047651529312,
    -0.060452740639448166,
    0.024821612983942032,
    -0.031118331477046013,
    0.0018642591312527657,
    -0.005681456997990608,
    -0.02585906721651554,
    -0.017461396753787994,
    -0.06832639873027802,
    0.07547719031572342,
    0.014913979917764664,
    -0.02412986569106579,
    0.06939970701932907,
    -0.024248285219073296,
    0.01630270853638649,
    -0.02364814653992653,
    0.0018640210619196296,
    0.024984249845147133,
    0.031629711389541626,
    0.06742529571056366,
    0.05160028487443924,
    -0.00259414897300303,
    -0.025403374806046486,
    0.021883713081479073,
    0.01806165650486946,
    0.00543129350990057,
    0.02442297898232937,
    0.06159843131899834,
    0.031559526920318604,
    -0.07992778718471527,
    -0.053697772324085236,
    -0.04929082468152046,
    0.02777094580233097,
    0.005257590673863888,
    0.05211201682686806,
    0.0022916400339454412,
    -2.683643905098888e-32,
    -0.0328952819108963,
    -0.0005152273806743324,
    0.0065328809432685375,
    -0.07700701057910919,
    0.09072353690862656,
    -0.0032361450139433146,
    -0.035446278750896454,
    -0.12458594143390656,
    0.07071664929389954,
    -0.0018351414473727345,
    0.0060710967518389225,
    -0.05050676316022873,
    -0.02430708520114422,
    -0.030008751899003983,
    -0.054730262607336044,
    0.0037954768631607294,
    -0.06924211233854294,
    -0.08588423579931259,
    -0.025946181267499924,
    0.10446343570947647,
    -0.07530242204666138,
    -0.04037915915250778,
    -0.0384286493062973,
    0.09294300526380539,
    0.061548829078674316,
    0.06051860749721527,
    -0.07127880305051804,
    0.035736240446567535,
    0.1334686130285263,
    -0.028185714036226273,
    -0.09420111775398254,
    -0.050392087548971176,
    -0.03978094831109047,
    -0.01597006991505623,
    -0.05703463777899742,
    -0.1648189276456833,
    0.015024394728243351,
    -0.027900684624910355,
    -0.023298297077417374,
    0.0037863997276872396,
    0.10694009810686111,
    -0.04022349417209625,
    0.04881134256720543,
    0.013385212048888206,
    -0.019116008654236794,
    -0.06073271110653877,
    0.04011956974864006,
    -0.06702505052089691,
    -0.04787060618400574,
    0.006209209561347961,
    0.03999333083629608,
    -0.005278100725263357,
    -0.06168521195650101,
    0.04886583983898163,
    -0.039711739867925644,
    -0.00985891092568636,
    -0.013563387095928192,
    -0.022060565650463104,
    -0.0493507906794548,
    -0.0489632748067379,
    0.057592734694480896,
    0.05359717085957527,
    -0.031687311828136444,
    0.0802256315946579,
    -0.004004588816314936,
    -0.08667232096195221,
    0.0023339660838246346,
    -0.11294487863779068,
    -0.048769813030958176,
    -0.09933638572692871,
    -0.11399678885936737,
    -0.11731421202421188,
    -0.003708134638145566,
    -0.09204867482185364,
    0.09578254073858261,
    -0.049968600273132324,
    -0.0627443939447403,
    -0.047957587987184525,
    -0.10143503546714783,
    0.060258761048316956,
    0.04987677186727524,
    -0.04420247673988342,
    -0.08571081608533859,
    0.06913818418979645,
    0.0017364517552778125,
    0.014935585670173168,
    0.050003018230199814,
    -0.009103617630898952,
    -0.00016083978698588908,
    0.06113814935088158,
    -0.0731969103217125,
    -0.02597552351653576,
    -0.09547281265258789,
    0.0745626837015152,
    -0.09717061370611191,
    -7.331212259487074e-08,
    0.02239253930747509,
    0.029387999325990677,
    0.06488369405269623,
    -0.06782355904579163,
    -6.542043411172926e-05,
    -0.051593054085969925,
    -0.05002088099718094,
    0.008349454961717129,
    0.02180923894047737,
    -0.03744899109005928,
    0.06583112478256226,
    0.09151105582714081,
    -0.008478851057589054,
    -0.0634143203496933,
    0.05487395450472832,
    0.0021515092812478542,
    -0.08057969808578491,
    -0.012341707944869995,
    -0.014525128528475761,
    -0.007252928335219622,
    -0.07014472037553787,
    -0.08564840257167816,
    -0.09427059441804886,
    0.014588934369385242,
    0.035986874252557755,
    0.04393231123685837,
    -0.07740525901317596,
    -0.01064991857856512,
    0.06514868140220642,
    0.04816517233848572,
    0.01201121136546135,
    0.0246876273304224,
    0.0432262122631073,
    -0.007243339903652668,
    -0.03942675516009331,
    -0.05251621454954147,
    0.033092424273490906,
    -0.04239388555288315,
    0.03937177732586861,
    -0.01482187956571579,
    -0.008857207372784615,
    0.05740293860435486,
    0.03006511554121971,
    0.06254608184099197,
    -0.025207029655575752,
    -0.021960321813821793,
    -0.0014096099184826016,
    -0.006548572331666946,
    0.014911127276718616,
    -0.09781204164028168,
    -0.012191073037683964,
    -0.03110247664153576,
    0.1160978153347969,
    -0.01636352576315403,
    -0.03754976764321327,
    0.09525541216135025,
    -0.019624561071395874,
    -0.00024351885076612234,
    -0.0071546356193721294,
    -0.01919548399746418,
    0.11277653276920319,
    -0.014506185427308083,
    -0.002952388022094965,
    0.04543452709913254
]