[
    -0.034862272441387177,
    0.058471012860536575,
    -0.035956449806690216,
    -0.09685574471950531,
    -0.03891829028725624,
    0.03635699674487114,
    -0.00579484086483717,
    -0.024067837744951248,
    0.013185014016926289,
    0.02938736416399479,
    0.004316306672990322,
    -0.02161148563027382,
    0.007680321112275124,
    -0.051902223378419876,
    0.09157504141330719,
    -0.03811073303222656,
    0.001553308917209506,
    0.01972823590040207,
    -0.10218901187181473,
    0.06068607419729233,
    0.022775772958993912,
    0.07616197317838669,
    -0.05194900929927826,
    -0.012477301992475986,
    -0.13437359035015106,
    -0.005140117835253477,
    -0.011282069608569145,
    -0.08366837352514267,
    0.001143098110333085,
    -0.057245898991823196,
    0.04021456465125084,
    0.01499074138700962,
    0.054859478026628494,
    0.10983261466026306,
    -0.00656164763495326,
    -0.018804075196385384,
    0.025291776284575462,
    0.03269253671169281,
    -0.05296429991722107,
    0.020299239084124565,
    -0.03487555682659149,
    -0.05436934158205986,
    -0.062405940145254135,
    0.03422367200255394,
    0.013825847767293453,
    0.049693502485752106,
    -0.06405555456876755,
    0.017408858984708786,
    -0.01617843471467495,
    0.03925970569252968,
    -0.10347327589988708,
    -0.02275197021663189,
    -0.030565397813916206,
    0.09777224808931351,
    -0.04324233904480934,
    -0.04715568944811821,
    -0.03040432557463646,
    -0.003107435302808881,
    -0.08799076825380325,
    -0.021152930334210396,
    0.02796151116490364,
    -0.002373353810980916,
    0.012620443478226662,
    0.06658929586410522,
    -0.03607364743947983,
    0.05283723399043083,
    0.00023159336706157774,
    -0.005458813160657883,
    -0.00956071075052023,
    -0.01762446016073227,
    -0.11010485887527466,
    -0.056033115833997726,
    -0.0009466235642321408,
    0.05632559955120087,
    -0.002756846370175481,
    -0.016865991055965424,
    -0.0403558611869812,
    0.006640243344008923,
    0.08641917258501053,
    -0.07797794789075851,
    -0.048438720405101776,
    -0.0036522590089589357,
    -0.0043688444420695305,
    0.07039292901754379,
    -0.053326915949583054,
    0.021033545956015587,
    -0.02207156829535961,
    -0.04477202519774437,
    -0.009154190309345722,
    -0.049677666276693344,
    0.052411191165447235,
    -0.08872631937265396,
    0.10484041273593903,
    -0.01671370305120945,
    0.10008630156517029,
    -0.04778379574418068,
    0.003927933983504772,
    -0.10728750377893448,
    0.01658482663333416,
    -0.014585808850824833,
    -0.02918834239244461,
    -0.009371758438646793,
    -0.0075639099813997746,
    0.0032156379893422127,
    -0.06358876079320908,
    -0.056120991706848145,
    0.012065848335623741,
    -0.0036451066844165325,
    0.045925453305244446,
    0.04647689312696457,
    0.035131100565195084,
    -0.003874850692227483,
    -0.04268905520439148,
    -0.14719049632549286,
    0.05112555995583534,
    -0.03566765412688255,
    -0.05146051198244095,
    0.051504947245121,
    0.04287709668278694,
    -0.006739232689142227,
    -0.027940139174461365,
    -0.020271379500627518,
    -0.0682198628783226,
    -0.10290536284446716,
    -0.04225895553827286,
    0.009464419446885586,
    -0.04559020698070526,
    1.7679586381264872e-32,
    -0.04717355594038963,
    0.0393281914293766,
    -0.05920736864209175,
    0.03962266817688942,
    0.030029427260160446,
    -0.031731508672237396,
    0.030075443908572197,
    -0.006947230082005262,
    -0.0840926319360733,
    0.05616001784801483,
    -0.03331877291202545,
    0.026063222438097,
    -0.03484877571463585,
    -0.0035550440661609173,
    -0.0009774955688044429,
    0.04387448728084564,
    -0.02721775509417057,
    0.06294706463813782,
    0.0028173879254609346,
    0.057799991220235825,
    0.0267923753708601,
    -0.017759425565600395,
    0.014536229893565178,
    0.0017865094123408198,
    0.016835061833262444,
    0.026169827207922935,
    -0.016849959269165993,
    -0.02161441370844841,
    0.05932231619954109,
    0.010172160342335701,
    0.015027736313641071,
    0.014197337441146374,
    0.032970428466796875,
    -0.03423865884542465,
    0.06317839026451111,
    0.1308496594429016,
    0.017379337921738625,
    -0.05769151821732521,
    0.07035641372203827,
    -0.06463128328323364,
    -0.021515924483537674,
    -0.013525659218430519,
    0.018777554854750633,
    0.03337761014699936,
    0.04026913642883301,
    0.02479945495724678,
    -0.013218301348388195,
    -0.0013275715755298734,
    0.049714166671037674,
    0.03751424327492714,
    -0.030179772526025772,
    0.00525163859128952,
    -0.016465995460748672,
    -0.027837447822093964,
    0.007502887398004532,
    -0.04100543260574341,
    -0.0772993415594101,
    0.02607187069952488,
    -0.04058517515659332,
    0.059330251067876816,
    -0.020612839609384537,
    0.031044742092490196,
    0.02401481568813324,
    -0.02680002711713314,
    -0.021056003868579865,
    -0.07328276336193085,
    -0.0015553489793092012,
    -0.06613035500049591,
    0.03399638459086418,
    -0.020495980978012085,
    -0.0319717712700367,
    0.0917346179485321,
    -0.04188184067606926,
    0.017156360670924187,
    -0.019737903028726578,
    -0.04012434557080269,
    5.8260513469576836e-05,
    -0.021059192717075348,
    0.019993629306554794,
    0.04335538297891617,
    -0.06779126077890396,
    0.034760527312755585,
    0.00497297290712595,
    0.04584447294473648,
    -0.004188144113868475,
    -0.007628352381289005,
    0.04730689898133278,
    0.0835648775100708,
    -0.0699666365981102,
    -0.04805177450180054,
    -0.024631397798657417,
    0.0025378940626978874,
    0.03452255576848984,
    0.0574166364967823,
    0.009934336878359318,
    -1.9065550056866014e-32,
    -0.05351894721388817,
    -0.06774220615625381,
    -0.05788031965494156,
    0.06131889298558235,
    0.06050734221935272,
    -0.026527030393481255,
    -0.043687473982572556,
    -0.055774517357349396,
    0.07282519340515137,
    0.04839758947491646,
    0.05313058942556381,
    -0.04295237734913826,
    0.024378739297389984,
    -0.031904447823762894,
    -0.043247040361166,
    -0.020357348024845123,
    -0.052202705293893814,
    -0.06219692900776863,
    -0.016592543572187424,
    0.09452580660581589,
    -0.003224726300686598,
    -0.038842592388391495,
    -0.0468941256403923,
    0.1405051052570343,
    0.04182067885994911,
    0.06163104623556137,
    -0.08323359489440918,
    -0.02202831394970417,
    0.11443162709474564,
    -0.04707556217908859,
    -0.04386140778660774,
    -0.03563683480024338,
    -0.06849005818367004,
    0.04586412012577057,
    -0.10555395483970642,
    -0.1742749661207199,
    0.08465802669525146,
    -0.021590227261185646,
    0.0038337958976626396,
    -0.04708237573504448,
    0.11002527177333832,
    -0.007022360805422068,
    -0.010015398263931274,
    0.03505392745137215,
    -0.003328124061226845,
    -0.03675151988863945,
    0.058513958007097244,
    0.023864315822720528,
    0.0011083532590419054,
    -0.01018361747264862,
    0.07613233476877213,
    -0.022533908486366272,
    -0.010924563743174076,
    0.0030262304935604334,
    -0.05389343947172165,
    0.0858730599284172,
    -0.0178518146276474,
    -0.012535208836197853,
    -0.031249506399035454,
    -0.0049316491931676865,
    0.05256030708551407,
    0.026758575811982155,
    -0.04280676692724228,
    0.09305921941995621,
    0.012615243904292583,
    -0.027490347623825073,
    -0.009946915321052074,
    -0.012618104927241802,
    -0.0899234339594841,
    -0.0941668227314949,
    -0.07011786103248596,
    -0.09694556146860123,
    -0.1011422872543335,
    -0.10680851340293884,
    0.04666101932525635,
    -0.10360012948513031,
    -0.04886390268802643,
    -0.06664501875638962,
    -0.07528267055749893,
    0.05453666299581528,
    0.06875243782997131,
    0.000591395131777972,
    -0.06950885057449341,
    0.04637964442372322,
    0.06101701408624649,
    0.02559439092874527,
    0.08125763386487961,
    -0.07501385360956192,
    -0.02515488490462303,
    0.07633169740438461,
    -0.08377417176961899,
    -0.008674676530063152,
    -0.088858462870121,
    0.051977772265672684,
    -0.08073028922080994,
    -5.46182299387965e-08,
    0.028275972232222557,
    0.056132227182388306,
    0.0065673417411744595,
    -0.060936588793992996,
    -0.035558219999074936,
    -0.035976212471723557,
    -0.008524732664227486,
    -0.0014956125523895025,
    -0.004600712098181248,
    -0.047922272235155106,
    0.05534850433468819,
    0.07380443066358566,
    -0.02989347279071808,
    0.011026307009160519,
    0.08267653733491898,
    -0.05300169438123703,
    -0.0968216136097908,
    -0.026464352384209633,
    -0.032015662640333176,
    0.04590565711259842,
    0.00852186605334282,
    -0.06120310351252556,
    -0.04163457453250885,
    -0.011720375157892704,
    0.04721136391162872,
    0.06583993881940842,
    0.03489644452929497,
    0.028376448899507523,
    0.042052261531353,
    0.06947090476751328,
    -0.03335823491215706,
    0.04197581484913826,
    0.015314915217459202,
    -0.009327410720288754,
    -0.0887174904346466,
    -0.05488000437617302,
    0.042859163135290146,
    -0.0069328416138887405,
    0.04094858095049858,
    -0.036591239273548126,
    -0.0020974851213395596,
    0.028170673176646233,
    0.006499485578387976,
    0.0747627317905426,
    -0.026449618861079216,
    -0.03263731673359871,
    -0.011018064804375172,
    0.017761122435331345,
    0.04078138992190361,
    -0.058694370090961456,
    -0.043198421597480774,
    -0.016303887590765953,
    0.12858827412128448,
    0.03279785439372063,
    -0.029092665761709213,
    0.029108751565217972,
    0.051073700189590454,
    0.029919933527708054,
    -0.00844738632440567,
    0.012009196914732456,
    0.11581003665924072,
    -0.005520849954336882,
    0.06256246566772461,
    0.007760184817016125
]