[
    -0.07109635323286057,
    0.0770830288529396,
    -0.06671469658613205,
    -0.04800272360444069,
    -0.04788719862699509,
    0.09357287734746933,
    0.005774607416242361,
    -0.05039637163281441,
    -0.010698013938963413,
    0.017121531069278717,
    0.004465032834559679,
    0.04529762640595436,
    -0.018085161224007607,
    -0.05152137577533722,
    0.023805782198905945,
    0.01047486998140812,
    -0.0060590836219489574,
    0.07461424171924591,
    -0.09617898613214493,
    0.06919354945421219,
    0.07278686761856079,
    0.09590531885623932,
    -0.005738955922424793,
    0.058557625859975815,
    -0.06982003897428513,
    0.018282994627952576,
    -0.01116284541785717,
    -0.03706682473421097,
    0.011398500762879848,
    -0.04250311106443405,
    -0.013115986250340939,
    -0.013766869902610779,
    0.05561906099319458,
    0.03808542340993881,
    -0.01973790116608143,
    -0.009170759469270706,
    -8.311801502713934e-05,
    0.037252672016620636,
    -0.017788656055927277,
    0.0260626170784235,
    -0.0034578971099108458,
    -0.031149113550782204,
    -0.03685498982667923,
    -0.022259371355175972,
    -0.042268700897693634,
    0.02681744657456875,
    -0.03284570947289467,
    -0.001795295742340386,
    -0.03501898795366287,
    0.014811146073043346,
    -0.07486562430858612,
    -0.03314948454499245,
    -0.017995575442910194,
    0.096999391913414,
    -0.05180501192808151,
    -0.05488407611846924,
    0.026777813211083412,
    -0.02521912194788456,
    -0.07804343104362488,
    0.0382545106112957,
    0.04514568671584129,
    0.02841118536889553,
    0.02968512289226055,
    0.07129854708909988,
    -0.05473407730460167,
    0.07947379350662231,
    -0.033175695687532425,
    0.002215876942500472,
    0.0035781990736722946,
    -0.007347222417593002,
    -0.04986443370580673,
    -0.0976833775639534,
    0.020365195348858833,
    0.029993031173944473,
    0.01832420751452446,
    -0.017453324049711227,
    -0.01631261222064495,
    -0.0031560135539621115,
    0.042452529072761536,
    -0.1003158763051033,
    -0.02579098381102085,
    0.004615851677954197,
    -0.02200562134385109,
    0.08731238543987274,
    -0.062202002853155136,
    -0.006652932148426771,
    -0.009698217734694481,
    -0.023810431361198425,
    0.011434475891292095,
    -0.03802657127380371,
    0.024799514561891556,
    -0.030507761985063553,
    0.07011467218399048,
    -0.041330065578222275,
    0.05870033800601959,
    -0.05619649961590767,
    -0.042758360505104065,
    -0.04689684510231018,
    -0.009061094373464584,
    -0.023574840277433395,
    -0.00438581220805645,
    0.012685203924775124,
    -0.0489654615521431,
    -0.03761319816112518,
    0.005913268309086561,
    -0.1049661785364151,
    0.00120650848839432,
    -0.08381180465221405,
    -0.0203509870916605,
    0.0630665272474289,
    0.04500582814216614,
    0.06257106363773346,
    -0.05163870379328728,
    -0.14149415493011475,
    0.09009117633104324,
    0.032206274569034576,
    -0.06053498759865761,
    0.07614582031965256,
    0.009892400354146957,
    0.017063509672880173,
    0.004624516237527132,
    -0.010962036438286304,
    -0.017111273482441902,
    -0.04035653918981552,
    -0.010963760316371918,
    -0.021082831546664238,
    -0.06792143732309341,
    1.4083937241195627e-32,
    -0.017143910750746727,
    0.014888324774801731,
    -0.01656237244606018,
    -0.0015093317488208413,
    0.053337302058935165,
    0.006731647532433271,
    0.005034736357629299,
    -0.026365693658590317,
    -0.01586964726448059,
    0.10935353487730026,
    0.06124475970864296,
    0.08441484719514847,
    0.017181340605020523,
    -0.0239651370793581,
    -0.07824907451868057,
    0.0984521433711052,
    -0.01814153604209423,
    0.04951843246817589,
    -0.01838458888232708,
    0.012353247031569481,
    0.03944626450538635,
    -0.015439189039170742,
    0.004335857927799225,
    0.04748841002583504,
    -0.028353320434689522,
    0.0029739108867943287,
    -0.0003792548377532512,
    -0.01996084488928318,
    -0.005337369162589312,
    0.0353909395635128,
    0.003159323940053582,
    0.009616865776479244,
    0.07749585062265396,
    -0.06933600455522537,
    0.0973619893193245,
    0.0991620421409607,
    -0.03521160036325455,
    -0.0507674403488636,
    0.05319834500551224,
    -0.03079252876341343,
    -0.013459812849760056,
    0.006690873298794031,
    0.0250717643648386,
    -0.022835440933704376,
    0.08119062334299088,
    0.02577037364244461,
    -0.053241267800331116,
    -0.09365496039390564,
    0.03865817189216614,
    0.035124681890010834,
    -0.00026228101341985166,
    0.012027375400066376,
    0.016220388934016228,
    -0.022011693567037582,
    0.036162033677101135,
    -0.049937982112169266,
    -0.043218400329351425,
    0.03413642942905426,
    -0.04176934435963631,
    0.023394746705889702,
    0.022023020312190056,
    0.04905761405825615,
    -0.007459898944944143,
    -0.06305435299873352,
    -0.05151578411459923,
    -0.07736381888389587,
    -0.01262510847300291,
    -0.08138229697942734,
    -0.004258419387042522,
    -0.06347296386957169,
    -0.004062752239406109,
    0.06196499988436699,
    -0.03255726397037506,
    0.006746448576450348,
    -0.0676460713148117,
    -0.008719442412257195,
    0.009703196585178375,
    0.023966997861862183,
    0.05694125220179558,
    -0.034457363188266754,
    -0.06073043495416641,
    -0.0508686788380146,
    0.00854084175080061,
    0.06490645557641983,
    -0.0644894391298294,
    -0.012668165378272533,
    0.05175507068634033,
    0.022474290803074837,
    -0.04178788512945175,
    0.04503311961889267,
    -0.02945147082209587,
    0.054321616888046265,
    0.0007427166565321386,
    0.030897049233317375,
    -0.07718157768249512,
    -1.6121885919744472e-32,
    -0.042359236627817154,
    -0.006132045760750771,
    -0.06973795592784882,
    0.0023699437733739614,
    0.04048636183142662,
    -0.03261067345738411,
    -0.06133714318275452,
    -0.04172452166676521,
    0.029328955337405205,
    0.023611998185515404,
    -0.024298420175909996,
    -0.05650608241558075,
    -0.05446377769112587,
    -0.020031634718179703,
    0.020952483639121056,
    -0.045066237449645996,
    0.0018617536406964064,
    -0.02890833467245102,
    -0.05412428826093674,
    0.06970570236444473,
    0.07521422207355499,
    0.06061998009681702,
    -0.03590809926390648,
    0.12582340836524963,
    -0.0005203763139434159,
    0.008093266747891903,
    0.03401673585176468,
    0.004567399621009827,
    0.15030211210250854,
    -0.03657060116529465,
    -0.024638183414936066,
    0.03816329687833786,
    -0.08323919028043747,
    0.07379409670829773,
    -0.12012659013271332,
    -0.11688978224992752,
    0.12619157135486603,
    -0.07922832667827606,
    -0.03014908730983734,
    -0.10203839838504791,
    0.11258502304553986,
    0.03826943412423134,
    -0.03312704712152481,
    -0.0367448665201664,
    0.000341927632689476,
    -0.10104399919509888,
    0.0070955827832221985,
    -0.04176194220781326,
    0.023510029539465904,
    -0.040018536150455475,
    0.006520806346088648,
    -0.08390588313341141,
    0.016474803909659386,
    0.08160585910081863,
    -0.051718853414058685,
    0.03832099959254265,
    -0.0020589581690728664,
    -0.05330874025821686,
    -0.027723537757992744,
    -0.009450412355363369,
    0.07629209011793137,
    0.03298965096473694,
    -0.08531274646520615,
    0.05604115501046181,
    0.009421239607036114,
    -0.02414134331047535,
    -0.005552834831178188,
    -0.021052950993180275,
    -0.006708208005875349,
    -0.0846438854932785,
    -0.028411081060767174,
    -0.10799725353717804,
    -0.06084531918168068,
    -0.10917383432388306,
    0.002441509859636426,
    -0.008690937422215939,
    -0.07609514147043228,
    -0.10172084718942642,
    -0.15029874444007874,
    0.00673211133107543,
    0.09449794888496399,
    -0.05223606154322624,
    -0.06138627603650093,
    0.07185707986354828,
    0.031415894627571106,
    0.015465001575648785,
    0.0674850344657898,
    -0.041294947266578674,
    -0.01768496446311474,
    0.10026220232248306,
    -0.0858617052435875,
    -0.008840828202664852,
    -0.09924429655075073,
    0.04555494710803032,
    -0.020797526463866234,
    -5.016634929688735e-08,
    -0.010477693751454353,
    0.013444599695503712,
    0.028712652623653412,
    -0.033266566693782806,
    0.013455476611852646,
    -0.05556762218475342,
    -0.037547703832387924,
    0.029774438589811325,
    -0.035760316997766495,
    0.001357786008156836,
    0.06548238545656204,
    0.04771140590310097,
    0.020403264090418816,
    0.02488349750638008,
    0.06941268593072891,
    -0.03480932116508484,
    -0.09277476370334625,
    -0.057738542556762695,
    -0.018926044926047325,
    0.022938549518585205,
    -0.040678687393665314,
    0.014838221482932568,
    -0.04308127239346504,
    -0.011790807358920574,
    -0.030391398817300797,
    -0.008059666492044926,
    0.03738884627819061,
    0.09051197022199631,
    0.019449107348918915,
    0.06689619272947311,
    -0.004331580828875303,
    0.05918934568762779,
    0.049962542951107025,
    0.0016149302246049047,
    -0.11382796615362167,
    -0.05655718222260475,
    0.01310370210558176,
    -0.015498838387429714,
    0.06489499658346176,
    -0.026203235611319542,
    -0.016205402091145515,
    0.016159268096089363,
    0.0038064748514443636,
    0.09879469126462936,
    -0.0048134829849004745,
    -0.050490062683820724,
    -0.03812050074338913,
    0.015246184542775154,
    0.015105504542589188,
    -0.05358394235372543,
    -0.005579744465649128,
    0.011618844233453274,
    0.0726267471909523,
    0.01448808889836073,
    -0.042811691761016846,
    0.08526121824979782,
    0.06399915367364883,
    0.048425402492284775,
    -0.03303897753357887,
    -0.034945566207170486,
    0.11153111606836319,
    -0.013605045154690742,
    0.08458101749420166,
    -0.030920226126909256
]