[
    -0.051613349467515945,
    0.09503164887428284,
    -0.04241655394434929,
    -0.058876801282167435,
    -0.04514604061841965,
    0.08258882910013199,
    -0.005929187405854464,
    -0.014573970809578896,
    0.04728946089744568,
    0.023324832320213318,
    0.02709115669131279,
    0.008535078726708889,
    -0.007048111874610186,
    -0.07769443094730377,
    0.09664015471935272,
    -0.003542858874425292,
    0.010982616804540157,
    0.030414646491408348,
    -0.0765850618481636,
    0.0815853700041771,
    0.030085435137152672,
    0.08582399040460587,
    -0.05321025103330612,
    0.03648822382092476,
    -0.11711515486240387,
    0.015439576469361782,
    -0.01534889917820692,
    -0.07509035617113113,
    0.04453526437282562,
    -0.0367063507437706,
    0.05473427101969719,
    0.007099079433828592,
    0.034401919692754745,
    0.09835023432970047,
    -0.050928711891174316,
    -0.000607779948040843,
    -0.06386079639196396,
    0.021149329841136932,
    -0.0573580339550972,
    0.033475976437330246,
    -0.022956427186727524,
    -0.04607146605849266,
    -0.06854487210512161,
    0.00801391527056694,
    0.01430428121238947,
    0.02615434303879738,
    -0.04203883931040764,
    0.031120942905545235,
    -0.005752256140112877,
    0.030894283205270767,
    -0.09394729137420654,
    -0.02457078918814659,
    -0.03536277636885643,
    0.07090085744857788,
    -0.05893522500991821,
    -0.028361093252897263,
    -0.055395908653736115,
    -0.017092877998948097,
    -0.06311721354722977,
    -0.00679125776514411,
    -0.005411797668784857,
    0.02164842188358307,
    0.014240406453609467,
    0.06927942484617233,
    -0.037564631551504135,
    0.05919443815946579,
    0.017032383009791374,
    -0.006000603549182415,
    0.004868924152106047,
    0.03258464112877846,
    -0.04194078966975212,
    -0.03115108795464039,
    0.044108014553785324,
    0.05285109952092171,
    0.006152089219540358,
    -0.024623457342386246,
    -0.010574623942375183,
    0.005348126869648695,
    0.05272138491272926,
    -0.12279967963695526,
    -0.03538462147116661,
    -0.008968273177742958,
    -0.009265445172786713,
    0.033975161612033844,
    -0.043491724878549576,
    0.01682097092270851,
    -0.00015957767027430236,
    -0.012594212777912617,
    0.001987112918868661,
    -0.060080211609601974,
    0.0740789845585823,
    -0.06025400385260582,
    0.1275845170021057,
    -0.0617617629468441,
    0.10284561663866043,
    -0.04384448751807213,
    -0.008936109952628613,
    -0.0906110405921936,
    0.02053193375468254,
    -0.018781110644340515,
    -0.0011523445136845112,
    -0.014562751166522503,
    -0.004060930572450161,
    -0.023943312466144562,
    -0.014318620786070824,
    -0.09287294000387192,
    0.015058190561830997,
    -0.06904122233390808,
    -0.0005163969472050667,
    0.07656332105398178,
    0.053115811198949814,
    0.015276409685611725,
    -0.06251038610935211,
    -0.11829523742198944,
    0.053658805787563324,
    0.003794909454882145,
    -0.045414943248033524,
    0.07420623302459717,
    0.054511792957782745,
    -0.05210314318537712,
    -0.06144322082400322,
    -0.03239529952406883,
    -0.043665096163749695,
    -0.07735171169042587,
    -0.010315099731087685,
    0.02516682632267475,
    -0.09355394542217255,
    1.6447847564491616e-32,
    -0.04610774293541908,
    -0.03127683326601982,
    -0.05065981298685074,
    0.021815409883856773,
    0.009820320643484592,
    -0.02194172330200672,
    -0.002289850264787674,
    -0.03617095947265625,
    -0.02422334998846054,
    0.07651856541633606,
    0.01639396883547306,
    0.0312935933470726,
    0.010850610211491585,
    -0.0406731516122818,
    -0.028023431077599525,
    0.07575462013483047,
    -0.0431043766438961,
    0.08510521799325943,
    0.002375856740400195,
    0.0353967547416687,
    0.02023833990097046,
    -0.00042457770905457437,
    0.006720002740621567,
    0.013631544075906277,
    -0.037795960903167725,
    0.016711296513676643,
    0.01591777242720127,
    -0.05565224215388298,
    -0.0026812555734068155,
    0.0010706918546929955,
    0.020259521901607513,
    0.02663361094892025,
    0.020684856921434402,
    -0.0437149778008461,
    0.11268682032823563,
    0.11317140609025955,
    -0.008335580118000507,
    -0.02919355221092701,
    0.0791507288813591,
    -0.025495603680610657,
    -0.035671595484018326,
    -0.010067497380077839,
    0.06626319885253906,
    -0.0163170974701643,
    0.06729855388402939,
    0.013290478847920895,
    -0.03900311514735222,
    -0.032556094229221344,
    0.002373619470745325,
    0.05043672397732735,
    -0.002039463957771659,
    0.03407670184969902,
    -0.01765836589038372,
    -0.049741145223379135,
    0.010516521520912647,
    -0.02013920620083809,
    -0.09507191181182861,
    0.0529717355966568,
    -0.04143669828772545,
    0.05060708895325661,
    -0.0020348213147372007,
    0.05358418449759483,
    0.015677180141210556,
    -0.04100469499826431,
    -0.0457964763045311,
    -0.05687373876571655,
    -0.047635193914175034,
    -0.0695919543504715,
    0.050177957862615585,
    -0.05582257732748985,
    -0.01718650758266449,
    0.052862219512462616,
    -0.009646146558225155,
    0.01415155827999115,
    -0.006737360265105963,
    -0.03963836282491684,
    0.031475868076086044,
    0.013714018277823925,
    0.03975820913910866,
    -0.0029220639262348413,
    -0.06019999831914902,
    0.011000038124620914,
    -0.001608888152986765,
    0.07525138556957245,
    -0.043651334941387177,
    -0.03148694708943367,
    0.02750815451145172,
    0.035002805292606354,
    -0.08951327949762344,
    -0.03885515034198761,
    0.007470551412552595,
    0.03605062514543533,
    -0.010949637740850449,
    0.03467525169253349,
    -0.004201049916446209,
    -1.796159629223477e-32,
    -0.0318446010351181,
    -0.08719084411859512,
    -0.05687576159834862,
    0.015920365229249,
    0.047407276928424835,
    -0.021624112501740456,
    -0.0016444191569462419,
    -0.05630824714899063,
    0.024136358872056007,
    0.02992292493581772,
    0.01764957420527935,
    -0.025709671899676323,
    -0.022624561563134193,
    -0.038503795862197876,
    -0.031070526689291,
    0.018530065193772316,
    -0.06093743443489075,
    -0.047508351504802704,
    -0.030469834804534912,
    0.08518336713314056,
    0.0047599985264241695,
    -0.02893686480820179,
    -0.0075447713024914265,
    0.1571604460477829,
    0.06912709772586823,
    0.0186561718583107,
    0.005326040089130402,
    -0.004249323159456253,
    0.12277747690677643,
    -0.05737600848078728,
    -0.03756239637732506,
    -0.035158947110176086,
    -0.09326192736625671,
    -0.002495882101356983,
    -0.10816613584756851,
    -0.17841853201389313,
    0.08172152191400528,
    -0.026295896619558334,
    -0.0389317087829113,
    -0.04908095300197601,
    0.102977454662323,
    -0.00840407982468605,
    -0.02453906275331974,
    -0.0018020939314737916,
    0.002596060512587428,
    -0.03346729278564453,
    0.07463987916707993,
    -0.0240968968719244,
    -0.009591585956513882,
    0.007315563037991524,
    0.08289987593889236,
    -0.05089760571718216,
    0.0322909951210022,
    0.01976645737886429,
    -0.06260035932064056,
    0.03808600455522537,
    -0.01782570220530033,
    -0.05475892126560211,
    -0.03156642988324165,
    -0.006143538746982813,
    0.08710683137178421,
    0.05330575630068779,
    -0.09960687160491943,
    0.0762626901268959,
    -0.0019709495827555656,
    -0.03153436630964279,
    -0.009846728295087814,
    -0.013404829427599907,
    -0.06940016150474548,
    -0.07269559800624847,
    -0.057264216244220734,
    -0.11400207132101059,
    -0.05588958039879799,
    -0.14209401607513428,
    0.0593489408493042,
    -0.013547270558774471,
    -0.036499492824077606,
    -0.10403641313314438,
    -0.08640511333942413,
    0.0169835202395916,
    0.10402429848909378,
    -0.03538627550005913,
    -0.05990771949291229,
    0.07261521369218826,
    0.01241912692785263,
    0.05594871565699577,
    0.0795578882098198,
    -0.06371171772480011,
    -0.021230274811387062,
    0.09403041750192642,
    -0.04230126738548279,
    0.00483395392075181,
    -0.07109055668115616,
    0.06087188795208931,
    -0.06547326594591141,
    -5.336900699148828e-08,
    -0.00661829300224781,
    0.05480249226093292,
    0.03613981977105141,
    -0.06658382713794708,
    -0.014102027751505375,
    -0.065423883497715,
    -0.041418612003326416,
    -0.010364813730120659,
    -0.03106573037803173,
    -0.015954354777932167,
    0.017694728448987007,
    0.07017894089221954,
    -0.03834240883588791,
    0.018128078430891037,
    0.06024491786956787,
    -0.012157151475548744,
    -0.1005343571305275,
    -0.050375863909721375,
    -0.032058268785476685,
    0.029148075729608536,
    -0.041575007140636444,
    -0.06558414548635483,
    -0.06135926395654678,
    -0.021805793046951294,
    0.041554249823093414,
    0.043847374618053436,
    -0.003880710806697607,
    0.02881196141242981,
    0.05290400609374046,
    0.043629541993141174,
    -0.025092236697673798,
    0.036652471870183945,
    0.027286261320114136,
    -0.009339896030724049,
    -0.0631512925028801,
    -0.05555989593267441,
    0.060153499245643616,
    -0.01107710413634777,
    0.05203506723046303,
    -0.03032446652650833,
    0.0059789023362100124,
    0.029967190697789192,
    0.032116133719682693,
    0.08262571692466736,
    0.0035934164188802242,
    -0.020554194226861,
    -0.008341155014932156,
    0.040960874408483505,
    0.012252475135028362,
    -0.062493376433849335,
    -0.03521288186311722,
    -0.0333578959107399,
    0.10730055719614029,
    0.002249642973765731,
    -0.018184997141361237,
    0.06961951404809952,
    0.050785526633262634,
    0.04132572561502457,
    -0.026278669014573097,
    -0.01900722272694111,
    0.13947038352489471,
    0.02782987616956234,
    0.04742654040455818,
    0.03251653164625168
]