[
    -0.05425667762756348,
    0.11010873317718506,
    -0.015966838225722313,
    -0.0342693105340004,
    0.011888479813933372,
    0.059350255876779556,
    -0.034117430448532104,
    -0.03124517947435379,
    -0.005390921141952276,
    -0.003908213227987289,
    0.012073196470737457,
    -0.017291324213147163,
    -0.028535371646285057,
    -0.09162251651287079,
    0.049217984080314636,
    -0.040434759110212326,
    0.005331260617822409,
    -0.009009785950183868,
    -0.11542157828807831,
    0.059600330889225006,
    0.010493273846805096,
    0.0908147394657135,
    -0.030814075842499733,
    0.023973366245627403,
    -0.06132274493575096,
    -0.020161181688308716,
    -0.007261387072503567,
    -0.017668668180704117,
    0.030682282522320747,
    -0.025816844776272774,
    0.08588209003210068,
    0.06351744383573532,
    0.058941006660461426,
    0.07715629041194916,
    -0.01037135161459446,
    -0.05988660082221031,
    -0.01211056299507618,
    0.0233390424400568,
    -0.06896419078111649,
    0.0010055635357275605,
    -0.04640612006187439,
    -0.05068919435143471,
    -0.06112145259976387,
    0.06400038301944733,
    0.01699795201420784,
    0.07986564934253693,
    -0.0445733405649662,
    0.019742753356695175,
    0.0042086499743163586,
    0.0827111005783081,
    -0.07222504168748856,
    0.003738393308594823,
    0.009733002632856369,
    0.025202929973602295,
    -0.004137247335165739,
    -0.055159006267786026,
    -0.07989085465669632,
    0.004641178995370865,
    -0.10171443223953247,
    0.016369355842471123,
    0.012253896333277225,
    -0.011942016892135143,
    0.023100784048438072,
    0.06208157539367676,
    -0.0939323678612709,
    0.07390400767326355,
    0.0006461782031692564,
    0.024098660796880722,
    0.023969708010554314,
    -0.06504249572753906,
    -0.10054893791675568,
    -0.04056330770254135,
    -0.018552858382463455,
    0.055533260107040405,
    -0.0004463793011382222,
    0.014486470259726048,
    -0.03148145601153374,
    0.005897334776818752,
    0.056957099586725235,
    -0.1092933863401413,
    -0.07996334880590439,
    0.0130314901471138,
    0.033725716173648834,
    0.07016122341156006,
    -0.03871506080031395,
    -0.04847212880849838,
    0.00838408712297678,
    -0.022076871246099472,
    0.018123384565114975,
    -0.03862863779067993,
    0.0031838910654187202,
    -0.05030427128076553,
    0.09198982268571854,
    -0.02334969863295555,
    0.043286677449941635,
    -0.0037421046290546656,
    -0.05646245554089546,
    -0.1031101867556572,
    0.016255859285593033,
    -0.021055854856967926,
    -0.010541844181716442,
    -0.013007164001464844,
    -0.012548154219985008,
    0.04555780813097954,
    -0.08312234282493591,
    -0.09453604370355606,
    0.017829347401857376,
    -0.0009617612231522799,
    0.03654926270246506,
    0.07698649913072586,
    0.04758689925074577,
    0.01770448312163353,
    -0.010806221514940262,
    -0.12355076521635056,
    0.05837457999587059,
    -0.05117158964276314,
    -0.05037449672818184,
    0.07577954977750778,
    0.0604216605424881,
    -0.006245027761906385,
    -0.026376960799098015,
    -0.015020729042589664,
    0.0006952178664505482,
    -0.06463512778282166,
    -0.03329145908355713,
    0.003192324424162507,
    -0.07377371937036514,
    1.4567003705930169e-32,
    -0.04238089546561241,
    0.007650204002857208,
    0.00913191121071577,
    0.04787572845816612,
    0.044756919145584106,
    -0.0295312087982893,
    0.0030790935270488262,
    -0.008274845778942108,
    -0.04682064428925514,
    0.053941186517477036,
    0.01439080573618412,
    0.009284308180212975,
    -0.014157764613628387,
    -0.002929066540673375,
    0.018182680010795593,
    0.04716182500123978,
    -0.02879728190600872,
    0.11790525168180466,
    -0.0024249781854450703,
    0.0407223217189312,
    0.04095286503434181,
    -0.03735758736729622,
    0.04058364778757095,
    -0.012604884803295135,
    -0.018447022885084152,
    0.04930419474840164,
    0.015407986007630825,
    -0.06852809339761734,
    0.04741712287068367,
    -0.004681850783526897,
    -0.008592266589403152,
    -0.014973856508731842,
    0.023188654333353043,
    -0.08286142349243164,
    0.05944401025772095,
    0.12304556369781494,
    0.0033695155289024115,
    -0.07906869053840637,
    0.035467181354761124,
    -0.013663985766470432,
    -0.01755717769265175,
    -0.017062729224562645,
    0.03991858288645744,
    0.024073803797364235,
    0.052685920149087906,
    0.0030836935620754957,
    -0.04427466168999672,
    -0.017903946340084076,
    0.03280368074774742,
    0.008900197222828865,
    -0.07147599756717682,
    -0.02955666184425354,
    0.0019624335691332817,
    -0.03881809115409851,
    0.016042090952396393,
    -0.03701239451766014,
    -0.09234237670898438,
    -0.008221183903515339,
    -0.05942113324999809,
    0.036856357008218765,
    -0.02362750470638275,
    0.05794159695506096,
    -0.01530606672167778,
    -0.06952827423810959,
    -0.060230568051338196,
    -0.05153099074959755,
    0.004737283568829298,
    -0.05716196447610855,
    0.06618474423885345,
    -0.022519057616591454,
    -0.0031155962496995926,
    0.0799759104847908,
    -0.0037820765282958746,
    0.012802207842469215,
    -0.004941122140735388,
    0.009906326420605183,
    -0.013457613065838814,
    0.014638143591582775,
    0.017115546390414238,
    0.014065675437450409,
    0.007152107078582048,
    -0.0013983622193336487,
    0.02459561824798584,
    0.03625765070319176,
    -0.06863673776388168,
    0.02852686680853367,
    0.07047482579946518,
    0.07525301724672318,
    -0.06185510382056236,
    -0.030484961345791817,
    -0.014787286520004272,
    0.029792126268148422,
    0.0010761999292299151,
    0.027962002903223038,
    -0.009746745228767395,
    -1.7224922798782074e-32,
    -0.057479485869407654,
    -0.030649125576019287,
    -0.036607325077056885,
    -0.046450309455394745,
    0.05736956000328064,
    0.0017741165356710553,
    -0.019827470183372498,
    -0.0809733048081398,
    0.10150766372680664,
    0.0069628022611141205,
    0.008570274338126183,
    -0.062456950545310974,
    -0.0029767947271466255,
    -0.06377314031124115,
    -0.03926090523600578,
    0.027475513517856598,
    -0.04221511259675026,
    -0.06888347119092941,
    -0.04759236052632332,
    0.08647944033145905,
    -0.03333769738674164,
    -0.01001815963536501,
    -0.04596259817481041,
    0.14455008506774902,
    0.023462194949388504,
    0.030863378196954727,
    -0.0451708547770977,
    -0.02029484696686268,
    0.13650499284267426,
    -0.026646556332707405,
    -0.061983685940504074,
    -0.04410599172115326,
    -0.07133424282073975,
    -0.008659372106194496,
    -0.10232853889465332,
    -0.1646868884563446,
    0.05281895026564598,
    -0.006765871308743954,
    -0.043775513768196106,
    -0.030659349635243416,
    0.11391158401966095,
    0.027173835784196854,
    0.0074803512543439865,
    0.017931632697582245,
    -0.027960821986198425,
    -0.029538314789533615,
    0.0626642256975174,
    -0.034525513648986816,
    0.009091810323297977,
    0.0170087069272995,
    0.059330329298973083,
    -0.04506641626358032,
    0.013147684745490551,
    0.02201801910996437,
    -0.04976880922913551,
    0.011156944558024406,
    0.02156216651201248,
    -0.04795435070991516,
    -0.06432779878377914,
    -0.005094488617032766,
    0.048863161355257034,
    0.05763937905430794,
    -0.07567350566387177,
    0.09700293093919754,
    -0.002660059370100498,
    -0.07254350930452347,
    -0.041144829243421555,
    -0.08173570036888123,
    -0.009671744890511036,
    -0.08184448629617691,
    -0.07436565309762955,
    -0.14497126638889313,
    -0.010950352996587753,
    -0.101129911839962,
    0.08854622393846512,
    -0.02997146174311638,
    -0.035506173968315125,
    -0.05032888054847717,
    -0.14195837080478668,
    0.0608849972486496,
    0.06497367471456528,
    -0.01208234392106533,
    -0.07572603970766068,
    0.07186417281627655,
    0.012951229698956013,
    -0.005571001209318638,
    0.05423438921570778,
    -0.0011783872032538056,
    0.011204411275684834,
    0.08525694161653519,
    -0.08341945707798004,
    0.012475963681936264,
    -0.08740315586328506,
    0.06313681602478027,
    -0.0678429901599884,
    -5.211865783394387e-08,
    0.04685235396027565,
    0.02423398569226265,
    0.026953861117362976,
    -0.03738151490688324,
    -0.01904284581542015,
    -0.02943938411772251,
    -0.05126706510782242,
    0.01693870685994625,
    0.005178528837859631,
    -0.014708342961966991,
    0.03800998255610466,
    0.11210506409406662,
    -0.040639765560626984,
    -0.04666193574666977,
    0.03696417808532715,
    -0.04280410334467888,
    -0.08222657442092896,
    -0.05014966428279877,
    0.0050988816656172276,
    0.050212204456329346,
    -0.050534687936306,
    -0.06556059420108795,
    -0.10311539471149445,
    -0.006320904940366745,
    0.03320217877626419,
    0.03362505882978439,
    -0.034875255078077316,
    0.03970630094408989,
    0.03854457288980484,
    0.049774039536714554,
    0.005058761220425367,
    0.024822663515806198,
    0.05566153675317764,
    0.03287447616457939,
    -0.0526207759976387,
    -0.05982772260904312,
    0.017022671177983284,
    0.03083600103855133,
    0.058114759624004364,
    -0.007770244497805834,
    -0.024724619463086128,
    0.04862959310412407,
    0.016836265102028847,
    0.08857886493206024,
    -0.018635934218764305,
    -0.006615350488573313,
    0.01285844761878252,
    -0.02832868881523609,
    0.025093810632824898,
    -0.0763956606388092,
    -0.03919832408428192,
    -0.019311513751745224,
    0.13017112016677856,
    0.017801111564040184,
    -0.008221874013543129,
    0.09266795963048935,
    -0.002444122452288866,
    0.011424695141613483,
    0.004162986762821674,
    -0.03981688991189003,
    0.10189218074083328,
    0.01745038852095604,
    -0.0010827488731592894,
    0.029265573248267174
]