[
    -0.03406631946563721,
    0.002721784170717001,
    -0.023505041375756264,
    -0.03913354501128197,
    0.06192402169108391,
    0.08296428620815277,
    1.9458893802948296e-05,
    -0.057131052017211914,
    -0.08912158757448196,
    -0.010683009400963783,
    -0.0042952364310622215,
    -0.03779134899377823,
    -0.04419798403978348,
    -0.012151574715971947,
    0.028290627524256706,
    -0.015685593709349632,
    0.027473414316773415,
    0.03761240467429161,
    -0.05495472997426987,
    0.043043676763772964,
    0.032618578523397446,
    0.06523991376161575,
    -0.04727926477789879,
    -0.005868141073733568,
    -0.146333709359169,
    0.052813366055488586,
    -0.024299729615449905,
    0.014619892463088036,
    -0.00132808368653059,
    -0.039641302078962326,
    -0.018522262573242188,
    -0.006918757222592831,
    0.03826259449124336,
    0.10098617523908615,
    0.004544438794255257,
    -0.0690508484840393,
    0.026118550449609756,
    0.00768616795539856,
    -0.0008331412100233138,
    0.005972147919237614,
    -0.06441579759120941,
    -0.022352449595928192,
    -0.03405807912349701,
    0.002524377079680562,
    -0.03129902482032776,
    0.046222083270549774,
    -0.007930350489914417,
    -0.044478025287389755,
    -0.041669946163892746,
    0.05086634308099747,
    -0.06898580491542816,
    -0.007994064129889011,
    0.005520454607903957,
    0.11398796737194061,
    0.02528669685125351,
    -0.05446682870388031,
    -0.008772307075560093,
    -0.02487548254430294,
    -0.07923737913370132,
    0.03316015750169754,
    0.03464975580573082,
    -0.08416274189949036,
    0.012282447889447212,
    0.024791719391942024,
    -0.023369228467345238,
    -0.0028087892569601536,
    -0.05770782008767128,
    -0.021636266261339188,
    0.0028893037233501673,
    0.015984438359737396,
    -0.14409835636615753,
    -0.03344928100705147,
    -0.03895226866006851,
    0.04231796786189079,
    -0.028423570096492767,
    -0.0014148240443319082,
    -0.027643924579024315,
    -0.00392377283424139,
    0.05563865974545479,
    -0.1351625919342041,
    -0.051619164645671844,
    -0.01892123743891716,
    0.07206837087869644,
    0.06971105188131332,
    -0.035763218998909,
    -0.017959920689463615,
    -0.027645627036690712,
    -0.01304422877728939,
    0.019631922245025635,
    0.0055880737490952015,
    0.01828738860785961,
    -0.11163099110126495,
    0.05767394229769707,
    -0.06284362077713013,
    0.018769536167383194,
    0.0021793816704303026,
    -0.009173313155770302,
    0.0350666269659996,
    0.003721266519278288,
    -0.04217735677957535,
    -0.0031587048433721066,
    -0.07425839453935623,
    -0.035497523844242096,
    -0.004281427711248398,
    -0.020490283146500587,
    -0.03895549848675728,
    -0.02111627720296383,
    -0.027654824778437614,
    -0.024201063439249992,
    0.053371019661426544,
    0.08589646220207214,
    0.11168968677520752,
    -0.09668435901403427,
    -0.10876594483852386,
    0.07620696723461151,
    0.032044779509305954,
    -0.03143170475959778,
    0.04222668334841728,
    -0.037781935185194016,
    0.02762569487094879,
    -0.06459452956914902,
    0.0059180171228945255,
    -0.08944050967693329,
    -0.046349555253982544,
    -0.023633239790797234,
    -0.07517923414707184,
    -0.03930918872356415,
    1.462234891870276e-32,
    0.006498797331005335,
    -0.027347132563591003,
    -0.05523146316409111,
    0.0010441051563248038,
    0.07905390113592148,
    -0.007302777376025915,
    0.020447930321097374,
    -0.0021191376727074385,
    0.019519882276654243,
    0.013106274418532848,
    -0.04461003839969635,
    0.05403504520654678,
    -0.005672289989888668,
    -0.04832196980714798,
    -0.04215320572257042,
    0.024969998747110367,
    -0.029602359980344772,
    0.10917400568723679,
    -0.039879851043224335,
    0.02277185022830963,
    0.04099429398775101,
    -0.0571167916059494,
    -0.053536269813776016,
    0.05726989731192589,
    -0.07468883693218231,
    0.06503652036190033,
    -0.009569830261170864,
    -0.007403520401567221,
    0.0037180467043071985,
    0.03196291998028755,
    0.021080130711197853,
    0.04498681053519249,
    0.052675794810056686,
    -0.05196600407361984,
    0.04538998007774353,
    0.09794113039970398,
    -0.0317210778594017,
    -0.028016798198223114,
    -0.014234508387744427,
    -0.11454980820417404,
    -0.022662270814180374,
    0.0020954597275704145,
    0.04201013594865799,
    -0.013447502627968788,
    0.07927318662405014,
    -0.040110934525728226,
    -0.03192857280373573,
    0.006935524754226208,
    0.05084412172436714,
    0.06242811307311058,
    -0.0191284641623497,
    -0.032166238874197006,
    0.09297695010900497,
    -0.09366514533758163,
    0.027558671310544014,
    0.015548100695014,
    -0.03864840418100357,
    0.0383814200758934,
    -0.04737401381134987,
    0.07165004312992096,
    -0.038901738822460175,
    0.06435588747262955,
    -0.028818592429161072,
    0.011258834972977638,
    0.033009033650159836,
    -0.028741504997015,
    0.04014938324689865,
    0.02202770486474037,
    0.05625605583190918,
    0.01677308976650238,
    -0.011168544180691242,
    0.07634419947862625,
    -0.030079999938607216,
    0.014406733214855194,
    -0.04325830563902855,
    0.06327028572559357,
    0.014017828740179539,
    -0.03767170011997223,
    0.005124869756400585,
    -0.02258160337805748,
    -0.05465024337172508,
    0.03965216130018234,
    0.03688046336174011,
    0.009572510607540607,
    -0.016330396756529808,
    -0.016983626410365105,
    0.07618288695812225,
    0.034721143543720245,
    -0.01817481219768524,
    0.014868353493511677,
    0.012775423005223274,
    -0.003236022312194109,
    0.018614070490002632,
    0.07940589636564255,
    -0.041921354830265045,
    -1.6840553778478448e-32,
    0.031602222472429276,
    -0.05755159258842468,
    -0.056784600019454956,
    -0.0010545755503699183,
    0.041466742753982544,
    0.030931539833545685,
    -0.03226717188954353,
    -0.0889415591955185,
    0.020021522417664528,
    0.02100515551865101,
    0.006449116859585047,
    -0.08769198507070541,
    -0.07451263070106506,
    -0.02393415942788124,
    -0.04954446852207184,
    -0.053561072796583176,
    -0.05911599472165108,
    -0.004938412457704544,
    -0.07480449229478836,
    0.07583248615264893,
    0.00521045969799161,
    -0.03927646577358246,
    -0.022157035768032074,
    0.11756053566932678,
    -0.013525983318686485,
    0.0429336316883564,
    -0.05026010423898697,
    -0.03645576536655426,
    0.08321581035852432,
    0.018255453556776047,
    -0.05355347692966461,
    -0.015424049459397793,
    -0.019264906644821167,
    0.06176052242517471,
    -0.04884020611643791,
    -0.15773488581180573,
    0.038540251553058624,
    -0.04506024345755577,
    0.028217054903507233,
    -0.029562119394540787,
    0.07836353778839111,
    0.07338172942399979,
    -0.04231636971235275,
    0.025258468464016914,
    -0.009801799431443214,
    -0.04647255316376686,
    0.05817360430955887,
    -0.03292229399085045,
    -0.026801886036992073,
    -0.04956228286027908,
    0.06019246578216553,
    -0.06171082332730293,
    -0.04452952742576599,
    0.024279939010739326,
    -0.03370286896824837,
    0.05575091764330864,
    -0.022848179563879967,
    -0.07597090303897858,
    -0.06338738650083542,
    0.0502394363284111,
    0.06285082548856735,
    0.059618350118398666,
    -0.03677944093942642,
    0.09541041404008865,
    0.017575496807694435,
    -0.05467329919338226,
    -0.021906031295657158,
    -0.05051311478018761,
    -0.023218633607029915,
    -0.04298017546534538,
    -0.046626199036836624,
    -0.05153467878699303,
    -0.016217781230807304,
    -0.03626905754208565,
    0.026218552142381668,
    -0.08685023337602615,
    -0.010149413719773293,
    -0.048963513225317,
    -0.16011284291744232,
    0.07292525470256805,
    0.04315605014562607,
    -0.0235939659178257,
    -0.0328664556145668,
    0.13048146665096283,
    0.03863817825913429,
    0.06465473026037216,
    0.059423238039016724,
    -0.00894950982183218,
    0.03136583790183067,
    0.06207938864827156,
    -0.05310256406664848,
    0.030740836635231972,
    -0.06450715661048889,
    0.045594025403261185,
    -0.06364776194095612,
    -4.8719709155875535e-08,
    -0.047591984272003174,
    0.050272293388843536,
    -0.017998868599534035,
    -0.0562283955514431,
    -0.0744638666510582,
    -0.028227124363183975,
    -0.004115325398743153,
    -0.038454487919807434,
    0.01572563126683235,
    0.007899087853729725,
    0.037377502769231796,
    0.001270968932658434,
    -0.009036006405949593,
    0.031439006328582764,
    0.06710484623908997,
    -0.02966632880270481,
    -0.02011219412088394,
    -0.014496698044240475,
    -0.04094809293746948,
    0.07904317229986191,
    0.013202393427491188,
    -0.05419275909662247,
    -0.0026048452127724886,
    0.023395773023366928,
    0.015135063789784908,
    0.02619895711541176,
    -0.021860044449567795,
    0.0940413698554039,
    0.07179146260023117,
    0.08758530765771866,
    -0.028055235743522644,
    0.06490869075059891,
    0.01872176118195057,
    -0.07912097126245499,
    -0.07442528009414673,
    -0.07126636803150177,
    0.059212230145931244,
    -0.06170422583818436,
    0.05025829002261162,
    -0.06517443060874939,
    -0.012829090468585491,
    0.027221407741308212,
    0.02381475642323494,
    0.07488984614610672,
    0.029237883165478706,
    -0.05486157163977623,
    -0.05781852453947067,
    0.05543867126107216,
    -0.007655387278646231,
    -0.08429237455129623,
    -0.04126501455903053,
    -0.025042207911610603,
    0.07971303164958954,
    0.021889708936214447,
    -0.07415968924760818,
    0.05667169392108917,
    0.0318567119538784,
    -0.01228264905512333,
    -0.06461266428232193,
    -0.10803758352994919,
    0.14855432510375977,
    0.06564881652593613,
    0.07383658736944199,
    -0.0003180874336976558
]