[
    -0.03840932622551918,
    0.02955653704702854,
    -0.039722543209791183,
    -0.06436393409967422,
    -0.06400486081838608,
    0.0727020800113678,
    -0.03372499346733093,
    -0.10926002264022827,
    0.0052978661842644215,
    0.003947880584746599,
    -0.0007763754692859948,
    -0.028716079890727997,
    0.02474083937704563,
    -0.06034604832530022,
    0.06311002373695374,
    -0.013587127439677715,
    0.04641889035701752,
    0.04407014325261116,
    -0.09786548465490341,
    0.04306717589497566,
    -0.004539670422673225,
    0.0570429302752018,
    -0.027093445882201195,
    -0.0506037212908268,
    -0.15138903260231018,
    -0.01456760335713625,
    -0.012020643800497055,
    -0.07393541187047958,
    -0.008528439328074455,
    -0.07304421067237854,
    0.022033439949154854,
    -0.006409894675016403,
    0.045748818665742874,
    0.07081686705350876,
    -0.020415334030985832,
    -0.010686280205845833,
    -0.01200831588357687,
    0.046990830451250076,
    0.028417419642210007,
    0.03378396853804588,
    -0.06676404923200607,
    -0.04623176530003548,
    -0.05564327538013458,
    -0.007540429942309856,
    0.027613535523414612,
    -0.029084814712405205,
    -0.06672003120183945,
    -0.0679907351732254,
    0.02015681192278862,
    0.025500215590000153,
    -0.07547791302204132,
    -0.027871957048773766,
    -0.013653844594955444,
    0.09493276476860046,
    -0.05579880252480507,
    -0.02387158013880253,
    -0.036120153963565826,
    -0.023572374135255814,
    -0.08618881553411484,
    0.001246669446118176,
    -0.017967181280255318,
    0.01950797252357006,
    0.010735436342656612,
    0.09818535298109055,
    -0.05149142071604729,
    0.07717309147119522,
    -0.04484124109148979,
    -0.0008443846018053591,
    -0.006915767211467028,
    -0.033157188445329666,
    -0.1025114431977272,
    -0.00250763026997447,
    -0.03434422239661217,
    0.04823938012123108,
    -0.024553874507546425,
    0.0034147680271416903,
    -0.057641539722681046,
    0.03281009942293167,
    0.07677134871482849,
    -0.12993985414505005,
    -0.03417753800749779,
    0.01634202152490616,
    -0.03700631856918335,
    0.10167502611875534,
    -0.03450644016265869,
    -0.0009447969496250153,
    -0.038481444120407104,
    -0.01803569123148918,
    -0.038073163479566574,
    -0.028349842876195908,
    0.06466478854417801,
    -0.024446001276373863,
    0.07225988060235977,
    -0.09488733857870102,
    0.09727144241333008,
    -0.049634627997875214,
    -0.016353294253349304,
    -0.03255150839686394,
    0.034467730671167374,
    -0.028871607035398483,
    -0.05536225810647011,
    0.006903409026563168,
    -0.002373568946495652,
    -0.007648698519915342,
    -0.06253810971975327,
    -0.08202774077653885,
    0.0290597602725029,
    -0.00472775474190712,
    0.03138008713722229,
    0.04545968025922775,
    0.07093591243028641,
    0.03130517899990082,
    -0.05587712675333023,
    -0.13792116940021515,
    0.024645112454891205,
    -0.03338295966386795,
    -0.028999384492635727,
    0.05371090769767761,
    0.017437977716326714,
    -0.00923979189246893,
    -0.04433315247297287,
    -0.012667023576796055,
    -0.0196775421500206,
    -0.09154879301786423,
    0.020584404468536377,
    0.036946386098861694,
    -0.06785553693771362,
    2.30946406982819e-32,
    0.0006973850540816784,
    0.004084411077201366,
    -0.015919944271445274,
    -0.008797562681138515,
    0.011720228008925915,
    -0.031192278489470482,
    0.024796323850750923,
    -0.035239268094301224,
    -0.029996702447533607,
    0.09054353088140488,
    -0.030545739457011223,
    0.08000104129314423,
    -0.03397652506828308,
    -0.025971556082367897,
    -0.031490568071603775,
    0.07789923250675201,
    0.02474905364215374,
    0.061996836215257645,
    -0.045778900384902954,
    0.05729100853204727,
    0.016671208664774895,
    -0.038798987865448,
    0.01899663731455803,
    0.013699737377464771,
    -0.004249051213264465,
    0.015372371301054955,
    0.022084185853600502,
    0.014747331850230694,
    0.01853644847869873,
    0.012495654635131359,
    0.02200055681169033,
    0.03259284794330597,
    0.003448554314672947,
    -0.07002391666173935,
    0.07095908373594284,
    0.06314514577388763,
    0.056151412427425385,
    -0.011522245593369007,
    0.08002069592475891,
    -0.07014387100934982,
    0.0019471844425424933,
    -0.018804209306836128,
    0.07765213400125504,
    0.02707584574818611,
    0.022418471053242683,
    0.0014151668874546885,
    0.01086511928588152,
    -0.01678387075662613,
    0.044827722012996674,
    0.017440911382436752,
    -0.004072257317602634,
    -0.005772190168499947,
    0.0005286755040287971,
    0.005174331367015839,
    -0.019608628004789352,
    -0.010263049975037575,
    -0.0408729687333107,
    0.016555171459913254,
    -0.05760481581091881,
    0.08252252638339996,
    -0.040627431124448776,
    0.055447328835725784,
    -0.011445313692092896,
    0.003238813253119588,
    -0.007835019379854202,
    -0.030403446406126022,
    -0.013661811128258705,
    -0.055761728435754776,
    0.04269036278128624,
    0.01594952866435051,
    0.0011683471966534853,
    0.019333474338054657,
    -0.03956096991896629,
    0.034751370549201965,
    0.01292816549539566,
    -0.022965606302022934,
    -0.006176970433443785,
    -0.0051134987734258175,
    0.07747536897659302,
    -0.024446500465273857,
    -0.08385331928730011,
    -0.009105345234274864,
    0.03545789048075676,
    0.08272038400173187,
    0.0059176161885261536,
    -0.00342233176343143,
    0.07432516664266586,
    0.024077726528048515,
    -0.06621275097131729,
    -0.09639925509691238,
    -0.024441029876470566,
    0.030417487025260925,
    0.016512800008058548,
    0.057704608887434006,
    -0.021151404827833176,
    -2.357809801488809e-32,
    0.010598473250865936,
    -0.05422939360141754,
    -0.01908845454454422,
    -0.015509381890296936,
    0.08080712705850601,
    -0.039985690265893936,
    0.017209656536579132,
    -0.10824394971132278,
    0.07033506035804749,
    0.05503801628947258,
    0.06537332385778427,
    -0.028819017112255096,
    -0.01796143315732479,
    -0.011125053279101849,
    0.0045394753105938435,
    -0.027896052226424217,
    -0.07756850123405457,
    -0.0030425051227211952,
    -0.039483409374952316,
    0.08419854938983917,
    0.0013476500753313303,
    0.008047083392739296,
    0.06205742433667183,
    0.11760164797306061,
    0.050550464540719986,
    0.05864207074046135,
    -0.01326705701649189,
    0.01009327732026577,
    0.11704327911138535,
    -0.016531335189938545,
    -0.049960844218730927,
    -0.031156253069639206,
    -0.05680559203028679,
    0.009568125940859318,
    -0.1139560341835022,
    -0.18210290372371674,
    0.06542547792196274,
    -0.08636109530925751,
    -0.026099175214767456,
    -0.06186241656541824,
    0.06472469866275787,
    0.00033094818354584277,
    -0.02413404919207096,
    0.033441074192523956,
    0.028429124504327774,
    -0.09326944500207901,
    0.05332605168223381,
    0.003566949861124158,
    -0.044188242405653,
    0.005807565059512854,
    0.012734930031001568,
    -0.012688608840107918,
    -0.016881991177797318,
    0.056350093334913254,
    -0.020730912685394287,
    0.08501819521188736,
    -0.0002957819087896496,
    -0.04133732244372368,
    -0.03137310966849327,
    -0.024617429822683334,
    0.07230762392282486,
    0.08197040110826492,
    -0.025246940553188324,
    0.11562339216470718,
    0.08858954161405563,
    -0.061852242797613144,
    0.017547128722071648,
    -0.048540860414505005,
    -0.059076420962810516,
    -0.09488337486982346,
    -0.04360463470220566,
    -0.1003933921456337,
    -0.03231535106897354,
    -0.09468109160661697,
    0.05463391914963722,
    -0.029330896213650703,
    -0.0642242431640625,
    -0.11966646462678909,
    -0.045702770352363586,
    0.02539229951798916,
    0.04938863590359688,
    -0.0432882085442543,
    -0.056274980306625366,
    0.08078734576702118,
    -0.008471646346151829,
    0.0005070951883681118,
    0.10194164514541626,
    -0.06415266543626785,
    -0.007264665327966213,
    0.10674641281366348,
    -0.07228322327136993,
    -0.03175153583288193,
    -0.07786593586206436,
    0.05288448929786682,
    -0.08748531341552734,
    -6.161625520917369e-08,
    -0.0390101820230484,
    0.07756681740283966,
    0.0012606300879269838,
    -0.03367677330970764,
    0.007877035066485405,
    -0.04651612415909767,
    -0.07829982787370682,
    0.020582500845193863,
    -0.031302694231271744,
    -0.07168413698673248,
    0.0413108691573143,
    0.06617740541696548,
    -0.04449145868420601,
    -0.010287616401910782,
    0.04525129497051239,
    -0.006762087345123291,
    -0.07798369228839874,
    -0.030942782759666443,
    -0.07364387810230255,
    0.008420679718255997,
    -0.03877589851617813,
    -0.038489844650030136,
    -0.036220256239175797,
    0.030030617490410805,
    0.04085533693432808,
    0.014787777327001095,
    -0.05267273634672165,
    0.010120107792317867,
    0.07949692755937576,
    0.04418988898396492,
    0.015323205851018429,
    -0.04524567350745201,
    0.021429328247904778,
    -0.031580518931150436,
    -0.019027406349778175,
    -0.05504518002271652,
    0.0336909294128418,
    -0.03699673339724541,
    0.06938722729682922,
    -0.009644540026783943,
    -0.003314776113256812,
    0.025142472237348557,
    0.029297472909092903,
    0.1010260209441185,
    -0.015450590290129185,
    -0.06359826773405075,
    -0.04675322398543358,
    0.02948778308928013,
    0.010059257037937641,
    -0.05340044945478439,
    -0.011897469870746136,
    -0.04638052359223366,
    0.05556020140647888,
    -0.04284386709332466,
    -0.04621024802327156,
    0.042087122797966,
    0.03802802786231041,
    0.04617546126246452,
    -0.0011482383124530315,
    -0.004652715753763914,
    0.14167575538158417,
    0.024511240422725677,
    0.0569426454603672,
    -0.024800850078463554
]