[
    -0.0722363144159317,
    0.05879173427820206,
    -0.029484137892723083,
    -0.05786164104938507,
    -0.03656729683279991,
    0.04013862460851669,
    -0.016027549281716347,
    -0.032127294689416885,
    -0.012488335371017456,
    -0.0061267889104783535,
    0.06934808194637299,
    -0.011023356579244137,
    0.02830458991229534,
    -0.0765601396560669,
    0.029338087886571884,
    0.011564576998353004,
    0.009567799046635628,
    0.04286467656493187,
    -0.11228969693183899,
    0.06477682292461395,
    0.04455993324518204,
    0.07797785848379135,
    -0.05341768637299538,
    0.03023439645767212,
    -0.059430357068777084,
    0.03096320852637291,
    0.0011234285775572062,
    -0.0727330669760704,
    0.021231919527053833,
    -0.046236079186201096,
    0.07172281295061111,
    -0.018309976905584335,
    0.07523941993713379,
    0.10338848829269409,
    -0.0213262140750885,
    -0.029614247381687164,
    0.008466868661344051,
    0.018017882481217384,
    -0.012825638055801392,
    0.019516197964549065,
    -0.08283788710832596,
    -0.07479894906282425,
    -0.08411029726266861,
    0.032370708882808685,
    0.016569340601563454,
    0.013699083589017391,
    -0.06016333028674126,
    0.00035488669527694583,
    -0.051786158233881,
    0.021209297701716423,
    -0.0755646601319313,
    0.009647385217249393,
    -0.02583744376897812,
    0.055707551538944244,
    -0.044987380504608154,
    -0.07624075561761856,
    -0.0685739815235138,
    -0.006451737135648727,
    -0.0871938169002533,
    -0.0013246932066977024,
    0.02181285060942173,
    0.04144543781876564,
    0.00807157251983881,
    0.08555588871240616,
    -0.007928614504635334,
    0.06915707141160965,
    -0.014695042744278908,
    -0.021361516788601875,
    0.017263170331716537,
    0.0014264836208894849,
    -0.0838494822382927,
    -0.014685731381177902,
    0.024836182594299316,
    0.07760222256183624,
    0.023563385009765625,
    -0.01865534298121929,
    -0.055621854960918427,
    0.01402278896421194,
    0.062456924468278885,
    -0.10820084065198898,
    -0.040100373327732086,
    0.027329573407769203,
    0.039983462542295456,
    0.08537717908620834,
    -0.045508917421102524,
    -0.037471652030944824,
    -0.02462015487253666,
    -0.010221544653177261,
    -0.02835465781390667,
    -0.02403128333389759,
    0.024999631568789482,
    -0.057129621505737305,
    0.10719144344329834,
    -0.02345455065369606,
    0.08331272751092911,
    -0.062071941792964935,
    -0.020047128200531006,
    -0.04266849532723427,
    0.0486881285905838,
    -0.021659554913640022,
    -0.0654439926147461,
    0.02878233604133129,
    -0.06391923129558563,
    -0.0036518769338726997,
    -0.06899723410606384,
    -0.08281166106462479,
    0.03368061035871506,
    -0.03280261904001236,
    0.05429235100746155,
    0.056686270982027054,
    0.031430523842573166,
    0.008037506602704525,
    -0.06298097223043442,
    -0.13865451514720917,
    0.07581255584955215,
    -0.009530622512102127,
    -0.055598609149456024,
    0.09112008661031723,
    0.013486501760780811,
    -0.012728880159556866,
    -0.019211696460843086,
    -0.06414499133825302,
    0.007494518533349037,
    -0.06002393737435341,
    -0.03996650129556656,
    0.023228706791996956,
    -0.08279598504304886,
    1.8741538263373297e-32,
    -0.033797990530729294,
    -0.00703011266887188,
    -0.053564511239528656,
    0.04394098371267319,
    0.01749354414641857,
    -0.023614102974534035,
    -0.027941690757870674,
    -0.021418340504169464,
    -0.061254072934389114,
    0.0600724071264267,
    0.015405324287712574,
    0.019132651388645172,
    -0.018643157556653023,
    -0.01706431619822979,
    0.0048818159848451614,
    0.07005967199802399,
    0.011245803907513618,
    0.09508006274700165,
    -0.01541970670223236,
    0.034070223569869995,
    0.09052250534296036,
    -0.025604255497455597,
    0.03714325278997421,
    0.021680111065506935,
    0.034269873052835464,
    -0.011448527686297894,
    0.01227505411952734,
    -0.03547285124659538,
    0.06475045531988144,
    0.011029890738427639,
    0.0012180802877992392,
    -0.01971317268908024,
    0.01673387736082077,
    -0.07077765464782715,
    0.09826385229825974,
    0.12191746383905411,
    0.05571434646844864,
    -0.06424480676651001,
    0.052006177604198456,
    -0.014183511957526207,
    0.02907474711537361,
    -0.0029404328670352697,
    0.04110981151461601,
    0.0118926502764225,
    0.07256478816270828,
    0.0022854094859212637,
    0.0063662477768957615,
    -0.01662490889430046,
    0.0038303257897496223,
    0.022270098328590393,
    -0.017139486968517303,
    0.0367635153234005,
    -0.02989247255027294,
    -0.05716046318411827,
    -0.03539445251226425,
    -0.011862192302942276,
    -0.06875085830688477,
    0.011597559787333012,
    -0.049270644783973694,
    0.04819826781749725,
    -0.0333913154900074,
    0.052387434989213943,
    0.0058208126574754715,
    -0.0648677721619606,
    -0.042715951800346375,
    -0.08855175226926804,
    -0.026556719094514847,
    -0.0774483010172844,
    0.041041772812604904,
    -0.021217266097664833,
    -0.05095953866839409,
    0.07083777338266373,
    -0.029528118669986725,
    0.052305202931165695,
    -0.03827209398150444,
    0.0019353496609255672,
    -0.0029402906075119972,
    -0.02066534198820591,
    0.03092852048575878,
    -0.008194522932171822,
    -0.05749713256955147,
    0.0191329438239336,
    0.0036826219875365496,
    0.04822974279522896,
    -0.013196858577430248,
    -0.02362877130508423,
    0.045673396438360214,
    0.026449307799339294,
    -0.08078774064779282,
    0.005612055771052837,
    -0.0016163848340511322,
    0.0252019502222538,
    0.014289556071162224,
    -0.030472328886389732,
    0.006095056422054768,
    -2.0257826058914228e-32,
    -0.06272870302200317,
    -0.04722004011273384,
    -0.08757268637418747,
    0.012045137584209442,
    0.032057419419288635,
    -0.019902318716049194,
    -0.020090701058506966,
    -0.06506826728582382,
    0.07400687038898468,
    -0.007217107806354761,
    0.019850581884384155,
    -0.035843975841999054,
    0.038372356444597244,
    -0.02497289516031742,
    -0.033022016286849976,
    0.04666204750537872,
    -0.09497860819101334,
    -0.015586650930345058,
    -0.048391297459602356,
    0.09495161473751068,
    0.010874520055949688,
    0.03362016752362251,
    -0.02983589842915535,
    0.1214224323630333,
    0.026851987466216087,
    0.05979651212692261,
    -0.04752505198121071,
    0.015191648155450821,
    0.15013998746871948,
    -0.06103493273258209,
    -0.028616707772016525,
    -0.04102061688899994,
    -0.08697912842035294,
    -0.018249398097395897,
    -0.12804552912712097,
    -0.1384584754705429,
    0.0943387895822525,
    -0.06136588752269745,
    -0.051673274487257004,
    -0.04322681203484535,
    0.05488143861293793,
    0.014713463373482227,
    -0.05787625536322594,
    0.016047555953264236,
    0.011592274531722069,
    -0.05127231776714325,
    0.015246734954416752,
    0.002869276562705636,
    -0.003136108163744211,
    -0.004862174857407808,
    0.053307123482227325,
    -0.02750726416707039,
    -0.015866264700889587,
    0.04494468867778778,
    -0.04070598632097244,
    0.03604356572031975,
    -0.005073856096714735,
    -0.003224399173632264,
    -0.02918778732419014,
    0.016441071406006813,
    0.0629107877612114,
    0.04321921616792679,
    -0.0547553151845932,
    0.08792193979024887,
    0.046008214354515076,
    -0.10019746422767639,
    -0.04018670693039894,
    -0.00968463160097599,
    -0.08634701371192932,
    -0.08630190789699554,
    -0.020146559923887253,
    -0.1319127380847931,
    -0.08194579929113388,
    -0.11517370492219925,
    0.07191327214241028,
    -0.07480069249868393,
    -0.05583251640200615,
    -0.06344936788082123,
    -0.1013399064540863,
    0.03344838693737984,
    0.05498145893216133,
    -0.013552285730838776,
    -0.0205945186316967,
    0.05432841181755066,
    0.02243569865822792,
    0.043476689606904984,
    0.08541406691074371,
    -0.04446034878492355,
    -0.031513988971710205,
    0.03691864386200905,
    -0.09253481030464172,
    -0.03603985533118248,
    -0.0877489298582077,
    0.039392538368701935,
    -0.07681774348020554,
    -5.52571144396552e-08,
    -0.008535418659448624,
    0.03563184663653374,
    -0.02290358953177929,
    0.00833449512720108,
    0.017990034073591232,
    -0.027486449107527733,
    -0.060953591018915176,
    0.005802345462143421,
    -0.025647655129432678,
    -0.06591763347387314,
    0.044752221554517746,
    0.03331043943762779,
    -0.05744272097945213,
    -0.0042123934254050255,
    0.09008071571588516,
    -0.03902965039014816,
    -0.06681041419506073,
    -0.04704117774963379,
    -0.025301747024059296,
    0.029089491814374924,
    -0.02630058117210865,
    -0.05444261431694031,
    -0.07853610813617706,
    0.029437024146318436,
    0.040757086127996445,
    0.00947580486536026,
    -0.005255881696939468,
    0.0642383024096489,
    0.046246565878391266,
    0.08945310860872269,
    -0.015997441485524178,
    0.006136681418865919,
    0.036237332969903946,
    0.0006064813351258636,
    -0.031463779509067535,
    -0.04950723797082901,
    0.020289719104766846,
    0.0024706937838345766,
    0.0597916841506958,
    -0.0035231278743594885,
    0.03977071866393089,
    0.019824163988232613,
    0.00989911425858736,
    0.11269763112068176,
    0.0197819285094738,
    -0.03223225101828575,
    0.02562728524208069,
    0.021503685042262077,
    0.021819520741701126,
    -0.0775107890367508,
    -0.03759258612990379,
    -0.049448706209659576,
    0.09029633551836014,
    0.02271997183561325,
    0.032668646425008774,
    0.08334983140230179,
    0.0470828041434288,
    0.0789044052362442,
    0.006641500163823366,
    0.009026329033076763,
    0.11124774068593979,
    0.03201219439506531,
    -0.005296772345900536,
    -0.05289356783032417
]