[
    -0.014820669777691364,
    0.0719936192035675,
    -0.01577066257596016,
    -0.01999538205564022,
    -0.020091500133275986,
    0.07375544309616089,
    -0.06039498746395111,
    -0.06047232076525688,
    -0.010798358358442783,
    -0.01120945904403925,
    0.014606419950723648,
    -0.04336097091436386,
    -0.010335613042116165,
    -0.05347996950149536,
    0.07067529112100601,
    -0.06107092276215553,
    0.006503187585622072,
    0.025826428085565567,
    -0.09051363915205002,
    0.08391796052455902,
    0.017956778407096863,
    0.0665237233042717,
    -0.015820937231183052,
    0.009369442239403725,
    -0.09732988476753235,
    -0.01082032173871994,
    -0.02321474254131317,
    -0.07369320094585419,
    0.033408813178539276,
    -0.060404401272535324,
    0.07730895280838013,
    0.026884106919169426,
    0.035108525305986404,
    0.06457939743995667,
    0.001235861680470407,
    -0.0222656037658453,
    -0.013658321462571621,
    0.040719352662563324,
    -0.030164962634444237,
    0.006462431978434324,
    -0.05884566903114319,
    -0.08376458287239075,
    -0.08079703897237778,
    0.030884604901075363,
    0.03397565335035324,
    0.05064772069454193,
    -0.0454288050532341,
    -0.0042016212828457355,
    -0.002508161822333932,
    0.04452018439769745,
    -0.07976563274860382,
    -0.03557045757770538,
    -0.036985088139772415,
    0.06931676715612411,
    -0.0399504192173481,
    -0.08026716858148575,
    -0.05125729367136955,
    -0.019691869616508484,
    -0.09487615525722504,
    -0.008775885216891766,
    0.003992851823568344,
    -0.0007496198522858322,
    0.01512381061911583,
    0.08920414000749588,
    -0.08197828382253647,
    0.09792156517505646,
    -0.0045586396008729935,
    0.0018611412961035967,
    0.031177634373307228,
    -0.003969545941799879,
    -0.106024369597435,
    -0.03108544833958149,
    0.017556875944137573,
    0.04424309358000755,
    -0.007974151521921158,
    0.010392902418971062,
    -0.03520003706216812,
    0.0014492847258225083,
    0.09549345821142197,
    -0.10739898681640625,
    -0.02624429576098919,
    0.018075108528137207,
    0.022421808913350105,
    0.0638207197189331,
    -0.04143897444009781,
    -0.03197094053030014,
    -0.011736873537302017,
    -0.014394356869161129,
    -0.011389199644327164,
    -0.06030848249793053,
    0.027806062251329422,
    -0.010741395875811577,
    0.06133188679814339,
    -0.06383729726076126,
    0.04561777785420418,
    -0.04792578145861626,
    -0.03156939893960953,
    -0.06456086039543152,
    0.03890006244182587,
    -0.0032241507433354855,
    -0.015363887883722782,
    -0.010893533006310463,
    -0.016398590058088303,
    -0.00828474946320057,
    -0.03182320296764374,
    -0.06802655011415482,
    0.0157601498067379,
    -0.011691955849528313,
    0.05057060718536377,
    0.07156302779912949,
    0.04801107197999954,
    0.02293534018099308,
    -0.04697240889072418,
    -0.1505817174911499,
    0.06647427380084991,
    -0.007092099636793137,
    -0.031518518924713135,
    0.0652771070599556,
    0.03903723880648613,
    0.025645282119512558,
    -0.03175413981080055,
    -0.028469769284129143,
    -0.017019424587488174,
    -0.09537498652935028,
    -0.023087646812200546,
    0.027256811037659645,
    -0.06691800802946091,
    2.1083309619939486e-32,
    -0.023264138028025627,
    0.0296883974224329,
    -0.04200037196278572,
    0.06205519661307335,
    0.02201174385845661,
    -0.028649425134062767,
    0.03151000291109085,
    -0.018354179337620735,
    -0.06498946994543076,
    0.06834481656551361,
    0.035723309963941574,
    0.007387753110378981,
    -0.02103268727660179,
    0.025614701211452484,
    -0.022987738251686096,
    0.01822023093700409,
    0.006485579535365105,
    0.07317036390304565,
    -0.033870600163936615,
    0.060659363865852356,
    0.03725544735789299,
    -0.05461858958005905,
    0.04118113964796066,
    0.020046912133693695,
    0.0024009854532778263,
    0.033631619065999985,
    0.02360074408352375,
    -0.016233030706644058,
    0.030908113345503807,
    -0.006888803094625473,
    0.03994501009583473,
    0.012215307913720608,
    0.022607576102018356,
    -0.08648957312107086,
    0.04753725230693817,
    0.11248448491096497,
    0.05561204254627228,
    -0.05782433971762657,
    0.06601143628358841,
    -0.061501313000917435,
    0.004658369813114405,
    -0.0039228638634085655,
    0.050718531012535095,
    0.028849786147475243,
    0.06026628240942955,
    0.0022440399043262005,
    -0.014335103332996368,
    -0.017162470147013664,
    0.024714775383472443,
    0.007254356984049082,
    -0.046685840934515,
    0.0001988136937143281,
    -0.012672832235693932,
    -0.02655668556690216,
    0.026220789179205894,
    -0.04089343547821045,
    -0.07648470997810364,
    0.026518533006310463,
    -0.07279942184686661,
    0.03860333189368248,
    -0.050800371915102005,
    0.019836505874991417,
    -0.034414611756801605,
    -0.007287326734513044,
    -0.02288941480219364,
    -0.04710513353347778,
    -0.027048472315073013,
    -0.0577850341796875,
    0.03798747435212135,
    -0.0016114892205223441,
    -0.04298274591565132,
    0.07244915515184402,
    -0.03008578158915043,
    0.03228023275732994,
    -0.0148822832852602,
    -0.0457586944103241,
    0.00784420408308506,
    -0.02264350652694702,
    0.029698435217142105,
    0.003017539856955409,
    -0.07910150289535522,
    0.013849054463207722,
    0.004392602015286684,
    0.058185726404190063,
    -0.029981102794408798,
    -0.0019203086849302053,
    0.08654426783323288,
    0.07282151281833649,
    -0.07298963516950607,
    -0.06396006047725677,
    -0.012509283609688282,
    0.03170701116323471,
    0.03238610923290253,
    0.023039139807224274,
    -0.02068318799138069,
    -2.201661393092598e-32,
    -0.013490731827914715,
    -0.014994545839726925,
    -0.04754063859581947,
    0.013721351511776447,
    0.09171318262815475,
    -0.017033159732818604,
    -0.01571979932487011,
    -0.08814331144094467,
    0.10245626419782639,
    0.030404947698116302,
    0.05092668905854225,
    -0.050938930362463,
    -0.014251094311475754,
    -0.023173300549387932,
    -0.035983581095933914,
    -0.003591378452256322,
    -0.07973427325487137,
    -0.04976307973265648,
    -0.003447707975283265,
    0.11690405011177063,
    -0.014518199488520622,
    -0.006675209850072861,
    -0.0195802953094244,
    0.15820632874965668,
    0.04286583140492439,
    0.059300635010004044,
    -0.041367754340171814,
    -0.027913764119148254,
    0.11462578922510147,
    -0.03903336822986603,
    -0.05349552258849144,
    -0.06557434797286987,
    -0.05198425427079201,
    0.02728683315217495,
    -0.087631955742836,
    -0.16337642073631287,
    0.051898807287216187,
    -0.044532448053359985,
    -0.04137646406888962,
    -0.01644660346210003,
    0.10302843898534775,
    -0.004381949082016945,
    -0.04083689674735069,
    0.03480040654540062,
    -0.009464588016271591,
    -0.07919425517320633,
    0.06453986465930939,
    -0.02956135757267475,
    -0.035909950733184814,
    0.008396255783736706,
    0.052240025252103806,
    -0.04681181535124779,
    -0.039445292204618454,
    0.02570364624261856,
    -0.0439118854701519,
    0.05894637852907181,
    -0.009841413237154484,
    -0.02933472953736782,
    -0.038948073983192444,
    -0.025237511843442917,
    0.07909847050905228,
    0.059194259345531464,
    -0.06486662477254868,
    0.06575515121221542,
    0.04811094328761101,
    -0.08614752441644669,
    -0.030313663184642792,
    -0.05227217450737953,
    -0.026842109858989716,
    -0.08350010961294174,
    -0.10192735493183136,
    -0.10695715993642807,
    -0.05587860941886902,
    -0.09959480166435242,
    0.0874062329530716,
    -0.054181233048439026,
    -0.05161065235733986,
    -0.07322793453931808,
    -0.09109184145927429,
    0.03440112620592117,
    0.06562357395887375,
    -0.020872047170996666,
    -0.05438271909952164,
    0.062202244997024536,
    0.013858677819371223,
    0.01561263483017683,
    0.0859769880771637,
    -0.03643694147467613,
    -0.011090096086263657,
    0.09183358401060104,
    -0.06700099259614944,
    0.0031902079936116934,
    -0.06811874359846115,
    0.05846795439720154,
    -0.0814301073551178,
    -6.085050330284503e-08,
    0.004473780281841755,
    0.06599444150924683,
    0.020330699160695076,
    -0.03125037997961044,
    0.010842365212738514,
    -0.032695695757865906,
    -0.04811689630150795,
    -0.028704527765512466,
    -0.04593241587281227,
    -0.04067617282271385,
    0.061016395688056946,
    0.06446869671344757,
    -0.03416302427649498,
    -0.04760550335049629,
    0.05170729383826256,
    -0.02374465949833393,
    -0.12076295167207718,
    -0.009142562747001648,
    -0.053095243871212006,
    0.014056454412639141,
    -0.09058577567338943,
    -0.062045611441135406,
    -0.08472108095884323,
    0.01687057688832283,
    0.027833394706249237,
    0.04777699336409569,
    -0.022315768525004387,
    0.030514933168888092,
    0.0592736154794693,
    0.05470021069049835,
    0.006760825403034687,
    -0.02667943388223648,
    0.0420219860970974,
    -0.008753975853323936,
    -0.05111132562160492,
    -0.04163665324449539,
    0.002845536218956113,
    -0.02532215043902397,
    0.09797989577054977,
    0.010174327529966831,
    -0.010752908885478973,
    0.04982278123497963,
    0.03582465276122093,
    0.08631919324398041,
    -0.038210589438676834,
    -0.018987134099006653,
    -0.029487980529665947,
    -0.004962293431162834,
    0.009923203848302364,
    -0.09057062119245529,
    -0.038941673934459686,
    -0.0422477088868618,
    0.08971232920885086,
    -0.005907247308641672,
    -0.04806167259812355,
    0.09327340871095657,
    0.026542915031313896,
    0.06432713568210602,
    0.0028247791342437267,
    -0.04095229506492615,
    0.11821039021015167,
    0.03171256184577942,
    0.04283437505364418,
    -0.025560524314641953
]