[
    -0.01834099180996418,
    0.05681256204843521,
    -0.009957239031791687,
    -0.08569623529911041,
    -0.05996491760015488,
    0.0429697260260582,
    -0.014145396649837494,
    -0.04873427376151085,
    0.005784374196082354,
    0.03959579020738602,
    -0.021893976256251335,
    -0.0673389732837677,
    -0.009752159006893635,
    -0.05571100115776062,
    0.07428296655416489,
    -0.009596608579158783,
    -0.01921774074435234,
    0.04598996415734291,
    -0.08427083492279053,
    0.056193847209215164,
    0.027150550857186317,
    0.06600687652826309,
    -0.005948671605437994,
    -0.01901303604245186,
    -0.15488262474536896,
    0.0033385169226676226,
    -0.03360994532704353,
    -0.049776069819927216,
    0.021781571209430695,
    -0.03714310750365257,
    0.05721772834658623,
    0.014150663278996944,
    0.029798924922943115,
    0.09450829029083252,
    -0.03311898186802864,
    0.025259284302592278,
    -0.01915903575718403,
    -0.007124349009245634,
    -0.004967557732015848,
    0.06113843247294426,
    -0.0395791195333004,
    -0.023966820910573006,
    -0.052766598761081696,
    -0.02919289842247963,
    0.04497122764587402,
    0.02095879428088665,
    -0.07706505805253983,
    -0.012529287487268448,
    0.0035256268456578255,
    0.024807190522551537,
    -0.06215013563632965,
    -0.03390062600374222,
    -0.041720375418663025,
    0.09013887494802475,
    -0.019771771505475044,
    -0.011134739965200424,
    -0.05482351407408714,
    -0.0333888977766037,
    -0.055550653487443924,
    -0.03436831012368202,
    -0.025418370962142944,
    0.025285806506872177,
    -0.011812858283519745,
    0.07607372105121613,
    -0.0333714485168457,
    0.024481533095240593,
    -0.04223097115755081,
    -0.023156866431236267,
    -0.012396690435707569,
    0.02846611477434635,
    -0.10443761944770813,
    -0.01655881293118,
    -0.005111583974212408,
    0.03596777096390724,
    -0.01845274493098259,
    0.010905426926910877,
    -0.03212524205446243,
    0.0032997308298945427,
    0.07164038717746735,
    -0.13252876698970795,
    -0.04216291010379791,
    0.023448262363672256,
    0.0019545587711036205,
    0.01884930208325386,
    0.013745356351137161,
    0.014647021889686584,
    -0.01240535732358694,
    -0.035737402737140656,
    -0.02848457172513008,
    -0.04174605384469032,
    0.09504512697458267,
    -0.059425562620162964,
    0.15797749161720276,
    -0.069334976375103,
    0.07063629478216171,
    -0.036600030958652496,
    0.02017444185912609,
    -0.06104171648621559,
    0.04332329332828522,
    -0.047141119837760925,
    -0.03805563598871231,
    -0.00954365637153387,
    0.027272721752524376,
    -0.00288429856300354,
    -0.09059646725654602,
    -0.085958331823349,
    -0.0055052898824214935,
    0.00654590455815196,
    -0.020228613168001175,
    0.015996091067790985,
    0.010814112611114979,
    0.023233376443386078,
    -0.059920333325862885,
    -0.11143483221530914,
    0.010506966151297092,
    0.003701491979882121,
    -0.03718547895550728,
    0.024984942749142647,
    0.050314560532569885,
    -0.014440035447478294,
    -0.05112616717815399,
    -0.02538934536278248,
    0.0017028450965881348,
    -0.09268828481435776,
    0.022173071280121803,
    0.027871668338775635,
    -0.031053530052304268,
    1.5541207873485586e-32,
    -0.02625725232064724,
    -0.02494242787361145,
    -0.06355200707912445,
    0.008228976279497147,
    0.022011199966073036,
    0.004176273476332426,
    0.009035077877342701,
    -0.021762186661362648,
    -0.029249049723148346,
    0.07761300355195999,
    -0.0329815074801445,
    0.040422771126031876,
    -0.05324720963835716,
    -0.011693226173520088,
    -0.018987013027071953,
    0.024822017177939415,
    -0.020453646779060364,
    0.08566383272409439,
    -0.04501449316740036,
    0.07241315394639969,
    -0.0014941430417820811,
    -0.014614083804190159,
    -0.011611116118729115,
    0.009866712614893913,
    -0.003399037290364504,
    0.042049311101436615,
    -0.0005969086196273565,
    -0.0313350185751915,
    -0.0013963819947093725,
    0.016920078545808792,
    0.01664762757718563,
    0.010723796673119068,
    -0.012751257978379726,
    -0.047852758318185806,
    0.034608710557222366,
    0.10502249002456665,
    -0.010860196314752102,
    -0.038903240114450455,
    0.07677438110113144,
    -0.04566887021064758,
    -0.05233313515782356,
    -0.03738658130168915,
    0.06336908787488937,
    -0.0017209057696163654,
    0.05936932563781738,
    0.038050588220357895,
    -0.0033240457996726036,
    -0.007405705284327269,
    0.06858501583337784,
    0.07383018732070923,
    -0.017312122508883476,
    -0.006406593136489391,
    0.022943982854485512,
    -0.06759034842252731,
    0.020340247079730034,
    -0.043923698365688324,
    -0.05011017248034477,
    0.03731035813689232,
    -0.04820655286312103,
    0.07353152334690094,
    -0.0027908338233828545,
    0.05127734690904617,
    -0.027522262185811996,
    -0.02098105475306511,
    0.01182336825877428,
    -0.056184928864240646,
    0.004832210019230843,
    -0.06317123025655746,
    0.08255593478679657,
    -0.025449907407164574,
    -0.02437874674797058,
    0.07048175483942032,
    -0.007019893266260624,
    0.028357286006212234,
    0.005260131321847439,
    -0.03433194011449814,
    -0.01618996262550354,
    0.022469263523817062,
    0.019329281523823738,
    0.0036429858300834894,
    -0.07125336676836014,
    0.005794920492917299,
    0.029722513630986214,
    0.06630408018827438,
    0.019313950091600418,
    -0.038675274699926376,
    0.07105467468500137,
    0.017185930162668228,
    -0.10207574814558029,
    -0.061632655560970306,
    0.010543575510382652,
    0.05859709158539772,
    -0.001444174093194306,
    0.0338994637131691,
    0.04489204287528992,
    -1.7826896394574045e-32,
    0.015617011114954948,
    -0.04898031800985336,
    -0.010648717172443867,
    -0.010764984413981438,
    0.05220817029476166,
    0.0014881441602483392,
    -0.03959103301167488,
    -0.09848640859127045,
    0.05273553356528282,
    0.016959741711616516,
    0.05942269414663315,
    -0.026766624301671982,
    -0.004229712765663862,
    -0.056052591651678085,
    -0.04141637310385704,
    -0.04201903194189072,
    -0.11186722666025162,
    -0.05373401194810867,
    -0.037342626601457596,
    0.11862363666296005,
    -0.008135128766298294,
    -0.029119320213794708,
    0.03312140703201294,
    0.1356310248374939,
    0.025143291801214218,
    0.040257371962070465,
    0.0012003423180431128,
    -0.029989108443260193,
    0.1435728669166565,
    -0.0598207525908947,
    -0.04097401723265648,
    -0.06654659658670425,
    -0.04480641335248947,
    0.037733014672994614,
    -0.0890878438949585,
    -0.1948990672826767,
    0.07972146570682526,
    -0.05428944528102875,
    -0.011165820993483067,
    -0.0453326441347599,
    0.12036456912755966,
    -0.003714664839208126,
    -0.010320082306861877,
    0.00329244090244174,
    -0.013784288428723812,
    -0.021728329360485077,
    0.04010194167494774,
    0.002400211524218321,
    -0.031480319797992706,
    -0.02980668470263481,
    -0.00030033450457267463,
    -0.018274636939167976,
    0.0020470721647143364,
    0.010314862243831158,
    -0.03205457702279091,
    0.0929495096206665,
    0.02026999555528164,
    -0.103128582239151,
    -0.03843040019273758,
    -0.023002326488494873,
    0.041263364255428314,
    0.07907289266586304,
    -0.018665960058569908,
    0.07807571440935135,
    0.054438717663288116,
    -0.04476946219801903,
    0.0007435999577865005,
    -0.06673484295606613,
    -0.09118139743804932,
    -0.06094954535365105,
    -0.085591159760952,
    -0.11844082921743393,
    -0.04337272420525551,
    -0.11740272492170334,
    0.05303386226296425,
    -0.06682471185922623,
    -0.06147623062133789,
    -0.12379588186740875,
    -0.04939953610301018,
    0.025534672662615776,
    0.05844741687178612,
    -0.029738450422883034,
    -0.04600093141198158,
    0.08513838797807693,
    -0.008243029937148094,
    0.02999679185450077,
    0.054439302533864975,
    -0.07064969837665558,
    -0.003336595604196191,
    0.09258867800235748,
    -0.0607156939804554,
    0.027730293571949005,
    -0.04796470329165459,
    0.07973115891218185,
    -0.08083272725343704,
    -5.047339612929136e-08,
    -0.035794228315353394,
    0.0600447840988636,
    -0.03866533935070038,
    -0.06253021955490112,
    -0.0057714106515049934,
    -0.032693568617105484,
    -0.06447445601224899,
    -0.030336596071720123,
    -0.010942756198346615,
    0.01530480571091175,
    0.029106829315423965,
    0.07938194274902344,
    -0.025792472064495087,
    0.014997818507254124,
    0.058471016585826874,
    -0.033283084630966187,
    -0.10714709758758545,
    -0.023852284997701645,
    -0.04686099290847778,
    0.03501083329319954,
    -0.026897020637989044,
    -0.045753490179777145,
    -0.05062791332602501,
    -0.007402953691780567,
    0.06604314595460892,
    0.02953605353832245,
    -0.03305205702781677,
    0.07291516661643982,
    0.08393092453479767,
    0.06100796163082123,
    0.0025596602354198694,
    0.02696884609758854,
    0.014445047825574875,
    0.01691688410937786,
    -0.032940853387117386,
    -0.048680998384952545,
    0.07087726891040802,
    -0.002385570900514722,
    0.07232815772294998,
    -0.009545736946165562,
    0.015025483444333076,
    -0.008300699293613434,
    0.013367187231779099,
    0.0989689752459526,
    -0.0008985176682472229,
    -0.04458361864089966,
    -0.03793420270085335,
    0.04051372781395912,
    0.005216497462242842,
    -0.06190647929906845,
    -0.0397983118891716,
    -0.012639420107007027,
    0.09794078022241592,
    -0.015535694546997547,
    -0.03160770609974861,
    0.07116831094026566,
    0.02973751723766327,
    -0.0003684299299493432,
    0.01749800331890583,
    0.002083775121718645,
    0.13031649589538574,
    0.009120171889662743,
    0.06695539504289627,
    0.04537456855177879
]