[
    -0.06276294589042664,
    0.05688222497701645,
    -0.03221115097403526,
    -0.040903035551309586,
    -0.06171894446015358,
    0.05821086838841438,
    -0.022413071244955063,
    -0.05353447422385216,
    0.04407641291618347,
    0.014841152355074883,
    0.004190398845821619,
    0.0016708147013559937,
    -0.007384042255580425,
    -0.061561837792396545,
    0.07388865947723389,
    -0.033356923609972,
    0.03472406417131424,
    0.005556025542318821,
    -0.06979227066040039,
    0.1253671646118164,
    0.004807746969163418,
    0.08924168348312378,
    -0.030459074303507805,
    0.010588736273348331,
    -0.11399229615926743,
    0.0024634292349219322,
    -0.013718988746404648,
    -0.06245214492082596,
    0.06502725183963776,
    -0.05078674107789993,
    0.07191040366888046,
    0.004996494390070438,
    0.05588288977742195,
    0.04598080739378929,
    -0.024348152801394463,
    -0.03609461337327957,
    -0.06218257173895836,
    0.01718181185424328,
    -0.04879208281636238,
    0.020486440509557724,
    -0.02693452313542366,
    -0.06415387243032455,
    -0.060967013239860535,
    0.03158082067966461,
    0.020191865041851997,
    0.012033325619995594,
    -0.06784336268901825,
    0.004891652148216963,
    -0.0012373665813356638,
    0.07129082828760147,
    -0.05582701414823532,
    -0.05351072922348976,
    -0.02856302447617054,
    0.06882689148187637,
    -0.0636671930551529,
    -0.04233866557478905,
    -0.02290930598974228,
    -0.05587777867913246,
    -0.0897727757692337,
    -0.01868380978703499,
    -0.030373219400644302,
    0.03581942617893219,
    0.005139067769050598,
    0.08024745434522629,
    -0.0562557578086853,
    0.09287746995687485,
    -0.022358093410730362,
    -0.002904718043282628,
    0.012611795216798782,
    -0.012178679928183556,
    -0.09349808096885681,
    -0.031480226665735245,
    0.023906193673610687,
    0.04241199791431427,
    -0.004564431495964527,
    -0.008726044557988644,
    -0.027257271111011505,
    0.0074348957277834415,
    0.07889404892921448,
    -0.13053201138973236,
    -0.05401488021016121,
    -0.013640087097883224,
    -0.01551194116473198,
    0.05103045329451561,
    -0.04884326457977295,
    0.0031234344933182,
    -0.03585284575819969,
    0.0001413598656654358,
    0.01071676705032587,
    -0.05725330486893654,
    0.07978731393814087,
    -0.030453065410256386,
    0.09053985029459,
    -0.08981616050004959,
    0.08387045562267303,
    -0.05401258543133736,
    -0.03332687169313431,
    -0.058887820690870285,
    0.015401666983962059,
    -0.023242130875587463,
    -0.015693487599492073,
    0.0026342954952269793,
    -0.01318538561463356,
    -0.03274543583393097,
    -0.026741880923509598,
    -0.07684464007616043,
    0.019007431343197823,
    -0.029694728553295135,
    0.02794460952281952,
    0.07406149804592133,
    0.027156589552760124,
    -0.006107411812990904,
    -0.026978256180882454,
    -0.13518373668193817,
    0.05156095325946808,
    -0.008855002000927925,
    -0.04537687823176384,
    0.037666141986846924,
    0.06350100785493851,
    -0.019400104880332947,
    -0.06810042262077332,
    -0.033307235687971115,
    -0.02673707716166973,
    -0.08155498653650284,
    -0.017820976674556732,
    0.034198787063360214,
    -0.06352974474430084,
    2.0326826107939557e-32,
    -0.041937053203582764,
    -0.01640302874147892,
    -0.046567920595407486,
    0.0204918310046196,
    0.035813022404909134,
    0.004383851774036884,
    0.015666035935282707,
    -0.01418778020888567,
    -0.05254392325878143,
    0.061932891607284546,
    0.02062729001045227,
    0.01052235346287489,
    -0.015316079370677471,
    -0.03937460482120514,
    -0.05672137811779976,
    0.04950927570462227,
    0.012269414961338043,
    0.07582895457744598,
    -0.045486949384212494,
    0.09946798533201218,
    0.0068205660209059715,
    -0.01524046529084444,
    0.013190478086471558,
    0.013405833393335342,
    -0.05182897299528122,
    0.017971264198422432,
    -0.010292556136846542,
    -0.018966050818562508,
    0.06573843955993652,
    -0.011551431380212307,
    0.04428956285119057,
    0.009093496948480606,
    0.016517745330929756,
    -0.06526017934083939,
    0.07464151084423065,
    0.12411975115537643,
    0.024338189512491226,
    -0.0047890907153487206,
    0.06692061573266983,
    -0.04156428575515747,
    -0.0172042865306139,
    -0.046587325632572174,
    0.027369603514671326,
    0.029396677389740944,
    0.05039132386445999,
    0.0014388647396117449,
    -0.01830553077161312,
    -0.03823869675397873,
    -0.0026332412380725145,
    0.0483865886926651,
    -0.03426077589392662,
    0.0357917919754982,
    -0.026005221530795097,
    -0.02476387657225132,
    0.014778349548578262,
    -0.029818575829267502,
    -0.09850899130105972,
    0.03953156992793083,
    -0.061776820570230484,
    0.026828063651919365,
    -0.02014690823853016,
    0.023731382563710213,
    -0.0006881069275550544,
    -0.03440563380718231,
    -0.02879420667886734,
    -0.04612060636281967,
    -0.008839313872158527,
    -0.07563292980194092,
    0.040387868881225586,
    -0.02260030433535576,
    -0.02948315627872944,
    0.06369172036647797,
    -0.01562882959842682,
    0.04924717918038368,
    -0.0017871742602437735,
    -0.03547471761703491,
    0.03098638914525509,
    0.004450514446943998,
    0.04173658788204193,
    0.012141547165811062,
    -0.0598108135163784,
    0.00884951837360859,
    -0.00195270252879709,
    0.08204762637615204,
    0.0030827310401946306,
    -0.0005319086485542357,
    0.047806765884160995,
    0.0365896038711071,
    -0.08892134577035904,
    -0.06447239965200424,
    0.01320717390626669,
    0.03677067905664444,
    0.006113308947533369,
    0.0429355762898922,
    0.004317098297178745,
    -2.1901186263146987e-32,
    -0.00609859824180603,
    -0.047614581882953644,
    -0.04554304480552673,
    -0.009772715158760548,
    0.06925815343856812,
    -0.027986308559775352,
    -0.01142168790102005,
    -0.07428659498691559,
    0.09343283623456955,
    0.0020093873608857393,
    0.036172956228256226,
    -0.04108024016022682,
    -0.014415882527828217,
    -0.024005215615034103,
    -0.009833749383687973,
    -0.001941135386005044,
    -0.08220285922288895,
    -0.05999426916241646,
    -0.03309592232108116,
    0.10841947048902512,
    -0.02769114077091217,
    -0.0033283457159996033,
    -0.005983305629342794,
    0.1312711089849472,
    0.03749845549464226,
    0.052147604525089264,
    -0.022561175748705864,
    0.011452863924205303,
    0.11741258203983307,
    -0.04431659355759621,
    -0.059584975242614746,
    -0.05728071182966232,
    -0.06357676535844803,
    0.008258042857050896,
    -0.118512824177742,
    -0.18383583426475525,
    0.06257110834121704,
    -0.005697215441614389,
    -0.02467590570449829,
    -0.05789848417043686,
    0.11213906109333038,
    -0.04128625988960266,
    -0.016072547063231468,
    0.01663808897137642,
    0.017844680696725845,
    -0.06953660398721695,
    0.04065708443522453,
    -0.040761105716228485,
    -0.007510425057262182,
    0.006703123915940523,
    0.039982572197914124,
    -0.040899857878685,
    -0.007720265071839094,
    0.018665898591279984,
    -0.06003735587000847,
    0.05629861727356911,
    0.0059924800880253315,
    -0.04729124903678894,
    -0.022159287706017494,
    -0.028068281710147858,
    0.08713836222887039,
    0.06732741743326187,
    -0.08008468896150589,
    0.07502356171607971,
    0.02026890404522419,
    -0.04230576753616333,
    0.017065610736608505,
    -0.03256412222981453,
    -0.05473697930574417,
    -0.06735154986381531,
    -0.08454527705907822,
    -0.09045281261205673,
    -0.05259368568658829,
    -0.11055873334407806,
    0.11349693685770035,
    -0.04363878443837166,
    -0.03670728579163551,
    -0.102131687104702,
    -0.07922066748142242,
    -0.002912701340392232,
    0.08194620907306671,
    -0.01297556422650814,
    -0.05194288119673729,
    0.09004148840904236,
    -0.012003905139863491,
    0.010086569003760815,
    0.08799019455909729,
    -0.08295469731092453,
    -0.0404682531952858,
    0.09376917034387589,
    -0.06360341608524323,
    0.0013320902362465858,
    -0.06290056556463242,
    0.06223690137267113,
    -0.08506584167480469,
    -5.985498319205362e-08,
    -0.012871097773313522,
    0.04585295170545578,
    0.04128120467066765,
    -0.05361933633685112,
    0.01801329106092453,
    -0.028313742950558662,
    -0.06694187223911285,
    -0.011144936084747314,
    -0.037899456918239594,
    -0.017574431374669075,
    0.03525000810623169,
    0.07852616906166077,
    -0.03754797205328941,
    0.0026387555990368128,
    0.0397733710706234,
    -0.0025133932940661907,
    -0.116195909678936,
    -0.051800865679979324,
    -0.04331285506486893,
    0.007928341627120972,
    -0.07034599781036377,
    -0.044799089431762695,
    -0.04800079017877579,
    0.016764100641012192,
    0.031878627836704254,
    0.04674644395709038,
    -0.01985570788383484,
    0.05206677317619324,
    0.04864512383937836,
    0.03956682235002518,
    -0.001985423266887665,
    0.0028272680938243866,
    0.054932937026023865,
    0.00038586260052397847,
    -0.05889061465859413,
    -0.0849454328417778,
    0.03764727711677551,
    -0.022632258012890816,
    0.08398867398500443,
    -0.01667949929833412,
    0.020882394164800644,
    0.03651154413819313,
    0.022207733243703842,
    0.06698939204216003,
    0.00022066212841309607,
    -0.03183550760149956,
    -0.01862962730228901,
    0.021648040041327477,
    0.010431453585624695,
    -0.06518729776144028,
    -0.025180978700518608,
    -0.029361538589000702,
    0.1329353153705597,
    -0.019934775307774544,
    -0.01590469665825367,
    0.07025250047445297,
    0.04807613044977188,
    0.0473460927605629,
    -0.03174777701497078,
    0.02265872433781624,
    0.11777230352163315,
    0.03238750621676445,
    0.05469660088419914,
    -0.010914395563304424
]