[
    -0.008084041997790337,
    0.04379434511065483,
    -0.0021816955413669348,
    -0.03822994604706764,
    -0.0005135955871082842,
    0.09661812335252762,
    -0.017958935350179672,
    -0.04722245782613754,
    -0.021855615079402924,
    0.044525645673274994,
    0.028440991416573524,
    -0.02873486652970314,
    0.002533978084102273,
    -0.05981510132551193,
    0.08850263804197311,
    -0.022451359778642654,
    0.007844171486794949,
    0.02148270606994629,
    -0.08708538860082626,
    0.08563369512557983,
    0.034611597657203674,
    0.0900774672627449,
    -0.016003908589482307,
    0.020146435126662254,
    -0.12681978940963745,
    0.00068813341204077,
    -0.011011388152837753,
    -0.09426818788051605,
    -0.006515365093946457,
    -0.05418139696121216,
    0.07814094424247742,
    -0.02072044089436531,
    0.035917025059461594,
    0.09275998920202255,
    -0.019586918875575066,
    -0.0558348074555397,
    0.02711283415555954,
    0.019216440618038177,
    -0.030518652871251106,
    -0.013555716723203659,
    -0.04246321693062782,
    -0.05971445143222809,
    -0.04633726924657822,
    0.028238795697689056,
    0.016960561275482178,
    0.008198299445211887,
    -0.0708419531583786,
    -0.015275603160262108,
    -0.001690985751338303,
    0.021317092701792717,
    -0.0284431129693985,
    -0.023653168231248856,
    -0.030433282256126404,
    0.08159132301807404,
    -0.004375238437205553,
    -0.07448530197143555,
    -0.060380179435014725,
    -0.04002206772565842,
    -0.08766882866621017,
    -0.02874208614230156,
    0.015218701213598251,
    -0.0044881245121359825,
    0.0037523359060287476,
    0.04492627829313278,
    -0.07303536683320999,
    0.03848756477236748,
    -0.011758247390389442,
    0.006117732729762793,
    0.028597015887498856,
    -0.00799292791634798,
    -0.0792849063873291,
    -0.028119048103690147,
    -0.007413002196699381,
    0.03983084857463837,
    0.005108925513923168,
    -0.026146475225687027,
    -0.024863749742507935,
    0.01244364958256483,
    0.1033877357840538,
    -0.10337032377719879,
    -0.03920980170369148,
    -0.021641522645950317,
    0.022429972887039185,
    0.05879692733287811,
    -0.05315350741147995,
    -0.0012871593935415149,
    -0.03276631608605385,
    -0.005608977749943733,
    0.003862316720187664,
    -0.04867175221443176,
    0.02574312873184681,
    -0.01422035787254572,
    0.09662200510501862,
    0.0009115287102758884,
    0.053494326770305634,
    -0.03126656636595726,
    -0.0054018995724618435,
    -0.10000262409448624,
    0.028136715292930603,
    0.01994076929986477,
    -0.035375598818063736,
    -0.019094323739409447,
    -0.020823242142796516,
    0.0008042934350669384,
    -0.05372430756688118,
    -0.04624544456601143,
    -0.024954751133918762,
    -0.028597822412848473,
    0.04080597311258316,
    0.09380586445331573,
    0.04607386142015457,
    0.0051896111108362675,
    -0.01620917208492756,
    -0.14386673271656036,
    0.05924849584698677,
    -0.006864956580102444,
    0.0028872969560325146,
    0.044321704655885696,
    0.05869175121188164,
    -0.024626297876238823,
    -0.05843827500939369,
    -0.04363257437944412,
    -0.020983966067433357,
    -0.08819465339183807,
    -0.02018885128200054,
    0.03963842988014221,
    -0.05407290533185005,
    2.1762842332998711e-32,
    -0.03698648512363434,
    -0.028692251071333885,
    0.0021019403357058764,
    0.04198971018195152,
    0.03917112573981285,
    -0.021890640258789062,
    0.02563815377652645,
    -0.04515969380736351,
    -0.030756859108805656,
    0.0177909005433321,
    0.018773404881358147,
    -0.0023626096080988646,
    -0.014830668456852436,
    -0.013991356827318668,
    -0.009035473689436913,
    0.005106472410261631,
    -0.0005615870468318462,
    0.06607252359390259,
    -0.02911546267569065,
    0.049235999584198,
    0.013552849180996418,
    -0.07716942578554153,
    0.0076436251401901245,
    0.018813861533999443,
    -0.028335699811577797,
    0.021227002143859863,
    0.005534640979021788,
    -0.03572466969490051,
    0.07515661418437958,
    0.020053420215845108,
    0.029021626338362694,
    0.0379561185836792,
    -0.015916312113404274,
    -0.08525855094194412,
    0.05455726385116577,
    0.1020822748541832,
    0.021819446235895157,
    -0.04441982880234718,
    0.05592352896928787,
    -0.08614195883274078,
    -0.020779868587851524,
    -0.03451705351471901,
    0.028528789058327675,
    0.03887906298041344,
    0.06047208234667778,
    0.01925097405910492,
    -0.04279245808720589,
    -0.010115530341863632,
    -0.0027115466073155403,
    0.025208957493305206,
    -0.01563671976327896,
    0.0009385303128510714,
    -0.0008097997633740306,
    -0.04195806756615639,
    0.01954670436680317,
    -0.028344128280878067,
    -0.09500887244939804,
    0.04828930273652077,
    -0.057020995765924454,
    0.047881852835416794,
    -0.0023377053439617157,
    0.022264376282691956,
    0.0092586949467659,
    -0.030635667964816093,
    -0.013513834215700626,
    -0.0706399455666542,
    -0.007856383919715881,
    -0.06359422206878662,
    0.01839703507721424,
    0.017365626990795135,
    0.015149300917983055,
    0.08842111378908157,
    -0.08099062740802765,
    0.01805661804974079,
    0.00034859729930758476,
    -0.026859251782298088,
    0.017400844022631645,
    -0.006076809484511614,
    0.036217525601387024,
    0.014901319518685341,
    -0.058898795396089554,
    0.010153084993362427,
    0.0011824190150946379,
    0.07302596420049667,
    -0.01173594780266285,
    0.008146154694259167,
    0.04671922326087952,
    0.05048324912786484,
    -0.05070206895470619,
    -0.05493120849132538,
    0.00023023399990051985,
    0.034912511706352234,
    0.06057792156934738,
    0.06393684446811676,
    -0.08619561791419983,
    -2.283501954659135e-32,
    -0.04787176847457886,
    -0.04595368355512619,
    -0.0662066861987114,
    -0.019716015085577965,
    0.07491970807313919,
    -0.01609141007065773,
    -0.02711913175880909,
    -0.11379311978816986,
    0.09869885444641113,
    0.03396397456526756,
    0.031399425119161606,
    -0.07171738892793655,
    -0.017638690769672394,
    -0.007695881649851799,
    -0.024890635162591934,
    0.009772490710020065,
    -0.04012681916356087,
    -0.046078529208898544,
    -0.07412441819906235,
    0.1132630854845047,
    -0.05949515104293823,
    -0.019401879981160164,
    -0.04871796816587448,
    0.14232298731803894,
    0.018968254327774048,
    0.052001096308231354,
    -0.06628210842609406,
    0.04660970717668533,
    0.11116787046194077,
    -0.03669751435518265,
    -0.03888842463493347,
    -0.005682614166289568,
    -0.051100458949804306,
    -0.006809824146330357,
    -0.11685841530561447,
    -0.15910319983959198,
    0.1052842065691948,
    -0.05511685833334923,
    -0.023705950006842613,
    -0.05364404618740082,
    0.11873567849397659,
    -0.0027860573027282953,
    -0.010822507552802563,
    0.010358667001128197,
    -0.006979808676987886,
    -0.010907215997576714,
    0.038044240325689316,
    0.0022677748929709196,
    -0.04557453468441963,
    0.026748938485980034,
    0.05017166584730148,
    -0.031956885010004044,
    -0.019865073263645172,
    0.030948521569371223,
    -0.05327719449996948,
    0.04047922417521477,
    -0.001551534398458898,
    -0.05053088068962097,
    -0.048933468759059906,
    -0.02175193279981613,
    0.03687993064522743,
    0.05646398663520813,
    -0.11448463052511215,
    0.10623950511217117,
    0.021251212805509567,
    -0.05938239395618439,
    -0.02184409834444523,
    -0.0499870590865612,
    -0.009801249019801617,
    -0.127284437417984,
    -0.07475700229406357,
    -0.07372744381427765,
    -0.07338349521160126,
    -0.11226867139339447,
    0.0746639221906662,
    -0.06430992484092712,
    -0.022893639281392097,
    -0.05109451338648796,
    -0.06642448157072067,
    0.02065984532237053,
    0.06555358320474625,
    -0.011152095161378384,
    -0.07418689876794815,
    0.01489613763988018,
    -0.004544091410934925,
    0.009434700943529606,
    0.0751788541674614,
    -0.08447932451963425,
    -0.023457607254385948,
    0.11824804544448853,
    -0.11589473485946655,
    0.0137108713388443,
    -0.0696454718708992,
    0.06037301570177078,
    -0.060158953070640564,
    -6.245976180707657e-08,
    0.05321497842669487,
    0.0633964091539383,
    -0.00020631081133615226,
    -0.029362110421061516,
    -0.011025502346456051,
    0.0013807835057377815,
    -0.08662604540586472,
    -0.006547987461090088,
    0.009133296087384224,
    -0.028900617733597755,
    0.027941368520259857,
    0.10063015669584274,
    0.010508958250284195,
    0.0038355877622962,
    0.027459783479571342,
    -0.04959053546190262,
    -0.10361320525407791,
    -0.054457712918519974,
    -0.05587746948003769,
    0.023759203031659126,
    -0.02950652688741684,
    -0.04434052109718323,
    -0.03427191078662872,
    0.021450793370604515,
    0.031998541206121445,
    0.03362944722175598,
    -0.0008274244028143585,
    0.013039511628448963,
    0.06286461651325226,
    0.04240996763110161,
    -0.01399109698832035,
    0.014576933346688747,
    -0.01016414538025856,
    0.008109279908239841,
    -0.029344424605369568,
    -0.03401917219161987,
    0.02269185148179531,
    -0.041066333651542664,
    0.049955423921346664,
    -0.0072877900674939156,
    0.02584983967244625,
    0.05392928048968315,
    0.018710454925894737,
    0.07357332855463028,
    -0.011967979371547699,
    -0.03771219030022621,
    -0.021130094304680824,
    -0.0004782672331202775,
    0.04262380674481392,
    -0.10639850795269012,
    -0.05122675374150276,
    -0.034130025655031204,
    0.14235302805900574,
    -0.0064136493019759655,
    -0.06904870271682739,
    0.08910128474235535,
    0.03051396645605564,
    0.06041934713721275,
    0.005225024651736021,
    -0.010429770685732365,
    0.15909475088119507,
    0.0006336625083349645,
    0.01872969977557659,
    0.03086344711482525
]