[
    0.03637908771634102,
    -0.016661901026964188,
    -0.006506200879812241,
    -0.05647658929228783,
    0.04573411867022514,
    0.06665467470884323,
    -0.020515160635113716,
    -0.03284528851509094,
    -0.07811108976602554,
    -0.030220799148082733,
    0.04378875344991684,
    -0.0635402575135231,
    0.03002694435417652,
    -0.023765290156006813,
    0.16137251257896423,
    -0.018577009439468384,
    0.02585516683757305,
    0.03820604085922241,
    -0.10111504793167114,
    0.09533602744340897,
    0.06682401895523071,
    0.059146467596292496,
    -0.04219390079379082,
    0.01377702597528696,
    -0.14510484039783478,
    -0.005041818600147963,
    -0.02295021340250969,
    -0.02131642960011959,
    0.025731386616826057,
    -0.07886407524347305,
    0.03766845911741257,
    0.05273174121975899,
    0.05539781227707863,
    0.0814732238650322,
    0.04907833784818649,
    0.021839303895831108,
    -0.02779579721391201,
    -0.04897287115454674,
    0.038775742053985596,
    0.01912005804479122,
    -0.03758678585290909,
    -0.03260941430926323,
    -0.1461264044046402,
    -0.007439054548740387,
    0.02202353999018669,
    0.02570781111717224,
    0.0177419725805521,
    -0.021452080458402634,
    -0.0037501277402043343,
    0.015074491500854492,
    -0.10313992202281952,
    -0.00262665469199419,
    -0.0836017057299614,
    0.02652263455092907,
    -0.03366169333457947,
    -0.0691036731004715,
    -0.042879316955804825,
    0.034237127751111984,
    -0.017559902742505074,
    -0.030840646475553513,
    0.009709224104881287,
    -0.014156732708215714,
    -0.02055877074599266,
    0.05403667688369751,
    -0.07600650936365128,
    -0.014028486795723438,
    -0.10002914816141129,
    0.037456005811691284,
    0.009907505474984646,
    0.05781134217977524,
    -0.06746441125869751,
    0.010788368992507458,
    0.04115743935108185,
    0.024688856676220894,
    -0.04080105200409889,
    -0.01002634596079588,
    -0.012969164177775383,
    0.015602362342178822,
    0.03130161017179489,
    -0.1098586767911911,
    -0.07570512592792511,
    0.02267950028181076,
    -0.01159498281776905,
    0.020224016159772873,
    -0.05377615615725517,
    -0.04693996533751488,
    -0.0012178439646959305,
    -0.05281347036361694,
    -0.009019534103572369,
    0.036324210464954376,
    0.03648824244737625,
    -0.07796263694763184,
    0.13157841563224792,
    -0.06831362098455429,
    0.06792944669723511,
    -0.023894114419817924,
    -0.024186940863728523,
    -0.05962999537587166,
    0.06948795914649963,
    -0.06763291358947754,
    -0.01500739622861147,
    0.02146456018090248,
    -0.05869288370013237,
    -0.014188035391271114,
    -0.12148089706897736,
    -0.06711986660957336,
    -0.02571336179971695,
    0.06346385926008224,
    0.008821959607303143,
    0.05125424265861511,
    0.003629521233960986,
    0.024301908910274506,
    -0.05265381187200546,
    -0.11458779126405716,
    0.08748570084571838,
    0.007338269148021936,
    0.016011470928788185,
    0.0448429211974144,
    0.03547848388552666,
    0.002849552081897855,
    -0.08141719549894333,
    0.015329956077039242,
    0.03259449824690819,
    -0.07104261219501495,
    0.016071787104010582,
    0.03979948163032532,
    -0.06000520661473274,
    1.636303270834391e-32,
    -0.11779490858316422,
    -0.0262729674577713,
    -0.11126406490802765,
    0.07618407905101776,
    -0.0010285950265824795,
    0.009564931504428387,
    0.031866781413555145,
    0.03325054422020912,
    -0.06180407106876373,
    0.09042470157146454,
    0.03896155580878258,
    0.02747838944196701,
    -0.053988177329301834,
    0.0616101436316967,
    -0.040223315358161926,
    0.011759963817894459,
    -0.015528847463428974,
    0.049319490790367126,
    -0.04102626442909241,
    0.0026174571830779314,
    -0.003465939313173294,
    -0.01853851042687893,
    0.012935921549797058,
    -0.0003693827020470053,
    -0.031107598915696144,
    -0.04594843089580536,
    0.035152457654476166,
    -0.008381892926990986,
    0.03935699164867401,
    0.024896448478102684,
    0.039794471114873886,
    -0.007895801216363907,
    0.05719009414315224,
    -0.022516103461384773,
    0.008880550973117352,
    0.13060060143470764,
    0.003555083181709051,
    -0.04580407589673996,
    0.055531054735183716,
    -0.06419672816991806,
    -0.10817233473062515,
    -0.009547429159283638,
    0.011465495452284813,
    0.0452263318002224,
    0.021417563781142235,
    0.06068669632077217,
    0.009317286312580109,
    -0.013978655450046062,
    0.05708121508359909,
    0.048078905791044235,
    -0.017733465880155563,
    -0.0042414357885718346,
    0.08105097711086273,
    -0.057780005037784576,
    0.003115367842838168,
    -0.03341575711965561,
    -0.07280418276786804,
    0.03742920234799385,
    -0.12023495137691498,
    0.003841524478048086,
    0.012813329696655273,
    0.04909893497824669,
    0.005303133744746447,
    -0.003960192669183016,
    0.005887248553335667,
    -0.018479611724615097,
    -0.007040234748274088,
    -0.012146193534135818,
    0.009349364787340164,
    -0.0207778699696064,
    -0.07044954597949982,
    0.06261469423770905,
    0.008615943603217602,
    0.011262906715273857,
    -0.01587050035595894,
    -0.018795683979988098,
    -0.01924864761531353,
    0.009624850004911423,
    0.04697967320680618,
    -0.007864517159759998,
    -0.06528143584728241,
    0.004383319057524204,
    0.05995064228773117,
    0.033315833657979965,
    -0.02411530166864395,
    -0.024649357423186302,
    0.11235349625349045,
    0.01096383761614561,
    -0.012140117585659027,
    -0.04360918700695038,
    0.01871367357671261,
    0.0037149370182305574,
    -0.05908453091979027,
    0.05984686687588692,
    -0.01316947489976883,
    -1.735960212529166e-32,
    0.008429457433521748,
    -0.013346842490136623,
    -0.002596688224002719,
    0.043107494711875916,
    0.013129846192896366,
    0.04406910017132759,
    -0.07531341910362244,
    -0.07082577049732208,
    0.09380612522363663,
    0.016499655321240425,
    -0.015515508130192757,
    -0.021590452641248703,
    -0.05119171366095543,
    -0.010516777634620667,
    -0.09921249747276306,
    -0.06617936491966248,
    -0.04886860400438309,
    0.013607403263449669,
    0.037770722061395645,
    0.10629404336214066,
    -0.03443233668804169,
    -0.011343060992658138,
    -0.002271317644044757,
    0.09882589429616928,
    -0.008133604191243649,
    0.02767023630440235,
    -0.022235127165913582,
    0.02213495597243309,
    0.13621142506599426,
    0.0005189406801946461,
    0.02808276191353798,
    -0.06519259512424469,
    -0.009637899696826935,
    -0.013651717454195023,
    -0.09689740836620331,
    -0.16633275151252747,
    0.07762797176837921,
    -0.08489120006561279,
    0.02692589722573757,
    -0.044710736721754074,
    0.06761157512664795,
    0.01946220174431801,
    0.0009049777872860432,
    -0.0036122866440564394,
    -0.04602554440498352,
    -0.06888408958911896,
    0.11101137101650238,
    -0.0574621856212616,
    0.0088726207613945,
    -0.013874475844204426,
    0.024208052083849907,
    -0.048720140010118484,
    -0.030438510701060295,
    -0.000965737912338227,
    -0.04291892051696777,
    0.0782359167933464,
    0.021013250574469566,
    -0.013765689916908741,
    0.013268177397549152,
    -0.024913936853408813,
    0.08340520411729813,
    0.10776016116142273,
    -0.04580048844218254,
    0.037944626063108444,
    0.06456750631332397,
    -0.0747416615486145,
    -0.0026685313787311316,
    -0.07106868177652359,
    -0.014945462346076965,
    -0.09945367276668549,
    -0.0738072544336319,
    -0.06723089516162872,
    -0.07510778307914734,
    -0.06084604933857918,
    -0.011133125051856041,
    -0.03317636623978615,
    -0.04474060609936714,
    -0.06756380200386047,
    -0.04538736119866371,
    -0.01889084465801716,
    0.08727426826953888,
    0.006281688343733549,
    -0.09390202909708023,
    0.05091467872262001,
    0.03163088113069534,
    0.05582897365093231,
    0.00412945169955492,
    0.007132954895496368,
    0.03147738054394722,
    0.0574834980070591,
    -0.0779934972524643,
    -0.01260700449347496,
    -0.028198780491948128,
    0.07491816580295563,
    -0.09398748725652695,
    -5.0364949544245974e-08,
    -0.022910986095666885,
    0.022482087835669518,
    -0.013432069681584835,
    0.02485009655356407,
    -0.041268859058618546,
    0.021333515644073486,
    -0.04754967987537384,
    -0.006250595673918724,
    -0.024528656154870987,
    -0.03155641630291939,
    0.04097284749150276,
    0.02620825543999672,
    -0.060437530279159546,
    -0.014217862859368324,
    -0.011973420158028603,
    -0.01052889320999384,
    -0.06668316572904587,
    0.005935598164796829,
    -0.02559143863618374,
    0.07896457612514496,
    -0.02313891425728798,
    -0.019860731437802315,
    -0.023470059037208557,
    0.02456505410373211,
    0.05721947178244591,
    0.015966281294822693,
    0.0029399495106190443,
    0.09409431368112564,
    0.04969172179698944,
    -0.01912042684853077,
    -0.027429848909378052,
    -0.01929618790745735,
    -0.009129221551120281,
    -0.014649244025349617,
    -0.06073891371488571,
    -0.038329459726810455,
    -0.027341872453689575,
    0.01390898134559393,
    0.04395955428481102,
    0.051678311079740524,
    -0.03890497609972954,
    -0.01159001886844635,
    0.040432292968034744,
    0.06317257136106491,
    0.0014668593648821115,
    0.01054343767464161,
    -0.03126876428723335,
    0.05513131618499756,
    0.013329331763088703,
    -0.037603773176670074,
    -0.0716760903596878,
    0.016397768631577492,
    0.06567098945379257,
    -0.023117730394005775,
    -0.05345916748046875,
    0.024847835302352905,
    0.018787747249007225,
    0.02712712064385414,
    0.012398229911923409,
    -0.00434823939576745,
    0.10853812843561172,
    0.07468575984239578,
    0.02520367130637169,
    -0.030022967606782913
]