[
    -0.03438509628176689,
    0.047995150089263916,
    -0.01370913814753294,
    -0.05069863051176071,
    -0.04687647894024849,
    0.07382433861494064,
    -0.005545459222048521,
    -0.04228999838232994,
    0.01597965694963932,
    0.009445952251553535,
    0.00965205579996109,
    -0.00580218993127346,
    -0.005385204683989286,
    -0.06813200563192368,
    0.10129185765981674,
    -0.03273884579539299,
    0.01872258633375168,
    0.033392105251550674,
    -0.0680617019534111,
    0.07631077617406845,
    0.02830309234559536,
    0.10178971290588379,
    -0.035834070295095444,
    0.009125680662691593,
    -0.08437123894691467,
    -0.03711729124188423,
    -0.022477304562926292,
    -0.04628286510705948,
    0.012172606773674488,
    -0.04963556304574013,
    0.05250043794512749,
    0.0309954471886158,
    0.04605971276760101,
    0.08917538821697235,
    -0.0301250871270895,
    -0.009902541525661945,
    -0.07449425011873245,
    0.04597935453057289,
    -0.029761912301182747,
    0.03034912794828415,
    -0.07366417348384857,
    -0.07077852636575699,
    -0.07030721008777618,
    0.01314642746001482,
    0.022044062614440918,
    0.01313120685517788,
    -0.06070316582918167,
    -0.029251819476485252,
    0.006411539390683174,
    0.07447681576013565,
    -0.07042913883924484,
    -0.00659941928461194,
    -0.047966741025447845,
    0.10411908477544785,
    -0.05513772740960121,
    -0.023492364212870598,
    -0.048923686146736145,
    -0.04827779531478882,
    -0.09142709523439407,
    0.012006484903395176,
    -0.03710416331887245,
    0.008151154965162277,
    0.02455480583012104,
    0.07109110802412033,
    -0.038587890565395355,
    0.05165508762001991,
    -0.02323121391236782,
    -0.007880819030106068,
    -0.022375211119651794,
    -0.010979489423334599,
    -0.09214002639055252,
    -0.026685530319809914,
    0.011541003361344337,
    0.04495813325047493,
    0.01781710982322693,
    -0.011754820123314857,
    -0.014690413139760494,
    0.01279502548277378,
    0.06707809120416641,
    -0.1218787133693695,
    -0.03344283998012543,
    0.023774852976202965,
    -0.034696824848651886,
    0.04293014854192734,
    -0.06981157511472702,
    0.0311091598123312,
    -0.006532018538564444,
    -0.005595263093709946,
    0.007651689928025007,
    -0.05421550199389458,
    0.051462966948747635,
    -0.029815606772899628,
    0.0908237099647522,
    -0.06957991421222687,
    0.044220101088285446,
    -0.07740207761526108,
    -0.046547576785087585,
    -0.0735132023692131,
    0.03323895111680031,
    -0.0273821409791708,
    -0.024457210674881935,
    0.014283392578363419,
    0.012936740182340145,
    -0.014708180911839008,
    -0.08694025129079819,
    -0.08544429391622543,
    0.01846376061439514,
    0.020817669108510017,
    0.018758980557322502,
    0.06766544282436371,
    0.0009238704806193709,
    -0.004731627646833658,
    -0.04358142614364624,
    -0.14425991475582123,
    0.026914292946457863,
    -0.007629553787410259,
    -0.05090439319610596,
    0.04058156907558441,
    0.07450202107429504,
    0.003021063981577754,
    -0.026215441524982452,
    -0.01080780103802681,
    -0.04017040133476257,
    -0.07959216088056564,
    -0.06282060593366623,
    0.001204111147671938,
    -0.06795810908079147,
    2.151436192901808e-32,
    -0.018429972231388092,
    -0.012963603250682354,
    -0.022728705778717995,
    0.05418667197227478,
    0.018431369215250015,
    0.010138492099940777,
    0.04225410521030426,
    -0.012715945020318031,
    -0.07216338068246841,
    0.07053221762180328,
    -0.019585352391004562,
    0.056364331394433975,
    -0.0132621880620718,
    0.01931905932724476,
    -0.024968277662992477,
    0.06879691779613495,
    -0.004375126678496599,
    0.09215405583381653,
    -0.02494102343916893,
    0.08363961428403854,
    0.035227060317993164,
    -0.006164219230413437,
    0.01060474757105112,
    0.031856719404459,
    -0.030073584988713264,
    -0.00020722381304949522,
    -0.020512226969003677,
    -0.0067341262474656105,
    0.019754739478230476,
    -0.0024947894271463156,
    0.006982423830777407,
    0.033879294991493225,
    0.012497655116021633,
    -0.0556015744805336,
    0.07129927724599838,
    0.11732365190982819,
    0.030530156567692757,
    -0.0437687523663044,
    0.0816149041056633,
    -0.05262520909309387,
    -0.032190531492233276,
    -0.02381589449942112,
    0.06534961611032486,
    0.023597300052642822,
    0.040558163076639175,
    0.02465750277042389,
    -0.012360019609332085,
    -0.027315272018313408,
    -0.010061918757855892,
    0.0489036962389946,
    -0.034182243049144745,
    0.023620229214429855,
    -0.018094021826982498,
    -0.014105082489550114,
    0.0044128564186394215,
    -0.015479622408747673,
    -0.09400109946727753,
    0.0516735278069973,
    -0.07881490141153336,
    0.07709627598524094,
    -0.018754804506897926,
    0.05061778798699379,
    0.027011340484023094,
    -0.0664382055401802,
    -0.05115732550621033,
    -0.04099415987730026,
    -0.018650932237505913,
    -0.09951761364936829,
    0.0625278577208519,
    0.007178422529250383,
    -0.002499753376469016,
    0.10008257627487183,
    -0.007526534143835306,
    0.048697732388973236,
    0.0033413153141736984,
    -0.04684791713953018,
    -0.02207317017018795,
    -0.012875664979219437,
    0.0477139838039875,
    0.019686348736286163,
    -0.02660180814564228,
    -0.031876444816589355,
    -0.015353856608271599,
    0.08705614507198334,
    0.001165800029411912,
    0.016878921538591385,
    0.06378205865621567,
    0.010045025497674942,
    -0.07087671756744385,
    -0.07201144844293594,
    -0.018944106996059418,
    0.03357868641614914,
    0.008947055786848068,
    0.04874664917588234,
    -0.00729335704818368,
    -2.2351600433551562e-32,
    -0.03046531230211258,
    -0.035192377865314484,
    -0.06978773325681686,
    -0.0011399326613172889,
    0.06376294791698456,
    -0.015560902655124664,
    0.0005849930457770824,
    -0.07894027233123779,
    0.07765477150678635,
    0.06202526018023491,
    0.028725381940603256,
    -0.02642342634499073,
    -0.031408268958330154,
    -0.008085931651294231,
    -0.02915540710091591,
    -0.016989631578326225,
    -0.05442525073885918,
    -0.06451577693223953,
    -0.020345395430922508,
    0.12474216520786285,
    -0.03142061084508896,
    0.009181524626910686,
    -0.012967520393431187,
    0.1570320576429367,
    0.07215861976146698,
    0.06026933342218399,
    -0.01016007550060749,
    0.0411950908601284,
    0.11981255561113358,
    -0.053849514573812485,
    -0.058937184512615204,
    -0.04719334840774536,
    -0.07140066474676132,
    -0.011598799377679825,
    -0.0906774029135704,
    -0.1860862672328949,
    0.08707548677921295,
    -0.049188096076250076,
    -0.006999540142714977,
    -0.05827721208333969,
    0.11409877240657806,
    -0.01754252053797245,
    -0.005216079298406839,
    0.006132449023425579,
    0.018737250939011574,
    -0.07563808560371399,
    0.0444139763712883,
    -0.028524383902549744,
    -0.006471513770520687,
    -0.0009154638391919434,
    0.0350460559129715,
    -0.0513615757226944,
    -0.021972201764583588,
    0.023357855156064034,
    -0.06433670967817307,
    0.07339191436767578,
    0.034516192972660065,
    -0.06969712674617767,
    -0.028129739686846733,
    -0.034261252731084824,
    0.09230653196573257,
    0.06734055280685425,
    -0.0533939003944397,
    0.08855855464935303,
    0.0129776019603014,
    -0.05772319436073303,
    0.027118464931845665,
    -0.06709568202495575,
    -0.04913054034113884,
    -0.09514864534139633,
    -0.06674162298440933,
    -0.09185131639242172,
    -0.048293862491846085,
    -0.1448969691991806,
    0.08199625462293625,
    -0.02044149860739708,
    -0.0582575686275959,
    -0.08998717367649078,
    -0.06405489146709442,
    0.024108070880174637,
    0.06096966937184334,
    -0.03323013335466385,
    -0.028435247018933296,
    0.08323893696069717,
    -0.01729145087301731,
    -0.007421772461384535,
    0.060334399342536926,
    -0.05762230232357979,
    -0.035948991775512695,
    0.06916718184947968,
    -0.0673835277557373,
    -0.022323286160826683,
    -0.07618742436170578,
    0.05590466409921646,
    -0.08708823472261429,
    -5.964516702761102e-08,
    0.022716566920280457,
    0.06639647483825684,
    0.04181031137704849,
    -0.032669827342033386,
    0.00935736857354641,
    -0.05719723552465439,
    -0.020839598029851913,
    -0.009367518126964569,
    0.0003760192194022238,
    0.016311680898070335,
    0.035374294966459274,
    0.08196064829826355,
    -0.01248862687498331,
    -0.016751259565353394,
    0.07043736428022385,
    -0.00026107850135304034,
    -0.08500398695468903,
    -0.04134582728147507,
    -0.056463904678821564,
    0.024556366726756096,
    -0.041336700320243835,
    -0.023814421147108078,
    -0.058686401695013046,
    0.011119738221168518,
    0.014070912264287472,
    0.029900088906288147,
    0.0006375711527653039,
    0.020245619118213654,
    0.07550778239965439,
    0.022754238918423653,
    -0.029905281960964203,
    0.0007472867146134377,
    0.03422509506344795,
    0.0022781891748309135,
    -0.013814199715852737,
    -0.07400678098201752,
    0.041016869246959686,
    -0.03117048181593418,
    0.028889363631606102,
    0.023774415254592896,
    -0.011547191068530083,
    -0.0014457867946475744,
    0.017631221562623978,
    0.08397054672241211,
    0.027649272233247757,
    -0.022936910390853882,
    -0.05015324801206589,
    0.0012474301038309932,
    0.0007162638357840478,
    -0.11008456349372864,
    -0.040260594338178635,
    -0.005504679400473833,
    0.08237209171056747,
    -0.027024174109101295,
    -0.047396522015333176,
    0.03953093662858009,
    0.023327067494392395,
    0.032610636204481125,
    -0.028199810534715652,
    -0.006868650205433369,
    0.10904987156391144,
    0.00920011941343546,
    0.040291208773851395,
    -0.018043560907244682
]