[
    -0.022887350991368294,
    0.01569555699825287,
    -0.012186810374259949,
    -0.0706569254398346,
    -0.07240738719701767,
    0.03853794187307358,
    0.050836674869060516,
    -0.041948359459638596,
    -0.021734055131673813,
    0.05065425857901573,
    0.02607443742454052,
    -0.07992847263813019,
    0.05705320090055466,
    0.012184125371277332,
    0.08596047013998032,
    -0.01807324029505253,
    -0.010931991040706635,
    0.00612589530646801,
    0.0027068275958299637,
    0.07617224007844925,
    0.006911197677254677,
    0.025493500754237175,
    -0.06524167954921722,
    0.01736852526664734,
    -0.009845836088061333,
    0.02709764800965786,
    -0.005291968118399382,
    -0.007541010156273842,
    0.06997917592525482,
    -0.05298536643385887,
    -0.0014346565585583448,
    0.09159106761217117,
    0.02692665345966816,
    0.08472036570310593,
    -0.048732053488492966,
    -0.018278922885656357,
    -0.01079143863171339,
    -0.05742831155657768,
    -0.053103480488061905,
    0.006926814094185829,
    3.44172767654527e-05,
    0.012088415212929249,
    -0.015240026637911797,
    -0.05582290142774582,
    -0.017801543697714806,
    0.047591518610715866,
    0.01738361455500126,
    -0.0003769962931983173,
    -0.0965416207909584,
    0.008912255987524986,
    -0.06573482602834702,
    -0.011797823943197727,
    -0.08045560866594315,
    0.07723172754049301,
    -0.005639932118356228,
    -0.03522069752216339,
    0.08181717991828918,
    0.004573463462293148,
    -0.021436307579278946,
    -0.05740606412291527,
    0.030548756942152977,
    0.03256663680076599,
    -0.048516981303691864,
    0.012706544250249863,
    -0.004980319645255804,
    -0.0028627365827560425,
    -0.0010270103812217712,
    0.00949330534785986,
    -0.058330561965703964,
    0.035855501890182495,
    -0.06479011476039886,
    -0.05917961522936821,
    7.5673260653275065e-06,
    -0.02181662805378437,
    -0.02243868261575699,
    -0.03289009630680084,
    0.013469072058796883,
    0.03415044769644737,
    0.0035868468694388866,
    -0.09705493599176407,
    -0.12678147852420807,
    0.02992425486445427,
    0.0293524619191885,
    -0.034558072686195374,
    -0.063241146504879,
    -0.02940419316291809,
    -0.02829873003065586,
    0.014623117633163929,
    0.0480944849550724,
    -0.0359283946454525,
    0.046418044716119766,
    -0.06338847428560257,
    0.11910509318113327,
    -0.07789675891399384,
    0.06927651166915894,
    -0.006243869196623564,
    0.014965610578656197,
    -0.0790330171585083,
    0.07272764295339584,
    -0.03918014094233513,
    0.05020904541015625,
    0.05222589522600174,
    -0.015007220208644867,
    -0.013339140452444553,
    0.01643453910946846,
    0.04162820801138878,
    -0.011135939508676529,
    -0.014310917817056179,
    0.026932692155241966,
    -0.007927590981125832,
    -0.031242504715919495,
    -0.017351703718304634,
    -0.0014668763615190983,
    -0.08806317299604416,
    0.04239944368600845,
    0.025434887036681175,
    -0.025864528492093086,
    0.04846256226301193,
    0.06261845678091049,
    -0.023022716864943504,
    -0.022621696814894676,
    0.03532718867063522,
    -0.08190328627824783,
    -0.11147994548082352,
    -0.03530015051364899,
    0.013772116042673588,
    -0.011002201586961746,
    1.4299215807237282e-32,
    -0.08237391710281372,
    -0.049111150205135345,
    -0.0939563512802124,
    0.032502103596925735,
    0.04231711104512215,
    -0.0004594341153278947,
    0.06695622950792313,
    0.06527513265609741,
    -0.06283358484506607,
    0.011186067014932632,
    0.004279861692339182,
    -0.023970304057002068,
    -0.027987966313958168,
    0.015645451843738556,
    -0.05034446343779564,
    0.04542967677116394,
    -0.054672881960868835,
    0.05274602770805359,
    0.04528788849711418,
    0.08260039985179901,
    -0.0021397839300334454,
    0.009812610223889351,
    0.07033757120370865,
    -0.0037837359122931957,
    -0.010140710510313511,
    -0.0203626099973917,
    0.009323854930698872,
    -0.006108002737164497,
    0.030008375644683838,
    -0.024906769394874573,
    0.060958754271268845,
    0.05203503370285034,
    0.07503149658441544,
    -0.0062639666721224785,
    -0.008696962147951126,
    0.09752511978149414,
    0.019601836800575256,
    -0.04525631293654442,
    0.0577455498278141,
    -0.0865740180015564,
    -0.02305470034480095,
    -0.044211968779563904,
    -0.03546091541647911,
    0.0194645244628191,
    -0.0029124105349183083,
    0.03648730367422104,
    0.024053387343883514,
    -0.028266552835702896,
    0.033808086067438126,
    0.10510272532701492,
    -0.03384517505764961,
    -0.04005776345729828,
    0.021545659750699997,
    -0.08150046318769455,
    0.004330742172896862,
    0.007314411457628012,
    -0.10888515412807465,
    0.06860797107219696,
    -0.13053373992443085,
    -0.016401272267103195,
    -0.04930827394127846,
    -0.09149019420146942,
    0.06243130564689636,
    -0.01914035528898239,
    0.009877367876470089,
    -0.0014594589592888951,
    -0.034962210804224014,
    0.022747192531824112,
    0.001319858361966908,
    -0.03182503581047058,
    -0.055169492959976196,
    0.06026783213019371,
    0.03509488329291344,
    0.033861927688121796,
    0.012733422219753265,
    -0.0035551092587411404,
    0.03753899037837982,
    -0.028213078156113625,
    0.03814403712749481,
    0.028512416407465935,
    -0.13603781163692474,
    0.0321323461830616,
    0.04216736927628517,
    0.03315837308764458,
    -0.01033689919859171,
    0.03721102699637413,
    0.08851964771747589,
    -0.02619321458041668,
    0.04589846730232239,
    -0.024164743721485138,
    0.032665688544511795,
    -0.03864876553416252,
    -0.009210850112140179,
    0.057192180305719376,
    0.09316989779472351,
    -1.5877751906126007e-32,
    0.04057488590478897,
    -0.01281057484447956,
    -0.11093290895223618,
    0.07245231419801712,
    0.0396130234003067,
    0.015183758921921253,
    -0.07571772485971451,
    -0.042240556329488754,
    0.07508540898561478,
    0.038226168602705,
    -0.012679572217166424,
    -0.06234584376215935,
    -0.03398168459534645,
    -0.03689131885766983,
    -0.006978800520300865,
    -0.10356312990188599,
    -0.041833676397800446,
    -0.034203093498945236,
    0.05272223427891731,
    0.11222492903470993,
    0.02653234452009201,
    -0.06601157784461975,
    -0.017150698229670525,
    0.04526624456048012,
    0.03565254062414169,
    -0.017359215766191483,
    -0.03741850331425667,
    -0.046426210552453995,
    0.020064473152160645,
    0.08373419940471649,
    0.031105617061257362,
    -0.02827032469213009,
    -0.05290182679891586,
    0.009844150394201279,
    -0.08180493861436844,
    -0.16400223970413208,
    0.08412393927574158,
    0.0015740235103294253,
    -0.026449358090758324,
    -0.007411911617964506,
    0.060712628066539764,
    0.008034709841012955,
    0.007017593830823898,
    -0.010145408101379871,
    0.015525821596384048,
    -0.10636196285486221,
    0.05372478812932968,
    -0.0494571179151535,
    0.042769160121679306,
    -0.06730513274669647,
    0.06131072714924812,
    -0.04794248566031456,
    0.019797204062342644,
    -0.022090815007686615,
    -0.06603287905454636,
    0.10345961153507233,
    0.05516156926751137,
    0.020455271005630493,
    -0.00360508868470788,
    0.01567348651587963,
    0.03385894373059273,
    0.04078686237335205,
    0.002845161594450474,
    0.08464467525482178,
    0.04719256982207298,
    0.0010116946650668979,
    -0.05221567675471306,
    -0.039671242237091064,
    -0.001066159107722342,
    -0.0807461366057396,
    -0.08346123993396759,
    -0.07034387439489365,
    0.0008364047389477491,
    0.012562018819153309,
    0.13087277114391327,
    -0.03356741741299629,
    -0.004206075333058834,
    -0.09448199719190598,
    -0.07299556583166122,
    -0.02923935279250145,
    0.06766850501298904,
    0.04787261784076691,
    -0.029145941138267517,
    0.07095599174499512,
    -0.008501210249960423,
    -0.02626851014792919,
    0.013524945825338364,
    0.007606999482959509,
    0.015130080282688141,
    0.010473026894032955,
    -0.01656712405383587,
    0.012315669097006321,
    -0.0068309111520648,
    0.0129240145906806,
    -0.05072628706693649,
    -4.809018605556048e-08,
    -0.07792651653289795,
    0.030142853036522865,
    -0.056038595736026764,
    -0.032307714223861694,
    -0.05476521700620651,
    -0.005118603818118572,
    -0.015254358761012554,
    -0.007083757780492306,
    -0.05054815858602524,
    0.01014910638332367,
    0.033659547567367554,
    0.02519105188548565,
    0.017571834847331047,
    -0.0001649610640015453,
    -0.01952698454260826,
    -0.029267819598317146,
    -0.05089647322893143,
    -0.09725203365087509,
    -0.07682378590106964,
    0.10227115452289581,
    -0.01112646795809269,
    -0.04271073266863823,
    0.0019043823704123497,
    0.008611002005636692,
    0.016253992915153503,
    -0.02658459171652794,
    0.07680392265319824,
    0.17271600663661957,
    0.03719533607363701,
    -0.02333708480000496,
    -0.05918821692466736,
    0.051689278334379196,
    -0.009721270762383938,
    -0.0893847867846489,
    0.008534854277968407,
    -0.04065300524234772,
    0.08245822042226791,
    0.011679952964186668,
    0.040097676217556,
    -0.012187027372419834,
    -0.06529262661933899,
    -0.02278275042772293,
    -0.07284510135650635,
    -0.023020440712571144,
    0.0414845235645771,
    0.053045354783535004,
    -0.09119154512882233,
    0.07066266983747482,
    0.00021918598213233054,
    -0.06128164380788803,
    -0.06321926414966583,
    0.06540984660387039,
    0.04364108294248581,
    0.0027611302211880684,
    -0.027349093928933144,
    -0.045593954622745514,
    0.02819720096886158,
    0.05493073910474777,
    0.03684636577963829,
    -0.07573487609624863,
    0.1282433122396469,
    0.03002849780023098,
    0.07332743704319,
    -0.09534870833158493
]