[
    -0.0018543648766353726,
    0.04503771290183067,
    0.018510188907384872,
    -0.054973356425762177,
    -0.028840279206633568,
    0.06825529783964157,
    0.010941734537482262,
    -0.05816968157887459,
    -0.0013628408778458834,
    -0.007527205161750317,
    -0.025465331971645355,
    -0.03958866745233536,
    -0.059254445135593414,
    -0.0746351033449173,
    0.10195962339639664,
    -0.03099793940782547,
    -0.006252354476600885,
    0.010199918411672115,
    -0.10913708060979843,
    0.06124024838209152,
    0.03503992408514023,
    0.08782260864973068,
    -0.047547847032547,
    -0.027379048988223076,
    -0.13248088955879211,
    -0.017553668469190598,
    -0.03192027285695076,
    -0.05438819155097008,
    0.021774902939796448,
    -0.0327790230512619,
    0.0606900192797184,
    0.02812017872929573,
    0.03377393260598183,
    0.0968787670135498,
    -0.010569165460765362,
    0.018891451880335808,
    -0.05493033304810524,
    0.0055173407308757305,
    -0.011250624433159828,
    0.03798190504312515,
    -0.06535394489765167,
    -0.06336254626512527,
    -0.06344582140445709,
    0.004316951148211956,
    0.0336107537150383,
    0.02339066006243229,
    -0.033182162791490555,
    0.012539227493107319,
    0.005353271961212158,
    0.04206376150250435,
    -0.06858598440885544,
    -0.01365734450519085,
    -0.054942913353443146,
    0.05446038022637367,
    -0.019962407648563385,
    -0.04517466574907303,
    -0.061323702335357666,
    -0.052779216319322586,
    -0.06657885760068893,
    0.005201528314501047,
    -0.03689221292734146,
    0.009417028166353703,
    0.0023201184812933207,
    0.07644634693861008,
    -0.05126446485519409,
    0.03533531352877617,
    -0.024934036657214165,
    -0.03564155474305153,
    0.00837286189198494,
    0.003651295555755496,
    -0.10649419575929642,
    -0.023598160594701767,
    0.01220264844596386,
    0.04736897721886635,
    0.011357883922755718,
    0.018532678484916687,
    -0.016961269080638885,
    0.0005395718617364764,
    0.07781714200973511,
    -0.12680423259735107,
    -0.025781959295272827,
    0.0044804406352341175,
    -0.005553993862122297,
    0.04645878076553345,
    -0.020769894123077393,
    0.017276035621762276,
    -0.03571353480219841,
    -0.03922812268137932,
    -0.03198649734258652,
    -0.03343835473060608,
    0.050906118005514145,
    -0.09256632626056671,
    0.11824407428503036,
    -0.05526556819677353,
    0.05388576164841652,
    -0.03638170659542084,
    -0.004578047897666693,
    -0.06802260130643845,
    0.02238302305340767,
    -0.04954807832837105,
    -0.04814404249191284,
    0.016517747193574905,
    0.011877093464136124,
    0.004666601773351431,
    -0.09532024711370468,
    -0.04780210554599762,
    0.005786738358438015,
    0.0085177356377244,
    0.013016648590564728,
    0.03137482330203056,
    0.029504289850592613,
    0.023603692650794983,
    -0.03363519534468651,
    -0.12513667345046997,
    0.035982511937618256,
    -0.00426161102950573,
    -0.021938608959317207,
    0.021172037348151207,
    0.0620838887989521,
    0.004489192273467779,
    -0.062491875141859055,
    -0.010645854286849499,
    -0.008459347300231457,
    -0.08402866870164871,
    0.002115953480824828,
    0.0033026773016899824,
    -0.038558702915906906,
    1.9842281459058856e-32,
    -0.03205864876508713,
    -0.0323675200343132,
    -0.04364745691418648,
    0.02162788435816765,
    0.010396142490208149,
    0.003616718575358391,
    0.03918425738811493,
    -0.006184438243508339,
    -0.04063158109784126,
    0.13847781717777252,
    -0.005414330400526524,
    0.05557745695114136,
    -0.01919601857662201,
    -0.006456931587308645,
    -0.021948305889964104,
    0.03481051325798035,
    -0.021538611501455307,
    0.056454140692949295,
    -0.038173411041498184,
    0.0784851610660553,
    0.011423946358263493,
    -0.03661216422915459,
    0.009146420285105705,
    6.453008245443925e-05,
    -0.0103539964184165,
    0.024173233658075333,
    0.0025938593316823244,
    -0.05410659685730934,
    0.00837680883705616,
    0.008578089997172356,
    -0.0009802329586818814,
    0.015339263714849949,
    0.01902439258992672,
    -0.03056885302066803,
    0.0653734803199768,
    0.12530137598514557,
    -0.022954637184739113,
    -0.04048994928598404,
    0.07425564527511597,
    -0.05664267763495445,
    -0.06475021690130234,
    -0.03129162639379501,
    0.04117058217525482,
    0.024996759369969368,
    0.04350768402218819,
    0.007713252678513527,
    0.0013111812295392156,
    -0.013249585404992104,
    0.04104416072368622,
    0.04255051910877228,
    -0.019096316769719124,
    -0.00588538171723485,
    0.023416219279170036,
    -0.04181705787777901,
    0.037433505058288574,
    -0.023441286757588387,
    -0.02393324300646782,
    0.01728023588657379,
    -0.05851857736706734,
    0.0861523225903511,
    0.005688957870006561,
    0.04826731979846954,
    -0.027851728722453117,
    -0.057437364012002945,
    -0.003593656700104475,
    -0.06894441694021225,
    -0.0001936413173098117,
    -0.053984180092811584,
    0.06667029112577438,
    -0.021578745916485786,
    -0.026170294731855392,
    0.0883026197552681,
    0.03470231592655182,
    0.0375584214925766,
    0.0011628192150965333,
    -0.012409992516040802,
    -0.05285440757870674,
    -0.028058921918272972,
    0.009013592265546322,
    0.026132820174098015,
    -0.006088209338486195,
    0.0098551195114851,
    0.0074097891338169575,
    0.06530974060297012,
    -0.014566764235496521,
    -0.005538622383028269,
    0.06502141803503036,
    0.05907844007015228,
    -0.07394156605005264,
    -0.07555302232503891,
    -0.029358021914958954,
    0.04861857369542122,
    0.020644234493374825,
    0.015130920335650444,
    -0.008493199944496155,
    -2.0989785820020127e-32,
    -0.041345492005348206,
    -0.03301014378666878,
    -0.05167198181152344,
    0.0040010716766119,
    0.050410110503435135,
    -0.017599651589989662,
    -0.05391133949160576,
    -0.08877813816070557,
    0.07460460066795349,
    0.02687707729637623,
    0.0492120198905468,
    -0.014782979153096676,
    -0.022599153220653534,
    -0.05249174311757088,
    -0.029055118560791016,
    -0.0020908124279230833,
    -0.086074598133564,
    -0.07655049115419388,
    -0.025645477697253227,
    0.13865970075130463,
    -0.03808632120490074,
    0.007474168669432402,
    0.0004791840328834951,
    0.1417301595211029,
    0.03410494327545166,
    0.05587604269385338,
    -0.0018913696985691786,
    0.0015665204264223576,
    0.181737020611763,
    -0.03312069922685623,
    -0.050465043634176254,
    -0.03386368975043297,
    -0.04642690345644951,
    0.01878831535577774,
    -0.08301089704036713,
    -0.20245257019996643,
    0.09479264914989471,
    -0.03817497566342354,
    0.01912359893321991,
    -0.0556454062461853,
    0.11480064690113068,
    -0.009663421660661697,
    -0.03567435219883919,
    0.037988949567079544,
    0.009510371834039688,
    -0.02118578366935253,
    0.03926112875342369,
    -0.01144066546112299,
    -0.02351091057062149,
    -0.00302369287237525,
    0.014780137687921524,
    -0.023026712238788605,
    -0.02440655045211315,
    0.025779232382774353,
    -0.046980734914541245,
    0.0970732569694519,
    0.0008576957625336945,
    -0.07563252002000809,
    -0.00013738192501477897,
    -0.04796694964170456,
    0.06570293009281158,
    0.0689702108502388,
    -0.0031145084649324417,
    0.027233010157942772,
    6.641880463575944e-05,
    -0.030030908063054085,
    -0.009550142101943493,
    -0.0410141721367836,
    -0.034944798797369,
    -0.07646328955888748,
    -0.12237993627786636,
    -0.11478685587644577,
    -0.0821777880191803,
    -0.14031699299812317,
    0.01760871708393097,
    -0.03095957636833191,
    -0.05106934905052185,
    -0.11847115308046341,
    -0.042744942009449005,
    0.09039980918169022,
    0.09373357892036438,
    -0.04940399155020714,
    -0.07351097464561462,
    0.06541895866394043,
    0.027488073334097862,
    0.024812152609229088,
    0.061955228447914124,
    -0.06977321952581406,
    -0.017072241753339767,
    0.04789232462644577,
    -0.06511897593736649,
    0.011493855156004429,
    -0.08385605365037918,
    0.04927293583750725,
    -0.10180383175611496,
    -5.6124527247902734e-08,
    -0.007235579192638397,
    0.061433933675289154,
    -0.017972886562347412,
    -0.051807574927806854,
    0.020426573231816292,
    -0.036501336842775345,
    -0.04283415898680687,
    -0.036785788834095,
    -0.04312632605433464,
    -0.004698893055319786,
    0.0429876446723938,
    0.07885521650314331,
    -0.026987548917531967,
    0.017612870782613754,
    0.0521327368915081,
    -0.025660738348960876,
    -0.08318549394607544,
    0.013103459030389786,
    -0.04262206330895424,
    0.05627642571926117,
    -0.033411622047424316,
    -0.04088839516043663,
    -0.08211550116539001,
    -0.0027188528329133987,
    0.028398679569363594,
    0.030831970274448395,
    -0.013148532249033451,
    0.009968070313334465,
    0.09607648849487305,
    0.07784299552440643,
    -0.0033147158101201057,
    0.0303245410323143,
    0.012685468420386314,
    -0.006605742499232292,
    -0.05666932463645935,
    -0.047579746693372726,
    0.05684133991599083,
    -0.037604980170726776,
    0.0704304575920105,
    -0.010139894671738148,
    0.015332534909248352,
    0.02737198956310749,
    0.02497926354408264,
    0.11440574377775192,
    -0.03211545944213867,
    -0.05464683100581169,
    -0.004816703498363495,
    -0.002009008778259158,
    0.04635615646839142,
    -0.067332424223423,
    -0.021995913237333298,
    -0.014794111251831055,
    0.08871877938508987,
    0.009566052816808224,
    -0.0393364280462265,
    0.07016394287347794,
    -0.0018397042294964194,
    -0.013241557404398918,
    -0.018674449995160103,
    0.015971453860402107,
    0.05698288232088089,
    0.026044614613056183,
    0.07682429254055023,
    -0.004638470709323883
]