[
    -0.03933091089129448,
    0.06462596356868744,
    -0.012341485358774662,
    -0.039052944630384445,
    0.048169635236263275,
    0.11256814002990723,
    0.022226808592677116,
    -0.078203484416008,
    -0.05699491873383522,
    -0.0018221046775579453,
    0.02942374162375927,
    -0.015672102570533752,
    -0.012912601232528687,
    -0.054125141352415085,
    0.0592714361846447,
    -0.006461582612246275,
    0.0233889352530241,
    0.02716921456158161,
    -0.06214681640267372,
    0.027532612904906273,
    0.014235936105251312,
    0.05860211327672005,
    -0.06260783970355988,
    -0.016628511250019073,
    -0.10066848248243332,
    0.026261819526553154,
    0.008862503804266453,
    -0.008318902924656868,
    -0.01435710396617651,
    -0.04077701270580292,
    0.021091915667057037,
    -0.008846105076372623,
    0.032161980867385864,
    0.11116428673267365,
    -0.004554843995720148,
    -0.06091558560729027,
    0.023696595802903175,
    0.05075125768780708,
    -0.014126746915280819,
    0.007959405891597271,
    -0.08663909882307053,
    -0.07670595496892929,
    -0.029511108994483948,
    0.0063460515812039375,
    -0.016390737146139145,
    0.03205621987581253,
    -0.04123016074299812,
    -0.02972627803683281,
    -0.03419703245162964,
    0.042200081050395966,
    -0.07252020388841629,
    -0.036586686968803406,
    0.009197142906486988,
    0.10122992098331451,
    0.01172999944537878,
    -0.050746235996484756,
    -0.06622297316789627,
    -0.04612685367465019,
    -0.10132049769163132,
    0.00042146682972088456,
    0.020169444382190704,
    -0.05608693137764931,
    0.02996976301074028,
    0.04808681458234787,
    -0.026473112404346466,
    0.0023454553447663784,
    -0.05963314324617386,
    -0.030366534367203712,
    0.03774949908256531,
    0.014177029021084309,
    -0.10433036088943481,
    -0.047053948044776917,
    -0.01883113384246826,
    0.036199282854795456,
    -0.004959103185683489,
    0.008782784454524517,
    -0.036675579845905304,
    -0.007812769152224064,
    0.09517408162355423,
    -0.14456066489219666,
    -0.05614062771201134,
    -0.0009904756443575025,
    0.010785488411784172,
    0.08521566540002823,
    -0.043190281838178635,
    -0.023517709225416183,
    -0.016883334144949913,
    -0.01649140939116478,
    -0.005036376882344484,
    -0.019683538004755974,
    0.013164136558771133,
    -0.05425701290369034,
    0.058292824774980545,
    -0.041095029562711716,
    0.052434563636779785,
    -0.054831650108098984,
    -0.012964376248419285,
    0.016909191384911537,
    0.022172072902321815,
    -0.0171763114631176,
    0.004255861043930054,
    -0.03443614020943642,
    -0.021276388317346573,
    0.004856474231928587,
    -0.0611160472035408,
    -0.06495948880910873,
    0.010656123049557209,
    -0.017255796119570732,
    0.013418049551546574,
    0.04041678085923195,
    0.06132692098617554,
    0.09379883110523224,
    -0.08744749426841736,
    -0.15728330612182617,
    0.021793274208903313,
    0.01735691912472248,
    -0.037281230092048645,
    0.057677023112773895,
    -0.0057660480961203575,
    0.04714159294962883,
    -0.02903025969862938,
    -0.0008677991572767496,
    -0.05863373726606369,
    -0.044545210897922516,
    -0.036721326410770416,
    -0.013362211175262928,
    -0.06794971227645874,
    1.5997239437519154e-32,
    0.0338425487279892,
    -0.030030936002731323,
    -0.04972998797893524,
    0.006689350586384535,
    0.06384658813476562,
    -0.016622325405478477,
    -0.007510695140808821,
    -0.04517515003681183,
    -0.006352535914629698,
    0.04799077659845352,
    0.009404459968209267,
    0.012813570909202099,
    -0.007583211176097393,
    -0.035438261926174164,
    -0.0385436937212944,
    0.046195004135370255,
    0.014433469623327255,
    0.10189750045537949,
    -0.0408538356423378,
    0.047212112694978714,
    0.04146496579051018,
    -0.07664468139410019,
    -0.031236393377184868,
    0.0665530189871788,
    -0.05651019886136055,
    0.041268013417720795,
    0.007810823153704405,
    -0.03927242010831833,
    0.028369750827550888,
    0.03497033566236496,
    0.013120008632540703,
    0.046808067709207535,
    0.0017984065925702453,
    -0.0684819221496582,
    0.05146358907222748,
    0.08637933433055878,
    0.016585852950811386,
    -0.03367462009191513,
    0.06447584182024002,
    -0.07648012787103653,
    -0.026659352704882622,
    -0.040667735040187836,
    0.062324028462171555,
    -0.03586818650364876,
    0.08303027600049973,
    -0.021459080278873444,
    -0.061064887791872025,
    0.018139712512493134,
    0.021291429176926613,
    0.06697435677051544,
    -0.029571181163191795,
    -0.006422013510018587,
    0.07968373596668243,
    -0.05709926411509514,
    0.028604425489902496,
    0.0030839203391224146,
    -0.07785205543041229,
    0.07107862085103989,
    -0.013927825726568699,
    0.06661011278629303,
    -0.04624389111995697,
    0.07724262028932571,
    -0.009414521045982838,
    -0.023360777646303177,
    -0.002664596773684025,
    -0.0534733422100544,
    0.0025508326943963766,
    -0.04127536341547966,
    0.06272519379854202,
    0.013879254460334778,
    -0.007874100469052792,
    0.09662993252277374,
    -0.014140053652226925,
    0.012734293937683105,
    -0.038684163242578506,
    0.015478134155273438,
    0.005325772799551487,
    0.012120313011109829,
    0.03215978667140007,
    0.011594177223742008,
    -0.04337240010499954,
    0.01783694513142109,
    0.026481078937649727,
    -0.00632402952760458,
    -0.025744665414094925,
    0.028779493644833565,
    0.07113835960626602,
    0.014089955016970634,
    -0.055700793862342834,
    -0.012356680817902088,
    0.011562672443687916,
    -0.0005302586359903216,
    0.01948254182934761,
    0.039035946130752563,
    -0.03218748793005943,
    -1.7830242145370072e-32,
    -0.04497672989964485,
    -0.04481182619929314,
    -0.10349583625793457,
    -0.041875049471855164,
    0.06264890730381012,
    0.009126459248363972,
    -0.004342695698142052,
    -0.09872865676879883,
    0.032028935849666595,
    0.04810630530118942,
    0.02066616900265217,
    -0.08194686472415924,
    -0.08573587983846664,
    -0.02158401906490326,
    -0.03743233159184456,
    0.014765567146241665,
    -0.035817891359329224,
    -0.016376923769712448,
    -0.0696006789803505,
    0.13040204346179962,
    -0.02589130401611328,
    -0.011732565239071846,
    -0.014088126830756664,
    0.17171089351177216,
    0.045547351241111755,
    0.06708146631717682,
    -0.039586909115314484,
    0.020142236724495888,
    0.06486979871988297,
    -0.007639058865606785,
    -0.05741226673126221,
    -0.02607320435345173,
    -0.055523332208395004,
    0.02234361693263054,
    -0.05483683571219444,
    -0.21178588271141052,
    0.02384359762072563,
    -0.05555780231952667,
    0.007352837827056646,
    -0.011713043786585331,
    0.10424669086933136,
    0.022685028612613678,
    -0.02464853785932064,
    0.0020881262607872486,
    0.006540062837302685,
    -0.04708661511540413,
    0.04257922247052193,
    -0.026737580075860023,
    -0.041452836245298386,
    -0.01675446331501007,
    0.09600984305143356,
    -0.03023868426680565,
    -0.03346347436308861,
    0.024958085268735886,
    -0.0612947940826416,
    0.03363240137696266,
    -0.01154040265828371,
    -0.054658930748701096,
    -0.06746654957532883,
    0.00332594383507967,
    0.040239591151475906,
    0.04918399080634117,
    -0.04072585329413414,
    0.10001250356435776,
    0.023531723767518997,
    -0.06845712661743164,
    -0.026873484253883362,
    -0.060476984828710556,
    -0.031793560832738876,
    -0.077098548412323,
    -0.07293680310249329,
    -0.09973932057619095,
    -0.026042059063911438,
    -0.08022980391979218,
    0.08454678952693939,
    -0.06639859080314636,
    -0.035063717514276505,
    -0.046415217220783234,
    -0.1276419311761856,
    0.057741306722164154,
    0.039142437279224396,
    -0.030948353931307793,
    -0.009115268476307392,
    0.08331631869077682,
    0.04665011912584305,
    0.026689523831009865,
    0.05222162976861,
    -0.014835032634437084,
    0.006766354665160179,
    0.04424189031124115,
    -0.08139611780643463,
    -0.004315530881285667,
    -0.10392021387815475,
    0.028711456805467606,
    -0.061127591878175735,
    -5.242614875555773e-08,
    0.017343701794743538,
    0.043951697647571564,
    0.017098618671298027,
    -0.03891478478908539,
    -0.03706183657050133,
    -0.052292607724666595,
    -0.02613314427435398,
    -0.034249331802129745,
    0.015506686642765999,
    -0.014770346693694592,
    0.019635578617453575,
    0.007117001805454493,
    -0.015776269137859344,
    -0.003712843870744109,
    0.0894177109003067,
    -0.019320443272590637,
    -0.058952413499355316,
    -0.041853953152894974,
    -0.053580768406391144,
    0.001968320459127426,
    0.019008919596672058,
    -0.037331756204366684,
    -0.039985742419958115,
    0.04035573825240135,
    0.01405571773648262,
    0.061665456742048264,
    -0.03487566113471985,
    0.016069555655121803,
    0.08582092821598053,
    0.04537598043680191,
    -0.03693605959415436,
    0.03593534603714943,
    0.015255987644195557,
    -0.04134203493595123,
    -0.0346134714782238,
    -0.03726328909397125,
    0.0720629170536995,
    -0.06665180623531342,
    0.02399347350001335,
    -0.025158658623695374,
    0.013227413408458233,
    0.025797052308917046,
    0.02549935318529606,
    0.08542359620332718,
    -0.0012825722806155682,
    -0.07226094603538513,
    -0.0309243593364954,
    -0.005703544709831476,
    -0.014744347892701626,
    -0.0909230187535286,
    -0.027188008651137352,
    -0.029367851093411446,
    0.12621600925922394,
    0.030731642618775368,
    -0.0691208764910698,
    0.09443377703428268,
    0.0603017695248127,
    0.018789615482091904,
    -0.04548121243715286,
    -0.06343192607164383,
    0.16226550936698914,
    0.04026931896805763,
    0.027797723188996315,
    0.022812101989984512
]