[
    -0.04393705353140831,
    0.09844394028186798,
    0.009231758303940296,
    -0.058236341923475266,
    -0.03604847937822342,
    0.05704833194613457,
    -0.04471423849463463,
    -0.05052825063467026,
    -0.010939029976725578,
    0.0014298222959041595,
    -0.004940052516758442,
    -0.020420653745532036,
    -0.03376051411032677,
    -0.07791212201118469,
    0.08196873217821121,
    -0.01876533403992653,
    -0.0005370746948756278,
    0.014562391676008701,
    -0.0975765511393547,
    0.08133165538311005,
    0.032729003578424454,
    0.09351329505443573,
    -0.02218819595873356,
    0.025683004409074783,
    -0.1122734397649765,
    0.005394897889345884,
    -0.014047589153051376,
    -0.053357794880867004,
    0.048154912889003754,
    -0.04009354114532471,
    0.0871744155883789,
    0.01736319810152054,
    0.039762791246175766,
    0.07265601307153702,
    -0.029963137581944466,
    -0.0024971652310341597,
    -0.012622009962797165,
    0.03289471194148064,
    -0.04269853234291077,
    0.01909703016281128,
    -0.037717778235673904,
    -0.07278995215892792,
    -0.07459118217229843,
    0.01937875524163246,
    0.029508236795663834,
    0.012964422814548016,
    -0.02910839021205902,
    0.006532718893140554,
    -0.005537610966712236,
    0.045490812510252,
    -0.09363172203302383,
    -0.04109402373433113,
    -0.014388424344360828,
    0.06638128310441971,
    -0.035708971321582794,
    -0.03879036009311676,
    -0.03218472748994827,
    -0.019054748117923737,
    -0.0681295171380043,
    -0.008879004046320915,
    0.011469892226159573,
    0.014426145702600479,
    -0.005391739308834076,
    0.07694438844919205,
    -0.06909786909818649,
    0.0805664211511612,
    -0.019685164093971252,
    -0.01883290521800518,
    0.021168360486626625,
    -0.011039787903428078,
    -0.1079353466629982,
    -0.051684096455574036,
    0.00644875131547451,
    0.06353700160980225,
    -0.0036269468255341053,
    -0.012153657153248787,
    -0.05095530301332474,
    0.0069739739410579205,
    0.09330976009368896,
    -0.12096589058637619,
    -0.03234882280230522,
    -0.006361870560795069,
    -0.007619371172040701,
    0.07450044900178909,
    -0.02491484209895134,
    -0.027837028726935387,
    -0.027179572731256485,
    -0.014802511781454086,
    0.02497534453868866,
    -0.05506975203752518,
    0.05866187438368797,
    -0.054738812148571014,
    0.0697835311293602,
    -0.06565660983324051,
    0.04703774303197861,
    -0.037647366523742676,
    -0.016125934198498726,
    -0.07437168806791306,
    0.01895967125892639,
    -0.0012601420748978853,
    -0.02457471378147602,
    -0.0144417192786932,
    0.003808564506471157,
    -0.016946516931056976,
    -0.03501218929886818,
    -0.07059259712696075,
    0.004636657424271107,
    -0.02598641999065876,
    0.02767736092209816,
    0.07809743285179138,
    0.06260071694850922,
    0.005110315978527069,
    -0.03716297820210457,
    -0.12240783870220184,
    0.06420429795980453,
    0.01940620131790638,
    -0.05732589587569237,
    0.07980172336101532,
    0.020464137196540833,
    0.007711248006671667,
    -0.0435577891767025,
    -0.02973436564207077,
    -0.010281029157340527,
    -0.10340508073568344,
    -0.033125415444374084,
    -0.0031832230743020773,
    -0.06398598849773407,
    1.920018089423363e-32,
    -0.01995665207505226,
    0.009236399084329605,
    -0.03713652119040489,
    0.042044829577207565,
    0.02255132421851158,
    -0.03411220386624336,
    0.011620604433119297,
    -0.037441667169332504,
    -0.0268400851637125,
    0.05650767683982849,
    0.03526723384857178,
    0.04790881648659706,
    -0.003235884942114353,
    -0.004489133134484291,
    -0.014106765389442444,
    0.03876465931534767,
    -0.018776843324303627,
    0.088005430996418,
    -0.013757352717220783,
    0.08278882503509521,
    0.0516723096370697,
    -0.0539114810526371,
    0.006233748514205217,
    0.02158658392727375,
    0.021107640117406845,
    0.040535543113946915,
    0.031216464936733246,
    -0.015967918559908867,
    0.027881095185875893,
    0.008437332697212696,
    0.027334611862897873,
    0.0014586214674636722,
    0.0190489012748003,
    -0.08666669577360153,
    0.0829307809472084,
    0.11733541637659073,
    0.02805469185113907,
    -0.05191769078373909,
    0.05462125688791275,
    -0.06538284569978714,
    0.014515474438667297,
    -0.018060050904750824,
    0.10017561167478561,
    0.030013011768460274,
    0.06696593761444092,
    0.0014174574753269553,
    -0.01143430545926094,
    -0.012867938727140427,
    0.036307450383901596,
    0.04192764312028885,
    -0.01700352504849434,
    -0.0036634106654673815,
    0.005286016035825014,
    -0.02788064256310463,
    -0.005440640728920698,
    -0.02184521220624447,
    -0.08884216099977493,
    0.016624020412564278,
    -0.050455860793590546,
    0.03388861194252968,
    -0.03269122168421745,
    0.05196884647011757,
    -0.030553970485925674,
    -0.015778658911585808,
    -0.023108214139938354,
    -0.08200699836015701,
    -0.01564873568713665,
    -0.06034940853714943,
    0.043362412601709366,
    -0.024269407615065575,
    -0.004125139210373163,
    0.057366665452718735,
    -0.03651190921664238,
    0.03243676945567131,
    -0.01140533946454525,
    -0.03320702537894249,
    0.00905164610594511,
    -0.005544758401811123,
    0.032098691910505295,
    -0.005708299111574888,
    -0.06264735013246536,
    0.016486123204231262,
    0.009364047087728977,
    0.06618253141641617,
    -0.01533818244934082,
    -0.009119887836277485,
    0.08082737028598785,
    0.05704726278781891,
    -0.07726393640041351,
    -0.045421089977025986,
    0.014979605562984943,
    0.04828133434057236,
    0.009561358019709587,
    0.009436202235519886,
    -0.025020286440849304,
    -2.0058343198211747e-32,
    -0.005443661008030176,
    -0.07069060206413269,
    -0.03913789987564087,
    0.0031193033792078495,
    0.084153912961483,
    -0.01666755974292755,
    0.01656707003712654,
    -0.08151862770318985,
    0.07240469753742218,
    -0.012931516394019127,
    0.04717664793133736,
    -0.053399790078401566,
    -0.003380643203854561,
    -0.043787065893411636,
    -0.02206479199230671,
    0.0024950443767011166,
    -0.07299620658159256,
    -0.026433585211634636,
    -0.04377711936831474,
    0.08068012446165085,
    0.013878815807402134,
    -0.011992840096354485,
    0.0003104661009274423,
    0.13052718341350555,
    0.04524536430835724,
    0.03117586299777031,
    -0.03078104369342327,
    0.0019662342965602875,
    0.11254231631755829,
    -0.04730480536818504,
    -0.06380822509527206,
    -0.03216012567281723,
    -0.0662907063961029,
    0.018505653366446495,
    -0.11754677444696426,
    -0.1673073172569275,
    0.06855415552854538,
    -0.04625697806477547,
    -0.05472823604941368,
    -0.041317347437143326,
    0.11198720335960388,
    0.02489457279443741,
    -0.012730629183351994,
    0.020643610507249832,
    -0.012044589966535568,
    -0.044525112956762314,
    0.06191948428750038,
    -0.010002491995692253,
    -0.05648299679160118,
    -0.026620853692293167,
    0.06794790178537369,
    -0.05532617121934891,
    -0.01843903213739395,
    0.027612991631031036,
    -0.04752105847001076,
    0.07277674973011017,
    -0.0029521342366933823,
    -0.05309385433793068,
    -0.0423484742641449,
    -0.014840747229754925,
    0.06662043929100037,
    0.05572464317083359,
    -0.05637381598353386,
    0.08539339154958725,
    0.038495417684316635,
    -0.07124461233615875,
    -0.01609274558722973,
    -0.050712596625089645,
    -0.04008433222770691,
    -0.0818893164396286,
    -0.06811761856079102,
    -0.11696293205022812,
    -0.033896733075380325,
    -0.11090504378080368,
    0.04794255644083023,
    -0.06026036664843559,
    -0.043655041605234146,
    -0.08796504139900208,
    -0.08576665073633194,
    0.007480320520699024,
    0.06141485273838043,
    -0.006990212481468916,
    -0.05398346856236458,
    0.06349866092205048,
    0.011980494484305382,
    0.04030308127403259,
    0.07107299566268921,
    -0.056970275938510895,
    -0.014383537694811821,
    0.10120073705911636,
    -0.09455887973308563,
    0.009816698729991913,
    -0.08547643572092056,
    0.08120369911193848,
    -0.08198774605989456,
    -5.522859325424179e-08,
    0.00940526369959116,
    0.05462752282619476,
    0.010383402928709984,
    -0.043160200119018555,
    0.018061835318803787,
    -0.0305292047560215,
    -0.07123787701129913,
    -0.01962815411388874,
    -0.014907369390130043,
    -0.059688545763492584,
    0.054248977452516556,
    0.0709156021475792,
    -0.03743390366435051,
    -0.0009712873143143952,
    0.04557820409536362,
    -0.010661148466169834,
    -0.06431791186332703,
    -0.010661984793841839,
    -0.06085849180817604,
    0.009134484454989433,
    -0.05310501158237457,
    -0.05109504237771034,
    -0.07824202626943588,
    0.03789170831441879,
    0.05481190234422684,
    0.05441838875412941,
    -0.027097992599010468,
    0.0476255863904953,
    0.07060714811086655,
    0.0473163016140461,
    -0.010911250486969948,
    -0.0008072432829067111,
    0.049107715487480164,
    -0.023288704454898834,
    -0.06610919535160065,
    -0.07388810068368912,
    0.023784494027495384,
    -0.04686392843723297,
    0.07772000133991241,
    -0.013582433573901653,
    0.021441971883177757,
    0.05444715917110443,
    0.03468024730682373,
    0.08364229649305344,
    -0.02312006987631321,
    -0.06375020742416382,
    -0.01113896444439888,
    0.03621697053313255,
    0.038323771208524704,
    -0.09506087750196457,
    -0.04532473161816597,
    -0.03947478532791138,
    0.11534840613603592,
    -0.01939864456653595,
    -0.04679235816001892,
    0.06453511863946915,
    0.024075528606772423,
    0.04473858326673508,
    -0.04311713948845863,
    -0.037234075367450714,
    0.1489545702934265,
    0.00789732113480568,
    0.055034879595041275,
    0.0016962059307843447
]