[
    0.06743045896291733,
    -0.06965366005897522,
    -0.01265873946249485,
    -0.061551667749881744,
    -0.02060338668525219,
    0.05713290721178055,
    0.011766667477786541,
    -0.04978855699300766,
    -0.013606864959001541,
    0.007440565153956413,
    0.01647588424384594,
    -0.056052472442388535,
    -0.04551626369357109,
    0.004673659335821867,
    0.054198138415813446,
    0.024948764592409134,
    0.008094021119177341,
    0.07256966829299927,
    -0.11953210830688477,
    0.03728840500116348,
    -0.012506179511547089,
    -0.06329353898763657,
    -0.03443605452775955,
    0.022892624139785767,
    -0.07857445627450943,
    -0.023652946576476097,
    -0.0003389037156011909,
    0.05263711139559746,
    0.03450116515159607,
    -0.09230876713991165,
    -0.02506096474826336,
    0.023067248985171318,
    0.10995040088891983,
    0.07074371725320816,
    0.0011733121937140822,
    0.02809314616024494,
    -0.028881845995783806,
    -0.04827104136347771,
    0.023051176220178604,
    -0.018055323511362076,
    -0.060633789747953415,
    -0.04140347242355347,
    -0.02679283916950226,
    -0.04650256410241127,
    -0.012056979350745678,
    0.08465345203876495,
    0.00014649424701929092,
    -0.029526066035032272,
    -0.0022175905760377645,
    -0.00767434760928154,
    -0.0682564452290535,
    -0.033896222710609436,
    -0.009580086916685104,
    0.015397102572023869,
    4.1327322719553194e-07,
    0.008886080235242844,
    -0.057989154011011124,
    -0.02314474992454052,
    0.013730230741202831,
    -0.03080175258219242,
    0.03398924693465233,
    0.04613836854696274,
    -0.03717488422989845,
    0.03694486990571022,
    0.008131465874612331,
    -0.018920723348855972,
    -0.022440144792199135,
    0.05305463448166847,
    -0.05174223706126213,
    0.01306476816534996,
    -0.010420692153275013,
    -0.03787247836589813,
    -0.01846150867640972,
    0.011096988804638386,
    -0.09793900698423386,
    0.02190277725458145,
    -0.04525903984904289,
    0.06876717507839203,
    0.04167668893933296,
    -0.1180792897939682,
    -0.07754513621330261,
    0.07755913585424423,
    0.01169831957668066,
    -0.010946821421384811,
    -0.08899717032909393,
    -0.01973743923008442,
    0.03347434103488922,
    0.01779327169060707,
    -0.0006528122466988862,
    0.0778220072388649,
    0.01782921887934208,
    -0.04402797296643257,
    0.17471471428871155,
    -0.052304867655038834,
    0.024628611281514168,
    0.050081025809049606,
    -0.06259983032941818,
    -0.04778328910470009,
    0.0031922576017677784,
    -0.03982168436050415,
    0.04292437061667442,
    0.02664915844798088,
    -0.07851903140544891,
    0.016188619658350945,
    -0.06324750930070877,
    -0.03189200162887573,
    0.01306457445025444,
    -0.009910859167575836,
    0.034395746886730194,
    0.008889797143638134,
    -0.037955962121486664,
    0.06062792241573334,
    -0.1008622795343399,
    -0.09267859160900116,
    0.014073967933654785,
    -0.003034830093383789,
    -0.033592380583286285,
    0.04900888726115227,
    0.08819802850484848,
    -0.06398729979991913,
    -0.056420136243104935,
    -0.02959134802222252,
    -0.01990310288965702,
    -0.07973958551883698,
    0.0004296467232052237,
    0.03178877383470535,
    -0.07571376115083694,
    1.9779798056840898e-32,
    -0.07333865016698837,
    -0.011880159378051758,
    -0.079234778881073,
    0.08481714129447937,
    -0.02466249093413353,
    0.006855187937617302,
    0.02685471996665001,
    0.0384703055024147,
    -0.15894734859466553,
    0.08714280277490616,
    0.03491142392158508,
    0.038075871765613556,
    -0.061881501227617264,
    -0.030309440568089485,
    -0.02657279744744301,
    0.00220802566036582,
    -0.0286242812871933,
    0.05586681514978409,
    0.020293910056352615,
    -0.026772234588861465,
    0.006817572750151157,
    0.048445925116539,
    -0.020995285362005234,
    0.017176233232021332,
    0.04454592615365982,
    -0.11127348244190216,
    -0.03852071240544319,
    -0.013324852101504803,
    -0.004274570383131504,
    0.04150785878300667,
    0.07067820429801941,
    0.038962479680776596,
    0.02101709693670273,
    -0.019850315526127815,
    0.06207828223705292,
    0.10098949074745178,
    -0.026678644120693207,
    -0.055181827396154404,
    0.045915018767118454,
    -0.0191845390945673,
    -0.06426996737718582,
    -0.07391218841075897,
    -0.05460565164685249,
    -0.01804022677242756,
    -0.009672976098954678,
    0.010969922877848148,
    -0.05837065353989601,
    -0.020127974450588226,
    0.02117895893752575,
    0.050248198211193085,
    -0.03456581011414528,
    -0.011981049552559853,
    0.05057505518198013,
    -0.05891188234090805,
    -0.006104439031332731,
    -0.004079300444573164,
    -0.0504734180867672,
    0.00420899223536253,
    -0.09152116626501083,
    0.007242439314723015,
    -0.08455819636583328,
    0.07936824858188629,
    -0.04360896721482277,
    0.03651236370205879,
    -0.01872427575290203,
    0.04575299099087715,
    0.01734689623117447,
    0.011542960070073605,
    0.004994499031454325,
    0.009615074843168259,
    -0.022598693147301674,
    0.011650166474282742,
    -0.02832147106528282,
    -0.0030968934297561646,
    -0.026521213352680206,
    -0.04575248062610626,
    -0.06085584685206413,
    0.01057074498385191,
    0.06488163769245148,
    0.04758166894316673,
    -0.04010385647416115,
    -0.002692760666832328,
    0.08937589079141617,
    0.01388916652649641,
    -0.04904515668749809,
    0.002912790747359395,
    0.08086197823286057,
    -0.022466516122221947,
    0.004327571485191584,
    0.044536273926496506,
    0.008134495466947556,
    -0.0209878608584404,
    0.019566690549254417,
    0.08260633796453476,
    -0.01661105267703533,
    -2.0378151130032336e-32,
    -0.011417855508625507,
    -0.05742233991622925,
    0.021093325689435005,
    -0.02800890803337097,
    -0.01659628376364708,
    0.0011030420428141952,
    -0.07951632887125015,
    -0.12772665917873383,
    0.0031447671353816986,
    -0.006820208393037319,
    -0.01002353522926569,
    -0.02203221432864666,
    -0.0018712622113525867,
    -0.012305520474910736,
    -0.10002176463603973,
    -0.0785931944847107,
    -0.027443185448646545,
    -0.04629305750131607,
    0.061055514961481094,
    0.05089711397886276,
    0.01170282531529665,
    0.0015744382981210947,
    0.02560178004205227,
    0.15182523429393768,
    -0.004976298660039902,
    0.011691495776176453,
    -0.06738447397947311,
    -0.0033808283042162657,
    0.13578815758228302,
    -0.0004905691603198647,
    -0.027506889775395393,
    -0.07963558286428452,
    0.0010987853165715933,
    0.019604498520493507,
    -0.09080862998962402,
    -0.16343176364898682,
    0.05740103870630264,
    -0.12564270198345184,
    0.004547534976154566,
    -0.027362925931811333,
    0.004612079821527004,
    0.006631309632211924,
    0.035251814872026443,
    -0.028171241283416748,
    -0.0038237490225583315,
    -0.02702261134982109,
    0.07067930698394775,
    -0.04455939680337906,
    0.023624366149306297,
    -0.03408464789390564,
    0.0009183833026327193,
    -0.007276235148310661,
    -0.01799808256328106,
    0.024930257350206375,
    -0.016001367941498756,
    0.08994723111391068,
    0.11136362701654434,
    0.02357504516839981,
    0.00945985410362482,
    0.03556126356124878,
    0.07472298294305801,
    0.09802205115556717,
    0.004123066086322069,
    0.12879376113414764,
    0.04781949892640114,
    -0.03018828295171261,
    -0.055459070950746536,
    -0.049163833260536194,
    -0.030447108671069145,
    -0.07221020013093948,
    -0.04818376898765564,
    -0.11560123413801193,
    -0.07511705160140991,
    -0.08328142762184143,
    0.00800365675240755,
    0.021633774042129517,
    0.010381710715591908,
    -0.10186845064163208,
    -0.06400255113840103,
    0.01606619544327259,
    0.07144928723573685,
    0.05059030279517174,
    0.004467042163014412,
    0.11186312884092331,
    0.01900828257203102,
    0.05115790292620659,
    0.044069353491067886,
    -0.03789607062935829,
    0.05600550025701523,
    0.036568135023117065,
    -0.07737236469984055,
    -0.014029145240783691,
    -0.012629923410713673,
    0.013217885978519917,
    -0.03228117898106575,
    -5.631628852142967e-08,
    -0.05852381885051727,
    0.009659628383815289,
    -0.007243695203214884,
    -0.030650293454527855,
    -0.027632098644971848,
    -0.028448166325688362,
    -0.010113396681845188,
    -0.038701131939888,
    -0.04319661483168602,
    0.0024890496861189604,
    0.021697361022233963,
    0.03654820844531059,
    -0.1212587058544159,
    0.013643227517604828,
    -0.007065544370561838,
    -0.08517912775278091,
    -0.03265511244535446,
    0.033107805997133255,
    -0.021195994690060616,
    0.07461722195148468,
    0.007949317805469036,
    -0.018714116886258125,
    0.03718779981136322,
    0.04205787554383278,
    0.025414390489459038,
    -0.012996196746826172,
    0.02563445456326008,
    0.08162791281938553,
    0.06263557076454163,
    0.04475719854235649,
    -0.003858409123495221,
    0.020518679171800613,
    0.05232568085193634,
    -0.007575809024274349,
    0.00238248729147017,
    0.019072415307164192,
    0.007235631812363863,
    0.06634343415498734,
    0.004726239014416933,
    0.010918578132987022,
    -0.06247032806277275,
    0.06593011319637299,
    -0.006652733776718378,
    0.08399519324302673,
    0.0059721507132053375,
    0.019438080489635468,
    -0.05656612291932106,
    0.028231371194124222,
    0.026529598981142044,
    -0.1193510890007019,
    0.031151190400123596,
    -0.0305111575871706,
    0.01066401693969965,
    0.03959362208843231,
    -0.03720690682530403,
    0.03750436380505562,
    0.010969982482492924,
    0.0796164721250534,
    0.005115218926221132,
    -0.06738677620887756,
    0.11743110418319702,
    0.031015189364552498,
    -0.004283018410205841,
    -0.009440649300813675
]