[
    -0.020826444029808044,
    0.02262560836970806,
    -0.030743714421987534,
    -0.05832201987504959,
    -0.048267096281051636,
    0.060622140765190125,
    0.0037148064002394676,
    -0.0707690492272377,
    -0.009339828975498676,
    0.0072233243845403194,
    0.023378336802124977,
    -0.05199798196554184,
    0.00874741468578577,
    -0.05008995160460472,
    0.08638878166675568,
    -0.011514918878674507,
    0.0274354238063097,
    -0.0017615659162402153,
    -0.10687360167503357,
    0.07974006235599518,
    0.04092332720756531,
    0.07309511303901672,
    -0.03615257889032364,
    -0.01271478645503521,
    -0.12173887342214584,
    -0.027030939236283302,
    -0.028112996369600296,
    -0.07751020044088364,
    0.01814570464193821,
    -0.06018416956067085,
    0.05182761326432228,
    0.00584239698946476,
    0.029825394973158836,
    0.09069638699293137,
    0.012780649587512016,
    0.025573059916496277,
    0.006927021779119968,
    0.001822225283831358,
    -0.00045370636507868767,
    0.012347754091024399,
    -0.06456080824136734,
    -0.04813786968588829,
    -0.04120378941297531,
    -0.005851319991052151,
    0.0204322412610054,
    0.02314920723438263,
    -0.035069674253463745,
    -0.026517793536186218,
    0.009923179633915424,
    0.04106425493955612,
    -0.0974639356136322,
    -0.009987905621528625,
    -0.039802152663469315,
    0.09642132371664047,
    -0.03779587894678116,
    -0.015616865828633308,
    -0.032440558075904846,
    -0.03947323188185692,
    -0.08340257406234741,
    -0.029221491888165474,
    0.007397654931992292,
    0.03105945698916912,
    0.01057705469429493,
    0.06619281321763992,
    -0.05743581801652908,
    0.017168141901493073,
    -0.014351735822856426,
    -0.022689925506711006,
    -0.010714927688241005,
    -0.006132649723440409,
    -0.09857440739870071,
    -0.020000353455543518,
    -0.028570104390382767,
    0.041991520673036575,
    -0.01782926917076111,
    0.021665003150701523,
    -0.04185657575726509,
    0.013266099616885185,
    0.08364249020814896,
    -0.15237723290920258,
    -0.05570024624466896,
    0.008482463657855988,
    0.010339236818253994,
    0.0762648954987526,
    -0.07067419588565826,
    0.0001550325978314504,
    -0.011273614130914211,
    -0.03970722854137421,
    0.007356663700193167,
    -0.022711697965860367,
    0.06521039456129074,
    -0.07026847451925278,
    0.11195699870586395,
    -0.047808583825826645,
    0.0810418426990509,
    -0.05929380655288696,
    0.008369370363652706,
    -0.053042083978652954,
    0.010577314533293247,
    0.00296308402903378,
    -0.029334740713238716,
    0.0062363725155591965,
    0.004335762932896614,
    0.015622708946466446,
    -0.08923850953578949,
    -0.05590378865599632,
    -0.019203487783670425,
    -0.0056953635066747665,
    0.02399500086903572,
    0.04004354774951935,
    0.01974247395992279,
    0.0050341361202299595,
    -0.059013623744249344,
    -0.13407370448112488,
    0.052233632653951645,
    -0.012085488066077232,
    0.012585656717419624,
    0.03151770308613777,
    0.029982799664139748,
    -0.01419241726398468,
    -0.0220476184040308,
    -0.007034515496343374,
    -0.071219801902771,
    -0.09392619878053665,
    -0.03034576214849949,
    0.03291952610015869,
    -0.03706641122698784,
    1.9951878674857772e-32,
    -0.022745462134480476,
    0.006400797516107559,
    -0.06534426659345627,
    0.041825804859399796,
    0.024774819612503052,
    -0.027239548042416573,
    0.03198068216443062,
    0.005061126314103603,
    -0.06869615614414215,
    0.05994325876235962,
    0.002079595346003771,
    0.024785371497273445,
    -0.028347820043563843,
    -0.05713691934943199,
    -0.02283070608973503,
    0.02151743695139885,
    -0.010951142758131027,
    0.09616012126207352,
    -0.02956891991198063,
    0.07015570998191833,
    -0.003441072069108486,
    -0.0226381067186594,
    0.006554041523486376,
    -0.007233742158859968,
    -0.01133430190384388,
    0.004975039046257734,
    0.010086213238537312,
    -0.014885926619172096,
    0.006164524704217911,
    0.010580772534012794,
    0.07394588738679886,
    0.027373310178518295,
    0.009182118810713291,
    -0.035205740481615067,
    0.0445350743830204,
    0.1274046152830124,
    0.0370463989675045,
    -0.059528883546590805,
    0.06465649604797363,
    -0.09446566551923752,
    -0.04691684991121292,
    -0.023463767021894455,
    0.04108996316790581,
    0.04055739566683769,
    0.04963817819952965,
    0.005016203969717026,
    0.008250929415225983,
    -0.010463479906320572,
    0.03273267298936844,
    0.06543506681919098,
    -0.02840333990752697,
    -0.014750700443983078,
    0.022889219224452972,
    -0.027809489518404007,
    0.016537657007575035,
    -0.04236173629760742,
    -0.055732112377882004,
    0.05478815361857414,
    -0.06205935776233673,
    0.05031685158610344,
    -0.012970645911991596,
    0.03318735212087631,
    -0.012729832902550697,
    -0.018243730068206787,
    -0.003948324825614691,
    -0.046842060983181,
    -0.028227977454662323,
    -0.04275702312588692,
    0.04999589920043945,
    -0.015213075093925,
    -0.0399068258702755,
    0.08210615068674088,
    -0.026546787470579147,
    0.03664107993245125,
    -0.04573476314544678,
    -0.03726646676659584,
    -0.017214184626936913,
    -0.04878152161836624,
    0.014852311462163925,
    0.03546099737286568,
    -0.08006343990564346,
    0.015361864119768143,
    0.010239679366350174,
    0.07252925634384155,
    -0.00023010830045677722,
    0.011774619109928608,
    0.07488425076007843,
    0.046053461730480194,
    -0.03196870908141136,
    -0.0634712278842926,
    -0.0066809565760195255,
    0.017049500718712807,
    0.050974003970623016,
    0.05678108334541321,
    -0.001733600627630949,
    -2.0560790626055471e-32,
    -0.007378800306469202,
    -0.04396193474531174,
    -0.08617432415485382,
    0.029234685003757477,
    0.0657927542924881,
    -0.00933388527482748,
    -0.04545200988650322,
    -0.08184993267059326,
    0.07194388657808304,
    0.037665463984012604,
    0.01710406318306923,
    -0.042325496673583984,
    -0.0017706643557175994,
    -0.017768941819667816,
    -0.02391739934682846,
    -0.024495774880051613,
    -0.034084219485521317,
    -0.06702817976474762,
    -0.013720527291297913,
    0.14941178262233734,
    -0.016992315649986267,
    -0.012824557721614838,
    -0.00035997689701616764,
    0.13816070556640625,
    0.004432362504303455,
    0.06932028383016586,
    -0.048868510872125626,
    -0.021316785365343094,
    0.11291469633579254,
    -0.05543358623981476,
    -0.05080842599272728,
    -0.056309934705495834,
    -0.05379940941929817,
    0.02575608156621456,
    -0.10398834943771362,
    -0.20583762228488922,
    0.0666615441441536,
    -0.04913376644253731,
    0.0038662245497107506,
    -0.05225867033004761,
    0.10391540080308914,
    0.0016559194773435593,
    -0.020629167556762695,
    0.0379987470805645,
    0.027651378884911537,
    -0.061274025589227676,
    0.07292070239782333,
    -0.03246419131755829,
    -0.014360947534441948,
    -0.019517630338668823,
    0.032394107431173325,
    -0.01561949122697115,
    -0.01476866751909256,
    0.009190013632178307,
    -0.04379614070057869,
    0.10898077487945557,
    0.01577072963118553,
    -0.04303891584277153,
    -0.02373630553483963,
    -0.024458006024360657,
    0.09734940528869629,
    0.07954709976911545,
    -0.041815198957920074,
    0.08795522898435593,
    0.041092827916145325,
    -0.030492622405290604,
    -0.027652470394968987,
    -0.04223014786839485,
    -0.031486935913562775,
    -0.10902142524719238,
    -0.0915517508983612,
    -0.09967024624347687,
    -0.06765713542699814,
    -0.09914743900299072,
    0.08056796342134476,
    -0.05928875878453255,
    -0.01848253794014454,
    -0.07098738849163055,
    -0.06382853537797928,
    0.046474527567625046,
    0.04380602017045021,
    -0.010916735976934433,
    -0.07272221148014069,
    0.04204467684030533,
    0.013979131355881691,
    -0.013737055473029613,
    0.06997906416654587,
    -0.07333782315254211,
    0.005618025548756123,
    0.10027433186769485,
    -0.07798030227422714,
    0.018746042624115944,
    -0.052987512201070786,
    0.055634208023548126,
    -0.09594051539897919,
    -5.7467591574322796e-08,
    0.0041024754755198956,
    0.04119028151035309,
    -0.006605482194572687,
    -0.05465374141931534,
    -0.02683541551232338,
    -0.05388765409588814,
    -0.036187317222356796,
    -0.015292780473828316,
    -0.03599479794502258,
    -0.031693052500486374,
    0.04572673514485359,
    0.09527332335710526,
    -0.04658571258187294,
    -0.010647926479578018,
    0.025648612529039383,
    -0.03893737867474556,
    -0.11384870111942291,
    -0.02046055905520916,
    -0.0650961846113205,
    0.05674070492386818,
    -0.020250290632247925,
    -0.05160084739327431,
    -0.04059572517871857,
    0.034254640340805054,
    0.035136591643095016,
    0.03051738254725933,
    0.012665907852351665,
    0.015830768272280693,
    0.08339326083660126,
    0.053939711302518845,
    -0.02725418284535408,
    0.028766745701432228,
    0.02720983885228634,
    -0.024729497730731964,
    -0.04924262315034866,
    -0.02378995344042778,
    0.04079677537083626,
    -0.010190303437411785,
    0.06963464617729187,
    -0.007170853670686483,
    0.014347046613693237,
    0.03369712084531784,
    0.013879992067813873,
    0.09038171917200089,
    0.03286506608128548,
    -0.026524551212787628,
    -0.033689919859170914,
    0.014722670428454876,
    0.04399605840444565,
    -0.10610558092594147,
    -0.06302449107170105,
    -0.005610340740531683,
    0.08273384720087051,
    -0.007513030897825956,
    -0.07099775224924088,
    0.06369038671255112,
    0.04244145378470421,
    0.035450857132673264,
    -0.017986714839935303,
    0.013797666877508163,
    0.11639164388179779,
    0.04085422679781914,
    0.0610765665769577,
    -0.01639632321894169
]