[
    0.05289600417017937,
    0.008599169552326202,
    -0.009266314096748829,
    -0.06492288410663605,
    -0.00668744184076786,
    0.04310210049152374,
    -0.045131269842386246,
    -0.06162087991833687,
    -0.0036242736969143152,
    -0.03576826676726341,
    0.0279625803232193,
    -0.042577605694532394,
    -0.0015241173096001148,
    -0.031095189973711967,
    0.14498837292194366,
    -0.02855166606605053,
    0.03169041499495506,
    0.04711894690990448,
    -0.1469201147556305,
    0.09166203439235687,
    0.04119572043418884,
    0.04588025435805321,
    -0.017840934917330742,
    -0.017633525654673576,
    -0.13814043998718262,
    0.0003220305370632559,
    -0.0007821961771696806,
    -0.05358506366610527,
    0.06372319161891937,
    -0.04016958922147751,
    0.07806718349456787,
    0.047791603952646255,
    0.013120816089212894,
    0.08999869972467422,
    -0.025366179645061493,
    -0.012114793993532658,
    -0.033695366233587265,
    0.026406992226839066,
    -0.03539654612541199,
    0.022013286128640175,
    -0.07725796848535538,
    -0.06000911071896553,
    -0.05381209775805473,
    0.016781533136963844,
    0.033481817692518234,
    0.035073477774858475,
    -0.07186534255743027,
    -0.020307345315814018,
    -0.004893993027508259,
    0.008038005791604519,
    -0.06293143332004547,
    -0.04831753671169281,
    -0.04916298761963844,
    0.09890088438987732,
    -0.041764434427022934,
    -0.030346041545271873,
    -0.054750990122556686,
    -0.002214891603216529,
    -0.06351315975189209,
    -8.814804459689185e-05,
    -0.008013961836695671,
    0.006333656143397093,
    0.04691631719470024,
    0.0716235563158989,
    -0.035725273191928864,
    0.006216664798557758,
    -0.01948487013578415,
    -0.03899197280406952,
    0.01526273787021637,
    -0.004630353767424822,
    -0.09636937826871872,
    -0.037775918841362,
    0.025473831221461296,
    0.05788973346352577,
    0.030830418691039085,
    0.005729729309678078,
    -0.021208062767982483,
    0.029551809653639793,
    0.07570093125104904,
    -0.13370294868946075,
    -0.07266788184642792,
    0.08795860409736633,
    0.030588211491703987,
    0.017327528446912766,
    -0.06850615888834,
    0.011855454184114933,
    -0.045315731316804886,
    -0.036711711436510086,
    -0.06967169046401978,
    -0.026707760989665985,
    -0.003281704382970929,
    -0.040019549429416656,
    0.14140242338180542,
    -0.04642969369888306,
    0.0624559111893177,
    -0.005947262980043888,
    -0.010374579578638077,
    -0.06509975343942642,
    0.07311031222343445,
    -0.05664167180657387,
    -0.021036453545093536,
    0.03131215274333954,
    -0.007958700880408287,
    0.048951178789138794,
    -0.07811423391103745,
    -0.06476843357086182,
    -0.016505742445588112,
    -0.008728371001780033,
    0.04344688355922699,
    0.06261898577213287,
    0.025112809613347054,
    0.053830794990062714,
    -0.028989722952246666,
    -0.14026662707328796,
    0.02046244964003563,
    -0.038780856877565384,
    -0.022249488160014153,
    0.024727176874876022,
    0.07287494838237762,
    0.040040839463472366,
    -0.05675845593214035,
    -0.061935268342494965,
    0.009940889663994312,
    -0.0870666354894638,
    0.03102339804172516,
    0.022730175405740738,
    -0.04672076553106308,
    1.7304982780280703e-32,
    -0.006679195910692215,
    0.0040566688403487206,
    -0.029661908745765686,
    -0.002940121106803417,
    0.0019368977518752217,
    0.00732981925830245,
    0.017095860093832016,
    0.01532069779932499,
    -0.09019496291875839,
    0.08799995481967926,
    -0.02252861112356186,
    0.058013420552015305,
    -0.00794987939298153,
    0.03907454013824463,
    0.040035150945186615,
    -0.012540080584585667,
    -0.01862330362200737,
    0.09139211475849152,
    -0.009521433152258396,
    0.0486120767891407,
    -0.005897240713238716,
    -0.006861845497041941,
    -0.010844569653272629,
    0.004554364364594221,
    -0.02544386498630047,
    -0.004041973035782576,
    0.025484174489974976,
    -0.02462352253496647,
    0.0006028934731148183,
    -0.006400782614946365,
    0.0001651236816542223,
    0.0058622765354812145,
    0.002617836929857731,
    -0.031360819935798645,
    0.04777010902762413,
    0.08712092787027359,
    -0.015120224095880985,
    -0.06304237246513367,
    0.032886918634176254,
    -0.07495216280221939,
    -0.0778481513261795,
    -0.03434367850422859,
    0.03335292264819145,
    0.020479176193475723,
    0.03016204573214054,
    0.042840298265218735,
    0.019969463348388672,
    -0.015810415148735046,
    0.04280344769358635,
    0.016812263056635857,
    -0.02416563220322132,
    0.009786520153284073,
    0.04396292194724083,
    -0.03142537549138069,
    0.041508231312036514,
    -0.00683930516242981,
    -0.05103050172328949,
    0.05621574819087982,
    -0.047872502356767654,
    0.07777829468250275,
    -0.05720531940460205,
    0.050029464066028595,
    -0.02438857965171337,
    0.016199596226215363,
    0.007099895738065243,
    -0.06796575337648392,
    -0.004348190501332283,
    -0.05384720489382744,
    0.059486426413059235,
    -0.010566835291683674,
    -0.03748711198568344,
    0.05996266007423401,
    -0.03539436683058739,
    0.015185398049652576,
    0.03321133553981781,
    -0.053428664803504944,
    -0.020747870206832886,
    -0.026848336681723595,
    0.014974801801145077,
    0.008566667325794697,
    -0.07830668240785599,
    0.05920844152569771,
    0.0061262804083526134,
    0.02989874966442585,
    -0.03446285054087639,
    0.01147141121327877,
    0.061736952513456345,
    0.047264307737350464,
    -0.07210084050893784,
    -0.08757858723402023,
    -0.023289239034056664,
    0.017145508900284767,
    0.02929092012345791,
    0.07304449379444122,
    0.023648327216506004,
    -1.9069208783032948e-32,
    -0.020064936950802803,
    -0.01577736809849739,
    -0.05605526641011238,
    -0.007960466668009758,
    0.05672868341207504,
    0.00633788900449872,
    -0.06164178624749184,
    -0.0995839461684227,
    0.02049470879137516,
    0.019359197467565536,
    0.057539522647857666,
    -0.040978800505399704,
    -0.007646944839507341,
    -0.062147822231054306,
    -0.0776606947183609,
    0.019133731722831726,
    -0.06571779400110245,
    -0.05179917439818382,
    -0.018214711919426918,
    0.1612786054611206,
    -0.03649168089032173,
    -0.02996664308011532,
    -0.043656691908836365,
    0.1332981139421463,
    0.03568651154637337,
    0.02413332834839821,
    -0.014894132502377033,
    -0.008667455986142159,
    0.13485851883888245,
    -0.058959756046533585,
    -0.024369994178414345,
    -0.02882506139576435,
    -0.04895912855863571,
    -0.004134483635425568,
    -0.07422125339508057,
    -0.19825930893421173,
    0.009965742938220501,
    -0.08819933235645294,
    0.008598823100328445,
    -0.04559168964624405,
    0.07238876819610596,
    0.010687711648643017,
    -0.00754223158583045,
    0.04646541178226471,
    -0.009080000221729279,
    -0.008274144493043423,
    0.028971554711461067,
    -0.016859004274010658,
    -0.027341248467564583,
    -0.0014079503016546369,
    0.03334830701351166,
    -0.023422392085194588,
    -0.016830237582325935,
    0.032132044434547424,
    -0.007220955099910498,
    0.06318024545907974,
    0.04717223718762398,
    -0.016781874001026154,
    -0.0461810827255249,
    -0.03705428168177605,
    0.09199108183383942,
    0.039185959845781326,
    -0.02433445118367672,
    0.09470590949058533,
    0.021244563162326813,
    -0.06372036784887314,
    -0.007398498710244894,
    -0.03046673908829689,
    -0.01657332293689251,
    -0.10821771621704102,
    -0.08144567161798477,
    -0.08252260833978653,
    -0.04048986732959747,
    -0.07668058574199677,
    0.04927319660782814,
    -0.1050964891910553,
    0.010522802360355854,
    -0.11505734175443649,
    -0.0700521320104599,
    0.05669026076793671,
    0.08084994554519653,
    -0.057293813675642014,
    -0.043784305453300476,
    0.03897152096033096,
    0.00824660062789917,
    0.02218477800488472,
    0.04623672738671303,
    -0.07561856508255005,
    -0.0024428858887404203,
    0.04639400541782379,
    -0.05664316564798355,
    0.01405623834580183,
    -0.07824985682964325,
    0.05623878911137581,
    -0.06182251498103142,
    -5.367311217696624e-08,
    -0.003165798494592309,
    0.007496432866901159,
    -0.027233494445681572,
    -0.03841743990778923,
    -0.03683272376656532,
    -0.024680374190211296,
    -0.06346690654754639,
    -0.04242108762264252,
    -0.03922519460320473,
    -0.000511534686665982,
    0.0613693967461586,
    0.04631767421960831,
    -0.0700221061706543,
    -0.0095359580591321,
    0.07500454783439636,
    -0.01595236174762249,
    -0.06483716517686844,
    -0.019544973969459534,
    -0.02060333639383316,
    0.050983428955078125,
    -0.08263646811246872,
    -0.053364045917987823,
    -0.06640058010816574,
    0.03631804883480072,
    0.03531710430979729,
    0.02998810075223446,
    0.010672507807612419,
    0.018877480179071426,
    0.11260325461626053,
    0.041628871113061905,
    -0.015444773249328136,
    0.018256403505802155,
    0.0007466978277079761,
    0.004626176785677671,
    -0.08112802356481552,
    -0.01770947128534317,
    0.032656170427799225,
    -0.009740506298840046,
    0.07400836050510406,
    0.005484194029122591,
    0.009604929946362972,
    -0.01876199059188366,
    -0.009379927068948746,
    0.09098809212446213,
    -0.04130430519580841,
    -0.0071748364716768265,
    0.013965088874101639,
    0.006326718721538782,
    0.01867777481675148,
    -0.0882982462644577,
    -0.015475383028388023,
    -0.013848130591213703,
    0.07418087869882584,
    -0.013665158301591873,
    -0.05563589185476303,
    0.06763032078742981,
    0.007198187056928873,
    0.005985375493764877,
    0.011115982197225094,
    0.0010388196678832173,
    0.10441817343235016,
    0.04235278069972992,
    0.09683680534362793,
    -0.018410105258226395
]