[
    -0.04491306096315384,
    0.05855035036802292,
    -0.02171481028199196,
    -0.048232849687337875,
    -0.020599165931344032,
    0.02641339600086212,
    -0.017118370160460472,
    -0.05104653537273407,
    0.039653435349464417,
    0.0072864084504544735,
    0.011786057613790035,
    -0.008011952973902225,
    -0.02661808393895626,
    -0.057625941932201385,
    0.08950437605381012,
    -0.03312402591109276,
    0.01813037320971489,
    0.02877219021320343,
    -0.10294363647699356,
    0.06401565670967102,
    0.026039307937026024,
    0.08097953349351883,
    -0.030965592712163925,
    0.004799334332346916,
    -0.15102379024028778,
    -0.017631974071264267,
    -0.021053437143564224,
    -0.09343066066503525,
    0.02388572134077549,
    -0.04760288447141647,
    0.06942432373762131,
    0.015784939751029015,
    0.04264740273356438,
    0.11063345521688461,
    -0.005421103443950415,
    -0.016846269369125366,
    0.003383029717952013,
    0.020015444606542587,
    -0.04696853086352348,
    0.020415212959051132,
    -0.04921369254589081,
    -0.07125735282897949,
    -0.06014084443449974,
    0.0183301642537117,
    0.011337908916175365,
    0.036534667015075684,
    -0.06358136236667633,
    0.016489192843437195,
    -0.026298126205801964,
    0.04785063862800598,
    -0.10255545377731323,
    -0.028852900490164757,
    -0.04159804433584213,
    0.08336309343576431,
    -0.0425894521176815,
    -0.017314814031124115,
    -0.058418452739715576,
    -0.008077135309576988,
    -0.09337691962718964,
    -0.012862217612564564,
    0.013613127171993256,
    0.0024926841724663973,
    0.013045004568994045,
    0.07510392367839813,
    -0.030647361651062965,
    0.05716827139258385,
    -0.005845645442605019,
    -0.006548136938363314,
    0.023031771183013916,
    -0.014150337316095829,
    -0.07897815108299255,
    -0.04193689674139023,
    -0.01928647607564926,
    0.0244594719260931,
    0.021178361028432846,
    -0.0075714243575930595,
    -0.037620872259140015,
    0.010744435712695122,
    0.08919025212526321,
    -0.10334745049476624,
    -0.03891807049512863,
    -0.011000510305166245,
    0.004334259312599897,
    0.06118210032582283,
    -0.05797379091382027,
    -0.01633116975426674,
    -0.001905113342218101,
    -0.038283031433820724,
    -0.011252684518694878,
    -0.04076981544494629,
    0.06106645241379738,
    -0.07261751592159271,
    0.08721000701189041,
    0.001494143856689334,
    0.05865974351763725,
    -0.041443757712841034,
    0.0025041408371180296,
    -0.05855301395058632,
    0.0038393798749893904,
    -0.006985562387853861,
    -0.027847379446029663,
    0.006735220551490784,
    -0.031528931111097336,
    -0.016368497163057327,
    -0.050217531621456146,
    -0.054496899247169495,
    0.003930216189473867,
    -0.044414155185222626,
    0.04849468171596527,
    0.08074118942022324,
    0.04524184390902519,
    0.02326120063662529,
    -0.060358624905347824,
    -0.1279221475124359,
    0.07820296287536621,
    -0.018917975947260857,
    -0.02982807345688343,
    0.08909783512353897,
    0.048910513520240784,
    -0.023081431165337563,
    -0.035039737820625305,
    -0.01263244915753603,
    -0.06014565750956535,
    -0.09568104147911072,
    -0.0506802536547184,
    -0.006169015076011419,
    -0.043859049677848816,
    1.7323175024727616e-32,
    -0.04405362159013748,
    0.03021434135735035,
    -0.048065364360809326,
    0.03378817066550255,
    0.014835958369076252,
    0.0002111218636855483,
    0.0147990258410573,
    -0.01739775761961937,
    -0.037843894213438034,
    0.06282992660999298,
    -0.0007896797615103424,
    0.045865487307310104,
    -0.00804438628256321,
    -0.043156784027814865,
    -0.012671422213315964,
    0.05285301432013512,
    0.015198065899312496,
    0.10511374473571777,
    0.012277944013476372,
    0.06469757854938507,
    0.041173726320266724,
    -0.02065490558743477,
    0.0058019147254526615,
    0.013498487882316113,
    -0.008382152765989304,
    0.011555641889572144,
    -0.0025060237385332584,
    -0.06059764698147774,
    0.02898309752345085,
    0.012828061357140541,
    0.017065392807126045,
    0.030603736639022827,
    0.03640739619731903,
    -0.026233812794089317,
    0.08097605407238007,
    0.14122679829597473,
    0.03435877338051796,
    -0.06077329441905022,
    0.06651914864778519,
    -0.06929375976324081,
    -0.025877857580780983,
    -0.0006519272574223578,
    0.049847085028886795,
    0.008255739696323872,
    0.02762620337307453,
    -0.007837359793484211,
    -0.026682043448090553,
    -0.024483995512127876,
    0.033002421259880066,
    0.05572209879755974,
    -0.036857206374406815,
    0.027949173003435135,
    -0.015924742445349693,
    -0.028563659638166428,
    0.008735278621315956,
    -0.032741691917181015,
    -0.06907074898481369,
    0.03438819944858551,
    -0.061287786811590195,
    0.07394342869520187,
    -0.006990364752709866,
    0.0360809825360775,
    0.003946339711546898,
    -0.043118998408317566,
    -0.030586497858166695,
    -0.09053118526935577,
    -0.0238314438611269,
    -0.06106323376297951,
    0.02834925800561905,
    -0.024279044941067696,
    -0.029643097892403603,
    0.10151291638612747,
    -0.023202674463391304,
    0.02729250304400921,
    -0.04506886377930641,
    -0.04712993651628494,
    0.018434517085552216,
    -0.01426736731082201,
    0.047106970101594925,
    0.032833147794008255,
    -0.05595894157886505,
    0.01270455401390791,
    0.026582816615700722,
    0.051508452743291855,
    -0.03584308177232742,
    -0.004289289005100727,
    0.04207876697182655,
    0.05122174695134163,
    -0.044030364602804184,
    -0.02011422999203205,
    -0.024105262011289597,
    0.019331468269228935,
    0.0250433050096035,
    0.04866813123226166,
    0.0075606172904372215,
    -1.8719024607819173e-32,
    -0.03963391110301018,
    -0.07849130779504776,
    -0.08909229934215546,
    -0.0034037549048662186,
    0.059446513652801514,
    -0.012411498464643955,
    -0.0306325014680624,
    -0.05362822487950325,
    0.037027664482593536,
    0.038044270128011703,
    0.040313538163900375,
    -0.0729784145951271,
    2.4653998480062e-05,
    -0.0360819548368454,
    -0.03967219218611717,
    -0.0005965484888292849,
    -0.01958940550684929,
    -0.04593365266919136,
    -0.015371325425803661,
    0.09889820218086243,
    -0.017540642991662025,
    -0.0151298139244318,
    -0.02907421812415123,
    0.15998370945453644,
    0.04146770387887955,
    0.05698484554886818,
    -0.043650392442941666,
    -0.015425103716552258,
    0.11689047515392303,
    -0.053307998925447464,
    -0.0431397520005703,
    -0.04379558190703392,
    -0.07877960056066513,
    0.014824642799794674,
    -0.1030934751033783,
    -0.17308638989925385,
    0.06323669850826263,
    -0.007397637702524662,
    -0.015193185769021511,
    -0.03868654742836952,
    0.11294787377119064,
    0.0016804828774183989,
    -0.04162915423512459,
    0.022045593708753586,
    0.0024092390667647123,
    -0.04958263412117958,
    0.05924445763230324,
    -0.0037782464642077684,
    -0.004256204701960087,
    -0.0028096833266317844,
    0.07364264130592346,
    -0.04731292277574539,
    0.011955020017921925,
    0.014033596962690353,
    -0.06994016468524933,
    0.06655556708574295,
    -0.04264862835407257,
    -0.019822416827082634,
    -0.0329413078725338,
    -0.01611156389117241,
    0.09255203604698181,
    0.06316693127155304,
    -0.07828477025032043,
    0.06183706596493721,
    0.023772811517119408,
    -0.027029670774936676,
    -0.010353467427194118,
    -0.028660878539085388,
    -0.05651821568608284,
    -0.09147202968597412,
    -0.09008466452360153,
    -0.11207927018404007,
    -0.07461526989936829,
    -0.09724206477403641,
    0.09522886574268341,
    -0.06617395579814911,
    -0.05759117752313614,
    -0.11134268343448639,
    -0.07501495629549026,
    0.01988680474460125,
    0.07676707208156586,
    0.0035634711384773254,
    -0.06289087235927582,
    0.0614221952855587,
    0.0352339893579483,
    0.010763294994831085,
    0.09936505556106567,
    -0.04535096138715744,
    -0.02743096463382244,
    0.08392555266618729,
    -0.043752532452344894,
    0.0021373468916863203,
    -0.11329337954521179,
    0.05163939297199249,
    -0.056955453008413315,
    -5.3733053562154964e-08,
    0.01915830932557583,
    0.050649579614400864,
    0.024194497615098953,
    -0.04583803564310074,
    -0.017730172723531723,
    -0.056337542831897736,
    -0.013705960474908352,
    -0.004620764870196581,
    -0.02113134227693081,
    -0.0330711230635643,
    0.025620590895414352,
    0.06069764122366905,
    -0.03331828489899635,
    -0.00042947306064888835,
    0.06523705273866653,
    -0.028747452422976494,
    -0.09906310588121414,
    -0.047467462718486786,
    -0.04245492443442345,
    0.016770238056778908,
    -0.03363055735826492,
    -0.05754298344254494,
    -0.03168727830052376,
    0.0056983050890266895,
    0.051274482160806656,
    0.04854942858219147,
    -0.0034500632900744677,
    0.024374820291996002,
    0.06613845378160477,
    0.05161161348223686,
    -0.037425071001052856,
    0.02059980109333992,
    0.0347125418484211,
    -0.008826963603496552,
    -0.06925345957279205,
    -0.04147043451666832,
    0.015578930266201496,
    -0.03306029364466667,
    0.035160358995199203,
    -0.015098714269697666,
    -0.007706540171056986,
    0.04449201375246048,
    0.03746650367975235,
    0.09884526580572128,
    0.028472870588302612,
    -0.04197718948125839,
    -0.015466134063899517,
    0.010568486526608467,
    0.021529091522097588,
    -0.10162688046693802,
    -0.07162190228700638,
    -0.029058605432510376,
    0.1379949003458023,
    0.020910974591970444,
    -0.033930592238903046,
    0.07654669880867004,
    0.036678899079561234,
    0.05961756408214569,
    -0.0287107415497303,
    -0.017752142623066902,
    0.12122730165719986,
    0.011924317106604576,
    0.03732564300298691,
    0.007730949204415083
]