[
    -0.055920809507369995,
    0.05471885949373245,
    -0.05120711773633957,
    -0.05689558386802673,
    -0.029455091804265976,
    0.08148549497127533,
    0.003462589578703046,
    -0.05541866272687912,
    0.03490748628973961,
    0.016650890931487083,
    0.021216148510575294,
    0.008890449069440365,
    -0.003523922758176923,
    -0.09548287838697433,
    0.06508864462375641,
    -0.009489106014370918,
    0.008849612437188625,
    0.022614307701587677,
    -0.1220843717455864,
    0.12360841780900955,
    0.009698060341179371,
    0.09983213245868683,
    -0.0060344659723341465,
    -0.010147043503820896,
    -0.06951084733009338,
    0.0065035889856517315,
    -0.029385298490524292,
    -0.06462494283914566,
    0.04707932099699974,
    -0.025480346754193306,
    0.08188309520483017,
    0.015005403198301792,
    0.029774099588394165,
    0.07357323914766312,
    -0.035549718886613846,
    0.0013183481059968472,
    -0.037561606615781784,
    0.04782802611589432,
    -0.028696449473500252,
    0.003988520707935095,
    -0.03037009947001934,
    -0.028639523312449455,
    -0.02731422521173954,
    0.0101141557097435,
    0.031750068068504333,
    0.008183011785149574,
    -0.09852591156959534,
    0.0014711057301610708,
    0.02601715922355652,
    0.04740811511874199,
    -0.09705077111721039,
    -0.061926789581775665,
    -0.034594178199768066,
    0.11077352613210678,
    -0.008226821199059486,
    -0.017637882381677628,
    -0.033032216131687164,
    -0.01966644637286663,
    -0.10971008986234665,
    -0.0343426875770092,
    -0.022762920707464218,
    0.026312507688999176,
    -0.0006958856247365475,
    0.049201175570487976,
    -0.0777154415845871,
    0.06911712884902954,
    0.01074879802763462,
    -0.019053980708122253,
    0.01798219233751297,
    -0.03350704163312912,
    -0.08781015872955322,
    -0.020875779911875725,
    0.024078326299786568,
    0.07987268269062042,
    -0.03791848197579384,
    -0.0017686192877590656,
    0.004195717629045248,
    0.0037137907929718494,
    0.04695911705493927,
    -0.1171184703707695,
    -0.050099268555641174,
    -0.009509946219623089,
    -0.020849378779530525,
    0.054983723908662796,
    -0.06193218380212784,
    0.024204444140195847,
    -0.055638737976551056,
    -0.02829328365623951,
    -0.00966549664735794,
    -0.04683934524655342,
    0.030461682006716728,
    -0.029300518333911896,
    0.12681275606155396,
    -0.06853626668453217,
    0.06834438443183899,
    -0.02236051671206951,
    -0.010947134345769882,
    -0.0639953762292862,
    -0.03093746490776539,
    -0.01247496623545885,
    -0.03028126060962677,
    -0.03724632412195206,
    0.0018825395964086056,
    0.008529418148100376,
    -0.028090188279747963,
    -0.05661607161164284,
    -0.03594676032662392,
    -0.0021045473404228687,
    0.030621685087680817,
    0.07774055004119873,
    0.0037710315082222223,
    -0.01926260255277157,
    -0.03863705322146416,
    -0.14141793549060822,
    0.019315380603075027,
    0.018176235258579254,
    -0.02922738902270794,
    0.047708384692668915,
    0.08180734515190125,
    -0.02713751420378685,
    -0.06359271705150604,
    -0.025764809921383858,
    -0.04681229963898659,
    -0.08128926157951355,
    -0.02945239655673504,
    0.025334175676107407,
    -0.04967847093939781,
    1.7205306736802727e-32,
    -0.05144693702459335,
    -0.04245557263493538,
    -0.0319398008286953,
    0.044913530349731445,
    0.02170567587018013,
    -0.01836971938610077,
    -0.002737495582550764,
    -0.024716567248106003,
    -0.02824367955327034,
    0.04581703990697861,
    0.06243778020143509,
    0.0044713872484862804,
    -0.006165683269500732,
    -0.04217559099197388,
    -0.07653401046991348,
    0.046507880091667175,
    -0.04203271493315697,
    0.09347662329673767,
    -0.049325019121170044,
    0.07661793380975723,
    0.022400058805942535,
    -0.0032720821909606457,
    0.0021114880219101906,
    0.009649161249399185,
    -0.04126764461398125,
    0.012013765051960945,
    0.012272825464606285,
    -0.0038732807151973248,
    0.01452389545738697,
    -0.0026698617730289698,
    0.003841979894787073,
    0.013081459328532219,
    0.046539224684238434,
    -0.12371078878641129,
    0.06311661005020142,
    0.11154799163341522,
    0.02282545529305935,
    -0.027675000950694084,
    0.07600735127925873,
    -0.04048631340265274,
    -0.018269188702106476,
    -0.03499210253357887,
    0.018860096111893654,
    0.042167164385318756,
    0.053944047540426254,
    0.0094601484015584,
    0.027037398889660835,
    -0.03529619053006172,
    0.00257052737288177,
    0.039566926658153534,
    -0.015954622998833656,
    -0.026070434600114822,
    -0.05233478173613548,
    -0.005274148192256689,
    -0.012595556676387787,
    0.01117453072220087,
    -0.0776616781949997,
    0.03032134287059307,
    -0.029504891484975815,
    0.00997842475771904,
    0.0020906534045934677,
    -0.008905625902116299,
    0.0010769783984869719,
    -0.028635310009121895,
    -0.03076069802045822,
    -0.08837582916021347,
    -0.015827329829335213,
    -0.07357902824878693,
    0.0431966595351696,
    -0.02541382424533367,
    -0.010001703165471554,
    0.06234562397003174,
    -0.03801903501152992,
    0.002200534800067544,
    0.006925361696630716,
    -0.0033264935482293367,
    0.0038953532930463552,
    0.011638517491519451,
    0.044110625982284546,
    0.009848294779658318,
    -0.008460304699838161,
    0.01899167336523533,
    0.00532328337430954,
    0.09441225975751877,
    0.01058591715991497,
    0.013665080070495605,
    0.04069123789668083,
    0.018073873594403267,
    -0.12336494028568268,
    -0.05830797925591469,
    -0.015244780108332634,
    0.05224752798676491,
    0.05069423094391823,
    0.02295701950788498,
    -0.02671963907778263,
    -1.9247407849145853e-32,
    -0.06729520112276077,
    -0.09929011762142181,
    -0.04451010003685951,
    0.013587533496320248,
    0.08503463119268417,
    -0.05846238136291504,
    -0.016749750822782516,
    -0.0946025550365448,
    0.09196764975786209,
    0.04651157930493355,
    0.03230816125869751,
    -0.044731996953487396,
    0.004356681369245052,
    -0.02845468558371067,
    -0.017162473872303963,
    -0.011799652129411697,
    -0.04745129123330116,
    -0.04765525460243225,
    -0.012665249407291412,
    0.09622252732515335,
    -0.03043529763817787,
    0.0027044692542403936,
    -0.03981487825512886,
    0.13901135325431824,
    0.0614313930273056,
    0.04830900952219963,
    -0.03562739118933678,
    0.05708573758602142,
    0.09688080102205276,
    -0.06139911338686943,
    -0.04852989315986633,
    -0.02463638037443161,
    -0.03972292318940163,
    0.018927186727523804,
    -0.08508356660604477,
    -0.1508904993534088,
    0.07765185087919235,
    -0.019603468477725983,
    -0.0723513811826706,
    -0.056796930730342865,
    0.1263751983642578,
    -0.014643016271293163,
    -0.012131168507039547,
    0.011248743161559105,
    -0.009274395182728767,
    -0.056194886565208435,
    0.04556210711598396,
    0.005296086426824331,
    -0.023345261812210083,
    0.03357364982366562,
    0.06107079237699509,
    -0.05803544819355011,
    0.00020997576939407736,
    0.07032299786806107,
    -0.05570981279015541,
    0.06801967322826385,
    0.01741872914135456,
    -0.0494704507291317,
    -0.019157756119966507,
    -0.054735198616981506,
    0.05478709563612938,
    0.0618291050195694,
    -0.08400370925664902,
    0.10505177825689316,
    0.025015033781528473,
    -0.04572848603129387,
    -0.020081883296370506,
    -0.052251555025577545,
    -0.05069379881024361,
    -0.06342242658138275,
    -0.060477014631032944,
    -0.15092207491397858,
    -0.06835561990737915,
    -0.11015970259904861,
    0.08828596770763397,
    -0.0143140759319067,
    -0.03688716143369675,
    -0.059478383511304855,
    -0.07570333778858185,
    0.028237175196409225,
    0.04177748039364815,
    -0.021854989230632782,
    -0.04203185811638832,
    0.07806574553251266,
    0.0057517169043421745,
    -0.012894945219159126,
    0.07295557856559753,
    -0.05626178905367851,
    -0.013678758405148983,
    0.07587895542383194,
    -0.057035963982343674,
    -0.015411768108606339,
    -0.04142196476459503,
    0.02517399564385414,
    -0.10822193324565887,
    -5.486236176466264e-08,
    0.02918994054198265,
    0.041257329285144806,
    0.02043979801237583,
    -0.07757438719272614,
    0.002494564512744546,
    -0.06535926461219788,
    -0.011036276817321777,
    0.015796944499015808,
    -0.037600528448820114,
    0.029348185285925865,
    0.023058271035552025,
    0.10283711552619934,
    -0.01791953854262829,
    -0.02087785303592682,
    0.04312368854880333,
    -0.06708992272615433,
    -0.09367943555116653,
    -0.057043153792619705,
    -0.034575581550598145,
    0.021150678396224976,
    -0.040418580174446106,
    -0.051575131714344025,
    -0.022342240437865257,
    0.028381526470184326,
    0.032991960644721985,
    0.047313392162323,
    0.013803171925246716,
    0.03105742670595646,
    0.045737266540527344,
    0.03467708081007004,
    -0.027454689145088196,
    0.023149196058511734,
    0.04074278473854065,
    0.027680588886141777,
    -0.05283142253756523,
    -0.04992888495326042,
    0.02705039456486702,
    -0.02324167639017105,
    0.03077375330030918,
    0.00615232577547431,
    0.03375300392508507,
    0.02086738497018814,
    -0.007090678904205561,
    0.06100740283727646,
    0.007557234726846218,
    -0.01470057014375925,
    0.018206456676125526,
    0.007229709532111883,
    -0.02028927579522133,
    -0.06682179123163223,
    -0.0444304458796978,
    -0.03665020316839218,
    0.09216940402984619,
    -0.023387698456645012,
    -0.01932712271809578,
    0.05862850695848465,
    0.04779067263007164,
    0.07540344446897507,
    -0.017798783257603645,
    -0.009652616456151009,
    0.16490696370601654,
    0.04041602090001106,
    0.056698404252529144,
    0.013188968412578106
]