[
    -0.038325607776641846,
    0.05519053712487221,
    -0.03370831906795502,
    -0.05386236310005188,
    -0.03517492860555649,
    0.022823065519332886,
    0.00514124846085906,
    -0.01257487665861845,
    0.0010650026379153132,
    -0.02060738392174244,
    0.038474563509225845,
    0.016227785497903824,
    0.004997180309146643,
    -0.009506833739578724,
    0.0721096619963646,
    -0.020744463428854942,
    0.04482223466038704,
    0.01755053550004959,
    -0.06067996472120285,
    0.09699438512325287,
    0.016957269981503487,
    0.07364488393068314,
    -0.03688863664865494,
    -0.012375911697745323,
    -0.10259559005498886,
    -0.02532494068145752,
    -0.025019481778144836,
    -0.06844191998243332,
    0.03908146172761917,
    -0.03278370574116707,
    0.08454833924770355,
    0.0444464348256588,
    0.08030090481042862,
    0.06916769593954086,
    -0.030298035591840744,
    -0.008328836411237717,
    -0.05131364241242409,
    0.04313945397734642,
    -0.040517911314964294,
    0.04990530386567116,
    -0.08449771255254745,
    -0.04654962569475174,
    -0.04161401093006134,
    0.047432415187358856,
    0.013833890669047832,
    0.002926371293142438,
    -0.07556817680597305,
    0.0022747041657567024,
    0.0010860359761863947,
    0.06479137390851974,
    -0.0735292136669159,
    0.009475215338170528,
    -0.06972138583660126,
    0.06850026547908783,
    -0.06279131025075912,
    -0.01902405358850956,
    -0.037356823682785034,
    -0.0280772652477026,
    -0.11015067249536514,
    -0.058936890214681625,
    0.032499220222234726,
    0.02633582428097725,
    0.022763341665267944,
    0.03731149435043335,
    -0.03148853778839111,
    0.028645658865571022,
    -0.006797599606215954,
    -0.02502019889652729,
    0.04840049147605896,
    0.004292022902518511,
    -0.04543963074684143,
    -0.004950180649757385,
    -0.007303721271455288,
    0.07465175539255142,
    -0.009980791248381138,
    -0.01540948636829853,
    -0.058135900646448135,
    0.0031489573884755373,
    0.08607185631990433,
    -0.11126488447189331,
    -0.047646597027778625,
    -0.0050633917562663555,
    0.002127675339579582,
    0.0385555699467659,
    -0.0914652869105339,
    0.001907321042381227,
    -0.02241274155676365,
    -0.018121331930160522,
    -0.04948510229587555,
    -0.06541524082422256,
    0.08824896812438965,
    -0.015151657164096832,
    0.020082484930753708,
    -0.07339491695165634,
    0.06259211897850037,
    -0.07269523292779922,
    -0.04873742535710335,
    -0.034916579723358154,
    0.021038979291915894,
    -0.02681776136159897,
    -0.02222405932843685,
    0.011417778208851814,
    -0.0020189217757433653,
    0.0052228630520403385,
    -0.06502041965723038,
    -0.076469786465168,
    0.04716019332408905,
    0.007809096481651068,
    0.017426909878849983,
    0.05787666514515877,
    0.01358732208609581,
    0.003383495844900608,
    -0.057754430919885635,
    -0.15313881635665894,
    0.04475104808807373,
    -0.019902560859918594,
    -0.012696498073637486,
    0.04358977451920509,
    0.05327460169792175,
    0.05331514775753021,
    -0.03806660324335098,
    -0.06905438005924225,
    -0.046680424362421036,
    -0.08341596275568008,
    -0.056157831102609634,
    0.025415893644094467,
    -0.02645987831056118,
    1.999296220241901e-32,
    -0.03786267712712288,
    -0.0005054729990661144,
    -0.0692870244383812,
    0.04588531330227852,
    0.05085615813732147,
    -0.00705322390422225,
    -0.0013449927791953087,
    -0.014401473104953766,
    -0.08173800259828568,
    0.037790004163980484,
    0.020784029737114906,
    -0.01000059675425291,
    0.0043158927001059055,
    -0.04505392163991928,
    -0.016986554488539696,
    0.02796018123626709,
    0.029738808050751686,
    0.07433174550533295,
    0.003719877917319536,
    0.06842927634716034,
    0.06373029947280884,
    -0.039647940546274185,
    -0.013935087248682976,
    0.052271485328674316,
    -0.022706829011440277,
    0.03538130596280098,
    -0.008208232000470161,
    0.003976673819124699,
    0.0637090727686882,
    -0.0010399094317108393,
    0.04277510568499565,
    0.004351484123617411,
    -0.02323712594807148,
    -0.04221323877573013,
    0.06528151780366898,
    0.14427489042282104,
    0.022605054080486298,
    -0.03383515775203705,
    0.07615924626588821,
    -0.06279324740171432,
    -0.05170876532793045,
    -0.022847605869174004,
    0.008280636742711067,
    0.050142914056777954,
    0.04830662161111832,
    0.01791074126958847,
    0.003859523683786392,
    -0.02796025015413761,
    -0.005890537519007921,
    0.05779901519417763,
    -0.050563063472509384,
    -0.0001714500831440091,
    -0.04356705769896507,
    0.0046498435549438,
    0.021052362397313118,
    -0.02362218126654625,
    -0.09507108479738235,
    0.04843445122241974,
    -0.05040615051984787,
    0.06696610897779465,
    -0.010782080702483654,
    0.04572165012359619,
    -0.014586526900529861,
    -0.029809385538101196,
    0.01754475198686123,
    -0.14895033836364746,
    -0.009556218050420284,
    -0.09946665167808533,
    0.08355219662189484,
    -0.007103567011654377,
    -0.05208619683980942,
    0.07124732434749603,
    -0.0048797475174069405,
    0.04890855401754379,
    -0.06618276983499527,
    -0.02439328283071518,
    0.01720987819135189,
    -0.01939898543059826,
    0.029535911977291107,
    0.012403473258018494,
    -0.056514590978622437,
    0.0006265550036914647,
    -0.011770764365792274,
    0.06989632546901703,
    0.010606631636619568,
    -0.012684694491326809,
    0.023192977532744408,
    0.037573132663965225,
    -0.12397575378417969,
    -0.0744054839015007,
    0.040523458272218704,
    0.03521815314888954,
    -0.002951019676402211,
    0.041134949773550034,
    -0.026683062314987183,
    -2.1168590265723705e-32,
    -0.008116234093904495,
    -0.05177227780222893,
    -0.06635289639234543,
    0.0033367793075740337,
    0.03765761852264404,
    -0.00700048403814435,
    -0.031074749305844307,
    -0.1231931820511818,
    0.06674083322286606,
    0.01937662623822689,
    -0.003797404235228896,
    -0.04506181553006172,
    0.003587600076571107,
    -0.0007803529733791947,
    -0.018908170983195305,
    0.0461263470351696,
    -0.07375967502593994,
    -0.06915559619665146,
    -0.04293176531791687,
    0.12273189425468445,
    -0.044643182307481766,
    0.006297122687101364,
    -0.048042234033346176,
    0.12962865829467773,
    0.04363686218857765,
    0.0406205952167511,
    -0.07112482190132141,
    -0.0051651312969625,
    0.08378203213214874,
    -0.050892334431409836,
    -0.055673565715551376,
    -0.07469691336154938,
    -0.02775975875556469,
    -0.03750285878777504,
    -0.09660207480192184,
    -0.18574222922325134,
    0.05834508314728737,
    0.028078129515051842,
    -0.022072698920965195,
    -0.013713487423956394,
    0.09815739095211029,
    -0.016374923288822174,
    -0.018484706059098244,
    0.0008680974715389311,
    0.009756417945027351,
    -0.07194473594427109,
    0.08475250005722046,
    -0.042264681309461594,
    -0.005025356076657772,
    -0.013128411024808884,
    0.06541334837675095,
    -0.07279998064041138,
    -0.03699322044849396,
    -0.023283785209059715,
    -0.050312142819166183,
    0.07167991250753403,
    -0.006312008947134018,
    -0.00927683338522911,
    0.005586948711425066,
    -0.0011698950547724962,
    0.09996308386325836,
    0.03901677206158638,
    -0.06412945687770844,
    0.0867922455072403,
    -0.010501698590815067,
    -0.061312396079301834,
    -0.004954277537763119,
    -0.020628269761800766,
    -0.02124236896634102,
    -0.07062961161136627,
    -0.10140717029571533,
    -0.07796752452850342,
    -0.025459391996264458,
    -0.049144893884658813,
    0.08899983763694763,
    -0.08052943646907806,
    -0.005876884795725346,
    -0.052849821746349335,
    -0.06363071501255035,
    0.014808169566094875,
    0.07211791723966599,
    0.012121069245040417,
    -0.08391310274600983,
    0.061494193971157074,
    -0.009083373472094536,
    -0.020401811227202415,
    0.08602794259786606,
    -0.0247076153755188,
    -0.03355789557099342,
    0.028570158407092094,
    -0.0731462761759758,
    0.023262010887265205,
    -0.08969247341156006,
    0.028666451573371887,
    -0.10671136528253555,
    -6.066429847351174e-08,
    -0.039785828441381454,
    0.0209653303027153,
    0.05839797854423523,
    -0.027373114600777626,
    0.004780937451869249,
    -0.03869734704494476,
    -0.001661689835600555,
    0.02581893652677536,
    -0.04791809245944023,
    0.0008987159235402942,
    0.06465349346399307,
    0.09007851779460907,
    -0.03536906838417053,
    -0.00457242876291275,
    0.06492854654788971,
    -0.0012726435670629144,
    -0.06618677079677582,
    -0.04504285380244255,
    -0.05188293382525444,
    0.046328477561473846,
    -0.042372509837150574,
    -0.05186552181839943,
    -0.048437438905239105,
    0.04948391020298004,
    0.05879118666052818,
    0.04546068608760834,
    -0.023951001465320587,
    -0.007765245623886585,
    0.05433976277709007,
    -0.0007643771241419017,
    -0.015760883688926697,
    0.008766544982790947,
    0.04401472210884094,
    0.004001824650913477,
    -0.05130816623568535,
    -0.02484341524541378,
    0.013535642065107822,
    -0.04266365244984627,
    0.03743923082947731,
    -0.02306237816810608,
    0.015979116782546043,
    0.0054461769759655,
    0.018248625099658966,
    0.08180349320173264,
    0.04664802551269531,
    -0.034194108098745346,
    0.04142900928854942,
    -0.0027811198960989714,
    -0.007328223902732134,
    -0.09197600930929184,
    -0.0626673474907875,
    -0.036889396607875824,
    0.08244374394416809,
    0.008425229229032993,
    -0.027375901117920876,
    0.0720316618680954,
    0.050812702625989914,
    0.08660387247800827,
    0.0115481186658144,
    0.008006182499229908,
    0.07150601595640182,
    0.10993742197751999,
    0.006765500642359257,
    -0.03986275568604469
]