[
    -0.033498615026474,
    0.09080079942941666,
    -0.000771277875173837,
    -0.037788450717926025,
    -0.008851689286530018,
    0.05909322202205658,
    -0.010820966213941574,
    -0.05312773585319519,
    0.015760816633701324,
    -0.019270848482847214,
    -0.008110487833619118,
    -0.017554227262735367,
    -0.036830369383096695,
    -0.056736040860414505,
    0.08490684628486633,
    -0.021285638213157654,
    0.03215973824262619,
    0.01878100447356701,
    -0.08545506745576859,
    0.07301903516054153,
    0.03191639855504036,
    0.08071346580982208,
    -0.037953827530145645,
    0.03366962820291519,
    -0.09358642250299454,
    -0.030290279537439346,
    0.024277018383145332,
    -0.03456687554717064,
    0.037950221449136734,
    -0.03840513899922371,
    0.09804432094097137,
    0.015680404379963875,
    0.04266690835356712,
    0.07114053517580032,
    0.0098807318136096,
    -0.0106371333822608,
    -0.01702561229467392,
    0.03760625794529915,
    -0.06282129883766174,
    -0.000990415341220796,
    -0.06360236555337906,
    -0.0756528303027153,
    -0.07251619547605515,
    0.029334919527173042,
    0.005450035445392132,
    0.07357341796159744,
    -0.06994851678609848,
    -0.0036012595519423485,
    -0.02286001853644848,
    0.06142398342490196,
    -0.10255565494298935,
    -0.009009245783090591,
    -0.02549883723258972,
    0.06536824256181717,
    -0.05212694779038429,
    -0.012551683001220226,
    -0.04890352115035057,
    -0.019911320880055428,
    -0.09002894908189774,
    -0.0015976333525031805,
    0.006820931565016508,
    -0.0035301516763865948,
    0.027469603344798088,
    0.06612120568752289,
    -0.07684080302715302,
    0.08622746914625168,
    0.0016418752493336797,
    0.0054070716723799706,
    0.01719949021935463,
    -0.03519868850708008,
    -0.08980416506528854,
    -0.0478685162961483,
    -0.025560814887285233,
    0.007448630873113871,
    0.001212766277603805,
    0.011293076910078526,
    -0.023013083264231682,
    0.008457099087536335,
    0.09554819017648697,
    -0.1270267218351364,
    -0.05990602821111679,
    0.020368153229355812,
    -0.0026925888378173113,
    0.07276499271392822,
    -0.06316104531288147,
    -0.007079258561134338,
    0.004271205980330706,
    -0.018520178273320198,
    0.014189709909260273,
    -0.029665391892194748,
    0.06296627968549728,
    -0.039926182478666306,
    0.04213784635066986,
    -0.038888245820999146,
    0.0561751052737236,
    -0.017539985477924347,
    -0.03775015100836754,
    -0.10578229278326035,
    0.024512631818652153,
    0.004974485374987125,
    -0.006518742069602013,
    0.001547485589981079,
    0.012515864335000515,
    -0.014387739822268486,
    -0.026964088901877403,
    -0.05675593018531799,
    0.024883363395929337,
    -0.028345543891191483,
    0.06061328202486038,
    0.07067380100488663,
    0.055961497128009796,
    0.005665984470397234,
    -0.027464130893349648,
    -0.11688245087862015,
    0.08195418119430542,
    0.021354276686906815,
    -0.0526154488325119,
    0.08342507481575012,
    0.07906578481197357,
    -0.008251426741480827,
    -0.013963071629405022,
    -0.006333567667752504,
    -0.029060836881399155,
    -0.08706530928611755,
    -0.07671717554330826,
    -0.03199789673089981,
    -0.06426411867141724,
    1.8453063133473876e-32,
    -0.029598569497466087,
    0.04088030010461807,
    -0.02461378090083599,
    0.047118667513132095,
    0.015727214515209198,
    -0.04125788062810898,
    0.03429938107728958,
    -0.027056032791733742,
    -0.0583169050514698,
    0.04468443617224693,
    0.01942620798945427,
    0.046905968338251114,
    -0.018003128468990326,
    -0.0011970540508627892,
    -0.01391286589205265,
    0.04621618986129761,
    -0.004067372065037489,
    0.11571025103330612,
    -0.007348108105361462,
    0.06799028068780899,
    0.0467902310192585,
    -0.04515407234430313,
    0.009493503719568253,
    0.020739378407597542,
    -0.00700168265029788,
    0.02198164537549019,
    0.015012409538030624,
    -0.03221151605248451,
    0.003853165777400136,
    0.00961624551564455,
    0.039251215755939484,
    0.014699195511639118,
    0.031387075781822205,
    -0.0535590760409832,
    0.08159118890762329,
    0.12941017746925354,
    0.014824404381215572,
    -0.06961941719055176,
    0.058284129947423935,
    -0.07591812312602997,
    -0.01324071828275919,
    -0.030261723324656487,
    0.0791274756193161,
    0.0168745294213295,
    0.034023549407720566,
    -0.006282218731939793,
    -0.027601348236203194,
    -0.011987796053290367,
    0.03603021427989006,
    0.04661201685667038,
    -0.041217319667339325,
    0.011089935898780823,
    0.005301339086145163,
    -0.031762827187776566,
    0.021945305168628693,
    -0.047766655683517456,
    -0.08902313560247421,
    0.025101885199546814,
    -0.054662253707647324,
    0.027317773550748825,
    -0.03812792897224426,
    0.039723943918943405,
    -0.018579965457320213,
    -0.029432427138090134,
    -0.058965053409338,
    -0.06952324509620667,
    -0.031337838619947433,
    -0.07287879288196564,
    0.04240243881940842,
    -0.03673641383647919,
    -0.025213437154889107,
    0.09234452247619629,
    -0.028572319075465202,
    0.011453269980847836,
    -0.046807944774627686,
    -0.029257431626319885,
    -0.003011023625731468,
    -0.008208692073822021,
    0.04876008257269859,
    0.03768306225538254,
    -0.052097707986831665,
    0.003617353504523635,
    -0.006902896333485842,
    0.03462522476911545,
    -0.009072763845324516,
    0.02034139633178711,
    0.07005644589662552,
    0.03887244313955307,
    -0.03703616186976433,
    -0.02175070345401764,
    0.01977400667965412,
    0.029996294528245926,
    0.0018808343447744846,
    0.04922059550881386,
    -0.018949856981635094,
    -1.9453000341736732e-32,
    -0.026454580947756767,
    -0.05663716793060303,
    -0.03828411549329758,
    -0.004515433218330145,
    0.07259523123502731,
    -0.020967161282896996,
    -0.023562785238027573,
    -0.07317262142896652,
    0.05621879920363426,
    0.015165056101977825,
    0.027077175676822662,
    -0.0708051547408104,
    -0.020111365243792534,
    -0.03860865533351898,
    -0.034572262316942215,
    -0.021457238122820854,
    -0.009674307890236378,
    -0.0667007640004158,
    -0.0002420480304863304,
    0.10908430069684982,
    -0.024879811331629753,
    0.015228264965116978,
    -0.03775760903954506,
    0.1470375508069992,
    0.04326260834932327,
    0.047519147396087646,
    -0.03651098161935806,
    -0.00027861029957421124,
    0.12443487346172333,
    -0.053933363407850266,
    -0.0481303445994854,
    -0.04010099545121193,
    -0.07467897236347198,
    0.030582938343286514,
    -0.09588310122489929,
    -0.17108207941055298,
    0.05309632048010826,
    -0.025612028315663338,
    -0.03164991736412048,
    -0.04762965440750122,
    0.11965221166610718,
    -0.007884043268859386,
    -0.008912340737879276,
    0.001520463963970542,
    0.002009905641898513,
    -0.03741268068552017,
    0.09688548743724823,
    -0.024988381192088127,
    -0.013060010969638824,
    -0.009399252943694592,
    0.07789134234189987,
    -0.04827472195029259,
    -0.014827662147581577,
    0.016179481521248817,
    -0.05819409713149071,
    0.05839790031313896,
    0.0005004299455322325,
    -0.03696867451071739,
    -0.01877332106232643,
    -0.022865038365125656,
    0.07215955853462219,
    0.04337745159864426,
    -0.0468541644513607,
    0.08822009712457657,
    0.018217964097857475,
    -0.05206895247101784,
    -0.03177037090063095,
    -0.04356200248003006,
    -0.04159998148679733,
    -0.11070507764816284,
    -0.09418222308158875,
    -0.10103670507669449,
    -0.034717027097940445,
    -0.10714805871248245,
    0.06745904684066772,
    -0.054751116782426834,
    -0.04594443365931511,
    -0.09170740842819214,
    -0.09796377271413803,
    0.007440068759024143,
    0.03819131851196289,
    0.014742294326424599,
    -0.0700845792889595,
    0.07284925878047943,
    0.013062983751296997,
    -0.013662087731063366,
    0.08353058993816376,
    -0.04781439155340195,
    -0.02066401205956936,
    0.08022646605968475,
    -0.06408509612083435,
    0.028491299599409103,
    -0.1155300885438919,
    0.07666590809822083,
    -0.07790671288967133,
    -5.5413028832163036e-08,
    0.021461104974150658,
    0.06537064909934998,
    0.025500968098640442,
    -0.0599270723760128,
    -0.01576712355017662,
    -0.06879997253417969,
    -0.012626259587705135,
    -0.033468205481767654,
    -0.02722775936126709,
    -0.037189871072769165,
    0.03798207640647888,
    0.07341821491718292,
    -0.023939616978168488,
    -0.0094621442258358,
    0.0461856909096241,
    -0.018612181767821312,
    -0.08794847875833511,
    -0.03618082031607628,
    -0.03464735671877861,
    0.014179276302456856,
    -0.05695881322026253,
    -0.07069088518619537,
    -0.05939334258437157,
    0.025208594277501106,
    0.03289758786559105,
    0.051865123212337494,
    -0.0016185248969122767,
    0.038931336253881454,
    0.07252255827188492,
    0.023130690678954124,
    -0.027962615713477135,
    0.015041838400065899,
    0.046055927872657776,
    -0.0044026365503668785,
    -0.053927693516016006,
    -0.04412290081381798,
    -0.003874117275699973,
    -0.04325227811932564,
    0.0752519741654396,
    -0.006852524355053902,
    -0.019639158621430397,
    0.05749870091676712,
    0.02628675289452076,
    0.07833296060562134,
    -0.014205841347575188,
    -0.03843863680958748,
    -0.010610660538077354,
    -0.014183067716658115,
    -0.00298774940893054,
    -0.09194741398096085,
    -0.06885269284248352,
    -0.045804839581251144,
    0.13518616557121277,
    0.007888942956924438,
    -0.043132346123456955,
    0.06910546123981476,
    0.03640466183423996,
    0.04147988557815552,
    -0.021554378792643547,
    -0.03511872515082359,
    0.12249017506837845,
    0.024950845167040825,
    0.04972457140684128,
    0.011189655400812626
]