[
    -0.002751771127805114,
    0.06570401787757874,
    -0.0648089125752449,
    -0.030498646199703217,
    -0.04251481220126152,
    0.04819335415959358,
    -0.009549375623464584,
    -0.015190551988780499,
    0.026107175275683403,
    -0.004211296793073416,
    0.03421325609087944,
    -0.026173803955316544,
    0.0004664095176849514,
    0.0045050340704619884,
    0.12106616050004959,
    0.030640583485364914,
    0.035040482878685,
    0.0036374316550791264,
    -0.0743449404835701,
    0.11222035437822342,
    0.027950961142778397,
    0.07512913644313812,
    -0.034149061888456345,
    0.045504502952098846,
    -0.09253335744142532,
    -0.010325186885893345,
    -0.03516535833477974,
    -0.0822058767080307,
    0.04118235036730766,
    -0.02830282784998417,
    0.04378901794552803,
    0.029737476259469986,
    0.03214120864868164,
    0.08148739486932755,
    -0.018334753811359406,
    -0.060115378350019455,
    -0.07284029573202133,
    0.07115951180458069,
    -0.047614917159080505,
    0.019282804802060127,
    -0.08353431522846222,
    -0.021835748106241226,
    -0.05264290049672127,
    0.041870810091495514,
    0.004161428194493055,
    0.0003695694904308766,
    -0.09897466748952866,
    0.005294443108141422,
    -0.025573259219527245,
    0.006370139308273792,
    -0.08695992082357407,
    -0.025533480569720268,
    -0.06409389525651932,
    0.06490742415189743,
    -0.05614647641777992,
    -0.047215111553668976,
    -0.03793082386255264,
    0.06959513574838638,
    -0.10337512940168381,
    0.035071805119514465,
    0.03331636264920235,
    0.006134219001978636,
    -0.009818782098591328,
    0.01509827934205532,
    0.0105458814650774,
    0.06297115981578827,
    -0.024157986044883728,
    -0.00405903672799468,
    0.065731480717659,
    0.0016828237567096949,
    -0.06393174827098846,
    -0.036970898509025574,
    0.004424314945936203,
    0.023995837196707726,
    0.005451284348964691,
    -0.02827640436589718,
    -0.04128500819206238,
    0.0026714529376477003,
    0.0491693839430809,
    -0.12486875057220459,
    -0.08409549295902252,
    0.04679447412490845,
    0.03138040378689766,
    0.021739767864346504,
    -0.009242728352546692,
    -0.014552702195942402,
    -0.018716495484113693,
    -0.023915695026516914,
    -0.02606271207332611,
    0.007814190350472927,
    0.029054872691631317,
    -0.06206237152218819,
    0.074625663459301,
    -0.06849151849746704,
    0.08209487795829773,
    -0.049225445836782455,
    -0.032532911747694016,
    -0.045414917171001434,
    0.03176901489496231,
    -0.0008748293621465564,
    0.02290314994752407,
    -0.009782152250409126,
    -0.03411511704325676,
    0.051829028874635696,
    -0.01131145004183054,
    -0.040782298892736435,
    0.0075657605193555355,
    -0.06917089968919754,
    0.026514869183301926,
    0.04490223154425621,
    -0.000840347318444401,
    0.015108391642570496,
    -0.06151578947901726,
    -0.1153101697564125,
    0.03715537488460541,
    -0.001465069130063057,
    -0.03454408794641495,
    0.09566720575094223,
    0.08854494988918304,
    0.020239070057868958,
    -0.0136339096352458,
    -0.03531167283654213,
    0.024177242070436478,
    -0.053787942975759506,
    -0.0407833606004715,
    -0.01183796115219593,
    -0.0707969143986702,
    1.7789044007109628e-32,
    -0.03670781850814819,
    0.0011358677875250578,
    -0.07593827694654465,
    0.04761819913983345,
    0.011110620573163033,
    0.011912956833839417,
    -0.02230687253177166,
    -0.06978633999824524,
    -0.0822172537446022,
    0.00852084718644619,
    0.036973580718040466,
    0.047124892473220825,
    0.03081512823700905,
    0.014269244857132435,
    -0.02824695222079754,
    -0.011334007605910301,
    0.01745644211769104,
    0.09156119078397751,
    0.04339008033275604,
    0.046335674822330475,
    0.07045336067676544,
    0.0334053672850132,
    0.03819514438509941,
    0.04375837743282318,
    -0.031149018555879593,
    -0.01674029789865017,
    0.021699782460927963,
    -0.016331903636455536,
    0.043200332671403885,
    -0.010788426734507084,
    0.0035487685818225145,
    -0.006641469895839691,
    0.01571754179894924,
    -0.07339067757129669,
    0.04349159449338913,
    0.1159457117319107,
    0.05188973993062973,
    -0.07110564410686493,
    0.08743143826723099,
    -0.0826520100235939,
    0.00852250400930643,
    0.011039222590625286,
    0.017715871334075928,
    0.0016290141502395272,
    0.03651797026395798,
    0.03708472475409508,
    -0.060601845383644104,
    -0.048661381006240845,
    0.024547703564167023,
    0.03871839866042137,
    -0.08065244555473328,
    -0.0025850471574813128,
    0.015563170425593853,
    -0.03708145394921303,
    0.019930511713027954,
    -0.07232259213924408,
    -0.09901019185781479,
    0.056898877024650574,
    -0.025198571383953094,
    0.024270936846733093,
    0.012717192061245441,
    0.0711241066455841,
    -0.007477285340428352,
    -0.03208824247121811,
    -0.022707022726535797,
    -0.08099035173654556,
    -0.03300017490983009,
    -0.08275365829467773,
    0.074997678399086,
    -0.06488687545061111,
    -0.11236932873725891,
    0.10542571544647217,
    -0.033633191138505936,
    0.012443681247532368,
    -0.03993624076247215,
    -0.07033221423625946,
    0.007977857254445553,
    -0.00778033584356308,
    0.015282844193279743,
    0.01493812445551157,
    -0.06596777588129044,
    0.009197582490742207,
    -0.014837647788226604,
    0.07448627799749374,
    -0.054579734802246094,
    -0.010953697375953197,
    -0.0022107947152107954,
    0.024238668382167816,
    -0.07853767275810242,
    -0.05588703602552414,
    -0.011900710873305798,
    0.012996354140341282,
    0.0646151602268219,
    0.035218946635723114,
    0.00900341011583805,
    -1.8145245244031675e-32,
    -0.015454338863492012,
    -0.050260331481695175,
    -0.043214257806539536,
    0.009520592167973518,
    0.060010071843862534,
    0.013855697587132454,
    -0.06401925534009933,
    -0.10765399038791656,
    0.018529513850808144,
    0.019671941176056862,
    0.03004901297390461,
    -0.06027841195464134,
    0.010150348767638206,
    -0.009003990329802036,
    -0.05439196154475212,
    0.004604982677847147,
    -0.0952926054596901,
    -0.015506360679864883,
    -0.03890126943588257,
    0.07543391734361649,
    -0.024524282664060593,
    0.03618564084172249,
    -0.03322480246424675,
    0.11646175384521484,
    0.04625296592712402,
    0.04517355188727379,
    -0.06008684262633324,
    -0.035895708948373795,
    0.11527416110038757,
    -0.028531894087791443,
    -0.04997890442609787,
    -0.04032224789261818,
    -0.0783877745270729,
    -0.009133385494351387,
    -0.09754711389541626,
    -0.1560956984758377,
    0.0530819296836853,
    -0.011662736535072327,
    -0.05690417438745499,
    -0.008504560217261314,
    0.09373177587985992,
    0.024501636624336243,
    0.013536217622458935,
    -0.03542175516486168,
    -0.02494775503873825,
    -0.049746349453926086,
    0.06886325031518936,
    -0.014251204207539558,
    0.01010848581790924,
    -0.024146659299731255,
    0.10207609087228775,
    -0.07210741192102432,
    -0.009651713073253632,
    -0.022343087941408157,
    -0.054802846163511276,
    -0.02085260860621929,
    0.04182546213269234,
    -0.02245994657278061,
    -0.05765993893146515,
    -0.043443579226732254,
    0.08134283125400543,
    0.05235467478632927,
    -0.07959529757499695,
    0.07364054024219513,
    0.02710622176527977,
    -0.055148009210824966,
    -0.03183837980031967,
    0.03363717719912529,
    -0.036032114177942276,
    -0.045620474964380264,
    -0.05456395447254181,
    -0.09031407535076141,
    -0.006784459576010704,
    -0.07447254657745361,
    0.14051413536071777,
    -0.04961308091878891,
    -0.006713560316711664,
    -0.09013646095991135,
    -0.09803030639886856,
    -0.02076524868607521,
    0.04866188392043114,
    -0.011647804640233517,
    -0.03182104974985123,
    0.08569473028182983,
    0.02197709120810032,
    0.01314781978726387,
    0.031001603230834007,
    -0.03822951391339302,
    -0.0001692871010163799,
    0.09325583279132843,
    -0.038308341056108475,
    0.036490898579359055,
    -0.03679797798395157,
    0.0558154433965683,
    -0.06440867483615875,
    -5.3929952059661446e-08,
    0.007395326159894466,
    -0.04603160172700882,
    0.0206492580473423,
    -0.03462591394782066,
    -0.014761476777493954,
    -0.002285555936396122,
    -0.05144418403506279,
    -0.016096128150820732,
    -0.057510439306497574,
    -0.004840238019824028,
    0.027905380353331566,
    0.03052471950650215,
    -0.037098996341228485,
    -0.041483182460069656,
    0.034747470170259476,
    -0.0538356676697731,
    -0.0419640950858593,
    -0.013770087622106075,
    -0.0015753955813124776,
    -0.00590440584346652,
    -0.07747694849967957,
    -0.06170764937996864,
    -0.0545598566532135,
    0.0033219645265489817,
    0.022995052859187126,
    0.06339827179908752,
    -0.02294577658176422,
    0.08378544449806213,
    0.00543482368811965,
    0.06478027999401093,
    0.023822540417313576,
    0.03950050100684166,
    0.0450042262673378,
    -0.008085619658231735,
    -0.047122955322265625,
    -0.05445576459169388,
    0.03159811347723007,
    0.007692432031035423,
    0.02800891548395157,
    0.0030740401707589626,
    -0.010121677070856094,
    0.026198837906122208,
    0.0416116826236248,
    0.10354410856962204,
    0.02066248282790184,
    -0.05014016106724739,
    0.02234790287911892,
    -0.004541890695691109,
    0.025608567520976067,
    -0.044744331389665604,
    -0.04807933047413826,
    0.00781925767660141,
    0.106471486389637,
    0.045632846653461456,
    -0.009869655594229698,
    0.12586402893066406,
    0.0761045292019844,
    0.06185731291770935,
    -0.010827828198671341,
    -0.028925657272338867,
    0.1487257182598114,
    0.05491366237401962,
    0.06162664294242859,
    -0.020586175844073296
]