[
    0.04389970749616623,
    -0.007474266923964024,
    -0.02045782469213009,
    -0.03363333269953728,
    -0.01298037264496088,
    0.04529859498143196,
    -0.01453449483960867,
    -0.07802584767341614,
    -0.0011570409405976534,
    0.015795256942510605,
    0.008037853054702282,
    -0.0798255130648613,
    0.012567530386149883,
    -0.03297130763530731,
    0.12807895243167877,
    -0.012674346566200256,
    0.05149631202220917,
    0.049320612102746964,
    -0.1359473168849945,
    0.0607345849275589,
    0.05111244320869446,
    0.04644353687763214,
    -0.04327625408768654,
    -0.02554778940975666,
    -0.1301915943622589,
    -0.023359134793281555,
    -0.007183765526860952,
    -0.04381456598639488,
    0.011239142157137394,
    -0.09754768759012222,
    0.023502789437770844,
    0.007774163968861103,
    0.02659495174884796,
    0.0916425958275795,
    -0.021367961540818214,
    0.013394039124250412,
    -0.04032975807785988,
    0.024764444679021835,
    0.006002059672027826,
    0.005728933960199356,
    -0.10615923255681992,
    -0.034096673130989075,
    -0.03101813979446888,
    -0.028098346665501595,
    0.04695453494787216,
    0.018762534484267235,
    -0.0651286318898201,
    -0.06640828400850296,
    0.039786070585250854,
    0.00033823808189481497,
    -0.05676192417740822,
    -0.036823008209466934,
    -0.006928125396370888,
    0.07347134500741959,
    -0.047268930822610855,
    -0.06647638231515884,
    -0.050257083028554916,
    -0.02142743021249771,
    -0.08129995316267014,
    -0.0043322197161614895,
    0.012123914435505867,
    0.0026340431068092585,
    0.0339871384203434,
    0.06026403605937958,
    -0.08005166053771973,
    0.0012187680695205927,
    -0.01961623877286911,
    -0.011132794432342052,
    -0.026890285313129425,
    -0.013286062516272068,
    -0.10230159014463425,
    -0.035335130989551544,
    -0.013357063755393028,
    0.0555889867246151,
    -0.009566218592226505,
    0.029895994812250137,
    -0.024518489837646484,
    0.042301326990127563,
    0.0585128590464592,
    -0.1630338579416275,
    -0.018406907096505165,
    0.0806698277592659,
    0.025484172627329826,
    0.050461072474718094,
    -0.038899779319763184,
    0.004501302260905504,
    -0.0326949842274189,
    0.027552183717489243,
    -0.024691784754395485,
    -0.023890621960163116,
    0.017730440944433212,
    -0.012220865115523338,
    0.09320779144763947,
    -0.08378685265779495,
    0.07599353045225143,
    -0.05103972554206848,
    -0.006421038415282965,
    -0.03592413291335106,
    0.02462237887084484,
    -0.03037373349070549,
    -0.027426177635788918,
    0.0032953855115920305,
    -0.013879629783332348,
    0.0062507628463208675,
    -0.05949385091662407,
    -0.07554549723863602,
    0.002581988228484988,
    0.017096368595957756,
    0.02455616369843483,
    0.037415556609630585,
    -0.006033045705407858,
    0.059906426817178726,
    -0.08917845785617828,
    -0.14669770002365112,
    0.030916910618543625,
    -0.05401095747947693,
    -0.003571854205802083,
    0.01775461435317993,
    0.04573948681354523,
    0.011012023314833641,
    -0.07069667428731918,
    -0.04197637364268303,
    -0.03241889923810959,
    -0.07191604375839233,
    0.018574342131614685,
    0.04098149389028549,
    -0.062417589128017426,
    2.6141037164193555e-32,
    -0.020886380225419998,
    -0.007621807046234608,
    -0.026832854375243187,
    0.019768886268138885,
    -0.0003663474053610116,
    -0.01978890970349312,
    0.03450177237391472,
    -0.017606882378458977,
    -0.060652926564216614,
    0.10412530601024628,
    -0.032796647399663925,
    0.034925464540719986,
    -0.028858106583356857,
    0.025632333010435104,
    0.020783353596925735,
    -0.030306948348879814,
    0.01704300194978714,
    0.059951361268758774,
    -0.038086406886577606,
    0.04263875260949135,
    0.00808656681329012,
    -0.027747999876737595,
    0.002026483416557312,
    0.017431115731596947,
    0.011154738254845142,
    -0.01273706741631031,
    0.010404403321444988,
    -0.023783143609762192,
    -0.007478721439838409,
    0.010971826501190662,
    0.009484483860433102,
    0.017803112044930458,
    0.016616391018033028,
    -0.05103249475359917,
    0.01656050980091095,
    0.0905199870467186,
    0.011969739571213722,
    -0.026154672726988792,
    0.058555036783218384,
    -0.06992315500974655,
    -0.029651809483766556,
    -0.033423081040382385,
    0.06948244571685791,
    0.032328974455595016,
    0.01186960656195879,
    -0.018993491306900978,
    0.016036605462431908,
    -0.02931280806660652,
    0.01962345279753208,
    0.004312271252274513,
    -0.039649948477745056,
    0.005323458928614855,
    0.025291575118899345,
    -0.03621605411171913,
    0.02592896670103073,
    -0.02127338945865631,
    -0.0659034475684166,
    0.0542670413851738,
    -0.05643352493643761,
    0.07691490650177002,
    -0.10731512308120728,
    0.03818189725279808,
    -0.0385754220187664,
    0.015537421219050884,
    0.058523889631032944,
    -0.03336609527468681,
    -0.006985847372561693,
    -0.03989380598068237,
    0.07173214107751846,
    0.009391224011778831,
    -0.030717723071575165,
    0.05797363445162773,
    0.011549804359674454,
    0.008919155225157738,
    -0.009546569548547268,
    -0.03426285833120346,
    -0.021943815052509308,
    -0.04094677045941353,
    0.007639401592314243,
    0.033505380153656006,
    -0.08101684600114822,
    -0.012861396186053753,
    0.027587920427322388,
    0.05895638093352318,
    0.00745545607060194,
    0.00985125545412302,
    0.06744123995304108,
    0.026307737454771996,
    -0.08435630798339844,
    -0.041285354644060135,
    -0.02399405837059021,
    0.0066972761414945126,
    0.02987000159919262,
    0.052513282746076584,
    0.0008311611600220203,
    -2.708814471759458e-32,
    0.008479014039039612,
    -0.021447928622364998,
    -0.019067248329520226,
    -0.032831478863954544,
    0.06030026078224182,
    -0.011308460496366024,
    -0.07248204201459885,
    -0.11304411292076111,
    0.016147952526807785,
    0.010788834653794765,
    0.043986763805150986,
    -0.02986016310751438,
    -0.02145558036863804,
    0.00917782075703144,
    -0.04896446317434311,
    -0.027938207611441612,
    -0.11069300025701523,
    -0.023699302226305008,
    0.01040609274059534,
    0.1430680751800537,
    -0.04552479088306427,
    0.008645812049508095,
    0.0036920246202498674,
    0.12908312678337097,
    0.023571064695715904,
    0.0806584283709526,
    -0.04406490549445152,
    0.01296139881014824,
    0.1301034837961197,
    -0.026853417977690697,
    -0.061952561140060425,
    -0.08110775053501129,
    -0.02358807995915413,
    0.0025388270150870085,
    -0.09058983623981476,
    -0.2115551233291626,
    0.014100360684096813,
    -0.08375804126262665,
    -0.02652071788907051,
    -0.01895873248577118,
    0.06945796310901642,
    -0.004737535957247019,
    -0.007470364682376385,
    0.017355607822537422,
    -0.011391943320631981,
    -0.08588776737451553,
    0.039861369878053665,
    -0.019956093281507492,
    -0.03737717494368553,
    -0.02003498002886772,
    0.013334797695279121,
    -0.0013290488859638572,
    -0.05681830272078514,
    0.053974661976099014,
    -0.0014247170183807611,
    0.04524790123105049,
    0.03401154279708862,
    -0.022129656746983528,
    -0.039040420204401016,
    -0.04231707379221916,
    0.07434028387069702,
    0.10623247176408768,
    -0.022322846576571465,
    0.07873349636793137,
    0.07436857372522354,
    -0.05893177539110184,
    -0.0009435102110728621,
    -0.07966665923595428,
    -0.014898679219186306,
    -0.100105419754982,
    -0.09357106685638428,
    -0.1066058874130249,
    -0.05356041342020035,
    -0.08277799189090729,
    0.08297093957662582,
    -0.06129933521151543,
    -0.01578347012400627,
    -0.10477681457996368,
    -0.04968944564461708,
    0.057564038783311844,
    0.08248315006494522,
    -0.04680151492357254,
    -0.05743805691599846,
    0.042036667466163635,
    0.012326844036579132,
    0.03152254968881607,
    0.0296355988830328,
    -0.023579807952046394,
    0.031478021293878555,
    0.07702384144067764,
    -0.05640394613146782,
    -0.01416719239205122,
    -0.08169014006853104,
    0.04884398728609085,
    -0.08322048932313919,
    -7.106039134896491e-08,
    -0.016379356384277344,
    0.06727302074432373,
    0.017348844558000565,
    -0.04711979255080223,
    -0.009559240192174911,
    -0.0457376129925251,
    -0.027695070952177048,
    -0.024464694783091545,
    -0.07888490706682205,
    -0.03762397915124893,
    0.059513650834560394,
    0.07108629494905472,
    -0.038276758044958115,
    -0.03840041160583496,
    0.06647364050149918,
    -0.025635866448283195,
    -0.06587528437376022,
    0.01492354366928339,
    -0.03162556141614914,
    0.0313122496008873,
    -0.07340685278177261,
    -0.07114991545677185,
    -0.050321538001298904,
    0.038737718015909195,
    0.034556880593299866,
    0.018408561125397682,
    -0.04735026881098747,
    -0.022839384153485298,
    0.1305030733346939,
    0.0690775141119957,
    0.02373621240258217,
    -0.010586096905171871,
    0.010780817829072475,
    -0.001552926143631339,
    -0.030949994921684265,
    -0.01902957633137703,
    0.018291376531124115,
    -0.027431774884462357,
    0.0511321984231472,
    0.008354255929589272,
    -0.004013856872916222,
    0.057013120502233505,
    0.03814764693379402,
    0.09552762657403946,
    -0.023681046441197395,
    -0.00430699298158288,
    -0.04774203523993492,
    0.011786959134042263,
    0.03745836392045021,
    -0.11145326495170593,
    -0.028685156255960464,
    -0.01582941599190235,
    0.03530813753604889,
    -0.000741884286981076,
    -0.06751487404108047,
    0.0692237913608551,
    0.016911732032895088,
    0.03284215182065964,
    0.020375879481434822,
    0.0033758138306438923,
    0.11888018250465393,
    0.009610040113329887,
    0.04564971476793289,
    -0.0279887355864048
]