[
    -0.04654400795698166,
    0.05312603339552879,
    -0.017678063362836838,
    -0.05445745959877968,
    -0.018940553069114685,
    0.06905107200145721,
    -0.010389280505478382,
    -0.034824904054403305,
    0.042450252920389175,
    0.008653259836137295,
    0.013965978287160397,
    -0.030961833894252777,
    0.021788669750094414,
    -0.02856912650167942,
    0.09140509366989136,
    -0.04563548043370247,
    0.02675371803343296,
    0.012306809425354004,
    -0.09889718890190125,
    0.11567630618810654,
    0.041108064353466034,
    0.05956614390015602,
    -0.06051632761955261,
    0.012592793442308903,
    -0.075160913169384,
    -0.05481339618563652,
    0.001863383804447949,
    -0.06091928482055664,
    0.03817661479115486,
    -0.06891302764415741,
    0.04632582888007164,
    0.05940069258213043,
    0.016182441264390945,
    0.061757687479257584,
    0.007330954074859619,
    -0.03455141931772232,
    -0.029612557962536812,
    0.022792955860495567,
    -0.04274507984519005,
    0.03860247880220413,
    -0.05240635201334953,
    -0.05165081098675728,
    -0.07298222184181213,
    0.04214233160018921,
    0.02445884793996811,
    0.0372333861887455,
    -0.06317197531461716,
    -0.010261126793920994,
    0.0016652550548315048,
    0.0827823281288147,
    -0.09512889385223389,
    -0.03327687829732895,
    -0.05675755813717842,
    0.09536547213792801,
    -0.05681964382529259,
    -0.053634967654943466,
    -0.01899220235645771,
    -0.020413419231772423,
    -0.09041569381952286,
    -0.01788506470620632,
    -0.013106578961014748,
    0.02746386080980301,
    0.008541347458958626,
    0.06077613681554794,
    -0.05223798006772995,
    0.05973006412386894,
    -0.018367581069469452,
    -0.020643653348088264,
    -0.014705096371471882,
    0.020518800243735313,
    -0.08266077935695648,
    -0.014630748890340328,
    -0.03248685225844383,
    0.0428570955991745,
    0.007991025224328041,
    -0.005011777859181166,
    -0.0017149337800219655,
    0.05604517459869385,
    0.04423700273036957,
    -0.13172802329063416,
    -0.022053798660635948,
    -0.002668153727427125,
    -0.023755215108394623,
    0.029371529817581177,
    -0.07914817333221436,
    -0.025989187881350517,
    -0.029387056827545166,
    -0.030397143214941025,
    0.0036477299872785807,
    -0.048641350120306015,
    0.07117600739002228,
    -0.05211367830634117,
    0.058312028646469116,
    -0.07949510961771011,
    0.0803350955247879,
    -0.04076613113284111,
    -0.04874628037214279,
    -0.06340765208005905,
    0.03684696555137634,
    -0.020067477598786354,
    -0.0026429956778883934,
    0.010935514234006405,
    0.014140677638351917,
    0.0059194546192884445,
    -0.03349403291940689,
    -0.036317043006420135,
    0.007473936304450035,
    -0.0042825909331440926,
    0.04842844977974892,
    0.06739336997270584,
    0.03610745444893837,
    -0.011364036239683628,
    -0.031654927879571915,
    -0.16055673360824585,
    0.05204686522483826,
    0.03311141952872276,
    -0.028199441730976105,
    0.06662213802337646,
    0.08377955853939056,
    0.021721461787819862,
    -0.046142321079969406,
    0.0008777667535468936,
    -0.07962851226329803,
    -0.11001309752464294,
    -0.07395713776350021,
    0.006249868310987949,
    -0.0684477686882019,
    2.3441971360959054e-32,
    -0.049862269312143326,
    -0.01759333349764347,
    -0.056204501539468765,
    0.0430496484041214,
    0.011615957133471966,
    0.00043809725320897996,
    0.023311516270041466,
    -0.00421759532764554,
    -0.07397406548261642,
    0.06721373647451401,
    -0.02775474451482296,
    0.030447594821453094,
    -0.0071937465108931065,
    -0.030590100213885307,
    -0.025890445336699486,
    0.017794154584407806,
    0.01305556669831276,
    0.08618731796741486,
    0.02539028413593769,
    0.08054859936237335,
    0.018033433705568314,
    -0.013860984705388546,
    0.026607617735862732,
    0.010499255731701851,
    -0.02361871488392353,
    -0.0010087178088724613,
    0.004335338715463877,
    -0.041655346751213074,
    0.035163167864084244,
    -0.015111192129552364,
    0.03097657486796379,
    0.0377906896173954,
    0.031249629333615303,
    -0.0045771109871566296,
    0.04831050708889961,
    0.13692989945411682,
    0.02600242756307125,
    -0.07289610058069229,
    0.09923255443572998,
    -0.06169687956571579,
    -0.04095417633652687,
    -0.0241523627191782,
    0.02892860397696495,
    0.03310132399201393,
    0.02106730081140995,
    0.005030274856835604,
    -0.006261549890041351,
    -0.04407813400030136,
    -0.001455201767385006,
    0.027012404054403305,
    -0.04586323723196983,
    0.02175658941268921,
    0.011389619670808315,
    -0.02810300886631012,
    0.014400012791156769,
    -0.025606978684663773,
    -0.08814089745283127,
    0.0615709163248539,
    -0.0657806321978569,
    0.0770377442240715,
    -0.05747779458761215,
    0.008418750017881393,
    0.004766184836626053,
    -0.005985932424664497,
    -0.04981116205453873,
    -0.06991146504878998,
    -0.036088764667510986,
    -0.0812506154179573,
    0.01936383545398712,
    -0.0375986248254776,
    -0.02950887568295002,
    0.09275580942630768,
    -0.024837374687194824,
    0.026506923139095306,
    -0.03205586224794388,
    -0.033479828387498856,
    0.015145245008170605,
    -0.029753973707556725,
    0.08518455922603607,
    0.017926732078194618,
    -0.11102136969566345,
    -0.017970453947782516,
    0.010070760734379292,
    0.06713049858808517,
    -0.019342292100191116,
    0.004328492097556591,
    0.08424735069274902,
    0.016474608331918716,
    -0.09712976962327957,
    -0.05182625725865364,
    -0.0007783222245052457,
    0.04295079782605171,
    0.003462577937170863,
    0.028939325362443924,
    0.07681713253259659,
    -2.3551520087615999e-32,
    -0.04904741048812866,
    -0.022712342441082,
    -0.07122378796339035,
    0.02819322794675827,
    0.04417863115668297,
    -0.002969395136460662,
    -0.027029190212488174,
    -0.08574124425649643,
    0.05701738968491554,
    0.03174552693963051,
    -0.003011059481650591,
    -0.037232398986816406,
    -0.053398869931697845,
    -0.030586380511522293,
    -0.031239217147231102,
    -0.026935487985610962,
    -0.06124603748321533,
    -0.06255723536014557,
    0.021741583943367004,
    0.1345299929380417,
    -0.03457363694906235,
    0.024282898753881454,
    -0.03200638294219971,
    0.1288338452577591,
    0.05426276847720146,
    0.04829142615199089,
    -0.04399461671710014,
    0.01560891792178154,
    0.09658437222242355,
    -0.02269555814564228,
    -0.04762806370854378,
    -0.053033486008644104,
    -0.07176558673381805,
    0.005875119939446449,
    -0.1085357815027237,
    -0.15770640969276428,
    0.08360874652862549,
    -0.017990317195653915,
    -0.0013107375707477331,
    -0.04523531720042229,
    0.07538780570030212,
    0.001956248190253973,
    0.009016548283398151,
    -0.005472742021083832,
    0.024796202778816223,
    -0.09345920383930206,
    0.05808449536561966,
    -0.05573347955942154,
    0.0074563343077898026,
    0.007565064821392298,
    0.03150611370801926,
    -0.03789757937192917,
    -0.013923030346632004,
    0.014933097176253796,
    -0.10022833198308945,
    0.06598559767007828,
    0.008974756114184856,
    -0.012537933886051178,
    -0.02564941719174385,
    -0.033218786120414734,
    0.12259557843208313,
    0.07007497549057007,
    -0.043712060898542404,
    0.04381284490227699,
    0.023914897814393044,
    -0.011740739457309246,
    0.01851535215973854,
    -0.037585798650979996,
    -0.036281317472457886,
    -0.08839946240186691,
    -0.09939169883728027,
    -0.07148243486881256,
    -0.0541125163435936,
    -0.08115750551223755,
    0.08171457052230835,
    -0.02716556377708912,
    0.017819466069340706,
    -0.10328242182731628,
    -0.06559883058071136,
    -0.011356149800121784,
    0.06509311497211456,
    -0.007490585092455149,
    -0.06711959838867188,
    0.06877092272043228,
    -0.014902543276548386,
    -0.019166961312294006,
    0.08364221453666687,
    -0.05913300812244415,
    -0.017675045877695084,
    0.0694090873003006,
    -0.08668386936187744,
    0.006278309039771557,
    -0.06048091873526573,
    0.044821321964263916,
    -0.09245545417070389,
    -6.380847139553225e-08,
    -0.02349710837006569,
    0.05894104391336441,
    0.028919415548443794,
    -0.029104597866535187,
    -0.0020841313526034355,
    -0.05101218447089195,
    -0.010757410898804665,
    0.021635429933667183,
    -0.056855708360672,
    -0.02031196840107441,
    0.024525322020053864,
    0.06398874521255493,
    -0.014860115945339203,
    0.0015216423198580742,
    0.048985861241817474,
    -0.00730320205911994,
    -0.07301956415176392,
    -0.0584447905421257,
    -0.05701224133372307,
    0.03235893324017525,
    -0.06308116763830185,
    -0.018117867410182953,
    -0.05824539065361023,
    0.03030889481306076,
    0.03429853543639183,
    0.037889864295721054,
    0.024244220927357674,
    0.02951241098344326,
    0.0869658961892128,
    0.008450362831354141,
    -0.034753914922475815,
    0.008048064075410366,
    0.026635045185685158,
    -0.02377454750239849,
    -0.029597869142889977,
    -0.05375628173351288,
    0.008456996642053127,
    -0.006150772329419851,
    0.03871672600507736,
    0.013601751998066902,
    -0.007211363408714533,
    0.03748976066708565,
    0.027226151898503304,
    0.06984283775091171,
    0.03872044384479523,
    -0.029731864109635353,
    -0.06629528105258942,
    0.020643383264541626,
    0.004792293068021536,
    -0.07807772606611252,
    -0.03946349397301674,
    -0.014173268340528011,
    0.09977751225233078,
    -0.005345955491065979,
    -0.035665012896060944,
    0.07690681517124176,
    0.04881194606423378,
    0.09152302145957947,
    -0.02525002881884575,
    0.01730761118233204,
    0.11304515600204468,
    0.030203497037291527,
    0.05785747244954109,
    -0.03885315731167793
]