[
    -0.020309442654252052,
    0.06217668578028679,
    -0.026230527088046074,
    -0.043716948479413986,
    -0.004980381578207016,
    0.03469371795654297,
    -0.010807985439896584,
    -0.004645334556698799,
    0.00551270367577672,
    -0.021144023165106773,
    0.01882910542190075,
    -0.005824660416692495,
    0.007898494601249695,
    -0.018234489485621452,
    0.08449732512235641,
    0.01593068242073059,
    0.05958621948957443,
    6.394449883373454e-05,
    -0.10465892404317856,
    0.08475680649280548,
    0.04090734198689461,
    0.06493985652923584,
    -0.00896915141493082,
    0.04115583375096321,
    -0.08664330095052719,
    -0.02366865612566471,
    -0.04453136399388313,
    -0.05641189590096474,
    0.0788692906498909,
    -0.0016328234924003482,
    0.07350751757621765,
    0.0188865028321743,
    0.041875146329402924,
    0.06575172394514084,
    -0.018374137580394745,
    -0.03128734603524208,
    -0.03303292766213417,
    0.016004450619220734,
    -0.07071433216333389,
    0.007676425855606794,
    -0.0815901905298233,
    -0.05223705992102623,
    -0.06396607309579849,
    0.07035139948129654,
    0.003812630195170641,
    0.021426457911729813,
    -0.05079096928238869,
    -0.0017146156169474125,
    -0.0183484498411417,
    0.04834696650505066,
    -0.06421352177858353,
    -0.04581187665462494,
    -0.03864805027842522,
    0.05612023547291756,
    -0.07812954485416412,
    -0.012631296180188656,
    -0.039924703538417816,
    0.019702427089214325,
    -0.08130185306072235,
    -0.010885246098041534,
    0.007946946658194065,
    -0.020003903657197952,
    -0.005645863711833954,
    0.0736774131655693,
    -0.034440621733665466,
    0.06834356486797333,
    -0.018737299367785454,
    -0.05790116637945175,
    0.01034760382026434,
    0.01988857239484787,
    -0.0688500925898552,
    -0.016301395371556282,
    -0.00793093629181385,
    0.03386912867426872,
    0.013275264762341976,
    -0.004041019827127457,
    -0.025353042408823967,
    0.03127515688538551,
    0.07557273656129837,
    -0.14821502566337585,
    -0.06046362966299057,
    0.06278079003095627,
    0.014342577196657658,
    0.03530364856123924,
    -0.029973844066262245,
    -0.02207033336162567,
    0.005750291049480438,
    -0.010594205930829048,
    -0.027211932465434074,
    -0.022023167461156845,
    0.07269113510847092,
    -0.06907393038272858,
    0.07470722496509552,
    -0.08568663150072098,
    0.08585337549448013,
    -0.05223707854747772,
    -0.022792790085077286,
    -0.09078989177942276,
    -0.01940993033349514,
    -0.028771517798304558,
    -0.01562829129397869,
    -0.037179358303546906,
    0.0001426557282684371,
    -0.010961879044771194,
    -0.02059187740087509,
    -0.0781557559967041,
    -0.023804878816008568,
    -0.04622675105929375,
    0.029478611424565315,
    0.06585698574781418,
    0.04362671077251434,
    0.0050161732360720634,
    -0.027476446703076363,
    -0.11246990412473679,
    0.049472175538539886,
    0.04794815182685852,
    -0.029871108010411263,
    0.058132585138082504,
    0.06710128486156464,
    -0.013763407245278358,
    -0.04118148609995842,
    -0.05868881940841675,
    0.0004592467739712447,
    -0.11071742326021194,
    -0.030186079442501068,
    -0.027045993134379387,
    -0.06678784638643265,
    1.71094348869176e-32,
    -0.04270332306623459,
    0.013144395314157009,
    -0.08044272661209106,
    0.09387010335922241,
    0.06047968566417694,
    0.0020591591019183397,
    0.01198369450867176,
    -0.04587451368570328,
    -0.08637981861829758,
    0.012381971813738346,
    0.007839512079954147,
    0.06726821511983871,
    0.015308124013245106,
    -0.013104050420224667,
    0.003505828557536006,
    0.017953500151634216,
    0.03128799796104431,
    0.13698172569274902,
    0.0197701808065176,
    0.0799165740609169,
    0.04895595461130142,
    -0.023165833204984665,
    0.010119810700416565,
    0.017195766791701317,
    -0.028186636045575142,
    0.014522952027618885,
    0.010298826731741428,
    -0.02661914750933647,
    0.00865961890667677,
    -0.009921956807374954,
    0.0015406562015414238,
    0.0277363620698452,
    0.023986738175153732,
    -0.04463088884949684,
    0.0815223827958107,
    0.11945757269859314,
    0.046385765075683594,
    -0.09491176903247833,
    0.06667079031467438,
    -0.07035284489393234,
    -0.013163955882191658,
    -0.016838500276207924,
    0.030236758291721344,
    0.013166648335754871,
    0.043703366070985794,
    -0.019545778632164,
    -0.029175225645303726,
    -0.015246085822582245,
    0.037597425282001495,
    0.06867045164108276,
    -0.06607573479413986,
    0.013692733831703663,
    0.03163032606244087,
    -0.06085629761219025,
    0.016883034259080887,
    -0.01494932733476162,
    -0.11133183538913727,
    0.08310780674219131,
    -0.04620926082134247,
    0.009512605145573616,
    -0.0011118248803541064,
    0.045726750046014786,
    0.0039476254023611546,
    0.02175028622150421,
    -0.013539916835725307,
    -0.09362410008907318,
    -0.05275531858205795,
    -0.08211998641490936,
    0.07588651031255722,
    -0.04296301305294037,
    -0.08588200062513351,
    0.071189284324646,
    -0.019098956137895584,
    0.03140326589345932,
    -0.05872896686196327,
    -0.06440077722072601,
    0.023615291342139244,
    -0.037290893495082855,
    0.0374312549829483,
    0.019742341712117195,
    -0.061667513102293015,
    0.01131609920412302,
    0.01065380685031414,
    0.06856807321310043,
    -0.05385011434555054,
    -0.02464405819773674,
    0.029521562159061432,
    0.06659101694822311,
    -0.0890951156616211,
    -0.07604300230741501,
    0.017144858837127686,
    0.015934202820062637,
    0.03172358125448227,
    -0.004256841726601124,
    0.015265834517776966,
    -1.7658581766583617e-32,
    0.0059250229969620705,
    -0.08190091699361801,
    -0.019346145913004875,
    0.005163942463696003,
    0.08220555633306503,
    0.010183468461036682,
    -0.0021227349061518908,
    -0.04828707501292229,
    0.06157142296433449,
    -0.02341822348535061,
    0.04613785445690155,
    -0.026424922049045563,
    0.0033842080738395452,
    -0.051620010286569595,
    -0.0633205845952034,
    0.01808066852390766,
    -0.10789657384157181,
    -0.052050162106752396,
    0.03321264311671257,
    0.09005144238471985,
    0.013395639136433601,
    -0.02840355597436428,
    0.0002942776191048324,
    0.12010761350393295,
    0.05100340023636818,
    0.021826675161719322,
    -0.04746604338288307,
    0.01986333355307579,
    0.0763203576207161,
    -0.07796882838010788,
    -0.03799286484718323,
    -0.05245789885520935,
    -0.06379049271345139,
    0.017077047377824783,
    -0.08558494597673416,
    -0.15599390864372253,
    0.07618779689073563,
    -0.00186262431088835,
    -0.027533885091543198,
    -0.028432708233594894,
    0.09689530730247498,
    -0.0025665212888270617,
    -0.005088041070848703,
    0.0017808075062930584,
    0.011503047309815884,
    -0.04578688368201256,
    0.06572329252958298,
    -0.044576119631528854,
    0.006699590478092432,
    -0.03818737342953682,
    0.07465788722038269,
    -0.050752393901348114,
    0.015113978646695614,
    0.016178682446479797,
    -0.052720148116350174,
    0.01949864998459816,
    0.03714246302843094,
    -0.025290243327617645,
    0.0013840426690876484,
    -0.026493702083826065,
    0.07268498837947845,
    0.05616993457078934,
    -0.0602678619325161,
    0.07017688453197479,
    0.01940034329891205,
    -0.07158062607049942,
    -0.04273521900177002,
    -0.038575172424316406,
    -0.05027806758880615,
    -0.050500523298978806,
    -0.08679202944040298,
    -0.13110218942165375,
    -0.0338641032576561,
    -0.07207303494215012,
    0.09867268800735474,
    -0.04654010757803917,
    0.02644968405365944,
    -0.11255715787410736,
    -0.08769568800926208,
    -0.02191144973039627,
    0.04025216028094292,
    -0.0007968255667947233,
    -0.055165063589811325,
    0.07082901895046234,
    0.024691885337233543,
    0.028028039261698723,
    0.03295890614390373,
    -0.029840150848031044,
    0.012080739252269268,
    0.08330284804105759,
    -0.05275071784853935,
    0.03599691763520241,
    -0.07704170048236847,
    0.06889823824167252,
    -0.10537132620811462,
    -5.413543391341591e-08,
    0.0028286990709602833,
    0.033610306680202484,
    0.004702222533524036,
    -0.05107489600777626,
    0.014455419033765793,
    -0.028325842693448067,
    -0.013519087806344032,
    -0.025835834443569183,
    -0.04412870854139328,
    -0.06446897983551025,
    0.03889753669500351,
    0.06839308887720108,
    -0.03548551723361015,
    -0.031382523477077484,
    0.029529282823204994,
    0.018831636756658554,
    -0.07467204332351685,
    -0.023444298654794693,
    -0.021903494372963905,
    0.039247456938028336,
    -0.07186667621135712,
    -0.05240585654973984,
    -0.05174378678202629,
    0.017414208501577377,
    0.0355931855738163,
    0.06335759162902832,
    -0.015083462931215763,
    0.09949363768100739,
    0.021784259006381035,
    0.05031883716583252,
    -0.008685478940606117,
    0.02069850265979767,
    0.04505477845668793,
    -0.0025716787204146385,
    -0.07656198740005493,
    -0.03490661457180977,
    -0.009579040110111237,
    -0.015772808343172073,
    0.05178967863321304,
    -0.02504129894077778,
    -0.007368416991084814,
    0.03217795491218567,
    0.028836200013756752,
    0.06475864350795746,
    0.017003623768687248,
    -0.013972974382340908,
    -0.01675577089190483,
    -0.006537063512951136,
    -0.004740689881145954,
    -0.05513279139995575,
    -0.05040115863084793,
    0.001882185460999608,
    0.10050712525844574,
    0.014315689913928509,
    -0.013782213442027569,
    0.1004689410328865,
    0.06008119881153107,
    0.04018807038664818,
    0.001488581532612443,
    -0.012196620926260948,
    0.1215037852525711,
    0.07814804464578629,
    0.06747521460056305,
    -0.03637128323316574
]