[
    -0.047103606164455414,
    0.04476485773921013,
    -0.031630340963602066,
    -0.0702914372086525,
    -0.07652256637811661,
    0.06113428995013237,
    0.015629475936293602,
    -0.05740377679467201,
    0.050779178738594055,
    -0.0044558048248291016,
    -0.0018139868043363094,
    -0.039915572851896286,
    0.016760114580392838,
    -0.03157203644514084,
    0.07845314592123032,
    -0.006806947290897369,
    0.042257294058799744,
    0.02773807756602764,
    -0.09237062931060791,
    0.04262304678559303,
    0.002607459668070078,
    0.05759507417678833,
    -0.04917861893773079,
    -0.0013766199117526412,
    -0.10782372951507568,
    -0.05030898377299309,
    -0.008284957148134708,
    -0.08095335215330124,
    -0.0028638257645070553,
    -0.09266898781061172,
    0.043293796479701996,
    0.01995137333869934,
    0.0709097683429718,
    0.06163432076573372,
    -0.001477693091146648,
    0.009213604032993317,
    -0.009198999963700771,
    0.04072963818907738,
    0.0012775604845955968,
    0.04129253700375557,
    -0.08220174908638,
    -0.05972852557897568,
    -0.03151609003543854,
    -0.0008609647047705948,
    0.017329150810837746,
    0.008814341388642788,
    -0.049746423959732056,
    -0.04320642352104187,
    0.0034819990396499634,
    0.051575012505054474,
    -0.0631246417760849,
    -0.044790804386138916,
    -0.03143360838294029,
    0.1045159175992012,
    -0.08121481537818909,
    -0.026206787675619125,
    -0.027540531009435654,
    -0.022350749000906944,
    -0.09055110812187195,
    -0.0049837492406368256,
    -0.020646795630455017,
    0.047243766486644745,
    0.0326208621263504,
    0.09067457914352417,
    -0.06758753955364227,
    0.04934191703796387,
    -0.007790399715304375,
    -0.014176929369568825,
    -0.02043359912931919,
    -0.01595894619822502,
    -0.07742694765329361,
    -0.03705282136797905,
    -0.031791411340236664,
    0.03434087336063385,
    0.0026547936722636223,
    0.0021270946599543095,
    -0.02723592333495617,
    0.027283871546387672,
    0.0883341059088707,
    -0.14064443111419678,
    0.0011481388937681913,
    0.02013767696917057,
    -0.030671345070004463,
    0.08242951333522797,
    -0.0826600044965744,
    -0.005751230288296938,
    -0.016321346163749695,
    -0.011521542444825172,
    -0.005439388565719128,
    -0.028508862480521202,
    0.044542182236909866,
    -0.064088836312294,
    0.09592882543802261,
    -0.057704418897628784,
    0.08074728399515152,
    -0.0457078255712986,
    -0.03693659231066704,
    -0.0643349438905716,
    0.01354480255395174,
    -0.00017813344311434776,
    -0.02923326939344406,
    0.02548282779753208,
    0.018427444621920586,
    0.012417970225214958,
    -0.04500839486718178,
    -0.07026874274015427,
    0.0011402564123272896,
    -0.01818622089922428,
    0.033355314284563065,
    0.051981329917907715,
    0.036317579448223114,
    0.029455700889229774,
    -0.05507824942469597,
    -0.1739552617073059,
    0.05032481625676155,
    0.004489395301789045,
    -0.02536999061703682,
    0.051666826009750366,
    0.04018275812268257,
    0.018796689808368683,
    -0.0115603506565094,
    0.0017188090132549405,
    -0.06174733489751816,
    -0.07070831209421158,
    -0.05448030307888985,
    0.030624451115727425,
    -0.04149477556347847,
    2.2259014090376983e-32,
    -0.016233107075095177,
    0.018229207023978233,
    -0.02506808377802372,
    0.04270116984844208,
    0.03646555915474892,
    -0.01053860317915678,
    0.014430171810090542,
    -0.024606695398688316,
    -0.07267909497022629,
    0.0589028000831604,
    -0.009045968763530254,
    0.04793115332722664,
    -0.011968632228672504,
    -0.06687317043542862,
    -0.03136365860700607,
    0.05675847455859184,
    0.012327020056545734,
    0.08863995224237442,
    -0.026374610140919685,
    0.08497551828622818,
    0.02169150672852993,
    -0.03208984434604645,
    0.020537175238132477,
    0.04841179400682449,
    0.0025905759539455175,
    -0.0010090081486850977,
    0.009264745749533176,
    -0.0021644607186317444,
    0.06048523634672165,
    -0.01018186192959547,
    0.062406737357378006,
    0.01991581916809082,
    0.024003785103559494,
    -0.03386443853378296,
    0.04856663569808006,
    0.11833149194717407,
    0.03242177516222,
    -0.05465018004179001,
    0.0806935504078865,
    -0.06716955453157425,
    -0.031161421909928322,
    -0.026244599372148514,
    0.0592193603515625,
    0.025639550760388374,
    0.03880409896373749,
    -0.014990640804171562,
    -0.007121705915778875,
    -0.022143306210637093,
    0.015024672262370586,
    0.0578237920999527,
    -0.035174909979104996,
    0.010417462326586246,
    0.011496560648083687,
    -0.001829210901632905,
    0.017957646399736404,
    -0.033894579857587814,
    -0.054579269140958786,
    0.053632739931344986,
    -0.04787103831768036,
    0.059359487146139145,
    -0.049570467323064804,
    0.04464045539498329,
    -0.012619562447071075,
    -0.01309643592685461,
    -0.027797257527709007,
    -0.08544839918613434,
    -0.0336097776889801,
    -0.06340765953063965,
    0.04747101664543152,
    -0.014309071004390717,
    -0.0433008186519146,
    0.0728159099817276,
    1.8957527572638355e-05,
    0.03295286372303963,
    -0.04502266272902489,
    -0.04599315673112869,
    -0.01763112284243107,
    -0.03500668331980705,
    0.07068559527397156,
    0.00436826329678297,
    -0.09588631242513657,
    -0.006312744226306677,
    0.025106677785515785,
    0.07918018847703934,
    -0.03025517240166664,
    -0.0009377108654007316,
    0.07935681194067001,
    0.023255717009305954,
    -0.08960629254579544,
    -0.022189056500792503,
    -0.014717696234583855,
    0.041444167494773865,
    0.04161141440272331,
    0.08101172000169754,
    -0.005610565189272165,
    -2.2935472885708808e-32,
    -0.014662781730294228,
    -0.03960985317826271,
    -0.08028377592563629,
    0.001657442538999021,
    0.07317683100700378,
    -0.021514857187867165,
    -0.026671791449189186,
    -0.06827342510223389,
    0.04923228546977043,
    0.050394460558891296,
    0.028812270611524582,
    -0.03964874893426895,
    -0.02800772711634636,
    -0.014890933409333229,
    -0.010407475754618645,
    -0.03234446421265602,
    -0.02396036870777607,
    -0.055476922541856766,
    -0.021604884415864944,
    0.1269613355398178,
    -0.00840173289179802,
    0.007783011998981237,
    -0.01546910498291254,
    0.12540219724178314,
    0.030674053356051445,
    0.07055723667144775,
    -0.05352675914764404,
    -0.01608884707093239,
    0.06003740429878235,
    -0.047062695026397705,
    -0.06513626873493195,
    -0.03476165980100632,
    -0.06569019705057144,
    0.027292640879750252,
    -0.10582992434501648,
    -0.20149856805801392,
    0.0820220410823822,
    -0.050993867218494415,
    -0.00897329393774271,
    -0.06575574725866318,
    0.09381897002458572,
    0.0032121744006872177,
    -0.024509362876415253,
    0.001317715155892074,
    0.029977107420563698,
    -0.07070032507181168,
    0.04676571488380432,
    -0.038884665817022324,
    0.014607301913201809,
    -0.007705841679126024,
    0.02555306814610958,
    -0.06394027918577194,
    -0.022239312529563904,
    0.020908724516630173,
    -0.042466867715120316,
    0.0808132141828537,
    -0.005697622895240784,
    -0.04079554229974747,
    -0.021388929337263107,
    -0.021794447675347328,
    0.08868972212076187,
    0.04679958522319794,
    -0.02099943347275257,
    0.09486564248800278,
    0.032917819917201996,
    -0.02749348059296608,
    -0.010067952796816826,
    -0.013503842987120152,
    -0.04055023193359375,
    -0.09317654371261597,
    -0.06066465377807617,
    -0.08325663208961487,
    -0.06077699735760689,
    -0.10421935468912125,
    0.08787039667367935,
    -0.07579014450311661,
    -0.060463592410087585,
    -0.13394932448863983,
    -0.09088902920484543,
    -0.003599724965170026,
    0.05233357474207878,
    -0.03197173401713371,
    -0.05467596277594566,
    0.06873402744531631,
    -0.02022503688931465,
    -0.013614975847303867,
    0.1131250411272049,
    -0.05693783238530159,
    0.0011217159917578101,
    0.04800133407115936,
    -0.08562140166759491,
    0.001004683435894549,
    -0.07359916716814041,
    0.04634830355644226,
    -0.07276375591754913,
    -6.373485206268015e-08,
    -0.010029016993939877,
    0.05969841405749321,
    0.03085310198366642,
    -0.05044388025999069,
    0.00951393786817789,
    -0.08770710229873657,
    -0.05413423106074333,
    -0.003074510721489787,
    -0.029065866023302078,
    -0.040653519332408905,
    0.031126324087381363,
    0.05146597698330879,
    -0.025587093085050583,
    -0.01353631354868412,
    0.09092262387275696,
    -0.01582544483244419,
    -0.08211100101470947,
    -0.04340605437755585,
    -0.05750856548547745,
    -0.014181481674313545,
    -0.038759663701057434,
    -0.02790287509560585,
    -0.03811810538172722,
    0.008938402868807316,
    0.03276274353265762,
    0.028385931625962257,
    0.0031593891326338053,
    0.022167259827256203,
    0.06473632901906967,
    0.03368775546550751,
    -0.03140910342335701,
    0.0004180478863418102,
    0.029071778059005737,
    -0.030830496922135353,
    -0.05165896937251091,
    -0.037808746099472046,
    0.051079027354717255,
    -0.043534521013498306,
    0.06270929425954819,
    0.0017710921820253134,
    -0.003550477558746934,
    0.01247224397957325,
    0.033125072717666626,
    0.091156505048275,
    -0.008691716007888317,
    -0.04502207040786743,
    -0.03981081396341324,
    0.033467505127191544,
    0.011958741582930088,
    -0.09671936184167862,
    -0.019716640934348106,
    -0.030985144898295403,
    0.07543685287237167,
    0.013959953561425209,
    -0.031249461695551872,
    0.06696195900440216,
    0.05882693827152252,
    0.05590228736400604,
    -0.015064539387822151,
    -0.00021722611563745886,
    0.10640271008014679,
    0.02550717256963253,
    0.05329839885234833,
    -0.038550227880477905
]