[
    -0.014522972516715527,
    0.06028655543923378,
    -0.023236384615302086,
    -0.04695896804332733,
    -0.017349816858768463,
    0.04559852182865143,
    0.040596816688776016,
    0.006837937515228987,
    0.015703372657299042,
    -0.0037951157428324223,
    0.01518101803958416,
    0.02161518856883049,
    0.02978702262043953,
    -0.036005083471536636,
    0.06548139452934265,
    -0.02100893296301365,
    0.0594303272664547,
    0.021084273234009743,
    -0.10305711627006531,
    0.10498907417058945,
    0.029062896966934204,
    0.06257379055023193,
    -0.04023979976773262,
    0.0028953789733350277,
    -0.0806005448102951,
    -0.038238976150751114,
    -0.01847248338162899,
    -0.06568898260593414,
    0.016603991389274597,
    -0.06421146541833878,
    0.0288429893553257,
    0.06672884523868561,
    0.06202061101794243,
    0.06629437208175659,
    -0.02527422271668911,
    -0.017517801374197006,
    -0.09209328144788742,
    0.11268217116594315,
    -0.02928844280540943,
    0.017747344449162483,
    -0.0619683675467968,
    -0.06955234706401825,
    -0.06490152329206467,
    0.03855275735259056,
    0.036512114107608795,
    -0.01623830385506153,
    -0.07236025482416153,
    -0.019533876329660416,
    0.010944248177111149,
    0.07317683100700378,
    -0.10878726094961166,
    -0.022595549002289772,
    -0.025569645687937737,
    0.08074124157428741,
    -0.025639882311224937,
    -0.038896817713975906,
    -0.07684367895126343,
    -0.02786959894001484,
    -0.11357038468122482,
    -0.04243886098265648,
    -0.04103431850671768,
    -0.010070175863802433,
    0.01913200132548809,
    0.055368077009916306,
    -0.06264064460992813,
    0.08081966638565063,
    -0.0021638504695147276,
    -0.007860793732106686,
    0.055044107139110565,
    -0.0026758096646517515,
    -0.0693247839808464,
    0.002972859423607588,
    -0.004090879112482071,
    0.041521910578012466,
    -0.00905648060142994,
    -0.0023937004152685404,
    0.020578114315867424,
    -0.00018837719107978046,
    0.031188521534204483,
    -0.09043528139591217,
    -0.05581604689359665,
    -0.0071168094873428345,
    -0.03502360358834267,
    0.015062665566802025,
    -0.04586884751915932,
    -0.016634302213788033,
    -0.0218530111014843,
    -0.01094832643866539,
    0.00537806237116456,
    -0.04525952786207199,
    0.052887044847011566,
    -0.03281819820404053,
    0.1134880781173706,
    -0.061020009219646454,
    0.07926440984010696,
    -0.07740998268127441,
    -0.02744162268936634,
    -0.08557747304439545,
    0.0022585736587643623,
    0.013828622177243233,
    -0.006088483612984419,
    0.004183896351605654,
    -0.006115840282291174,
    0.001644506468437612,
    -0.0044081322848796844,
    -0.07243801653385162,
    0.007990801706910133,
    -0.04023384675383568,
    0.034051619470119476,
    0.061014607548713684,
    0.017228301614522934,
    0.022993583232164383,
    -0.014210924506187439,
    -0.16835111379623413,
    0.004283532965928316,
    0.006668980233371258,
    -0.04642936959862709,
    0.06291065365076065,
    0.060850076377391815,
    0.010999739170074463,
    -0.06850617378950119,
    0.007315005641430616,
    -0.036887090653181076,
    -0.08174818754196167,
    -0.04361852630972862,
    0.045350417494773865,
    -0.023994270712137222,
    2.2851943726507315e-32,
    -0.012900162488222122,
    0.009450435638427734,
    -0.06342437863349915,
    0.0405622161924839,
    0.016804838553071022,
    -0.018214186653494835,
    -0.03092270903289318,
    -0.020031025633215904,
    -0.058407366275787354,
    0.02515750750899315,
    0.02488025277853012,
    0.017470374703407288,
    0.01708851009607315,
    0.0026952780317515135,
    -0.0704108476638794,
    0.030003782361745834,
    0.012333985418081284,
    0.0964701697230339,
    -0.026472825556993484,
    0.07088492065668106,
    0.02353455126285553,
    -0.02349572442471981,
    -0.01947907917201519,
    0.035854581743478775,
    -0.06381963193416595,
    0.013971969485282898,
    0.022878943011164665,
    0.016390779986977577,
    0.07094573229551315,
    0.0026964142452925444,
    0.02255113795399666,
    0.022445470094680786,
    0.042773209512233734,
    -0.06340543180704117,
    0.05394238606095314,
    0.13825710117816925,
    0.0018474532989785075,
    -0.012628019787371159,
    0.10901469737291336,
    -0.07323604822158813,
    -0.08387824892997742,
    -0.026378408074378967,
    0.01395329087972641,
    0.03584947809576988,
    0.01310366578400135,
    -0.03702671080827713,
    -0.024215856567025185,
    -0.017982056364417076,
    -0.03576049581170082,
    0.028566936030983925,
    -0.028699180111289024,
    -0.0061041126027703285,
    0.02587251551449299,
    0.013651159591972828,
    -0.020880794152617455,
    -0.003780549159273505,
    -0.08315394818782806,
    0.052359674125909805,
    -0.05580953136086464,
    0.08558449894189835,
    0.007916629314422607,
    0.04260742664337158,
    0.003209154587239027,
    -0.03615114465355873,
    0.014222811907529831,
    -0.02520470879971981,
    -0.03934737294912338,
    -0.07503526657819748,
    0.055256836116313934,
    -0.02807394042611122,
    -0.03621601313352585,
    0.08548786491155624,
    -0.00980307161808014,
    0.00837110448628664,
    -0.018066994845867157,
    -0.019488995894789696,
    0.035125747323036194,
    -0.012432941235601902,
    0.03747241571545601,
    0.011025664396584034,
    -0.037808168679475784,
    -0.030282095074653625,
    -0.0031098953913897276,
    0.09536171704530716,
    -0.028047598898410797,
    -0.007006315980106592,
    0.040578097105026245,
    0.047271594405174255,
    -0.09532984346151352,
    -0.03464038297533989,
    -0.03395739942789078,
    0.03313787281513214,
    0.03274400159716606,
    0.06308066844940186,
    -0.0021628476679325104,
    -2.2991561598658294e-32,
    0.0006214483873918653,
    -0.052775200456380844,
    -0.052976448088884354,
    0.013848482631146908,
    0.07056037336587906,
    -0.0443989634513855,
    -0.032578740268945694,
    -0.08995440602302551,
    0.051978547126054764,
    -0.0004613398923538625,
    -0.018963471055030823,
    -0.06357956677675247,
    -0.01620405539870262,
    -0.027569182217121124,
    -0.03373662754893303,
    0.011396484449505806,
    -0.07649905234575272,
    -0.0341675840318203,
    -0.04397585988044739,
    0.15094208717346191,
    -0.001633825246244669,
    -0.015134841203689575,
    -0.08677463233470917,
    0.14939504861831665,
    0.02064981497824192,
    0.08241239190101624,
    -0.02958695776760578,
    0.007539068814367056,
    0.054067518562078476,
    -0.06299641728401184,
    -0.07494175434112549,
    -0.05796102061867714,
    -0.044584378600120544,
    -0.03445282205939293,
    -0.08493399620056152,
    -0.16062410175800323,
    0.02300081215798855,
    -0.02568957768380642,
    -0.03897005692124367,
    0.004816761706024408,
    0.0803745836019516,
    -0.007413891609758139,
    -0.03409610316157341,
    -0.026385357603430748,
    0.023380788043141365,
    -0.08603233098983765,
    0.07396342605352402,
    -0.041819073259830475,
    0.03570304065942764,
    0.01081764791160822,
    0.04936699941754341,
    -0.0648607686161995,
    -0.005818977486342192,
    0.05994841828942299,
    -0.04537629708647728,
    0.0355888307094574,
    0.016343601047992706,
    -0.05548999458551407,
    -0.009010864421725273,
    -0.02127426117658615,
    0.07011867314577103,
    0.03435802832245827,
    -0.06720856577157974,
    0.07043426483869553,
    0.015171381644904613,
    -0.05995108187198639,
    -0.02299351990222931,
    -0.05158008635044098,
    -0.023732414469122887,
    -0.09745113551616669,
    -0.03916282206773758,
    -0.08284066617488861,
    -0.03925960883498192,
    -0.1232580915093422,
    0.1305817812681198,
    -0.011136278510093689,
    -0.03971002250909805,
    -0.06578580290079117,
    -0.08426821231842041,
    0.0008904385031200945,
    0.07039152085781097,
    -0.01335830893367529,
    -0.04707275703549385,
    0.06818263977766037,
    -0.031760722398757935,
    0.018896792083978653,
    0.08951279520988464,
    -0.06999839097261429,
    -0.002701248275116086,
    0.05801587924361229,
    -0.052094634622335434,
    0.002854404505342245,
    -0.06802356988191605,
    0.051635339856147766,
    -0.13664460182189941,
    -6.530913765345758e-08,
    0.008651860989630222,
    0.04101211205124855,
    0.05051396042108536,
    0.001358776236884296,
    0.011903752572834492,
    -0.056194428354501724,
    -0.02350717782974243,
    -0.014059368520975113,
    -0.047564029693603516,
    -0.025726504623889923,
    0.04585370421409607,
    0.07803920656442642,
    -0.039290789514780045,
    -0.04804976284503937,
    0.10729166865348816,
    -0.028826596215367317,
    -0.06541402637958527,
    -0.014504495076835155,
    -0.05820845067501068,
    0.0189313143491745,
    -0.06408713757991791,
    -0.07083367556333542,
    -0.05470908805727959,
    0.018665798008441925,
    0.04434429109096527,
    0.04049430787563324,
    0.004261380527168512,
    0.025268329307436943,
    0.03493816405534744,
    0.03332895040512085,
    -0.039345256984233856,
    0.017153842374682426,
    0.05910038203001022,
    0.005583741702139378,
    -0.03790046647191048,
    -0.03437885269522667,
    0.008087893947958946,
    -0.03338558226823807,
    0.030973536893725395,
    -0.004415018483996391,
    0.02160913124680519,
    0.01809150166809559,
    -0.0013091533910483122,
    0.08637220412492752,
    0.015349837951362133,
    -0.020488383248448372,
    0.019316526129841805,
    0.0005114421364851296,
    -0.008033398538827896,
    -0.07175163924694061,
    -0.025281520560383797,
    -0.03555447235703468,
    0.09842177480459213,
    -0.014222422614693642,
    -0.02302539348602295,
    0.10421109199523926,
    0.05567402020096779,
    0.05902246758341789,
    -0.006204227916896343,
    -0.03722729906439781,
    0.117557592689991,
    0.054694779217243195,
    0.007541575934737921,
    -0.011810079216957092
]