[
    -0.054140303283929825,
    0.07818549126386642,
    -0.02786855958402157,
    -0.03892437741160393,
    -0.035475533455610275,
    0.0784454271197319,
    0.02203359454870224,
    -0.056698620319366455,
    0.04980954900383949,
    -0.005547824781388044,
    0.06285398453474045,
    -0.02114112488925457,
    0.004601439461112022,
    -0.06834901124238968,
    0.10323071479797363,
    -0.00892424862831831,
    0.046781979501247406,
    0.0071949888952076435,
    -0.0960748940706253,
    0.09541628509759903,
    0.015430138446390629,
    0.09545055031776428,
    -0.029551059007644653,
    0.022167237475514412,
    -0.09725765138864517,
    -0.01989799551665783,
    -0.014317981898784637,
    -0.05782904475927353,
    0.026561489328742027,
    -0.026229966431856155,
    0.06891275197267532,
    0.037485796958208084,
    0.048276208341121674,
    0.0656297355890274,
    0.0229030754417181,
    -0.0259151142090559,
    -0.06975049525499344,
    0.038284339010715485,
    -0.0388915091753006,
    0.03600657358765602,
    -0.039377205073833466,
    -0.09367953985929489,
    -0.06301362812519073,
    0.026091888546943665,
    0.016612732782959938,
    -0.014749431051313877,
    -0.0480361133813858,
    0.01780617982149124,
    0.0015091076493263245,
    0.06905588507652283,
    -0.052638813853263855,
    -0.020061291754245758,
    -0.0483187660574913,
    0.09962131828069687,
    -0.04836453124880791,
    -0.04842987284064293,
    -0.07087535411119461,
    -0.03426649421453476,
    -0.07292866706848145,
    -0.004715603776276112,
    -0.024126097559928894,
    -0.00789650622755289,
    0.020388156175613403,
    0.04043000191450119,
    -0.049618322402238846,
    0.0520830936729908,
    -0.03187716379761696,
    0.0017451364547014236,
    0.015498514287173748,
    -0.04704422503709793,
    -0.03243641182780266,
    -0.021315831691026688,
    0.024807032197713852,
    0.07947961241006851,
    0.01283274032175541,
    -0.011277859099209309,
    -0.0055164494551718235,
    0.00939208921045065,
    0.06664063036441803,
    -0.11368763446807861,
    -0.055813394486904144,
    -0.03387915715575218,
    -0.024472706019878387,
    0.046061135828495026,
    -0.07280111312866211,
    -0.008493919856846333,
    -0.033768925815820694,
    -0.013169239275157452,
    -0.01191446278244257,
    -0.02549036219716072,
    0.026582036167383194,
    -0.006282838061451912,
    0.06640056520700455,
    -0.08950133621692657,
    0.05043497681617737,
    -0.04264231398701668,
    -0.028375867754220963,
    -0.11746983230113983,
    -0.012624825350940228,
    0.018252409994602203,
    -0.022889968007802963,
    0.015217231586575508,
    -0.0032681873999536037,
    -0.03525686636567116,
    -0.001652795122936368,
    -0.09371982514858246,
    -4.89538797410205e-05,
    -0.024413835257291794,
    0.027582909911870956,
    0.09749861806631088,
    0.001294783316552639,
    0.03218894451856613,
    -0.008127804845571518,
    -0.14805881679058075,
    0.03352072462439537,
    0.01854666694998741,
    -0.026987873017787933,
    0.04808546230196953,
    0.08052248507738113,
    -0.016665097326040268,
    -0.04588209465146065,
    -0.019368557259440422,
    -0.007661549374461174,
    -0.07363119721412659,
    -0.0768037885427475,
    -0.002328272210434079,
    -0.06878387928009033,
    2.3147150030933132e-32,
    -0.046362560242414474,
    -0.0013435141881927848,
    -0.03700593486428261,
    0.019580470398068428,
    0.03577481955289841,
    -0.0005519069964066148,
    -0.00457416195422411,
    -0.049275994300842285,
    -0.048300813883543015,
    0.023708680644631386,
    0.028999151661992073,
    0.06555308401584625,
    0.01949179731309414,
    -0.011132745072245598,
    -0.04965232312679291,
    0.05034218728542328,
    -0.034733932465314865,
    0.08481869101524353,
    0.02113891951739788,
    0.07581321150064468,
    0.034511104226112366,
    -0.046854183077812195,
    0.013713612221181393,
    0.058567579835653305,
    -0.054674290120601654,
    -0.0018647792749106884,
    -0.012186705134809017,
    -0.0191978570073843,
    0.07747656106948853,
    0.011011986993253231,
    3.685930641950108e-05,
    0.020435983315110207,
    0.06419361382722855,
    -0.12022334337234497,
    0.07069412618875504,
    0.10884290933609009,
    0.03518081456422806,
    -0.045072488486766815,
    0.08572527766227722,
    -0.051641978323459625,
    -0.04066624492406845,
    -0.02026849053800106,
    0.03354558348655701,
    0.042090997099876404,
    0.04364535212516785,
    0.04539908096194267,
    0.025582890957593918,
    -0.03823547437787056,
    -0.0012474687537178397,
    0.02625652402639389,
    -0.013937711715698242,
    0.012874557636678219,
    -0.017587974667549133,
    -0.02348734252154827,
    -0.03065839596092701,
    -0.0649348646402359,
    -0.09730631858110428,
    0.04641691595315933,
    -0.06163571774959564,
    0.005879150703549385,
    0.008046198636293411,
    0.05359968543052673,
    0.015378093346953392,
    -0.05484243854880333,
    -0.04877811297774315,
    -0.07256194204092026,
    -0.00992246437817812,
    -0.09390822052955627,
    0.035241659730672836,
    -0.036584969609975815,
    0.011149963364005089,
    0.09507748484611511,
    -0.03559311479330063,
    0.03872708976268768,
    -0.03285672888159752,
    -0.035808224231004715,
    0.037884462624788284,
    0.03269502893090248,
    0.0808652862906456,
    -0.010037645697593689,
    -0.04626522213220596,
    -0.022873032838106155,
    0.007167087867856026,
    0.10250250995159149,
    -0.022537153214216232,
    0.012182485312223434,
    0.04384986311197281,
    0.004663155414164066,
    -0.10516183078289032,
    -0.08536327630281448,
    0.0001256605755770579,
    0.0651923194527626,
    -0.0026536525692790747,
    0.025207998231053352,
    -0.009115486405789852,
    -2.4090448982637493e-32,
    -0.05949949473142624,
    -0.04607807472348213,
    -0.054948706179857254,
    0.013209939934313297,
    0.07936884462833405,
    -0.03303085267543793,
    -0.027412671595811844,
    -0.045112647116184235,
    0.09318862110376358,
    0.04432278871536255,
    0.018832717090845108,
    -0.04448545351624489,
    -0.025292234495282173,
    -0.028843561187386513,
    -0.0111896563321352,
    -0.01044759713113308,
    -0.05775901675224304,
    -0.020202796906232834,
    -0.025288177654147148,
    0.08373906463384628,
    -0.024826383218169212,
    0.07231492549180984,
    -0.04205351695418358,
    0.13243401050567627,
    0.019763158634305,
    0.05345343425869942,
    -0.057552993297576904,
    0.007056673988699913,
    0.10672754794359207,
    -0.05981654301285744,
    -0.02738790586590767,
    -0.016703708097338676,
    -0.07937269657850266,
    0.009461767971515656,
    -0.09021139144897461,
    -0.1727815717458725,
    0.08486456423997879,
    -0.04449247568845749,
    -0.030620824545621872,
    -0.027486858889460564,
    0.1327805072069168,
    -0.033433202654123306,
    -0.03671954944729805,
    0.03388885036110878,
    -0.008292692713439465,
    -0.10437974333763123,
    0.06111627817153931,
    -0.026415908709168434,
    0.022405235096812248,
    0.028442857787013054,
    0.019318033009767532,
    -0.07644376158714294,
    0.009373905137181282,
    0.017095524817705154,
    -0.08272398263216019,
    0.0692770704627037,
    0.0022654335480183363,
    -0.02600977011024952,
    -0.019865484908223152,
    -0.017221808433532715,
    0.0744028091430664,
    0.04445108398795128,
    -0.07161135226488113,
    0.047498032450675964,
    0.016223454847931862,
    -0.05114169046282768,
    0.030231710523366928,
    -0.01029048953205347,
    -0.05585390329360962,
    -0.0908319354057312,
    -0.043215349316596985,
    -0.06798217445611954,
    -0.06397794932126999,
    -0.12717264890670776,
    0.050388168543577194,
    -0.022771544754505157,
    -0.019443528726696968,
    -0.055927880108356476,
    -0.06512236595153809,
    -0.02721138298511505,
    0.03723156079649925,
    -0.007633548229932785,
    -0.04557554051280022,
    0.06685639172792435,
    0.005029103718698025,
    -0.01800072379410267,
    0.06555899977684021,
    -0.06856533885002136,
    -0.06767863035202026,
    0.10621281713247299,
    -0.061868712306022644,
    -0.012651110999286175,
    -0.044686514884233475,
    0.0752575471997261,
    -0.0721743181347847,
    -6.396151519538762e-08,
    0.02054288238286972,
    0.050213079899549484,
    0.010715879499912262,
    -0.015905462205410004,
    0.021378779783844948,
    -0.012576251290738583,
    -0.06823264807462692,
    -0.03041396662592888,
    -0.014139874838292599,
    -0.016665633767843246,
    0.01633959822356701,
    0.0729203149676323,
    -0.06572553515434265,
    -0.01790524087846279,
    0.03590100631117821,
    -0.010439420118927956,
    -0.08663672208786011,
    -0.06421258300542831,
    -0.054704826325178146,
    -0.005319520365446806,
    -0.060525063425302505,
    -0.024963587522506714,
    -0.044388074427843094,
    -0.01435422245413065,
    0.012214389629662037,
    0.031018773093819618,
    0.01112864725291729,
    0.04286706820130348,
    0.046661172062158585,
    0.015048167668282986,
    -0.01020166277885437,
    0.006505922414362431,
    0.007955275475978851,
    0.010859338566660881,
    -0.04795900732278824,
    -0.04760029911994934,
    0.007846266031265259,
    -0.05475705862045288,
    0.0408184677362442,
    0.0068590291775763035,
    0.02212236076593399,
    0.000331686285790056,
    0.0003880615986417979,
    0.05318734049797058,
    -0.006894275546073914,
    0.007648542523384094,
    -0.017991874366998672,
    0.017308853566646576,
    0.0022468117531389,
    -0.05449504405260086,
    -0.07041271775960922,
    -0.038028016686439514,
    0.11590234935283661,
    -0.041242681443691254,
    -0.04809243977069855,
    0.0697132870554924,
    0.04097523167729378,
    0.08708934485912323,
    0.023058230057358742,
    -0.0034780483692884445,
    0.14588604867458344,
    0.0039184484630823135,
    0.018731562420725822,
    -0.002830637851729989
]