[
    -0.08355183899402618,
    0.07995428889989853,
    -0.030996762216091156,
    -0.05998563393950462,
    -0.015604295767843723,
    0.048808660358190536,
    0.009442329406738281,
    -0.025125153362751007,
    0.03817285969853401,
    0.0018437717808410525,
    0.0352243036031723,
    0.009577199816703796,
    0.01808871701359749,
    -0.04751722887158394,
    0.11868041008710861,
    -0.022905049845576286,
    0.07613959908485413,
    -0.0020362292416393757,
    -0.08708226680755615,
    0.08683718740940094,
    0.008021311834454536,
    0.05307454988360405,
    -0.08746069669723511,
    0.036620061844587326,
    -0.08574412018060684,
    -0.03181382641196251,
    0.00015293438627850264,
    -0.04523520544171333,
    0.05988844111561775,
    -0.03808331862092018,
    0.042564425617456436,
    -0.0004658977559302002,
    0.03000130131840706,
    0.08448101580142975,
    -0.019099723547697067,
    -0.06850586086511612,
    -0.053097307682037354,
    0.004408532753586769,
    -0.08919496089220047,
    0.02593178115785122,
    -0.06604055315256119,
    -0.050697945058345795,
    -0.07283701747655869,
    0.02964886836707592,
    0.05122218281030655,
    0.02233022265136242,
    -0.06425362825393677,
    0.011587407439947128,
    -0.012083107605576515,
    0.03283622860908508,
    -0.04280697554349899,
    -0.03994932770729065,
    -0.04295750707387924,
    0.0840492770075798,
    -0.05408408120274544,
    -0.02701214700937271,
    -0.039686013013124466,
    -0.000772669620346278,
    -0.11610252410173416,
    0.009423241950571537,
    0.015271891839802265,
    -0.022794941440224648,
    0.02645842172205448,
    0.0638774037361145,
    -0.029607124626636505,
    0.06376039981842041,
    2.2686210286337882e-05,
    -0.013292178511619568,
    0.016274305060505867,
    -0.008524556644260883,
    -0.08496548980474472,
    -0.033357664942741394,
    -0.0010184516431763768,
    0.04846230894327164,
    0.03706442192196846,
    -0.016440941020846367,
    0.01135327946394682,
    0.02842269465327263,
    0.07616236805915833,
    -0.12075188010931015,
    -0.0710543766617775,
    0.018153250217437744,
    0.03775757923722267,
    0.02836627885699272,
    -0.08482807874679565,
    -0.024177489802241325,
    -0.024751488119363785,
    -0.0017069834284484386,
    0.006819793023169041,
    -0.059177882969379425,
    0.030050192028284073,
    -0.061547402292490005,
    0.047054972499608994,
    -0.05511006712913513,
    0.09862121939659119,
    -0.0336676761507988,
    -0.03180859610438347,
    -0.10199189931154251,
    -0.00975087471306324,
    -0.016900306567549706,
    -0.013084185309708118,
    -0.02044401504099369,
    0.003515778109431267,
    0.018854191526770592,
    0.00848355982452631,
    -0.08191963285207748,
    0.010611223056912422,
    -0.049800366163253784,
    0.0327836275100708,
    0.07759208977222443,
    0.029452254995703697,
    0.014765560626983643,
    -0.014218606986105442,
    -0.12522342801094055,
    0.03800546005368233,
    0.014505570754408836,
    -0.036255981773138046,
    0.058282624930143356,
    0.05523872375488281,
    -0.007851071655750275,
    -0.02919437363743782,
    -0.021205533295869827,
    0.0028653296176344156,
    -0.07931192964315414,
    -0.03724031150341034,
    0.013589223846793175,
    -0.04033249616622925,
    1.8743877497131433e-32,
    -0.03792837634682655,
    -0.03556327521800995,
    -0.02765275351703167,
    0.03882173076272011,
    0.03388870507478714,
    -0.007612576708197594,
    -0.011866776272654533,
    -0.027142276987433434,
    -0.08086691796779633,
    0.03252442181110382,
    -0.010699677281081676,
    0.027169395238161087,
    0.03667436167597771,
    -0.013077115640044212,
    0.004898949526250362,
    0.03323664888739586,
    0.006794343236833811,
    0.11917424947023392,
    0.038315821439027786,
    0.08185412734746933,
    0.05687197670340538,
    -0.009120910428464413,
    0.022346483543515205,
    0.010421762242913246,
    -0.029103325679898262,
    0.014912404119968414,
    -0.012025238014757633,
    -0.06272238492965698,
    0.047797609120607376,
    -0.008284499868750572,
    0.025978608056902885,
    0.028081003576517105,
    0.014220171608030796,
    -0.043886538594961166,
    0.04444672539830208,
    0.10837183892726898,
    -0.007275211159139872,
    -0.06679817289113998,
    0.07419315725564957,
    -0.029131747782230377,
    -0.030944984406232834,
    -0.026099933311343193,
    0.04615473374724388,
    0.012676707468926907,
    0.022664163261651993,
    -0.009689880535006523,
    -0.02966463379561901,
    -0.04560094326734543,
    -0.0014713078271597624,
    0.014923465438187122,
    -0.031231094151735306,
    0.044473450630903244,
    -0.015422607772052288,
    -0.059082962572574615,
    0.004821618553251028,
    -0.02910161204636097,
    -0.09933637082576752,
    0.06131178140640259,
    -0.06383321434259415,
    0.030856365337967873,
    -0.012653405778110027,
    0.025076990947127342,
    0.030935032293200493,
    -0.023914894089102745,
    -0.047928337007761,
    -0.06804106384515762,
    -0.032842967659235,
    -0.10610687732696533,
    0.07645691931247711,
    -0.021039195358753204,
    -0.07145467400550842,
    0.0693361833691597,
    -0.01561059895902872,
    -0.011171325109899044,
    -0.02764938212931156,
    -0.035525135695934296,
    0.028413238003849983,
    -0.008013729937374592,
    0.03984448313713074,
    -0.009361714124679565,
    -0.042760588228702545,
    -0.002424713457003236,
    0.023970037698745728,
    0.08299285173416138,
    -0.07278993725776672,
    -0.027194960042834282,
    0.026552654802799225,
    0.06150977313518524,
    -0.0965784564614296,
    -0.06470818817615509,
    0.002853840123862028,
    0.044394902884960175,
    0.03713767230510712,
    0.05324273183941841,
    0.02409885637462139,
    -2.0092069600504777e-32,
    -0.019797464832663536,
    -0.05941731110215187,
    -0.07546399533748627,
    -0.03486846759915352,
    0.057375095784664154,
    0.003139135194942355,
    -0.017143072560429573,
    -0.08431016653776169,
    0.020977597683668137,
    0.009453807026147842,
    0.014493929222226143,
    -0.016231227666139603,
    0.0037533589638769627,
    -0.008965015411376953,
    -0.08897179365158081,
    0.0398065447807312,
    -0.10637281835079193,
    -0.0786384865641594,
    -0.013081765733659267,
    0.09596435725688934,
    -0.023102346807718277,
    -0.009275980293750763,
    -0.023274634033441544,
    0.11912670731544495,
    0.05603489279747009,
    0.04673423990607262,
    -0.05685297027230263,
    0.002299489686265588,
    0.10555005073547363,
    -0.07263877987861633,
    -0.06193273141980171,
    -0.052161283791065216,
    -0.07833780348300934,
    -0.008841305039823055,
    -0.06729798018932343,
    -0.14734309911727905,
    0.032419223338365555,
    -0.01046496070921421,
    -0.027371909469366074,
    -0.01088707335293293,
    0.09844107180833817,
    -0.02459634467959404,
    -0.02921469137072563,
    0.0021508471108973026,
    0.006229329388588667,
    -0.029709337279200554,
    0.10143108665943146,
    -0.0378817617893219,
    0.03490733727812767,
    0.015597051940858364,
    0.06199781596660614,
    -0.04229050129652023,
    0.054107002913951874,
    0.053062912076711655,
    -0.05868907272815704,
    -0.008630289696156979,
    0.014576921239495277,
    -0.04890858381986618,
    -0.0379960723221302,
    0.017605016008019447,
    0.07656733691692352,
    0.028760012239217758,
    -0.06028798222541809,
    0.07566075772047043,
    -0.020281797274947166,
    -0.02401569113135338,
    -0.000985105405561626,
    -0.02021200582385063,
    -0.008817611262202263,
    -0.08573254942893982,
    -0.04656097665429115,
    -0.1253216415643692,
    -0.04766465723514557,
    -0.09817121922969818,
    0.12840227782726288,
    -0.05060337111353874,
    0.009451361373066902,
    -0.09845969825983047,
    -0.13270257413387299,
    -0.013616244308650494,
    0.02099703997373581,
    -0.03550921007990837,
    -0.04777451604604721,
    0.08059602230787277,
    6.913590186741203e-05,
    -0.00438983179628849,
    0.07587599754333496,
    -0.05958801880478859,
    0.012890846468508244,
    0.07075660675764084,
    -0.037434279918670654,
    0.03254217654466629,
    -0.11050178855657578,
    0.02902686595916748,
    -0.08545219898223877,
    -5.772676203719129e-08,
    0.00475533539429307,
    0.006880807690322399,
    0.043763067573308945,
    -0.045039091259241104,
    -0.008063379675149918,
    -0.06042363867163658,
    -0.023726601153612137,
    -0.027030982077121735,
    -0.030923914164304733,
    -0.016401497647166252,
    0.024612806737422943,
    0.07566708326339722,
    -0.010810179635882378,
    -0.018085815012454987,
    0.07451080530881882,
    0.0010438876925036311,
    -0.0862872302532196,
    -0.06514891982078552,
    -0.018547868356108665,
    0.04307069256901741,
    -0.08219018578529358,
    -0.06999925523996353,
    -0.055232852697372437,
    -0.022135956212878227,
    0.04198109358549118,
    0.07748856395483017,
    -0.01455746777355671,
    0.03795642778277397,
    0.05840597674250603,
    0.0789390429854393,
    0.00532293738797307,
    0.03517920523881912,
    0.05034039914608002,
    0.01832420565187931,
    -0.06706282496452332,
    -0.03719669207930565,
    0.037943776696920395,
    0.012254674918949604,
    0.03572705015540123,
    -0.05238966643810272,
    0.005813934840261936,
    0.051507364958524704,
    0.025872426107525826,
    0.0740312710404396,
    0.022560374811291695,
    -0.016479160636663437,
    0.017035135999321938,
    -0.009644131176173687,
    0.017973165959119797,
    -0.0803888663649559,
    -0.03890443593263626,
    -0.018065402284264565,
    0.1346760094165802,
    0.04353777691721916,
    0.013918634504079819,
    0.08640745282173157,
    0.029855692759156227,
    0.039607614278793335,
    0.01712021604180336,
    0.01694415882229805,
    0.09960490465164185,
    0.03748060017824173,
    0.02781727723777294,
    -0.03265873342752457
]