[
    0.048666514456272125,
    -0.08196235448122025,
    -0.029856128618121147,
    -0.05402589589357376,
    -0.07554741948843002,
    0.0834619477391243,
    -0.001985818613320589,
    -0.03421479091048241,
    0.01324350293725729,
    0.02835996262729168,
    0.02510773576796055,
    -0.058624040335416794,
    -0.010592242702841759,
    0.006541125010699034,
    0.10818466544151306,
    0.026786696165800095,
    0.0065882266499102116,
    0.04159330576658249,
    -0.09572701156139374,
    0.04610395431518555,
    0.01487909909337759,
    -0.009333059191703796,
    -0.05418820679187775,
    0.028407219797372818,
    -0.13224805891513824,
    -0.042333655059337616,
    -0.023310517892241478,
    0.01940929889678955,
    0.028902143239974976,
    -0.10690069943666458,
    -0.033857643604278564,
    0.04774898290634155,
    0.05261044204235077,
    0.07839168608188629,
    -0.00442041689530015,
    0.0458478219807148,
    -0.023190664127469063,
    -0.026934824883937836,
    0.030964840203523636,
    -0.03623208776116371,
    -0.06164580583572388,
    -0.004848049487918615,
    -0.024375921115279198,
    -0.07559236884117126,
    -0.017179563641548157,
    0.047295257449150085,
    -0.01371809933334589,
    -0.04176541417837143,
    -0.0052757482044398785,
    0.010357563383877277,
    -0.059206273406744,
    -0.04344921559095383,
    -0.006296906620264053,
    0.020931057631969452,
    -0.010282066650688648,
    -0.006359457969665527,
    -0.03310057520866394,
    -0.00232236972078681,
    0.028744559735059738,
    -0.025920649990439415,
    0.008732479065656662,
    0.03743589296936989,
    -0.026174629107117653,
    0.044477157294750214,
    -0.04227321594953537,
    -0.0005933288484811783,
    -0.006468889769166708,
    0.0360000804066658,
    -0.04288024827837944,
    0.02946554869413376,
    -0.040295056998729706,
    -0.05902323126792908,
    -0.026229307055473328,
    0.04823363572359085,
    -0.043286532163619995,
    0.00279191299341619,
    -0.039687518030405045,
    0.0586794950067997,
    0.04553910717368126,
    -0.179999440908432,
    -0.05794716998934746,
    0.10939696431159973,
    -0.008211088366806507,
    0.024775272235274315,
    -0.06638223677873611,
    -0.03431232273578644,
    0.0031362527515739202,
    0.037812817841768265,
    0.0303933285176754,
    0.08896620571613312,
    0.012522454373538494,
    -0.044257309287786484,
    0.15638253092765808,
    -0.07213598489761353,
    0.014140470884740353,
    0.015326720662415028,
    -0.004592029377818108,
    -0.0177078228443861,
    0.033724345266819,
    -0.050448089838027954,
    0.06106322258710861,
    0.010899937711656094,
    -0.056689176708459854,
    0.022081159055233,
    -0.08804537355899811,
    -0.06722839176654816,
    0.010386324487626553,
    -0.02150951325893402,
    0.04395713657140732,
    0.040162261575460434,
    -0.014982504770159721,
    0.06376353651285172,
    -0.10163544863462448,
    -0.1351882815361023,
    0.017139341682195663,
    0.0043177553452551365,
    -0.033229634165763855,
    0.06450262665748596,
    0.037867043167352676,
    -0.045925870537757874,
    -0.07565190643072128,
    -0.04602108895778656,
    0.0021595365833491087,
    -0.05994395539164543,
    -0.002253777114674449,
    0.042799074202775955,
    -0.09519124776124954,
    2.036324586166391e-32,
    -0.06761292368173599,
    -0.05074577406048775,
    -0.08587580919265747,
    0.08740775287151337,
    0.001763314357958734,
    -0.011380610056221485,
    0.03744952753186226,
    0.024221623316407204,
    -0.11765973269939423,
    0.07320229709148407,
    0.012738188728690147,
    0.01990266516804695,
    -0.056221671402454376,
    -0.0203531663864851,
    -0.04296392202377319,
    -0.013973075896501541,
    -0.008733769878745079,
    0.016724975779652596,
    0.006544604431837797,
    -0.00422260444611311,
    -0.007942797616124153,
    0.0425153449177742,
    0.014742560684680939,
    0.017498226836323738,
    0.027876339852809906,
    -0.08915053308010101,
    -0.017543373629450798,
    0.017784912139177322,
    0.00413584616035223,
    0.02815174125134945,
    0.07204844057559967,
    0.004724642261862755,
    0.05197612941265106,
    0.01908702775835991,
    0.06975804269313812,
    0.10216651856899261,
    -0.008577038533985615,
    -0.041444793343544006,
    0.05179392546415329,
    -0.0231100395321846,
    -0.06798949092626572,
    -0.06159296631813049,
    -0.05116860195994377,
    -0.016535405069589615,
    0.04141343757510185,
    -0.02384844236075878,
    -0.01923251710832119,
    -0.008273687213659286,
    0.03374499827623367,
    0.011220664717257023,
    -0.02845184877514839,
    -0.017422758042812347,
    0.08938109129667282,
    -0.06504694372415543,
    0.03179524838924408,
    -0.0038790705148130655,
    -0.09714125841856003,
    0.041578248143196106,
    -0.07358979433774948,
    0.06153462082147598,
    -0.08062149584293365,
    0.07766317576169968,
    -0.02778969146311283,
    0.08577163517475128,
    0.008496136404573917,
    0.004142535384744406,
    -0.01706565171480179,
    -0.0004432180430740118,
    0.04239659383893013,
    -0.04157254844903946,
    -0.0288280937820673,
    -0.000956504256464541,
    -0.019967569038271904,
    0.012033355422317982,
    -0.01769799366593361,
    -0.046519458293914795,
    -0.05697697401046753,
    0.010925312526524067,
    0.06249896436929703,
    0.030099036172032356,
    -0.06585671752691269,
    0.032129473984241486,
    0.07436341792345047,
    0.03945264592766762,
    0.01219090074300766,
    -0.02686282806098461,
    0.07863739877939224,
    -0.024455290287733078,
    -0.02108844742178917,
    0.04237093776464462,
    0.018295595422387123,
    -0.011895698495209217,
    0.018971363082528114,
    0.10207078605890274,
    0.023732664063572884,
    -2.118962573713167e-32,
    0.0424027219414711,
    -0.04381528124213219,
    0.02196367271244526,
    -0.05892305448651314,
    -0.002043327782303095,
    0.01863734796643257,
    -0.06889437139034271,
    -0.1384574919939041,
    0.009483158588409424,
    -0.044363394379615784,
    0.037100184708833694,
    -0.0343167819082737,
    -0.03621780127286911,
    -0.014543669298291206,
    -0.063527911901474,
    -0.07748996466398239,
    -0.03696436434984207,
    -0.0367647223174572,
    0.04336722195148468,
    0.055342044681310654,
    -0.031054392457008362,
    -0.05385745316743851,
    0.042327310889959335,
    0.11060068756341934,
    -0.032969411462545395,
    -0.011842173524200916,
    -0.07846951484680176,
    0.021221961826086044,
    0.10470320284366608,
    0.041680920869112015,
    -0.01538864430040121,
    -0.053165633231401443,
    -0.012491226196289062,
    0.048287853598594666,
    -0.07786436378955841,
    -0.19233858585357666,
    0.059957873076200485,
    -0.0948898196220398,
    -0.010133812204003334,
    -0.04219873622059822,
    -0.00958828441798687,
    0.02640390954911709,
    0.017763642594218254,
    -0.02124204859137535,
    -0.00495076272636652,
    -0.05406617000699043,
    0.01964046061038971,
    -0.07851675152778625,
    -0.009655162692070007,
    -0.04386187717318535,
    0.013694927096366882,
    -0.017955809831619263,
    -0.04566831514239311,
    -0.02420033887028694,
    -0.008935060352087021,
    0.07630878686904907,
    0.08700268715620041,
    0.02946777269244194,
    0.02500735968351364,
    -0.005469194613397121,
    0.08515068143606186,
    0.09869078546762466,
    0.013119219802320004,
    0.09626108407974243,
    0.07812836021184921,
    -0.0008463175036013126,
    -0.04063645005226135,
    -0.03372614458203316,
    0.0007909755222499371,
    -0.052420955151319504,
    -0.05768502876162529,
    -0.09717577695846558,
    -0.07100395113229752,
    -0.10051675885915756,
    0.05686301738023758,
    -0.012289293110370636,
    -0.015187970362603664,
    -0.09483456611633301,
    -0.04101109877228737,
    -0.019180776551365852,
    0.10116826742887497,
    0.012495678849518299,
    -0.03635765612125397,
    0.0895916223526001,
    -0.02103142812848091,
    0.05121508985757828,
    0.020139850676059723,
    -0.021590685471892357,
    0.05778954178094864,
    0.06983034312725067,
    -0.06457127630710602,
    -0.041683830320835114,
    0.002988633466884494,
    0.009890446439385414,
    -0.04677370563149452,
    -5.931985924689798e-08,
    -0.06931760907173157,
    0.04473693668842316,
    0.000866838963702321,
    -0.03238780423998833,
    -0.014054253697395325,
    -0.02442406676709652,
    -0.015919692814350128,
    -0.03576941415667534,
    -0.06955184787511826,
    -0.01426078099757433,
    0.01870284043252468,
    0.016156140714883804,
    -0.058277055621147156,
    -0.002336574951186776,
    0.004871124867349863,
    -0.09038574248552322,
    -0.02580304630100727,
    0.01806792989373207,
    -0.021114947274327278,
    0.05965467169880867,
    -0.014605182223021984,
    -0.04976794496178627,
    -0.020017554983496666,
    0.07314078509807587,
    0.05094672366976738,
    -0.05401906743645668,
    -0.021386845037341118,
    0.052338067442178726,
    0.06699035316705704,
    0.04190444573760033,
    0.01356420572847128,
    0.0029075155034661293,
    0.004941841587424278,
    -0.027911271899938583,
    -0.006203570868819952,
    -0.007307884749025106,
    -0.00715358043089509,
    0.02387622557580471,
    0.015257065184414387,
    0.02388056553900242,
    -0.05285355821251869,
    0.08629817515611649,
    0.022237276658415794,
    0.07195112854242325,
    0.010155702941119671,
    0.010557601228356361,
    -0.0740622729063034,
    0.060656458139419556,
    0.027278099209070206,
    -0.11138162016868591,
    0.04372401908040047,
    0.006758498027920723,
    0.023059017956256866,
    0.014787540771067142,
    -0.04647619649767876,
    0.02993050403892994,
    0.033807385712862015,
    0.09274934977293015,
    -0.010795709677040577,
    -0.025203892961144447,
    0.10202081501483917,
    0.037784215062856674,
    0.024253088980913162,
    -0.04593532159924507
]