[
    -0.016882717609405518,
    0.025508176535367966,
    -0.03609289228916168,
    -0.05614789202809334,
    -0.0636281967163086,
    0.053184907883405685,
    -0.012900152243673801,
    -0.07657210528850555,
    -0.015213207341730595,
    -0.004196955822408199,
    0.01523902639746666,
    -0.03028281405568123,
    0.02828223444521427,
    -0.05197839438915253,
    0.07584472000598907,
    -0.017772164195775986,
    0.026982862502336502,
    0.013473475351929665,
    -0.09608972072601318,
    0.07764904946088791,
    0.009093602187931538,
    0.0546344593167305,
    -0.044425494968891144,
    -0.01853777840733528,
    -0.1185118556022644,
    -0.0013202913105487823,
    -0.01467818208038807,
    -0.07388719916343689,
    0.02199205569922924,
    -0.08499354869127274,
    0.05403917282819748,
    -0.01179069746285677,
    0.05164143070578575,
    0.0858764499425888,
    -0.00889041181653738,
    0.00690062902867794,
    0.013801155611872673,
    0.0371515117585659,
    0.005258115008473396,
    0.010396063327789307,
    -0.056364286690950394,
    -0.05716019868850708,
    -0.051412828266620636,
    0.019573073834180832,
    0.009383914060890675,
    0.04095608741044998,
    -0.06602752208709717,
    -0.040170103311538696,
    0.0012147612869739532,
    0.042551230639219284,
    -0.07678736746311188,
    -0.02847236394882202,
    -0.059757083654403687,
    0.12186563014984131,
    -0.05334413796663284,
    -0.03674200549721718,
    -0.031662728637456894,
    -0.02564152143895626,
    -0.0992509201169014,
    -0.03079981543123722,
    -0.018143966794013977,
    0.030148422345519066,
    0.01311332918703556,
    0.0779556930065155,
    -0.045984331518411636,
    0.037752456963062286,
    -0.022559991106390953,
    -0.006401249673217535,
    -0.0033472359646111727,
    -0.023171016946434975,
    -0.10199221223592758,
    -0.014899645932018757,
    -0.014909389428794384,
    0.05691562220454216,
    -0.02249804139137268,
    -8.21690700831823e-05,
    -0.034426115453243256,
    0.0045701791532337666,
    0.08569139242172241,
    -0.12645968794822693,
    -0.03261655196547508,
    -0.005316233728080988,
    -0.00857654120773077,
    0.07540645450353622,
    -0.07273554056882858,
    -0.008669277653098106,
    -0.03218763694167137,
    -0.019368648529052734,
    -0.015100543387234211,
    -0.03507142513990402,
    0.07307032495737076,
    -0.06442596018314362,
    0.0994938537478447,
    -0.06210430711507797,
    0.1018529087305069,
    -0.061669401824474335,
    -0.02120434306561947,
    -0.04741073027253151,
    0.013680815696716309,
    -0.027278907597064972,
    -0.02060971036553383,
    -0.0027407589368522167,
    0.006033238023519516,
    0.024982716888189316,
    -0.07259974628686905,
    -0.06082934886217117,
    -0.002412470756098628,
    -0.004415061790496111,
    0.025979863479733467,
    0.03949515148997307,
    0.03643268719315529,
    0.022299528121948242,
    -0.058798499405384064,
    -0.14383411407470703,
    0.03441048413515091,
    -0.006234041880816221,
    -0.013269444927573204,
    0.031116485595703125,
    0.03568144887685776,
    0.002821576315909624,
    -0.025046488270163536,
    -0.008545191027224064,
    -0.04967142641544342,
    -0.1074981614947319,
    -0.0339125320315361,
    0.0502883680164814,
    -0.02500974014401436,
    2.0870984483454272e-32,
    -0.028203779831528664,
    0.0005195557023398578,
    -0.04688502848148346,
    0.023224247619509697,
    0.029526885598897934,
    -0.027712147682905197,
    0.021055059507489204,
    -0.019640404731035233,
    -0.07049726694822311,
    0.06896176934242249,
    -0.006491439882665873,
    0.01654602587223053,
    -0.03975379094481468,
    -0.048476964235305786,
    -0.019755814224481583,
    0.0630125105381012,
    0.0037119202315807343,
    0.07307495921850204,
    -0.024350138381123543,
    0.08292707055807114,
    0.014924149960279465,
    -0.019735632464289665,
    0.009733941406011581,
    0.020149320363998413,
    -0.0010242710122838616,
    -0.011639529839158058,
    -0.006012789439409971,
    -0.002416300354525447,
    0.021148379892110825,
    -0.000752886466216296,
    0.03956384211778641,
    0.04291452467441559,
    0.0004040161438751966,
    -0.04147956520318985,
    0.039886340498924255,
    0.12403036653995514,
    0.045681145042181015,
    -0.05320421978831291,
    0.08466798067092896,
    -0.0942506492137909,
    -0.022441482171416283,
    -0.029189903289079666,
    0.04394251108169556,
    0.06324050575494766,
    0.05899497866630554,
    0.007106687407940626,
    -0.00883572269231081,
    -0.005339676048606634,
    0.010916724801063538,
    0.05503440275788307,
    -0.02835138514637947,
    -0.0181560255587101,
    -0.006180909927934408,
    -0.007932727225124836,
    0.007549918722361326,
    -0.04078387841582298,
    -0.05460038781166077,
    0.03412939980626106,
    -0.05726165324449539,
    0.06750935316085815,
    -0.042391400784254074,
    0.01841079071164131,
    0.009120161645114422,
    -0.00990641862154007,
    0.023243408650159836,
    -0.06435757130384445,
    -0.025613149628043175,
    -0.03340276703238487,
    0.03713654726743698,
    0.012926272116601467,
    -0.04124371334910393,
    0.05580325052142143,
    -0.03507537022233009,
    0.03296022489666939,
    -0.03173607960343361,
    -0.04053830727934837,
    -0.00768408365547657,
    -0.0370541587471962,
    0.046544600278139114,
    0.025278180837631226,
    -0.07622586190700531,
    0.017933180555701256,
    0.007016331423074007,
    0.07338578999042511,
    -0.005169542971998453,
    0.006747556384652853,
    0.06316141784191132,
    0.05947290360927582,
    -0.04941972345113754,
    -0.07861706614494324,
    -0.009085816331207752,
    0.019083639606833458,
    0.06674393266439438,
    0.05163086578249931,
    -0.02219410054385662,
    -2.1144546998145574e-32,
    -0.016782859340310097,
    -0.039990607649087906,
    -0.08546262979507446,
    0.0611722469329834,
    0.06181851401925087,
    -0.00991285964846611,
    -0.017525849863886833,
    -0.09784609079360962,
    0.07436200976371765,
    0.05786886066198349,
    0.025833213701844215,
    -0.02154592238366604,
    0.005799293052405119,
    -0.03171337768435478,
    -0.015836788341403008,
    -0.022803684696555138,
    -0.054988354444503784,
    -0.029762709513306618,
    -0.025068696588277817,
    0.11706983298063278,
    -0.006847159005701542,
    -0.0059979148209095,
    -0.009181581437587738,
    0.1607556939125061,
    0.03448011353611946,
    0.0781918317079544,
    -0.06682777404785156,
    -0.004031702876091003,
    0.09688568115234375,
    -0.050762809813022614,
    -0.06063995882868767,
    -0.05199400335550308,
    -0.015160623006522655,
    0.01242585014551878,
    -0.09334325045347214,
    -0.2197030931711197,
    0.06984451413154602,
    -0.05108661949634552,
    -0.013531208038330078,
    -0.039516616612672806,
    0.09173375368118286,
    0.000910842907615006,
    -0.05450962856411934,
    0.03024531528353691,
    0.021182062104344368,
    -0.05954805389046669,
    0.06561460345983505,
    -0.015100156888365746,
    -0.01635071448981762,
    -0.019697466865181923,
    0.04834653437137604,
    -0.018492277711629868,
    -0.03368661180138588,
    0.03874111548066139,
    -0.046214450150728226,
    0.07468339800834656,
    -0.012787813320755959,
    -0.025823045521974564,
    -0.031599011272192,
    -0.022103922441601753,
    0.09374288469552994,
    0.06744979321956635,
    -0.035848457366228104,
    0.0949985608458519,
    0.04455341398715973,
    -0.0437668040394783,
    -0.019681407138705254,
    -0.033045586198568344,
    -0.05849861726164818,
    -0.11018916219472885,
    -0.09705840796232224,
    -0.09422488510608673,
    -0.048213809728622437,
    -0.0871587023139,
    0.09939616173505783,
    -0.08922984451055527,
    -0.024108774960041046,
    -0.10380866378545761,
    -0.05887420475482941,
    0.049657661467790604,
    0.047196924686431885,
    -0.016559163108468056,
    -0.05568297579884529,
    0.07814758270978928,
    0.014541211538016796,
    0.009618566371500492,
    0.07437147945165634,
    -0.08673320710659027,
    0.00015075334522407502,
    0.08565893024206161,
    -0.08697972446680069,
    0.0008033959893509746,
    -0.07007641345262527,
    0.05090481415390968,
    -0.0785454511642456,
    -5.9094116267033314e-08,
    0.0013914990704506636,
    0.049082156270742416,
    0.0025587226264178753,
    -0.0322435237467289,
    -0.034418296068906784,
    -0.05434001237154007,
    -0.046682074666023254,
    0.005531869363039732,
    -0.021104024723172188,
    -0.027103276923298836,
    0.062129780650138855,
    0.07264222949743271,
    -0.02307451330125332,
    -0.02209232747554779,
    0.06611544638872147,
    -0.04207850247621536,
    -0.08948444575071335,
    -0.0245661698281765,
    -0.06176299601793289,
    0.03814440220594406,
    -0.02444387786090374,
    -0.05001620948314667,
    -0.0253947451710701,
    0.03449348732829094,
    0.03089328669011593,
    0.04785860329866409,
    0.005030110944062471,
    0.005945959594100714,
    0.0772029459476471,
    0.060921382158994675,
    -0.018277043476700783,
    -0.01011500135064125,
    0.03527591750025749,
    -0.010388243943452835,
    -0.05850723013281822,
    -0.037928346544504166,
    0.04488512501120567,
    -0.020045829936861992,
    0.06237352266907692,
    0.010217202827334404,
    -0.007323866244405508,
    0.03154897689819336,
    0.003313360270112753,
    0.08746134489774704,
    -0.014197482727468014,
    -0.04816696047782898,
    -0.026092885062098503,
    0.015932869166135788,
    0.028082048520445824,
    -0.06692908704280853,
    -0.021843351423740387,
    -0.021952159702777863,
    0.0961390882730484,
    0.01139411423355341,
    -0.048228517174720764,
    0.053241945803165436,
    0.03756921365857124,
    0.05379762873053551,
    -0.003485210007056594,
    0.01586257666349411,
    0.11118803918361664,
    0.03394927829504013,
    0.06800401210784912,
    -0.02758621983230114
]