[
    -0.04701351746916771,
    0.0477539598941803,
    -0.026570960879325867,
    -0.05443688854575157,
    -0.06952329725027084,
    0.05640854313969612,
    -0.028760794550180435,
    -0.08179683238267899,
    0.015508594922721386,
    0.00301539758220315,
    -0.013517463579773903,
    0.004660002421587706,
    0.035327401012182236,
    -0.0413108766078949,
    0.07814794033765793,
    0.014150192961096764,
    0.04411954805254936,
    0.06577170640230179,
    -0.0797605961561203,
    0.06260701268911362,
    0.02075008489191532,
    0.07909846305847168,
    -0.03415675088763237,
    -0.03109664097428322,
    -0.10281544923782349,
    -0.050303179770708084,
    0.0028934702277183533,
    -0.05502169951796532,
    -0.02376539632678032,
    -0.05764484032988548,
    0.019434873014688492,
    0.016802826896309853,
    0.046080462634563446,
    0.0907481387257576,
    -0.026422865688800812,
    -0.006539754569530487,
    -0.02909492887556553,
    0.04693181440234184,
    -0.0026684198528528214,
    0.04506867378950119,
    -0.0686640739440918,
    -0.05428631231188774,
    -0.04871613159775734,
    0.010732710361480713,
    0.011984698474407196,
    -0.014564169570803642,
    -0.06993934512138367,
    -0.06703507155179977,
    0.003979937639087439,
    0.0614413358271122,
    -0.05371048301458359,
    -0.031225932762026787,
    -0.03360820189118385,
    0.13315024971961975,
    -0.061421070247888565,
    -0.03330334648489952,
    -0.04626714065670967,
    -0.028575967997312546,
    -0.09698157757520676,
    0.026369847357273102,
    -0.0240278672426939,
    0.028380246832966805,
    0.014684689231216908,
    0.09417197108268738,
    -0.060980819165706635,
    0.0599290207028389,
    -0.04819004610180855,
    -0.00977849680930376,
    -0.05139309912919998,
    0.007792031858116388,
    -0.10407214611768723,
    -0.02617241069674492,
    -0.032599322497844696,
    0.04103603586554527,
    -0.0060005029663443565,
    0.024054234847426414,
    -0.021418355405330658,
    0.028383323922753334,
    0.08962004631757736,
    -0.1895114779472351,
    -0.037757083773612976,
    0.02349376305937767,
    -0.03791594132781029,
    0.06427797675132751,
    -0.05092335864901543,
    -0.0007406116928905249,
    -0.006535650230944157,
    -0.020597146824002266,
    -0.006285404320806265,
    -0.04001360014081001,
    0.0627673864364624,
    -0.04795556887984276,
    0.09285654872655869,
    -0.09724383801221848,
    0.08490081131458282,
    -0.059163812547922134,
    -0.0191680658608675,
    -0.06326359510421753,
    0.031552791595458984,
    -0.02305140718817711,
    -0.06267671287059784,
    0.007624828722327948,
    0.0021961594466120005,
    0.000616714358329773,
    -0.05625176057219505,
    -0.08371516317129135,
    0.020551808178424835,
    -0.0029079860541969538,
    0.010321678593754768,
    0.05927174910902977,
    0.058092497289180756,
    0.04251275956630707,
    -0.06481648981571198,
    -0.15234486758708954,
    0.02174127846956253,
    0.00029110483592376113,
    -0.032984018325805664,
    0.04354015365242958,
    0.0307407658547163,
    0.015351188369095325,
    -0.05213029310107231,
    -0.00019005444482900202,
    -0.05731917917728424,
    -0.06878852844238281,
    -0.029204929247498512,
    0.03720245137810707,
    -0.05522525683045387,
    2.08732928604857e-32,
    0.009829952381551266,
    -0.019771425053477287,
    -0.033130865544080734,
    0.03070090152323246,
    0.035832155495882034,
    -0.01368697453290224,
    0.011271663941442966,
    -0.017516177147626877,
    -0.035552509129047394,
    0.1036410704255104,
    -0.03459795191884041,
    0.07905381917953491,
    -0.026913048699498177,
    -0.01482466235756874,
    -0.002364743733778596,
    0.06521940231323242,
    0.021900469437241554,
    0.09222332388162613,
    -0.0439908429980278,
    0.08113487809896469,
    0.0059450245462358,
    -0.03729948028922081,
    0.012967964634299278,
    0.03880896791815758,
    -0.03441713750362396,
    0.013332399539649487,
    -0.008353719487786293,
    -0.0022424745839089155,
    0.03749612346291542,
    0.0037483861669898033,
    0.010414335876703262,
    0.023363808169960976,
    0.053410034626722336,
    -0.02470032498240471,
    0.0455462783575058,
    0.09377636015415192,
    0.01077946275472641,
    -0.006302951369434595,
    0.0690586194396019,
    -0.05958094447851181,
    -0.0223664753139019,
    -0.01963268220424652,
    0.06953408569097519,
    0.013497776351869106,
    0.043056242167949677,
    -0.007231015712022781,
    0.02790934406220913,
    -0.0399448424577713,
    0.016591334715485573,
    0.04590991139411926,
    -0.01501772366464138,
    0.018000490963459015,
    -0.0036520431749522686,
    -0.0030357004143297672,
    -0.01725601777434349,
    -0.01635279878973961,
    -0.03397884592413902,
    0.01577555015683174,
    -0.04501408338546753,
    0.06925391405820847,
    -0.05170556902885437,
    0.0634426698088646,
    0.02367350272834301,
    -0.01958669163286686,
    -0.02959262579679489,
    -0.04721979796886444,
    -0.014838574454188347,
    -0.049852654337882996,
    0.037695568054914474,
    -0.020582599565386772,
    0.001974330982193351,
    0.04369252547621727,
    -0.03697149455547333,
    0.04303125664591789,
    -0.012880799360573292,
    -0.04534490406513214,
    0.0004669874324463308,
    -0.004311629571020603,
    0.07086572796106339,
    -0.037010230123996735,
    -0.05291692167520523,
    -0.013191907666623592,
    0.015836963430047035,
    0.07382462173700333,
    -0.02825252339243889,
    -0.012626545503735542,
    0.08149757981300354,
    0.01871684566140175,
    -0.0825028195977211,
    -0.050423458218574524,
    -0.037700213491916656,
    0.051972661167383194,
    0.007250367663800716,
    0.058713529258966446,
    0.029208194464445114,
    -2.1919566586690032e-32,
    0.0022308090701699257,
    -0.04271693527698517,
    -0.047452595084905624,
    -0.015955941751599312,
    0.05881589278578758,
    -0.015555220656096935,
    0.007265099789947271,
    -0.0852750688791275,
    0.044269002974033356,
    0.03384510427713394,
    0.05463707819581032,
    -0.04027728736400604,
    -0.04877415671944618,
    -0.024816885590553284,
    0.019337531179189682,
    -0.06412211805582047,
    -0.09875281155109406,
    -0.03611304983496666,
    -0.03934268280863762,
    0.1159982830286026,
    -0.020428156480193138,
    -0.0024279640056192875,
    0.019847238436341286,
    0.13285334408283234,
    0.06890594959259033,
    0.06191844865679741,
    -0.04126109555363655,
    0.017209492623806,
    0.0826902687549591,
    -0.04089386761188507,
    -0.060567792505025864,
    -0.03729706630110741,
    -0.0324687585234642,
    -0.001606310484930873,
    -0.08208823949098587,
    -0.180979922413826,
    0.04289786517620087,
    -0.05804216489195824,
    -0.03655751049518585,
    -0.07546484470367432,
    0.09723604470491409,
    -0.009575258009135723,
    -0.030053526163101196,
    0.03439189866185188,
    0.03819521516561508,
    -0.08596156537532806,
    0.06307142227888107,
    -0.042316947132349014,
    -0.014569958671927452,
    0.0034207708667963743,
    0.022197367623448372,
    -0.013660273514688015,
    -0.006684405729174614,
    0.0072358702309429646,
    -0.022694172337651253,
    0.07079169154167175,
    -0.001120523433201015,
    -0.0656796246767044,
    -0.044999513775110245,
    -0.02200768142938614,
    0.09048888832330704,
    0.06339310109615326,
    -0.015675513073801994,
    0.08804377913475037,
    0.055088743567466736,
    -0.05925007537007332,
    0.02258043736219406,
    -0.033400144428014755,
    -0.06133938580751419,
    -0.07081897556781769,
    -0.06055954098701477,
    -0.08170413970947266,
    -0.04197084903717041,
    -0.09868636727333069,
    0.06380286067724228,
    -0.05719178915023804,
    -0.036028750240802765,
    -0.15223844349384308,
    -0.061699334532022476,
    0.02535710111260414,
    0.03059961274266243,
    -0.03606677055358887,
    -0.034765955060720444,
    0.09476014226675034,
    -0.012371551245450974,
    0.0025592874735593796,
    0.052626125514507294,
    -0.04701796919107437,
    -0.02093873731791973,
    0.09587208181619644,
    -0.08627265691757202,
    -0.013835682533681393,
    -0.08938813954591751,
    0.05062008276581764,
    -0.10087337344884872,
    -6.027801902064311e-08,
    -0.057278938591480255,
    0.07037106901407242,
    0.01840215176343918,
    -0.057296402752399445,
    0.017255082726478577,
    -0.06269880384206772,
    -0.047037769109010696,
    0.02070108987390995,
    -0.010436693206429482,
    -0.031478606164455414,
    0.05174785479903221,
    0.06479261815547943,
    -0.039148569107055664,
    0.003021709620952606,
    0.07318595051765442,
    -0.002807158511132002,
    -0.06410718709230423,
    -0.055413778871297836,
    -0.06464219838380814,
    0.029873495921492577,
    -0.06501045823097229,
    -0.021031495183706284,
    -0.03766488656401634,
    -0.008908731862902641,
    0.04877421632409096,
    0.0021165432408452034,
    -0.041644636541604996,
    0.05717714875936508,
    0.08946347236633301,
    0.04769193381071091,
    0.0026863443199545145,
    -0.011289562098681927,
    0.014533769339323044,
    -0.03738168254494667,
    -0.026995191350579262,
    -0.055626071989536285,
    0.04759344458580017,
    -0.03794214501976967,
    0.06216379627585411,
    0.00779690919443965,
    0.007069285959005356,
    0.04184889793395996,
    0.01872601918876171,
    0.0908510610461235,
    0.02761385217308998,
    -0.0398559495806694,
    -0.044472478330135345,
    0.026969661936163902,
    0.0024078981950879097,
    -0.038942690938711166,
    -0.03638344258069992,
    -0.041594553738832474,
    0.07184658199548721,
    -0.04736858978867531,
    -0.044370975345373154,
    0.023274166509509087,
    0.03184613958001137,
    0.05034276843070984,
    -0.018252482637763023,
    -0.0030629094690084457,
    0.08832496404647827,
    0.006477086339145899,
    0.058799367398023605,
    -0.021379873156547546
]