[
    -0.0629701167345047,
    0.03551894798874855,
    -0.0337376706302166,
    -0.07884290814399719,
    -0.09223689883947372,
    0.07031525671482086,
    -0.004212824162095785,
    -0.05546369403600693,
    0.017453644424676895,
    0.034201811999082565,
    -0.013008873909711838,
    -0.02772267535328865,
    0.034372277557849884,
    -0.05841271951794624,
    0.06150214374065399,
    0.00771141005679965,
    0.03880856931209564,
    0.04714128002524376,
    -0.06759746372699738,
    0.03640896454453468,
    -0.015207445248961449,
    0.0840374305844307,
    -0.04896577447652817,
    -0.038669951260089874,
    -0.1295197457075119,
    -0.011595391668379307,
    0.009288124740123749,
    -0.050921302288770676,
    -0.012506486847996712,
    -0.07577300071716309,
    0.01244886964559555,
    0.0036313312593847513,
    0.0483604371547699,
    0.07808282971382141,
    0.01268626470118761,
    0.011196086183190346,
    -0.012934144586324692,
    0.033438168466091156,
    0.003252351190894842,
    0.033961474895477295,
    -0.027480825781822205,
    -0.053209882229566574,
    -0.033996738493442535,
    -0.014164815656840801,
    0.007884612306952477,
    -0.03413458541035652,
    -0.08318598568439484,
    -0.04758389666676521,
    0.011250344105064869,
    0.049257922917604446,
    -0.05738028883934021,
    -0.04462048038840294,
    -0.03206910192966461,
    0.11347638815641403,
    -0.0748170018196106,
    -0.030195772647857666,
    -0.03581266105175018,
    -0.024408504366874695,
    -0.06119096279144287,
    0.0034205354750156403,
    -0.023671865463256836,
    0.050502751022577286,
    -0.013444973155856133,
    0.08097248524427414,
    -0.0503426119685173,
    0.065547876060009,
    -0.02094387263059616,
    -0.004508599638938904,
    -0.03131461888551712,
    0.013470304198563099,
    -0.11053822934627533,
    -0.03038451448082924,
    -0.05726048722863197,
    0.03816961869597435,
    0.010375594720244408,
    0.01723518781363964,
    -0.04045182839035988,
    0.004476616624742746,
    0.08342748880386353,
    -0.16010451316833496,
    -0.03887777775526047,
    0.028115401044487953,
    -0.05366244167089462,
    0.08620322495698929,
    -0.029773099347949028,
    -0.013027614913880825,
    -0.006207720376551151,
    -0.011264991946518421,
    0.009905217215418816,
    -0.06034056097269058,
    0.07399270683526993,
    -0.06441409140825272,
    0.10131297260522842,
    -0.10389646887779236,
    0.08886123448610306,
    -0.016256088390946388,
    -0.0070198094472289085,
    -0.06612439453601837,
    0.03713128715753555,
    -0.01720055192708969,
    -0.041643500328063965,
    0.009934764355421066,
    -0.01782245561480522,
    -0.019084857776761055,
    -0.04689592495560646,
    -0.07553891837596893,
    0.0381258986890316,
    -0.006152674090117216,
    0.007525489199906588,
    0.043622925877571106,
    0.053389787673950195,
    0.039868779480457306,
    -0.049907371401786804,
    -0.1619209200143814,
    0.04409642517566681,
    0.0061272806487977505,
    -0.03705453872680664,
    0.05972948297858238,
    0.01550610177218914,
    -0.02289057895541191,
    -0.03787529468536377,
    0.003835395211353898,
    -0.05729162320494652,
    -0.06547418981790543,
    -0.009337391704320908,
    0.03887433931231499,
    -0.02956843003630638,
    2.0144570116948377e-32,
    0.012428277172148228,
    -0.0013506279792636633,
    -0.03076576068997383,
    0.014525564387440681,
    0.04798970744013786,
    0.001887231832370162,
    0.0230115856975317,
    -0.003236314281821251,
    -0.017819389700889587,
    0.10428647696971893,
    -0.03555816784501076,
    0.04014771431684494,
    -0.03883310407400131,
    -0.04636196792125702,
    -0.025673596188426018,
    0.04596760496497154,
    0.0057023861445486546,
    0.059711046516895294,
    -0.05990888550877571,
    0.0860748216509819,
    -0.010435523465275764,
    -0.0525660440325737,
    0.021881740540266037,
    0.04328945279121399,
    0.0002578025741968304,
    0.020172283053398132,
    -0.004067385569214821,
    0.0064995065331459045,
    0.030710838735103607,
    -0.0006740949465893209,
    0.04626935347914696,
    0.03075980953872204,
    0.009074106812477112,
    -0.010019918903708458,
    0.048651810735464096,
    0.10194917768239975,
    0.01587674394249916,
    -0.004223544150590897,
    0.08584659546613693,
    -0.05200406163930893,
    -0.04412789270281792,
    -0.02709065191447735,
    0.051807086914777756,
    -0.007841205224394798,
    0.030426764860749245,
    -0.018978185951709747,
    0.02493426203727722,
    -0.018279628828167915,
    0.03302449360489845,
    0.06073819100856781,
    -0.010837936773896217,
    0.020967744290828705,
    0.009898978285491467,
    -0.007308063562959433,
    -0.021549271419644356,
    -0.014471684582531452,
    -0.020871615037322044,
    0.01078872848302126,
    -0.020619630813598633,
    0.09076833724975586,
    -0.03780379518866539,
    0.04860149323940277,
    -0.0032769429963082075,
    0.0151477986946702,
    -0.026288626715540886,
    -0.042045675218105316,
    -0.014581267721951008,
    -0.07668107748031616,
    0.040933966636657715,
    -0.0307668037712574,
    0.007577918935567141,
    0.03575344383716583,
    -0.0006983187631703913,
    0.0240445826202631,
    -0.026070503517985344,
    -0.02356545440852642,
    0.0025124342646449804,
    0.006437877658754587,
    0.060116253793239594,
    -0.017681224271655083,
    -0.08815107494592667,
    -0.0027478733099997044,
    0.030960960313677788,
    0.07031027227640152,
    0.00608982564881444,
    -0.01588120311498642,
    0.07970818877220154,
    0.001695416052825749,
    -0.10262273997068405,
    -0.03772104158997536,
    -0.013032620772719383,
    0.033366620540618896,
    0.016192127019166946,
    0.07538186758756638,
    0.043083347380161285,
    -2.1028727009126992e-32,
    0.000993522466160357,
    -0.057026948779821396,
    -0.03534333035349846,
    -0.019651956856250763,
    0.06340600550174713,
    -0.031625740230083466,
    0.011902005411684513,
    -0.09007355570793152,
    0.05090051889419556,
    0.060742225497961044,
    0.03387335315346718,
    -0.023004820570349693,
    -0.0588105134665966,
    -0.043572042137384415,
    0.002858836203813553,
    -0.05636131018400192,
    -0.06630163639783859,
    -0.036349594593048096,
    -0.021296855062246323,
    0.09605608135461807,
    -0.011370599269866943,
    0.019076671451330185,
    0.02075428143143654,
    0.12500441074371338,
    0.04533734545111656,
    0.0736604854464531,
    -0.02175191231071949,
    0.02404101751744747,
    0.05285864323377609,
    -0.030009981244802475,
    -0.04761027544736862,
    -0.044214434921741486,
    -0.05068030580878258,
    0.03158438578248024,
    -0.1040244922041893,
    -0.1996137797832489,
    0.0694318413734436,
    -0.04563647881150246,
    -0.03083457238972187,
    -0.09012940526008606,
    0.10032419860363007,
    0.0026817761827260256,
    -0.03841710090637207,
    0.03576572611927986,
    0.04348831996321678,
    -0.0822804644703865,
    0.03910353034734726,
    -0.0474887415766716,
    -0.03300256282091141,
    0.021751059219241142,
    -0.004742389544844627,
    -0.014480608515441418,
    -0.013311948627233505,
    0.029948994517326355,
    -0.048550382256507874,
    0.1063142940402031,
    -0.0004745126061607152,
    -0.054783646017313004,
    -0.028354017063975334,
    -0.016705894842743874,
    0.0635218471288681,
    0.07272746413946152,
    -0.006735045462846756,
    0.0922711119055748,
    0.08741344511508942,
    -0.039779309183359146,
    0.011785474605858326,
    -0.03141695261001587,
    -0.05440603196620941,
    -0.07969587296247482,
    -0.0529511459171772,
    -0.07137645035982132,
    -0.04503709077835083,
    -0.1291283667087555,
    0.08928690105676651,
    -0.061941538006067276,
    -0.060961801558732986,
    -0.14221517741680145,
    -0.06847567111253738,
    0.01477176696062088,
    0.033244892954826355,
    -0.04212537035346031,
    -0.06382119655609131,
    0.07520750910043716,
    -0.03601092845201492,
    0.02327999658882618,
    0.08281347900629044,
    -0.06722203642129898,
    -0.008309492841362953,
    0.10089417546987534,
    -0.09829836338758469,
    -0.02635354921221733,
    -0.0667518749833107,
    0.030882740393280983,
    -0.0865263044834137,
    -5.709116024377181e-08,
    -0.06976623833179474,
    0.09413205832242966,
    0.003473742166534066,
    -0.04245961084961891,
    0.026069046929478645,
    -0.05208197236061096,
    -0.06855461001396179,
    0.031178858131170273,
    -0.011030792258679867,
    -0.021183663979172707,
    0.038281816989183426,
    0.032782480120658875,
    -0.001726771704852581,
    0.015489372424781322,
    0.06766583770513535,
    -0.018867837265133858,
    -0.06484799087047577,
    -0.04361296445131302,
    -0.08831409364938736,
    -0.003272272413596511,
    -0.038943588733673096,
    -0.0028874219860881567,
    -0.03906548023223877,
    -0.0010130704613402486,
    0.029739663004875183,
    -0.004065670073032379,
    -0.01944119855761528,
    0.0672004222869873,
    0.09388556331396103,
    0.037033192813396454,
    -0.0165459793061018,
    0.009888901375234127,
    0.028223849833011627,
    -0.03334842622280121,
    -0.04150756821036339,
    -0.04932123050093651,
    0.06855863332748413,
    -0.027782756835222244,
    0.05463825911283493,
    -0.00823787972331047,
    0.007999823428690434,
    0.04473885893821716,
    0.035455141216516495,
    0.09781406074762344,
    -0.007254880387336016,
    -0.07047153264284134,
    -0.07545050978660583,
    0.029657160863280296,
    0.025523843243718147,
    -0.049148790538311005,
    -0.0029630009084939957,
    -0.03279869258403778,
    0.07218583673238754,
    -0.0339154489338398,
    -0.04035366326570511,
    0.009001953527331352,
    0.042395442724227905,
    0.036647677421569824,
    -0.012067411094903946,
    0.014754406176507473,
    0.0890481173992157,
    -0.01866111345589161,
    0.04029497876763344,
    -0.020023958757519722
]