[
    -0.027617022395133972,
    0.06476345658302307,
    -0.017734713852405548,
    -0.002493953099474311,
    0.003781113075092435,
    0.05574468895792961,
    0.002294397447258234,
    0.008315260522067547,
    0.0250840000808239,
    0.013611915521323681,
    0.043965574353933334,
    -0.010160187259316444,
    0.014576967805624008,
    -0.022708645090460777,
    0.08506834506988525,
    -0.006446670740842819,
    0.08093659579753876,
    0.023566463962197304,
    -0.10094502568244934,
    0.10835544764995575,
    0.03196074441075325,
    0.06862666457891464,
    -0.026886897161602974,
    -0.014576656743884087,
    -0.09448181092739105,
    -0.039867229759693146,
    -0.02415073662996292,
    -0.02440112829208374,
    0.08342445641756058,
    -0.05447126179933548,
    0.07268384844064713,
    0.04490829259157181,
    0.07150284200906754,
    0.03450382500886917,
    -0.011171522550284863,
    0.011402497999370098,
    -0.034343693405389786,
    0.03955858573317528,
    -0.030904976651072502,
    0.032791148871183395,
    -0.06645485758781433,
    -0.04448307305574417,
    -0.04817372187972069,
    -0.002984429709613323,
    0.020311811938881874,
    -0.007391530089080334,
    -0.05274764075875282,
    -0.00575172109529376,
    0.018374739214777946,
    0.04060406610369682,
    -0.04300945624709129,
    -0.009503650479018688,
    -0.05921950191259384,
    0.025497039780020714,
    -0.030452249571681023,
    -0.035703226923942566,
    -0.044772882014513016,
    -0.008127705194056034,
    -0.08898191899061203,
    -0.0440877228975296,
    -0.0014994408702477813,
    -0.008825351484119892,
    0.028761085122823715,
    0.04225354641675949,
    -0.042567282915115356,
    0.07497745752334595,
    -0.01122722215950489,
    -0.03274545818567276,
    0.036822233349084854,
    0.010606692172586918,
    -0.05267021432518959,
    0.008644488640129566,
    -0.00011129330960102379,
    0.04215162619948387,
    -0.028158079832792282,
    0.011095568537712097,
    0.029733262956142426,
    0.00655185803771019,
    0.057323627173900604,
    -0.08326071500778198,
    -0.046390872448682785,
    -0.03875742107629776,
    -0.009079732932150364,
    0.021483762189745903,
    -0.05882791057229042,
    0.002212288323789835,
    -0.0561651773750782,
    0.03436046466231346,
    -0.011713330633938313,
    -0.01083869393914938,
    0.04424687847495079,
    -0.04594957455992699,
    0.09604953974485397,
    -0.053123313933610916,
    0.11034538596868515,
    -0.060472939163446426,
    -0.03927493095397949,
    -0.07605613023042679,
    -0.0490860752761364,
    0.011646619997918606,
    0.01923375390470028,
    -0.0045681484043598175,
    -0.04984216392040253,
    0.006805673707276583,
    -0.011659816838800907,
    -0.10508057475090027,
    -0.021982118487358093,
    -0.07158342003822327,
    0.03554922714829445,
    0.06166207417845726,
    0.030971821397542953,
    -0.0031681424006819725,
    -0.006319231353700161,
    -0.14523200690746307,
    -0.007426056545227766,
    -0.03565426915884018,
    -0.04086681827902794,
    0.03821877762675285,
    0.03226761519908905,
    0.0075381104834377766,
    -0.051753681153059006,
    -0.009732455015182495,
    -0.05182909220457077,
    -0.06617161631584167,
    -0.03998993709683418,
    -0.004339512437582016,
    -0.028331393375992775,
    2.143264743922067e-32,
    -0.022487204521894455,
    -0.0012611092533916235,
    -0.05670419707894325,
    0.03858781233429909,
    0.050855640321969986,
    -0.020907917991280556,
    -0.019971581175923347,
    -0.050428904592990875,
    -0.04265085607767105,
    0.031746260821819305,
    0.034644510596990585,
    0.0008215743000619113,
    0.05364079773426056,
    -0.0458684042096138,
    -0.0841749757528305,
    0.0240172166377306,
    0.03081958368420601,
    0.10299056023359299,
    -0.0472937747836113,
    0.05146411806344986,
    0.020882871001958847,
    0.004284679424017668,
    0.009465708397328854,
    0.020090604200959206,
    -0.05230772867798805,
    0.015783363953232765,
    0.005400384776294231,
    -0.012031027115881443,
    0.08768582344055176,
    0.0003790897026192397,
    0.025529468432068825,
    0.01102298405021429,
    0.0017136449459940195,
    -0.07360636442899704,
    0.022026773542165756,
    0.11235501617193222,
    0.013646888546645641,
    -0.038805022835731506,
    0.07125499844551086,
    -0.06397716701030731,
    -0.06941790878772736,
    0.004278805572539568,
    -0.007395367603749037,
    0.04060078039765358,
    0.022691141813993454,
    -0.02032959833741188,
    0.028500020503997803,
    -0.045663367956876755,
    0.01661107875406742,
    0.03292808681726456,
    -0.03203697130084038,
    -0.005246738437563181,
    -0.017311900854110718,
    -0.04074373096227646,
    0.02178562432527542,
    0.00844916608184576,
    -0.09135378897190094,
    0.10527539253234863,
    -0.02136187069118023,
    0.06709855049848557,
    -0.01293962448835373,
    0.017095671966671944,
    -0.019770905375480652,
    -0.03024941496551037,
    0.025272943079471588,
    -0.06821972876787186,
    -0.027492273598909378,
    -0.08224959671497345,
    0.06527988612651825,
    -0.031286973506212234,
    -0.03325381502509117,
    0.059830378741025925,
    -0.04469801485538483,
    0.021425340324640274,
    -0.05944644287228584,
    -0.03120783530175686,
    0.03492710366845131,
    -0.009226998314261436,
    0.04348437488079071,
    -0.0157938115298748,
    -0.03997710347175598,
    -0.012426176108419895,
    0.010629120282828808,
    0.10621000081300735,
    -0.013358847238123417,
    -0.0005329393316060305,
    0.01823592185974121,
    0.05943617597222328,
    -0.10728780180215836,
    -0.04178068786859512,
    -0.008167841471731663,
    0.033897168934345245,
    0.03432811051607132,
    0.04021006077528,
    0.010598452761769295,
    -2.1341862541138726e-32,
    -0.00780393136665225,
    -0.06085021048784256,
    -0.10034919530153275,
    -0.00215190090239048,
    0.08125454187393188,
    -0.026973851025104523,
    -0.05689959600567818,
    -0.10817725211381912,
    0.06555243581533432,
    0.014804506674408913,
    -0.03027486242353916,
    -0.05995370075106621,
    0.002022064756602049,
    -0.00428228173404932,
    -0.026812173426151276,
    0.010287181474268436,
    -0.10167783498764038,
    -0.03407662361860275,
    -0.03583604842424393,
    0.12772351503372192,
    -0.015908751636743546,
    0.0032872199080884457,
    -0.045397598296403885,
    0.09735747426748276,
    0.05356752127408981,
    0.08826128393411636,
    -0.0676572322845459,
    -0.021207788959145546,
    0.05123433470726013,
    -0.08669605106115341,
    -0.09009455889463425,
    -0.043769292533397675,
    -0.059912193566560745,
    0.0030594472773373127,
    -0.054256368428468704,
    -0.15776780247688293,
    0.03485988825559616,
    -0.030079592019319534,
    -0.08109178394079208,
    0.010571415536105633,
    0.06639815121889114,
    0.017005471512675285,
    0.006608417257666588,
    -0.001332937739789486,
    0.006326699163764715,
    -0.07694007456302643,
    0.12614931166172028,
    -0.07172660529613495,
    0.021118102595210075,
    0.010049129836261272,
    0.028314383700489998,
    -0.08507461100816727,
    -0.008294887840747833,
    0.04735586419701576,
    -0.042696911841630936,
    -0.004991941619664431,
    0.009955678135156631,
    -0.06699980050325394,
    -0.02983945980668068,
    -0.019151484593749046,
    0.1042075827717781,
    0.06752107292413712,
    -0.07714027166366577,
    0.06653261184692383,
    0.008131328970193863,
    -0.05437156930565834,
    -0.040134247392416,
    -0.05331210047006607,
    -0.040882546454668045,
    -0.1026250347495079,
    -0.009134539403021336,
    -0.08834842592477798,
    -0.0570150762796402,
    -0.09730176627635956,
    0.1348254233598709,
    -0.020307715982198715,
    -0.004876898135989904,
    -0.034541983157396317,
    -0.0689021423459053,
    -0.033718712627887726,
    0.06269922852516174,
    0.01709659770131111,
    -0.06897493451833725,
    0.11227158457040787,
    -0.021359702572226524,
    0.007452062331140041,
    0.11249177902936935,
    -0.05835514888167381,
    -0.005898429546505213,
    0.07810899615287781,
    -0.040029481053352356,
    0.048369184136390686,
    -0.007691358681768179,
    0.09517236053943634,
    -0.09687972813844681,
    -6.234534311033713e-08,
    -0.043044984340667725,
    0.014279035851359367,
    0.019934190437197685,
    -0.04119883105158806,
    -0.018776537850499153,
    -0.060392871499061584,
    -0.006748965010046959,
    0.00248414883390069,
    -0.08067048341035843,
    -0.023970387876033783,
    0.02923501655459404,
    0.07499544322490692,
    -0.008802124299108982,
    -0.010202199220657349,
    0.05292605981230736,
    -0.0402456596493721,
    -0.06059971824288368,
    -0.04639137536287308,
    -0.04499035328626633,
    0.050566479563713074,
    -0.057543039321899414,
    -0.06646247208118439,
    -0.02117680199444294,
    -0.0002982280566357076,
    0.06394746154546738,
    0.058745238929986954,
    -0.030844639986753464,
    0.016722407191991806,
    0.017592815682291985,
    0.05262472480535507,
    -0.05417415872216225,
    -0.004288387019187212,
    0.03854032978415489,
    0.0072790225967764854,
    -0.038090210407972336,
    -0.02876235358417034,
    0.036495428532361984,
    -0.016404597088694572,
    0.022923840209841728,
    -0.025599602609872818,
    0.022591596469283104,
    0.03485434874892235,
    0.006990576628595591,
    0.07175052165985107,
    0.033776480704545975,
    0.005574611946940422,
    0.005607724189758301,
    -0.0035206079483032227,
    -0.03316475823521614,
    -0.08746665716171265,
    -0.04976266995072365,
    -0.06903907656669617,
    0.09519721567630768,
    0.010295783169567585,
    -0.036584362387657166,
    0.1271205097436905,
    0.030335474759340286,
    0.05551653355360031,
    0.0012595908483490348,
    -0.006491946056485176,
    0.12065423280000687,
    0.13011141121387482,
    0.004094808828085661,
    -0.04783462733030319
]