[
    -0.0659264475107193,
    0.06069231778383255,
    -0.0376724898815155,
    -0.06573283672332764,
    -0.053451672196388245,
    0.04223378747701645,
    0.0032896401826292276,
    -0.023084182292222977,
    -0.002705661114305258,
    -0.021865911781787872,
    0.025682274252176285,
    0.010377570055425167,
    -0.01978827454149723,
    -0.05066273361444473,
    0.03755270689725876,
    -0.03339042142033577,
    0.022853916510939598,
    -0.005912926513701677,
    -0.06651561707258224,
    0.10475832223892212,
    0.0551796592772007,
    0.11317861080169678,
    -0.04477660357952118,
    0.02852723002433777,
    -0.07715906202793121,
    -0.00776835298165679,
    0.0011486492585390806,
    -0.04484330862760544,
    0.04591349512338638,
    -0.0007595652132295072,
    0.06645326316356659,
    0.03547454997897148,
    0.11311060935258865,
    0.09057959169149399,
    -0.03794841095805168,
    -0.003919284325093031,
    -0.03521493077278137,
    0.030622422695159912,
    -0.05277120694518089,
    0.02582470513880253,
    -0.04949508607387543,
    -0.057142239063978195,
    -0.05091628432273865,
    0.021593594923615456,
    0.009943586774170399,
    0.03588443621993065,
    -0.04842814430594444,
    -0.002600114792585373,
    -0.012864942662417889,
    0.05441270396113396,
    -0.08285906910896301,
    -0.0009332153713330626,
    -0.06785058230161667,
    0.10175771266222,
    -0.02084796130657196,
    -0.02739574946463108,
    -0.03611595556139946,
    -0.03570151701569557,
    -0.10482794046401978,
    -0.019048651680350304,
    0.016489209607243538,
    0.0443396121263504,
    0.01153991837054491,
    0.0426078699529171,
    -0.03360217064619064,
    0.043522242456674576,
    -0.013935915194451809,
    -0.03145652264356613,
    0.04839970916509628,
    -0.006094148848205805,
    -0.07292179763317108,
    -0.02879858762025833,
    0.01428958773612976,
    0.04206838458776474,
    -0.021186701953411102,
    -0.020720183849334717,
    -0.03434009104967117,
    -0.009222270920872688,
    0.03906761854887009,
    -0.10080459713935852,
    -0.062444835901260376,
    0.008353224955499172,
    -0.00839416403323412,
    0.03788217529654503,
    -0.08303613215684891,
    0.017255889251828194,
    -0.012410522438585758,
    -0.0220479778945446,
    -0.02134346403181553,
    -0.056223560124635696,
    0.09931579977273941,
    -0.08555740863084793,
    0.08598387986421585,
    -0.08595811575651169,
    0.061896856874227524,
    -0.06398965418338776,
    -0.019551720470190048,
    -0.08337490260601044,
    0.014733738265931606,
    -0.03295362368226051,
    -0.0049895187839865685,
    -0.007824535481631756,
    0.016484756022691727,
    -0.01819959096610546,
    -0.043674543499946594,
    -0.04899193346500397,
    0.038695309311151505,
    -0.030008606612682343,
    0.013743008486926556,
    0.06900786608457565,
    0.0187924075871706,
    0.028093980625271797,
    -0.044435981661081314,
    -0.13262932002544403,
    0.024369489401578903,
    0.028419507667422295,
    -0.023403167724609375,
    0.04772436246275902,
    0.06321937590837479,
    0.030606644228100777,
    -0.03041997179389,
    -0.05441407114267349,
    -0.020026126876473427,
    -0.07316882908344269,
    -0.048502370715141296,
    0.00663943262770772,
    -0.029568541795015335,
    1.4204902956734933e-32,
    -0.03795148432254791,
    -0.006429295986890793,
    -0.05996806547045708,
    0.04063383862376213,
    0.034949302673339844,
    0.013149219565093517,
    0.006164939608424902,
    -0.03874962776899338,
    -0.03724927455186844,
    0.06249900907278061,
    0.04033994302153587,
    0.07133249938488007,
    -0.0008730418048799038,
    -0.05248900130391121,
    -0.029470551759004593,
    0.0841134712100029,
    -0.021828632801771164,
    0.09088180214166641,
    0.015156435780227184,
    0.05551882088184357,
    0.06541337817907333,
    -0.009755200706422329,
    -0.005425446666777134,
    0.047989048063755035,
    0.005645322613418102,
    0.023985274136066437,
    0.013709357008337975,
    -0.0049817911349236965,
    0.04526878893375397,
    -0.006992218550294638,
    0.004644134547561407,
    0.00976901687681675,
    0.03415152430534363,
    -0.07007002830505371,
    0.10560929030179977,
    0.13694342970848083,
    0.012884183786809444,
    -0.04502970352768898,
    0.0742967277765274,
    -0.0708279013633728,
    -0.025693099945783615,
    -0.018354209139943123,
    0.0396997332572937,
    0.02415766380727291,
    0.08463145792484283,
    0.03242996707558632,
    -0.021785331889986992,
    -0.0024196950253099203,
    -0.0176885686814785,
    0.06676117330789566,
    -0.04234982654452324,
    -0.016878871247172356,
    -0.05304008349776268,
    -0.025544224306941032,
    -0.015848008915781975,
    -0.013765332289040089,
    -0.08399669826030731,
    0.037389595061540604,
    -0.0657125860452652,
    0.055722687393426895,
    -0.01096813753247261,
    0.04877927526831627,
    0.013801745139062405,
    -0.04256561025977135,
    -0.018865371122956276,
    -0.11218561232089996,
    -0.03215867280960083,
    -0.057354219257831573,
    0.07286877930164337,
    -0.0270867757499218,
    -0.03632096201181412,
    0.051251109689474106,
    -0.01812797598540783,
    0.0341947078704834,
    -0.010299153625965118,
    -0.011658389121294022,
    0.04046408459544182,
    -0.057943038642406464,
    0.025052865967154503,
    -0.015347104519605637,
    -0.06853378564119339,
    0.02657654695212841,
    -0.021443821489810944,
    0.09376056492328644,
    -0.01223142072558403,
    0.0059991092421114445,
    0.032371632754802704,
    0.05967402830719948,
    -0.10486070811748505,
    -0.059811223298311234,
    0.0232526995241642,
    0.05098923668265343,
    0.01053374819457531,
    0.017767224460840225,
    -0.02224687486886978,
    -1.6216378033135322e-32,
    -0.022857900708913803,
    -0.06472363322973251,
    -0.11466754227876663,
    0.022077400237321854,
    0.05073614791035652,
    -0.016324881464242935,
    -0.022321343421936035,
    -0.038084372878074646,
    0.030109012499451637,
    -0.00024340585514437407,
    0.018639780580997467,
    -0.04727265611290932,
    -0.03401118144392967,
    -0.017879102379083633,
    -0.003654208965599537,
    0.03395070135593414,
    -0.0688246414065361,
    -0.04477731138467789,
    -0.04013942927122116,
    0.12793214619159698,
    -0.00013929132546763867,
    0.0018913943786174059,
    -0.05637554079294205,
    0.1336413472890854,
    0.034079454839229584,
    0.02255423180758953,
    -0.05413409695029259,
    0.021698685362935066,
    0.09220322966575623,
    -0.039237041026353836,
    -0.03990662842988968,
    -0.04037307947874069,
    -0.06720693409442902,
    -0.007729523349553347,
    -0.13943549990653992,
    -0.1909831315279007,
    0.0854489877820015,
    -0.020309800282120705,
    -0.049297962337732315,
    -0.026290081441402435,
    0.1057266891002655,
    0.0012730793096125126,
    0.006548342760652304,
    -0.009660719893872738,
    -0.019578399136662483,
    -0.06720002740621567,
    0.07042288035154343,
    -0.027010967954993248,
    -0.026785915717482567,
    -0.01566709764301777,
    0.07443159818649292,
    -0.10247275233268738,
    -0.006593264173716307,
    0.012038231827318668,
    -0.06469112634658813,
    0.060736384242773056,
    -0.029454655945301056,
    -0.015975842252373695,
    -0.0495632067322731,
    -0.008122004568576813,
    0.09477690607309341,
    0.04928671568632126,
    -0.07622255384922028,
    0.07675027847290039,
    -0.0028599302750080824,
    -0.05407045781612396,
    -0.010335949249565601,
    -0.017111772671341896,
    -0.040779538452625275,
    -0.0751771628856659,
    -0.05559638887643814,
    -0.10158440470695496,
    -0.019368764013051987,
    -0.08051125705242157,
    0.06495906412601471,
    -0.060128916054964066,
    -0.025855641812086105,
    -0.0993485227227211,
    -0.07811892777681351,
    0.009588782675564289,
    0.06284502893686295,
    0.02229614555835724,
    -0.08285853266716003,
    0.07681795954704285,
    0.0003103781782556325,
    -0.002167465165257454,
    0.0787687674164772,
    -0.019222082570195198,
    -0.002304833848029375,
    0.07085907459259033,
    -0.0608673095703125,
    0.0203663669526577,
    -0.091175876557827,
    0.031496599316596985,
    -0.09177317470312119,
    -4.902370065451578e-08,
    -0.038839418441057205,
    0.06316741555929184,
    0.012628530152142048,
    -0.06403268128633499,
    0.00456950394436717,
    -0.057579685002565384,
    -0.026889948174357414,
    -0.007179906591773033,
    -0.0037204104010015726,
    0.004022644367069006,
    0.0562615841627121,
    0.06036369502544403,
    -0.029992910102009773,
    0.0026814620941877365,
    0.047134991735219955,
    0.002314264653250575,
    -0.06722640246152878,
    -0.04745755344629288,
    -0.04542594030499458,
    0.04448869079351425,
    -0.05907917767763138,
    -0.05112798884510994,
    -0.058960434049367905,
    0.05093931034207344,
    0.024265209212899208,
    0.03734048455953598,
    0.01224240567535162,
    0.04365137219429016,
    0.031408075243234634,
    0.05594450607895851,
    -0.010765881277620792,
    0.03931276872754097,
    0.06353197991847992,
    0.007807321380823851,
    -0.05872785300016403,
    -0.02957303076982498,
    0.01962454803287983,
    -0.029269317165017128,
    0.06856819987297058,
    -0.013216623105108738,
    -0.019249647855758667,
    0.005292854737490416,
    0.01227860152721405,
    0.06483324617147446,
    0.025290779769420624,
    -0.03502466157078743,
    0.025652149692177773,
    0.0005801281658932567,
    0.017410950735211372,
    -0.07255301624536514,
    -0.04491510987281799,
    -0.028825080022215843,
    0.08341290801763535,
    0.017518794164061546,
    -0.020162804052233696,
    0.07963838428258896,
    0.05689074099063873,
    0.08030425757169724,
    -0.013258685357868671,
    -0.022659702226519585,
    0.10684925317764282,
    0.05961672589182854,
    0.015868762508034706,
    0.007217004895210266
]