[
    -0.010600031353533268,
    -0.037579599767923355,
    -0.030533744022250175,
    -0.0709499791264534,
    0.01064353622496128,
    0.03750927373766899,
    -0.025198375806212425,
    0.015287907794117928,
    -0.04923470318317413,
    -0.001608187216334045,
    0.0324983149766922,
    -0.04547784850001335,
    -0.0037325359880924225,
    -0.06623050570487976,
    0.003066916251555085,
    -0.05054774880409241,
    0.0588231235742569,
    0.05229731276631355,
    -0.11729665845632553,
    0.01688734069466591,
    0.03289349377155304,
    0.06181962415575981,
    0.024894816800951958,
    0.08734706044197083,
    -0.21001584827899933,
    0.003965806216001511,
    -0.05727396160364151,
    -0.05593954399228096,
    -0.017155293375253677,
    -0.06940505653619766,
    0.021542780101299286,
    -0.019403252750635147,
    0.015729576349258423,
    0.02353883720934391,
    0.011249450035393238,
    -0.011839180253446102,
    0.017253631725907326,
    -0.03208988159894943,
    0.008808392100036144,
    -0.027890736237168312,
    -0.0372859388589859,
    -0.08333410322666168,
    -0.09656321257352829,
    0.0309284757822752,
    0.021189961582422256,
    -0.038041338324546814,
    -0.03338217735290527,
    -0.023945879191160202,
    0.005125905387103558,
    0.02076154388487339,
    -0.051192592829465866,
    -0.034218575805425644,
    -0.006172536872327328,
    0.03136691823601723,
    0.004465987905859947,
    -0.016156239435076714,
    -0.01632133685052395,
    -0.009705794975161552,
    -0.03507799655199051,
    0.003800039179623127,
    -0.0036525935865938663,
    -0.029383689165115356,
    -0.01913626678287983,
    0.062090154737234116,
    -0.04581030458211899,
    0.020147982984781265,
    -0.032850898802280426,
    -0.0037312181666493416,
    0.01276784110814333,
    0.012545362114906311,
    -0.07672074437141418,
    -0.03647574782371521,
    0.022689469158649445,
    0.057698916643857956,
    0.004456317517906427,
    0.021813204512000084,
    -0.015899235382676125,
    0.03178916126489639,
    0.07192707061767578,
    -0.10837214440107346,
    0.00952837336808443,
    -0.009018036536872387,
    0.05762520805001259,
    0.06924711912870407,
    -0.005477888509631157,
    -0.05312478169798851,
    -0.04427127540111542,
    -0.030147114768624306,
    0.014160122722387314,
    -0.008075898513197899,
    0.03993665426969528,
    -0.03315259516239166,
    0.14566795527935028,
    -0.05548090860247612,
    -0.02089880406856537,
    -0.006437547970563173,
    -0.014921902678906918,
    -0.058804016560316086,
    0.03520028293132782,
    -0.01525413803756237,
    -0.010750959627330303,
    -0.01927901804447174,
    -0.09369790554046631,
    0.023092539981007576,
    -0.04753079637885094,
    -0.0680234357714653,
    -0.03464149311184883,
    0.0236776415258646,
    0.04298802837729454,
    0.11187656968832016,
    -0.0030606379732489586,
    0.05626761168241501,
    -0.02924315258860588,
    -0.05642358958721161,
    0.05410804972052574,
    0.014663460664451122,
    -0.04608842357993126,
    0.03921813145279884,
    0.04441932961344719,
    -0.0421571247279644,
    -0.07907795161008835,
    -0.017240609973669052,
    0.016881853342056274,
    -0.12401864677667618,
    0.013880256563425064,
    0.09038751572370529,
    0.034489791840314865,
    1.7254604031140337e-32,
    -0.0640212893486023,
    0.016265900805592537,
    -0.027680519968271255,
    -0.017349466681480408,
    0.005750236567109823,
    -0.028188051655888557,
    0.013012095354497433,
    0.0001340731978416443,
    -0.06862565129995346,
    0.04407158121466637,
    -0.007446972653269768,
    0.006989776622503996,
    -0.09933343529701233,
    0.023714730516076088,
    0.02771635167300701,
    -0.04206498712301254,
    -0.03542010486125946,
    0.053617946803569794,
    -0.003790326416492462,
    -0.0027762430254369974,
    -0.08661205321550369,
    -0.09993139654397964,
    0.019861266016960144,
    0.009467866271734238,
    0.024785788729786873,
    0.026164116337895393,
    -0.03159584105014801,
    0.052144333720207214,
    0.02067049965262413,
    0.02550116926431656,
    0.04340767487883568,
    0.022145163267850876,
    0.030530475080013275,
    -0.07189431041479111,
    -0.0011690730461850762,
    0.03038938157260418,
    0.008928350172936916,
    -0.05924838036298752,
    0.05237098038196564,
    -0.04475398361682892,
    -0.025012768805027008,
    -0.011279625818133354,
    0.018356528133153915,
    0.02026822231709957,
    0.017902573570609093,
    0.03930724412202835,
    -0.05089119076728821,
    0.023540036752820015,
    0.007582929451018572,
    0.03323424234986305,
    -0.03770260885357857,
    -0.029400769621133804,
    0.08637899160385132,
    -0.08866208046674728,
    0.0014676013961434364,
    -0.019116470590233803,
    -0.05903346836566925,
    -0.011475557461380959,
    -0.0336456373333931,
    0.04920172691345215,
    -0.016626989468932152,
    0.09829282015562057,
    -0.018698913976550102,
    0.021103186532855034,
    -0.002099034609273076,
    0.02960682287812233,
    -0.0005487559246830642,
    -0.043639712035655975,
    0.05250341817736626,
    0.024288998916745186,
    -0.04219292104244232,
    0.04294570907950401,
    -0.0216963030397892,
    0.05048559606075287,
    0.035742856562137604,
    -0.028336307033896446,
    -0.002474734093993902,
    -0.0017238861182704568,
    -0.002613324671983719,
    -0.018046444281935692,
    -0.06318138539791107,
    0.003908098209649324,
    -0.01465540286153555,
    0.07159774750471115,
    -0.02645760029554367,
    -0.06265626847743988,
    0.00474275927990675,
    0.05308012291789055,
    0.002177136018872261,
    -0.0033143938053399324,
    -0.03784945607185364,
    0.016684141010046005,
    0.03715188428759575,
    0.12075743079185486,
    -0.04376441240310669,
    -1.8626633690580418e-32,
    0.035861290991306305,
    -0.043024659156799316,
    0.02147526480257511,
    0.022406963631510735,
    0.03287573158740997,
    -0.03296976909041405,
    -0.08784562349319458,
    -0.10992272198200226,
    0.12825274467468262,
    0.00661149388179183,
    -0.006528372410684824,
    -0.045927777886390686,
    -0.02306237630546093,
    -0.028854768723249435,
    -0.050347037613391876,
    -0.026840711012482643,
    -0.08035863190889359,
    -0.021168004721403122,
    -0.019654087722301483,
    0.00834523793309927,
    0.02515915222465992,
    -0.07034918665885925,
    -0.04522600397467613,
    0.12673740088939667,
    -0.06604988127946854,
    0.0614934042096138,
    -0.019164424389600754,
    -0.013837234117090702,
    0.08238235116004944,
    -0.06948287785053253,
    0.001657511806115508,
    -0.10039152950048447,
    0.007157213985919952,
    0.06799271702766418,
    -0.1044980064034462,
    -0.14050060510635376,
    0.12494882196187973,
    -0.0894714891910553,
    -0.011579927988350391,
    -0.04603913426399231,
    0.062423642724752426,
    0.03225976973772049,
    -0.08216176927089691,
    0.06825802475214005,
    -0.02393416315317154,
    -0.045623935759067535,
    0.0664963573217392,
    -0.0169485155493021,
    -0.008098380640149117,
    -0.05216492712497711,
    -0.02640382945537567,
    -0.036211270838975906,
    0.010145707055926323,
    0.012923415750265121,
    -0.06449151784181595,
    0.09576714783906937,
    0.06773549318313599,
    -0.0452997051179409,
    -0.028637941926717758,
    0.00779962120577693,
    0.06393275409936905,
    0.07172795385122299,
    -0.07213309407234192,
    0.0858323723077774,
    0.06790986657142639,
    -0.040874380618333817,
    0.03012206219136715,
    -0.060809820890426636,
    0.02590547688305378,
    -0.059199947863817215,
    -0.004593499004840851,
    -0.03453734144568443,
    -0.07155231386423111,
    -0.06759794056415558,
    0.0011749833356589079,
    -0.07400371134281158,
    -0.088687963783741,
    -0.09055448323488235,
    -0.0787789449095726,
    0.005631033796817064,
    0.07461491972208023,
    -0.04067046940326691,
    -0.0402771458029747,
    0.03858094662427902,
    -0.003646117402240634,
    0.03853212296962738,
    0.06644606590270996,
    -0.04271065443754196,
    0.025446122512221336,
    0.07599131017923355,
    -0.058266185224056244,
    0.005087528843432665,
    -0.07003247737884521,
    0.08783087879419327,
    -0.04692748934030533,
    -5.4230962831525176e-08,
    0.05040453374385834,
    0.016949022188782692,
    -0.0006931682000868022,
    0.016823381185531616,
    -0.010109739378094673,
    0.01735832914710045,
    -0.06731892377138138,
    -0.054533448070287704,
    0.0035852452274411917,
    -0.044579945504665375,
    -0.005380565766245127,
    0.07745746523141861,
    -0.07845418900251389,
    0.006985857617110014,
    0.02721671387553215,
    -0.0519016869366169,
    -0.06620513647794724,
    0.08790656179189682,
    -0.06085096672177315,
    0.0901644304394722,
    -0.0505668930709362,
    0.002354668453335762,
    -0.007046903017908335,
    -0.04033953696489334,
    0.050974614918231964,
    -0.04293038696050644,
    0.04604029282927513,
    0.10640879720449448,
    0.060169294476509094,
    0.07386095821857452,
    0.017118200659751892,
    0.004760134965181351,
    0.04404197260737419,
    -0.024127887561917305,
    -0.04446035996079445,
    -0.060409363359212875,
    0.007876134477555752,
    -0.0024293039459735155,
    0.05257533863186836,
    -0.04674549773335457,
    -0.060465168207883835,
    0.07875807583332062,
    -0.025394456461071968,
    0.0820964127779007,
    0.005543037783354521,
    -0.022188249975442886,
    -0.04030833765864372,
    0.071030393242836,
    0.05904068425297737,
    -0.050377726554870605,
    -0.007005799561738968,
    -0.031462833285331726,
    0.09826932102441788,
    -0.004961203783750534,
    -0.03817613422870636,
    0.0415264293551445,
    -0.002776856068521738,
    0.0037900989409536123,
    0.011900721117854118,
    -0.05677066743373871,
    0.1415761560201645,
    0.019486984238028526,
    0.11951292306184769,
    -0.013525453396141529
]