[
    -0.04626244306564331,
    0.045245274901390076,
    -0.0059736683033406734,
    -0.07511680573225021,
    -0.05353202670812607,
    0.0683821588754654,
    -0.02279728278517723,
    -0.051907606422901154,
    0.007212441880255938,
    0.022473957389593124,
    0.007345645222812891,
    -0.0039490764029324055,
    0.014365112408995628,
    -0.02705393359065056,
    0.08261322975158691,
    0.02625104784965515,
    0.029035011306405067,
    0.07226880639791489,
    -0.08596569299697876,
    0.019634833559393883,
    0.028206724673509598,
    0.08473511040210724,
    -0.07241371273994446,
    -0.000420781085267663,
    -0.10158862173557281,
    -0.05384455621242523,
    0.00553430151194334,
    -0.07054589688777924,
    0.005700184032320976,
    -0.06059015169739723,
    -0.029160046949982643,
    0.040759023278951645,
    0.016195768490433693,
    0.08404488861560822,
    0.02147556096315384,
    -0.004122259560972452,
    -0.0023459745571017265,
    -0.01607307605445385,
    -0.01663500815629959,
    -0.0031078020110726357,
    -0.039653096348047256,
    -0.017682906240224838,
    -0.029107430949807167,
    -0.027631161734461784,
    0.0013434007996693254,
    0.018896907567977905,
    -0.06435436010360718,
    -0.07413703203201294,
    -0.05223875865340233,
    0.05817783251404762,
    -0.04632524400949478,
    -0.019654037430882454,
    -0.013337473385035992,
    0.1437051147222519,
    -0.040435541421175,
    0.0026137905661016703,
    -0.024399496614933014,
    0.016738707199692726,
    -0.054380472749471664,
    0.051493145525455475,
    0.022251492366194725,
    0.050697941333055496,
    -0.057565245777368546,
    0.05147729814052582,
    -0.040006112307310104,
    -0.0014865706907585263,
    -0.0035043118987232447,
    -0.048758614808321,
    -0.046311456710100174,
    0.006220636423677206,
    -0.14441756904125214,
    -0.06385171413421631,
    -0.07760442048311234,
    0.031530190259218216,
    0.03323190659284592,
    0.056903257966041565,
    -0.004475542809814215,
    0.030447011813521385,
    0.062424950301647186,
    -0.19389872252941132,
    -0.05167166888713837,
    0.03700754791498184,
    0.007803742773830891,
    0.049601901322603226,
    -0.06017547473311424,
    -0.044003285467624664,
    0.023860633373260498,
    -0.034550681710243225,
    0.0548461489379406,
    0.020033355802297592,
    0.05623965710401535,
    -0.09213200956583023,
    0.14415998756885529,
    -0.08255932480096817,
    0.07321744412183762,
    0.00886337086558342,
    -0.011189940385520458,
    -0.07627544552087784,
    0.013558550737798214,
    -0.018256554380059242,
    -0.024028334766626358,
    -0.017319941893219948,
    -0.03992239385843277,
    0.018483495339751244,
    -0.047105081379413605,
    -0.04600203037261963,
    -0.028792472556233406,
    -0.050189368426799774,
    0.013413384556770325,
    0.02233254350721836,
    0.023607619106769562,
    0.039946939796209335,
    -0.0665910616517067,
    -0.156754732131958,
    0.05885817110538483,
    0.04170180484652519,
    -0.0410941019654274,
    0.08472229540348053,
    0.02356085740029812,
    -0.04446003586053848,
    0.012290069833397865,
    0.020595306530594826,
    -0.07745573669672012,
    -0.04107387736439705,
    -0.04359040781855583,
    0.009827871806919575,
    0.0068119969218969345,
    1.7973515804952108e-32,
    -0.010121924802660942,
    -0.049131471663713455,
    -0.05310389772057533,
    0.04048899933695793,
    0.06946264952421188,
    -0.015334957279264927,
    0.008018630556762218,
    0.004031304735690355,
    -0.03272034227848053,
    0.0972377359867096,
    -0.019912751391530037,
    0.07213648408651352,
    -0.05474906414747238,
    -0.03896608203649521,
    0.002916882513090968,
    0.020836222916841507,
    0.05409887060523033,
    0.08439259231090546,
    0.03631974756717682,
    0.047919824719429016,
    0.0007101820665411651,
    0.0003849530185107142,
    0.017668720334768295,
    -0.0006767461309209466,
    -0.04379880428314209,
    -0.0028476647567003965,
    -0.011723955161869526,
    -0.012796664610505104,
    0.000207338307518512,
    0.009112625382840633,
    0.04552987217903137,
    0.02619512937963009,
    0.076209656894207,
    0.03095051273703575,
    0.017888840287923813,
    0.07159479707479477,
    -0.022309860214591026,
    -0.04033989459276199,
    0.039564669132232666,
    -0.07628078013658524,
    -0.05004500970244408,
    0.0015279075596481562,
    0.021831754595041275,
    -0.006838317960500717,
    0.0728965625166893,
    -0.09166587889194489,
    0.03724945709109306,
    -0.04231082275509834,
    0.0686635971069336,
    0.06678638607263565,
    -0.001695126062259078,
    0.0037525957450270653,
    0.051247116178274155,
    -0.006240937393158674,
    0.013638518750667572,
    -0.028286200016736984,
    -0.03811098262667656,
    0.050107549875974655,
    -0.05594651773571968,
    0.05560500919818878,
    -0.030450420454144478,
    0.08354964852333069,
    0.019096432253718376,
    0.002465709811076522,
    -0.05666226148605347,
    -0.04348050057888031,
    -0.030337991192936897,
    -0.02329743653535843,
    0.03346651792526245,
    -0.04641132056713104,
    -0.03251213952898979,
    0.062382254749536514,
    0.014093738980591297,
    0.01959219202399254,
    -0.06199922040104866,
    -0.037748221307992935,
    -0.008231901563704014,
    -0.0032088570296764374,
    0.07380581647157669,
    0.009167896583676338,
    -0.046385977417230606,
    0.010242014192044735,
    0.0262736976146698,
    0.04596502706408501,
    -0.03261100873351097,
    -0.016604706645011902,
    0.05935399979352951,
    -0.020123710855841637,
    0.029905715957283974,
    -0.00015286404232028872,
    -0.012195033021271229,
    0.02214975468814373,
    0.02240222506225109,
    0.1307060718536377,
    0.10043235123157501,
    -1.875627749316467e-32,
    0.018418321385979652,
    -0.07495617866516113,
    -0.045171331614255905,
    0.015482727438211441,
    0.04899868741631508,
    -0.016112012788653374,
    -0.03200073912739754,
    -0.054000187665224075,
    -0.012764271348714828,
    0.00203653983771801,
    0.026130734011530876,
    -0.05638091266155243,
    -0.08650442212820053,
    -0.023477189242839813,
    0.005423592869192362,
    -0.09256185591220856,
    -0.043689992278814316,
    -0.05648050457239151,
    -0.011996153742074966,
    0.11211203783750534,
    -0.004484858363866806,
    -0.04199010878801346,
    0.000792590668424964,
    0.09316849708557129,
    0.022627094760537148,
    0.03822913393378258,
    -0.022283149883151054,
    0.008287014439702034,
    0.024975931271910667,
    -0.011068378575146198,
    -0.01675831526517868,
    -0.023555129766464233,
    -0.052528396248817444,
    0.06512649357318878,
    -0.05811281502246857,
    -0.2064979523420334,
    0.036431167274713516,
    -0.044875480234622955,
    -0.030573632568120956,
    -0.08202676475048065,
    0.10498690605163574,
    0.013810337521135807,
    0.032802727073431015,
    0.028711095452308655,
    0.07064348459243774,
    -0.08085822314023972,
    0.06712235510349274,
    -0.08073398470878601,
    0.015143676660954952,
    -0.03177722543478012,
    0.023817354813218117,
    -0.029402829706668854,
    0.021533522754907608,
    0.008315064944326878,
    -0.016994744539260864,
    0.04203684628009796,
    0.016628995537757874,
    -0.03535067290067673,
    -0.0005948135512880981,
    -0.020940512418746948,
    0.09661491215229034,
    0.0692196786403656,
    0.03093235194683075,
    0.08627567440271378,
    0.05100492760539055,
    -0.0027260049246251583,
    0.00997136253863573,
    0.0012656786711886525,
    -0.06979453563690186,
    -0.07121104001998901,
    -0.052254680544137955,
    -0.06318505108356476,
    -0.0569489449262619,
    -0.08535299450159073,
    0.06741707772016525,
    -0.04790811613202095,
    -0.03700049966573715,
    -0.1798381209373474,
    -0.08130370825529099,
    -0.014421474188566208,
    0.014297766610980034,
    -0.00016803106700535864,
    -0.08301984518766403,
    0.10449211299419403,
    -0.03206150606274605,
    0.01969478465616703,
    0.004037574399262667,
    -0.00136635173112154,
    0.06340128928422928,
    0.06440693885087967,
    -0.03797818720340729,
    -0.0040054586715996265,
    -0.059444911777973175,
    0.037427447736263275,
    -0.04421372711658478,
    -5.2946180773005835e-08,
    -0.05751403421163559,
    0.06179014593362808,
    -0.02349921688437462,
    -0.08640345931053162,
    0.017966624349355698,
    -0.05823499336838722,
    0.0011002682149410248,
    -0.006210026331245899,
    0.009055066853761673,
    -0.02819046750664711,
    0.011647196486592293,
    0.03511738404631615,
    -0.018762584775686264,
    0.006631629075855017,
    0.04438742250204086,
    -0.026524480432271957,
    -0.04147542640566826,
    -0.04866756871342659,
    -0.044451020658016205,
    0.042035914957523346,
    -0.07175315916538239,
    -0.022140096873044968,
    -0.005269546993076801,
    -0.029049839824438095,
    0.008987927809357643,
    -0.017206354066729546,
    -0.05110398679971695,
    0.1332145631313324,
    0.08304548263549805,
    0.06128988787531853,
    0.009532448835670948,
    0.0423172228038311,
    0.013211301527917385,
    -0.05110809952020645,
    -0.053624123334884644,
    -0.0327361635863781,
    0.034604087471961975,
    -0.015499516390264034,
    0.019201969727873802,
    -0.02531353197991848,
    -0.009912000969052315,
    0.06530704349279404,
    0.019387392327189445,
    0.0838259607553482,
    0.0502852126955986,
    -0.03783924877643585,
    -0.026564201340079308,
    0.014740418642759323,
    0.012768306769430637,
    -0.04516011103987694,
    -0.04249049723148346,
    -0.02476639300584793,
    0.06122162938117981,
    -0.010571240447461605,
    -0.04835374653339386,
    -0.02905106358230114,
    0.025740917772054672,
    0.049074091017246246,
    -0.04061735421419144,
    -0.021943349391222,
    0.0794888585805893,
    -0.038311317563056946,
    0.054056618362665176,
    -0.030798401683568954
]