[
    -0.05531558021903038,
    0.07930991053581238,
    -0.006315484177321196,
    0.006062084808945656,
    -0.005200665444135666,
    0.06380387395620346,
    -0.05133046582341194,
    -0.04085730388760567,
    0.016244038939476013,
    -0.0032312239054590464,
    0.047023918479681015,
    -0.0077879829332232475,
    -0.016593877226114273,
    -0.0653328150510788,
    0.07606271654367447,
    -0.009680758230388165,
    0.0819866806268692,
    0.03360593691468239,
    -0.08530304580926895,
    0.04623456299304962,
    0.0719524547457695,
    0.06835788488388062,
    -0.03355109691619873,
    -0.03894668444991112,
    -0.04483124241232872,
    0.0406477116048336,
    -0.03107321821153164,
    -0.09328026324510574,
    0.022460561245679855,
    -0.014684855006635189,
    0.0825401097536087,
    0.02698083035647869,
    0.03565679118037224,
    0.01869956962764263,
    -0.010907717049121857,
    -0.033678509294986725,
    0.003816413227468729,
    0.04444301128387451,
    -0.008439674973487854,
    0.0040725297294557095,
    -0.06433000415563583,
    -0.025644080713391304,
    -0.04048367217183113,
    0.0026835689786821604,
    0.008226252160966396,
    -0.027921093627810478,
    -0.09180663526058197,
    -0.018677981570363045,
    0.014626759104430676,
    0.014677396975457668,
    -0.06205911934375763,
    -0.04732181131839752,
    -0.020559513941407204,
    0.15298280119895935,
    -0.01099114678800106,
    -0.061294883489608765,
    -0.06819382309913635,
    -0.05967668071389198,
    -0.08025550097227097,
    0.022400787100195885,
    -0.004055079072713852,
    -0.008897497318685055,
    -0.004188168793916702,
    0.02503969520330429,
    -0.05309704318642616,
    0.046232182532548904,
    0.006259201094508171,
    -0.05247347056865692,
    0.048387765884399414,
    -0.02317267842590809,
    -0.0795518159866333,
    0.026402465999126434,
    -0.02458234876394272,
    0.0726618841290474,
    0.027551347389817238,
    -0.01525042112916708,
    -0.003025471931323409,
    0.016441015526652336,
    0.09442687779664993,
    -0.14081884920597076,
    -0.07319073379039764,
    0.02800137735903263,
    0.014062004163861275,
    0.006279678083956242,
    -0.06603097170591354,
    0.008776583708822727,
    -0.000803013623226434,
    0.010676502250134945,
    -0.012735968455672264,
    -0.03911931440234184,
    0.03979964926838875,
    -0.041612397879362106,
    0.06052606552839279,
    -0.037778325378894806,
    0.1146550178527832,
    -0.09479863196611404,
    -0.019097041338682175,
    -0.1024479940533638,
    0.0010045403614640236,
    -0.031110839918255806,
    0.011253222823143005,
    -0.006952022667974234,
    0.030074911192059517,
    0.06643423438072205,
    -0.024373428896069527,
    -0.047293562442064285,
    0.018860802054405212,
    -0.0068569546565413475,
    0.0021973836701363325,
    0.13688042759895325,
    0.01738727279007435,
    0.021117521449923515,
    -0.005835525691509247,
    -0.10157264024019241,
    0.011728220619261265,
    -0.015618118457496166,
    0.0329655185341835,
    0.04459741339087486,
    0.018418285995721817,
    -0.030966995283961296,
    -0.08713395893573761,
    -0.0003398743865545839,
    -0.05319850891828537,
    -0.06764822453260422,
    -0.02155199460685253,
    -0.015001832507550716,
    -0.09648071974515915,
    1.640555327774903e-32,
    -0.031166112050414085,
    -0.008862211368978024,
    -0.0396895669400692,
    0.05837026238441467,
    0.0595611147582531,
    0.07199827581644058,
    0.04591839760541916,
    -0.06259413063526154,
    -0.05714520066976547,
    0.06802766025066376,
    0.001498074852861464,
    0.0014630462974309921,
    -0.0017729282844811678,
    -0.05288099870085716,
    -0.005140743684023619,
    0.017333218827843666,
    -0.0013944224920123816,
    0.08669248223304749,
    0.02606482431292534,
    0.0838782787322998,
    0.00960555486381054,
    0.005621685646474361,
    -0.02889454923570156,
    -0.00511471601203084,
    -0.02184208482503891,
    -0.009126910008490086,
    0.023915622383356094,
    -0.018045172095298767,
    -0.010865597054362297,
    -0.015443864278495312,
    -0.04628068953752518,
    -0.006019802298396826,
    0.022130846977233887,
    -0.0658516213297844,
    0.03634953498840332,
    0.06425970047712326,
    0.07481276988983154,
    -0.03235936164855957,
    0.013648094609379768,
    -0.08925040066242218,
    -0.05172887444496155,
    -0.008187675848603249,
    0.03164096549153328,
    0.07572333514690399,
    0.037738315761089325,
    0.01607624813914299,
    -0.01989607885479927,
    -0.05408835783600807,
    -0.00019145857368130237,
    0.03394079953432083,
    -0.058183468878269196,
    0.030383868142962456,
    -0.05802261829376221,
    -0.07528454810380936,
    -0.04436039924621582,
    0.02858482487499714,
    -0.09902156889438629,
    -0.00968199223279953,
    -0.05143098533153534,
    0.022297009825706482,
    0.0015105189522728324,
    -0.030861113220453262,
    -0.03433936461806297,
    -0.08521199226379395,
    -0.024499328806996346,
    -0.0688096433877945,
    0.04497388377785683,
    -0.05963219702243805,
    0.06444700062274933,
    -0.0319783054292202,
    -0.04649484530091286,
    0.06753204762935638,
    -0.001956295222043991,
    0.00471756886690855,
    0.03578700125217438,
    0.010661877691745758,
    0.053363725543022156,
    -0.03900405019521713,
    0.04671265557408333,
    -0.032244887202978134,
    -0.047526247799396515,
    -0.01276365201920271,
    0.028694074600934982,
    0.05793629214167595,
    -0.039306920021772385,
    -0.05041908472776413,
    0.0011208404321223497,
    0.08105766773223877,
    -0.07226195186376572,
    -0.04679657518863678,
    -0.03683369979262352,
    0.004722651094198227,
    0.031959716230630875,
    0.03497178107500076,
    0.04219723120331764,
    -1.7729809377403755e-32,
    -0.012673120945692062,
    -0.08961064368486404,
    -0.03142757713794708,
    -0.01263691671192646,
    0.053054530173540115,
    -0.04418601095676422,
    -0.004463060759007931,
    -0.06385962665081024,
    0.060471344739198685,
    -0.031436093151569366,
    0.0031972499564290047,
    -0.03466436266899109,
    -0.0267945509403944,
    -0.016445651650428772,
    -0.04791991785168648,
    0.028318921104073524,
    -0.08654755353927612,
    -0.01419351901859045,
    0.004997130949050188,
    0.09818965196609497,
    -0.034279853105545044,
    0.03352230787277222,
    -0.06461788713932037,
    0.1419866532087326,
    0.07679151743650436,
    0.04365157708525658,
    -0.04745778813958168,
    0.007393670734018087,
    0.07230587303638458,
    0.0009725035051815212,
    -0.0053442297503352165,
    -0.09888918697834015,
    -0.006255356594920158,
    0.042910002171993256,
    -0.07938258349895477,
    -0.15890246629714966,
    0.019185980781912804,
    -0.005706022027879953,
    -0.03743050619959831,
    -0.031834617257118225,
    0.12046691030263901,
    0.015872381627559662,
    0.03460143133997917,
    0.05642685666680336,
    -0.02599627897143364,
    -0.03512551635503769,
    0.06696678698062897,
    0.023691479116678238,
    -0.06907571852207184,
    0.03916991129517555,
    0.021124623715877533,
    -0.03756192699074745,
    0.00991085171699524,
    0.03175996243953705,
    -0.03537096828222275,
    0.04968167841434479,
    0.028804153203964233,
    0.002794422907754779,
    -0.051502376794815063,
    -0.007526895496994257,
    0.10784952342510223,
    0.04739488288760185,
    -0.11375013738870621,
    0.015590004622936249,
    -0.010938738472759724,
    -0.07087786495685577,
    -0.08458077162504196,
    -0.06732041388750076,
    -0.02854672260582447,
    -0.01988295465707779,
    -0.05215051770210266,
    -0.08017535507678986,
    0.006410651840269566,
    -0.10913607478141785,
    0.12521465122699738,
    -0.06349475681781769,
    0.01614653505384922,
    -0.03353409469127655,
    -0.0969507023692131,
    0.04089212045073509,
    0.08749882876873016,
    0.011244485154747963,
    -0.051855478435754776,
    0.019289107993245125,
    -0.010170810855925083,
    0.006393504794687033,
    0.10579483211040497,
    -0.07672486454248428,
    0.002859789412468672,
    0.06812381744384766,
    -0.027783095836639404,
    -0.007272534072399139,
    -0.07879235595464706,
    0.016572367399930954,
    -0.07937821000814438,
    -4.937615827316222e-08,
    0.043003279715776443,
    0.03394675999879837,
    -0.02745232917368412,
    -0.037772614508867264,
    0.017992759123444557,
    -0.04076511412858963,
    -0.019678829237818718,
    -0.026768481358885765,
    -0.03025212697684765,
    -0.0024012469220906496,
    0.03804299235343933,
    0.07054152339696884,
    -0.022475915029644966,
    -0.06372055411338806,
    0.07152589410543442,
    -0.06352642178535461,
    -0.0684070810675621,
    -0.06279532611370087,
    -0.010158377699553967,
    0.04308990761637688,
    -0.054995596408843994,
    0.00519061554223299,
    -0.06301282346248627,
    0.09331923723220825,
    -0.028889644891023636,
    2.473358836141415e-05,
    0.031734649091959,
    -0.033859733492136,
    0.03535902872681618,
    0.08612825721502304,
    0.02157772146165371,
    0.02542158216238022,
    0.04922696202993393,
    0.008773730136454105,
    -0.05801939591765404,
    -0.06255386769771576,
    -0.015054522082209587,
    0.00177966698538512,
    0.03615311533212662,
    -0.009686971083283424,
    0.02548959292471409,
    0.025013046339154243,
    0.030485577881336212,
    0.041894204914569855,
    0.00781594030559063,
    0.008096031844615936,
    -0.01582445576786995,
    -0.01818591170012951,
    0.01903069205582142,
    -0.02515014261007309,
    -0.059829071164131165,
    -0.05931451544165611,
    0.10306410491466522,
    -0.04284604266285896,
    0.002732491586357355,
    0.09949129819869995,
    0.005664017051458359,
    0.052388738840818405,
    -0.03685460612177849,
    0.006109612062573433,
    0.15672101080417633,
    0.057324301451444626,
    0.08772009611129761,
    0.033687397837638855
]