[
    -0.05538306385278702,
    0.0725773349404335,
    0.006248916499316692,
    -0.02632683515548706,
    -0.05035146325826645,
    0.02550608105957508,
    -0.012308876030147076,
    -0.053617339581251144,
    0.02258463203907013,
    -0.0011691413819789886,
    0.000761851784773171,
    -0.010681083425879478,
    0.01651846058666706,
    -0.0371345616877079,
    0.06969417631626129,
    0.002627930836752057,
    0.07258807867765427,
    0.01679098606109619,
    -0.11367515474557877,
    0.09783574938774109,
    0.029148513451218605,
    0.07410787791013718,
    -0.06562099605798721,
    0.025620633736252785,
    -0.10351672023534775,
    0.01091515738517046,
    -0.027344871312379837,
    -0.06708069145679474,
    0.019664878025650978,
    -0.07562096416950226,
    0.06849534064531326,
    -0.01540033333003521,
    0.025042790919542313,
    0.05257720872759819,
    -0.013547154143452644,
    -0.07146939635276794,
    -0.005332385189831257,
    0.009081087075173855,
    -0.012002618052065372,
    -0.002085895510390401,
    -0.059603676199913025,
    -0.0366753488779068,
    -0.07435297220945358,
    0.040862247347831726,
    0.03119105100631714,
    0.021895064041018486,
    -0.07651498168706894,
    -0.0020607151091098785,
    -0.005248984321951866,
    0.0702178105711937,
    -0.03452381491661072,
    -0.038200803101062775,
    -0.0480821430683136,
    0.06216970086097717,
    -0.05538948252797127,
    -0.03089543618261814,
    -0.03847895562648773,
    0.004874291829764843,
    -0.07658935338258743,
    -0.002982374746352434,
    0.002614158671349287,
    -0.010569097474217415,
    -0.007208310067653656,
    0.0646117702126503,
    -0.08003675937652588,
    0.05168386548757553,
    0.0020270191598683596,
    -0.054245032370090485,
    0.026820627972483635,
    0.01780363917350769,
    -0.09543448686599731,
    -0.009471333585679531,
    -0.015714319422841072,
    0.04638199508190155,
    0.003709098557010293,
    -0.018520770594477654,
    -0.03283507749438286,
    -0.0021578718442469835,
    0.09043683111667633,
    -0.14567340910434723,
    -0.05575389787554741,
    0.04538216069340706,
    0.021151157096028328,
    0.013211419805884361,
    -0.010862811468541622,
    -0.0471075139939785,
    -0.04503653198480606,
    0.033422909677028656,
    0.027426734566688538,
    -0.02935231663286686,
    0.05707065761089325,
    -0.019813241437077522,
    0.05591576546430588,
    -0.08606038987636566,
    0.1148005947470665,
    -0.06305144727230072,
    -0.0028265442233532667,
    -0.088221974670887,
    -0.007318158634006977,
    -0.0019211447797715664,
    -0.013409154489636421,
    -0.045048557221889496,
    -0.025779705494642258,
    -0.011552473530173302,
    0.012151621282100677,
    -0.055663421750068665,
    0.0026766713708639145,
    -0.0020396835170686245,
    0.022418947890400887,
    0.0922192931175232,
    0.041403982788324356,
    0.022056257352232933,
    -0.008890781551599503,
    -0.10731101781129837,
    0.02985713630914688,
    0.03907572850584984,
    -0.017540598288178444,
    0.06489211320877075,
    0.05146478861570358,
    -0.003228565212339163,
    -0.0707448199391365,
    -0.03732079267501831,
    0.010816618800163269,
    -0.09524358808994293,
    0.003186739981174469,
    0.04324067384004593,
    -0.04111660271883011,
    2.0915255070074178e-32,
    -0.03635313734412193,
    -0.020142994821071625,
    -0.061461787670850754,
    0.05626805126667023,
    0.04354291781783104,
    -0.01882356032729149,
    0.009273537434637547,
    -0.03771250694990158,
    -0.0839008092880249,
    0.003929788712412119,
    -0.0058057582937181,
    -0.006152165587991476,
    0.0049160197377204895,
    -0.02647378295660019,
    0.013234508223831654,
    0.002177468966692686,
    0.017704501748085022,
    0.07151976972818375,
    0.008389517664909363,
    0.048875678330659866,
    0.05249173194169998,
    -0.022692592814564705,
    0.043734122067689896,
    0.006869050208479166,
    -0.04333553835749626,
    0.009755484759807587,
    0.007542881183326244,
    -0.02989499643445015,
    0.03412149101495743,
    0.0010162544203922153,
    0.015089799650013447,
    0.014855844900012016,
    0.01263092365115881,
    -0.08443749696016312,
    0.04067441448569298,
    0.08846353739500046,
    0.01635834388434887,
    -0.046547435224056244,
    0.0751270055770874,
    -0.057835694402456284,
    -0.003434716956689954,
    -0.018764594569802284,
    0.012360887601971626,
    0.011167816817760468,
    0.00044180022086948156,
    -0.01536320149898529,
    0.01214201096445322,
    -0.033190466463565826,
    0.027725035324692726,
    0.02144661732017994,
    -0.04343803972005844,
    0.010188453830778599,
    -0.04771948978304863,
    -0.035705313086509705,
    -0.01224754098802805,
    -0.05292784050107002,
    -0.10968014597892761,
    0.06185229495167732,
    -0.04281368479132652,
    0.02882663533091545,
    0.014114933088421822,
    0.0675806924700737,
    0.008768756873905659,
    -0.004164150450378656,
    -0.005408503580838442,
    -0.05066854506731033,
    -0.02042713575065136,
    -0.056624315679073334,
    0.05542215704917908,
    -0.03488199785351753,
    -0.05029907077550888,
    0.03152540698647499,
    0.006781159900128841,
    0.00497315963730216,
    -0.016467148438096046,
    -0.02550184540450573,
    0.0576988086104393,
    -0.027527274563908577,
    0.04815082252025604,
    0.004387503955513239,
    -0.05444616824388504,
    -0.017334233969449997,
    0.022152548655867577,
    0.07933644950389862,
    -0.021812679246068,
    -0.06866588443517685,
    0.02732253447175026,
    0.07800155878067017,
    -0.0962316244840622,
    -0.08663934469223022,
    0.0096044996753335,
    0.01549585536122322,
    0.05378037318587303,
    0.007895434275269508,
    -0.0013283906737342477,
    -2.1507852629050402e-32,
    -0.0027913565281778574,
    -0.06981800496578217,
    -1.1686808647937141e-05,
    0.011643975973129272,
    0.034475333988666534,
    -0.0126477787271142,
    -0.035247281193733215,
    -0.07809436321258545,
    0.037430357187986374,
    -0.03626660630106926,
    0.043974075466394424,
    -0.028164595365524292,
    0.004125313367694616,
    -0.004821344278752804,
    -0.048372793942689896,
    -0.007621095050126314,
    -0.12590593099594116,
    -0.03714080527424812,
    -0.0023524556308984756,
    0.09300404042005539,
    -0.012407935224473476,
    -0.005315288435667753,
    0.0018322328105568886,
    0.13020239770412445,
    0.052822817116975784,
    0.07190132141113281,
    -0.046279989182949066,
    0.022407468408346176,
    0.1435457020998001,
    -0.025536086410284042,
    -0.058633457869291306,
    -0.07002289593219757,
    -0.04815707728266716,
    0.0040648141875863075,
    -0.0750473141670227,
    -0.18062427639961243,
    0.04755241423845291,
    0.02024577371776104,
    -0.068270243704319,
    -0.0187761802226305,
    0.10487764328718185,
    -0.006780956406146288,
    -0.008215687237679958,
    0.014162195846438408,
    -0.021310297772288322,
    -0.0551324337720871,
    0.06654034554958344,
    -0.031895700842142105,
    -0.027820903807878494,
    -0.0064735980704426765,
    0.06012467294931412,
    -0.033141233026981354,
    0.02490597777068615,
    0.06253910064697266,
    -0.05838622897863388,
    0.0069876560010015965,
    0.019704623147845268,
    -0.013111995533108711,
    0.0032635603565722704,
    -0.012444663792848587,
    0.05033855140209198,
    0.06021849811077118,
    -0.04726973921060562,
    0.07094776630401611,
    0.03506194427609444,
    -0.057596392929553986,
    -0.05004722625017166,
    -0.021592900156974792,
    -0.021218271926045418,
    -0.057812489569187164,
    -0.03430947661399841,
    -0.1257075071334839,
    -0.021603435277938843,
    -0.07303021103143692,
    0.1747896820306778,
    -0.04096556454896927,
    -0.009391246363520622,
    -0.10083109885454178,
    -0.118803471326828,
    -0.018936539068818092,
    0.07283920794725418,
    -0.008620776236057281,
    -0.053654853254556656,
    0.09277602285146713,
    -0.0033905936870723963,
    0.02768711745738983,
    0.04600874334573746,
    -0.04071342572569847,
    0.010855015367269516,
    0.12038373202085495,
    -0.02278083749115467,
    -0.0031929630786180496,
    -0.0885850042104721,
    0.0715087279677391,
    -0.06953659653663635,
    -6.356978587973572e-08,
    -0.03173982352018356,
    0.018033619970083237,
    0.039973702281713486,
    -0.049721524119377136,
    0.01729099452495575,
    -0.02101553976535797,
    -0.04530349001288414,
    -0.011132223531603813,
    -0.04501112177968025,
    -0.07478243112564087,
    0.0767657533288002,
    0.06752394139766693,
    -0.007100813090801239,
    -0.05818282067775726,
    0.02750946395099163,
    -0.002616194309666753,
    -0.10723788291215897,
    -0.043465033173561096,
    -0.026384204626083374,
    0.0020471010357141495,
    -0.11773261427879333,
    -0.09119140356779099,
    -0.04138082638382912,
    0.009261732921004295,
    0.031042108312249184,
    0.05133143439888954,
    -0.07180105894804001,
    0.06358545273542404,
    0.03085700422525406,
    0.04679083451628685,
    0.013893019407987595,
    0.0020725324284285307,
    0.06782547384500504,
    0.008733094669878483,
    -0.05427779629826546,
    -0.05219866335391998,
    0.0045977807603776455,
    -0.02809256874024868,
    0.03008432500064373,
    -0.0483158603310585,
    0.003890722757205367,
    0.06681457906961441,
    0.03138178959488869,
    0.07197514921426773,
    -0.010659853927791119,
    -0.0347212478518486,
    0.014477962628006935,
    0.007667836733162403,
    -0.0017820007633417845,
    -0.06942974030971527,
    -0.009447879157960415,
    -0.03360862284898758,
    0.1105884462594986,
    0.027154607698321342,
    -0.02159837633371353,
    0.10624497383832932,
    0.019096963107585907,
    0.032749563455581665,
    0.012440313585102558,
    -0.01121558528393507,
    0.15631714463233948,
    0.067451611161232,
    0.04632141813635826,
    -0.035754114389419556
]