[
    -0.061995118856430054,
    0.08126917481422424,
    -0.027683578431606293,
    -0.049594927579164505,
    -0.04036382585763931,
    0.0610603466629982,
    -0.04880362004041672,
    -0.0474957711994648,
    0.03676975890994072,
    0.018820052966475487,
    0.013984601013362408,
    -0.029551655054092407,
    0.019975446164608,
    -0.06432657688856125,
    0.09186738729476929,
    -0.022572239860892296,
    0.02931816130876541,
    0.03745928406715393,
    -0.08321233093738556,
    0.07809334248304367,
    0.042708199471235275,
    0.09345439821481705,
    -0.024929631501436234,
    -0.0043487842194736,
    -0.1363479048013687,
    0.006768529303371906,
    -0.018465589731931686,
    -0.06953493505716324,
    0.0277415681630373,
    -0.05025569349527359,
    0.06663960963487625,
    -0.007947763428092003,
    0.023118169978260994,
    0.09062886238098145,
    -0.014091444201767445,
    -0.014898214489221573,
    -0.027175195515155792,
    0.007761725690215826,
    -0.01853790692985058,
    0.03869399428367615,
    -0.04307705909013748,
    -0.055699437856674194,
    -0.052536897361278534,
    0.014500263147056103,
    0.02142910100519657,
    -0.000696097849868238,
    -0.06320695579051971,
    0.005811614915728569,
    0.004946857690811157,
    0.027331529185175896,
    -0.07089429348707199,
    -0.04253446310758591,
    -0.032377082854509354,
    0.09198787063360214,
    -0.07270292192697525,
    -0.04992194473743439,
    -0.042640749365091324,
    -0.0025337212719023228,
    -0.06774117797613144,
    -0.006411085370928049,
    -0.005720611196011305,
    0.032038889825344086,
    0.022942090407013893,
    0.0763193890452385,
    -0.05075054615736008,
    0.05283206328749657,
    -0.023375824093818665,
    -0.0028187166899442673,
    0.025582807138562202,
    0.036974720656871796,
    -0.08602602779865265,
    -0.003232925897464156,
    0.0015418860130012035,
    0.05892573669552803,
    -0.03300756588578224,
    -0.00587607454508543,
    -0.02387017197906971,
    -0.009757006540894508,
    0.07302930951118469,
    -0.11477921903133392,
    -0.0454905666410923,
    -0.0173744298517704,
    -0.015315537340939045,
    0.03389258310198784,
    -0.018031863495707512,
    -0.011195116676390171,
    0.007283801678568125,
    -0.015070508234202862,
    -0.04619639366865158,
    -0.07664928585290909,
    0.07350708544254303,
    -0.06131739541888237,
    0.09876923263072968,
    -0.056556254625320435,
    0.08653930574655533,
    -0.05761399865150452,
    0.016996627673506737,
    -0.05372118577361107,
    0.03646480664610863,
    -0.006776698864996433,
    -0.017802447080612183,
    0.005271013826131821,
    -0.005909402389079332,
    -0.021302729845046997,
    -0.052091386169195175,
    -0.08962872624397278,
    0.0181584432721138,
    -0.005840936675667763,
    -0.008543171919882298,
    0.07515482604503632,
    0.06638945639133453,
    0.04365605115890503,
    -0.04952729120850563,
    -0.13520865142345428,
    0.06107642874121666,
    -0.007577084004878998,
    -0.022870223969221115,
    0.07491409778594971,
    0.0231096763163805,
    -0.01212263572961092,
    -0.0687967836856842,
    -0.03502614051103592,
    -0.03358450531959534,
    -0.09052955359220505,
    -0.005129656288772821,
    0.01632552221417427,
    -0.07101321220397949,
    1.9392252263054175e-32,
    -0.01704986020922661,
    0.0016030669212341309,
    -0.08154057711362839,
    0.03566000983119011,
    0.036891452968120575,
    -0.01311509869992733,
    -0.0018952066311612725,
    -0.025668693706393242,
    -0.016205010935664177,
    0.08774120360612869,
    0.012194338254630566,
    0.005713877268135548,
    -0.00618765689432621,
    -0.033043358474969864,
    -0.03236984461545944,
    0.05224090442061424,
    -0.004536558873951435,
    0.06849230825901031,
    -0.010784793645143509,
    0.06049574166536331,
    0.03436368703842163,
    -0.0743778645992279,
    0.016350938007235527,
    0.0185068529099226,
    -0.02353142388164997,
    0.03384346887469292,
    0.0101531483232975,
    -0.0428280346095562,
    0.008796937763690948,
    0.011015181429684162,
    0.011124606244266033,
    0.018710095435380936,
    0.022861139848828316,
    -0.04060634598135948,
    0.07170000672340393,
    0.11204320192337036,
    0.028298072516918182,
    -0.04572043567895889,
    0.07869817316532135,
    -0.04820113256573677,
    -0.01658954657614231,
    -0.01989010162651539,
    0.07289482653141022,
    0.0013816056307405233,
    0.04739062860608101,
    0.01647196151316166,
    -0.010214385576546192,
    -0.011396904475986958,
    0.00850628037005663,
    0.03190676122903824,
    -0.02262204699218273,
    0.007165330927819014,
    -0.03820914402604103,
    -0.05036948248744011,
    0.014725313521921635,
    0.0002183423493988812,
    -0.08524718135595322,
    0.019526075571775436,
    -0.03936225175857544,
    0.077603779733181,
    -0.03412359952926636,
    0.0471840500831604,
    0.01758756674826145,
    -0.035772453993558884,
    -0.013192337937653065,
    -0.07142208516597748,
    -0.019586758688092232,
    -0.07820313423871994,
    0.05712820962071419,
    -0.027894476428627968,
    -0.018558308482170105,
    0.07192260771989822,
    -0.007343554403632879,
    0.03504103049635887,
    0.005048633553087711,
    -0.03264131397008896,
    0.05180593207478523,
    -0.01722930371761322,
    0.05598686635494232,
    -0.0046017891727387905,
    -0.08126489818096161,
    -0.005819601006805897,
    0.00803724117577076,
    0.09507297724485397,
    -0.002050085924565792,
    -0.040063679218292236,
    0.041866738349199295,
    0.04215278849005699,
    -0.11016783118247986,
    -0.06311574578285217,
    0.012197133153676987,
    0.01400833111256361,
    0.014001077972352505,
    -0.010643216781318188,
    0.02697857655584812,
    -1.998614727392012e-32,
    -0.018926279619336128,
    -0.07179044932126999,
    -0.05942760407924652,
    -0.00720038078725338,
    0.043507594615221024,
    -0.030507316812872887,
    -0.022468164563179016,
    -0.058969445526599884,
    0.03865997493267059,
    0.032294873148202896,
    0.034525856375694275,
    -0.02450082078576088,
    -0.021763743832707405,
    -0.029830431565642357,
    -0.045108359307050705,
    0.007389478385448456,
    -0.07359010726213455,
    -0.047306790947914124,
    -0.023304982110857964,
    0.09453481435775757,
    -0.01508722361177206,
    -0.034067895263433456,
    0.0122451763600111,
    0.15799982845783234,
    0.08183170855045319,
    0.055209461599588394,
    -0.0253821462392807,
    -0.0022294276859611273,
    0.10781408101320267,
    -0.028048481792211533,
    -0.026151061058044434,
    -0.056958869099617004,
    -0.06199599429965019,
    0.004464111290872097,
    -0.11247727274894714,
    -0.17379668354988098,
    0.08468027412891388,
    -0.026373229920864105,
    -0.045019712299108505,
    -0.031233659014105797,
    0.08823884278535843,
    0.006400792859494686,
    -0.031476326286792755,
    0.03373773396015167,
    -0.016786323860287666,
    -0.06844773888587952,
    0.061479274183511734,
    0.007906961254775524,
    -0.0024425850715488195,
    -0.0005490156472660601,
    0.04879952222108841,
    -0.036087214946746826,
    -0.002454964444041252,
    0.024682698771357536,
    -0.06460092961788177,
    0.04323822259902954,
    -0.03627369925379753,
    -0.03817249462008476,
    -0.02817785181105137,
    -0.02025490812957287,
    0.07889698445796967,
    0.09333842992782593,
    -0.07613328099250793,
    0.07471317797899246,
    0.0435466505587101,
    -0.07376495748758316,
    -0.019958678632974625,
    -0.04002133756875992,
    -0.05788148194551468,
    -0.06954476982355118,
    -0.061982713639736176,
    -0.1260983943939209,
    -0.039262525737285614,
    -0.11364968866109848,
    0.08939225226640701,
    -0.04780448228120804,
    -0.039119500666856766,
    -0.09815369546413422,
    -0.06353126466274261,
    0.006162400357425213,
    0.0896853655576706,
    -0.012928075157105923,
    -0.07338324934244156,
    0.07176746428012848,
    0.019687093794345856,
    0.04079907014966011,
    0.0831960141658783,
    -0.04547056183218956,
    -0.016142815351486206,
    0.09758641570806503,
    -0.055578410625457764,
    0.010451051406562328,
    -0.07235310226678848,
    0.06546385586261749,
    -0.08597966283559799,
    -5.5558547984446705e-08,
    -0.03193134814500809,
    0.07311218231916428,
    0.005385704804211855,
    -0.07626745849847794,
    -0.0022419788874685764,
    -0.024755258113145828,
    -0.04521486163139343,
    -0.015231071971356869,
    -0.03228753060102463,
    -0.05746884271502495,
    0.03830369934439659,
    0.06370730698108673,
    -0.029867002740502357,
    0.010219073854386806,
    0.04037174582481384,
    -0.0035217159893363714,
    -0.08070582896471024,
    -0.04954177886247635,
    -0.05542989447712898,
    0.029043374583125114,
    -0.06433793157339096,
    -0.0545758455991745,
    -0.050431277602910995,
    0.02635849453508854,
    0.05354014411568642,
    0.020207040011882782,
    -0.0418025366961956,
    0.017500432208180428,
    0.07638181000947952,
    0.07116150110960007,
    -0.009857888333499432,
    0.029955483973026276,
    0.030160192400217056,
    -0.0077910954132676125,
    -0.059209007769823074,
    -0.04150733724236488,
    0.0650314912199974,
    -0.048344142735004425,
    0.03840770944952965,
    -0.00920887477695942,
    0.02658062055706978,
    0.023733625188469887,
    0.02945650927722454,
    0.08730632066726685,
    0.01890263520181179,
    -0.04376862198114395,
    -0.01594476029276848,
    0.02098081447184086,
    0.009932237677276134,
    -0.06217024102807045,
    -0.04447682574391365,
    -0.05543455481529236,
    0.09317529946565628,
    0.0023161110002547503,
    -0.037391696125268936,
    0.07114718854427338,
    0.04577935114502907,
    0.051923807710409164,
    0.0062693762592971325,
    0.005980321206152439,
    0.1336556077003479,
    0.045299939811229706,
    0.06298565119504929,
    -0.008142510429024696
]