[
    -0.06723184138536453,
    0.07810511440038681,
    -0.04188712313771248,
    -0.04593857750296593,
    -0.05545220524072647,
    0.032983940094709396,
    -0.003738420084118843,
    -0.006068036425858736,
    0.02779482863843441,
    0.025698332116007805,
    0.031935274600982666,
    0.012695892713963985,
    0.036715731024742126,
    0.0012432584771886468,
    0.021876895800232887,
    0.04304666444659233,
    0.04843182489275932,
    -0.0025225207209587097,
    -0.10412565618753433,
    0.07250609993934631,
    0.028155086562037468,
    0.08298303186893463,
    -0.09571532905101776,
    0.03688514977693558,
    -0.10222408920526505,
    -0.03668232634663582,
    -0.0018167472444474697,
    -0.06376871466636658,
    0.0651455894112587,
    -0.01887276954948902,
    0.05827919766306877,
    0.02146151103079319,
    0.015271998010575771,
    0.05016317963600159,
    -0.003310910426080227,
    -0.07653556019067764,
    0.040008243173360825,
    -0.009945371188223362,
    -0.04827975854277611,
    -0.014604100957512856,
    -0.02989223040640354,
    -0.038994234055280685,
    -0.07527702301740646,
    0.05394085869193077,
    0.028197765350341797,
    0.031618233770132065,
    -0.061775337904691696,
    -0.003166769864037633,
    -0.028080442920327187,
    0.08533697575330734,
    -0.06153259426355362,
    -0.058195143938064575,
    -0.030632006004452705,
    0.07631935179233551,
    -0.04912731423974037,
    -0.012890554964542389,
    -0.027305968105793,
    0.022926855832338333,
    -0.06315981596708298,
    -0.009820543229579926,
    0.0318639911711216,
    0.0007419702014885843,
    -0.016105353832244873,
    0.02106843888759613,
    -0.06355515122413635,
    0.046961959451436996,
    0.008173787035048008,
    -0.07949388772249222,
    0.05227651819586754,
    0.01563328690826893,
    -0.08286341279745102,
    -0.041366077959537506,
    -0.04640989750623703,
    0.03564675524830818,
    -0.011582489125430584,
    -0.017190605401992798,
    -0.048739563673734665,
    -0.021526051685214043,
    0.07246691733598709,
    -0.16492784023284912,
    -0.06825225055217743,
    -0.0040749916806817055,
    0.017392439767718315,
    0.02351025864481926,
    0.01505599357187748,
    -0.015408879145979881,
    -0.027470827102661133,
    -0.015386671759188175,
    -0.01118540670722723,
    -0.018417177721858025,
    0.09901054203510284,
    -0.023115789517760277,
    0.11670418828725815,
    -0.06629261374473572,
    0.08877309411764145,
    -0.006561180576682091,
    0.02260352112352848,
    -0.10090087354183197,
    0.0045610754750669,
    0.014804020524024963,
    -0.03200444206595421,
    -0.01576736569404602,
    -0.07573967427015305,
    0.00571904331445694,
    0.043140608817338943,
    -0.03574446588754654,
    -0.015629442408680916,
    -0.04267069697380066,
    0.03493102267384529,
    0.0787382647395134,
    0.03538741171360016,
    0.028148222714662552,
    -0.033180687576532364,
    -0.09262184798717499,
    0.049108222126960754,
    0.07409936189651489,
    -0.03734944388270378,
    0.1001746729016304,
    0.047659702599048615,
    -0.04135860130190849,
    -0.05232471972703934,
    -0.013701777905225754,
    -0.007014172151684761,
    -0.08499859273433685,
    -0.006993050221353769,
    -0.02968679927289486,
    -0.01865532249212265,
    1.7027016569877634e-32,
    -0.05311615392565727,
    -0.010459141805768013,
    -0.061666928231716156,
    0.04946689307689667,
    0.03692249581217766,
    -0.020363176241517067,
    0.010419382713735104,
    -0.04467564821243286,
    -0.02756107971072197,
    -0.00016193557530641556,
    0.0022801088634878397,
    0.04780169203877449,
    0.0034586219117045403,
    -0.059730805456638336,
    0.020132869482040405,
    0.02694406360387802,
    -0.00771138584241271,
    0.1004936471581459,
    0.039011966437101364,
    0.07146651297807693,
    0.052935294806957245,
    -0.058985386043787,
    0.061494532972574234,
    -0.00858260691165924,
    -0.021420728415250778,
    0.02735992521047592,
    0.008066241629421711,
    -0.005940004251897335,
    0.04641883075237274,
    0.0005287601961754262,
    0.04836490750312805,
    0.014470000751316547,
    0.028315791860222816,
    -0.04491432383656502,
    0.031046489253640175,
    0.10417889058589935,
    0.031108200550079346,
    -0.05186958238482475,
    0.06489294022321701,
    -0.07737687975168228,
    -0.04135303944349289,
    -0.009877519682049751,
    0.009518411941826344,
    -0.010029713623225689,
    0.026419593021273613,
    -0.036464937031269073,
    0.008996076881885529,
    -0.0387064591050148,
    0.07022342085838318,
    0.06644479185342789,
    -0.06095784157514572,
    -0.004987630993127823,
    -0.02070796675980091,
    -0.06014095991849899,
    -0.01477647665888071,
    -0.059531718492507935,
    -0.0848204642534256,
    0.06204698234796524,
    -0.06002849340438843,
    -0.0022271480411291122,
    0.05314555764198303,
    0.04198703542351723,
    0.011929317377507687,
    0.019420772790908813,
    -0.04109019786119461,
    -0.05224552005529404,
    -0.04032197594642639,
    -0.08940717577934265,
    0.034979548305273056,
    -0.057438693940639496,
    -0.006912885699421167,
    0.05802774801850319,
    0.01401837170124054,
    -0.024796828627586365,
    -0.07480696588754654,
    -0.048413824290037155,
    0.06449834257364273,
    -0.006146351341158152,
    0.039912961423397064,
    0.007761241402477026,
    -0.004994002170860767,
    -0.037237364798784256,
    0.004695464391261339,
    0.07578961551189423,
    -0.04538809508085251,
    -0.029482897371053696,
    -0.017913175746798515,
    0.052637409418821335,
    -0.07090749591588974,
    -0.0258604995906353,
    -0.00715438649058342,
    0.019540922716259956,
    0.04586988314986229,
    0.06064976006746292,
    0.035093873739242554,
    -1.7212024687017676e-32,
    0.004876248072832823,
    -0.08063556998968124,
    -0.009744633920490742,
    0.037881653755903244,
    0.05946969985961914,
    -0.011560347862541676,
    -0.07715310901403427,
    -0.03678452968597412,
    0.0081865843385458,
    -0.03770921379327774,
    0.04100661352276802,
    -0.04113972187042236,
    -8.871149475453421e-05,
    0.012112398631870747,
    -0.027510222047567368,
    -0.02813646011054516,
    -0.08140627294778824,
    -0.08822952955961227,
    -0.018540088087320328,
    0.08038900047540665,
    -0.021832067519426346,
    0.02209075540304184,
    -0.053453993052244186,
    0.11117549240589142,
    0.05227101966738701,
    0.06269374489784241,
    -0.054782934486866,
    -0.020193539559841156,
    0.07446330040693283,
    -0.05125189572572708,
    -0.03629423677921295,
    -0.05885313078761101,
    -0.0659920945763588,
    0.04748689383268356,
    -0.07635434716939926,
    -0.15733568370342255,
    0.07046254724264145,
    0.013197571039199829,
    -0.035957932472229004,
    -0.028028124943375587,
    0.09497371315956116,
    0.023857763037085533,
    0.011901861056685448,
    -0.030856125056743622,
    -0.014579913578927517,
    -0.04077967628836632,
    0.08216125518083572,
    -0.016944067552685738,
    0.02674826793372631,
    -0.0069268024526536465,
    0.06476890295743942,
    -0.054786354303359985,
    0.04012897238135338,
    0.024861259385943413,
    -0.07741370052099228,
    0.056765832006931305,
    0.01360116433352232,
    -0.0054500219412148,
    0.00590182188898325,
    -0.0010921729262918234,
    0.05563356727361679,
    0.017593398690223694,
    -0.04426432400941849,
    0.09017999470233917,
    -0.02672978863120079,
    -0.03823351860046387,
    -0.020449751988053322,
    0.016961632296442986,
    -0.03401126340031624,
    -0.07108968496322632,
    0.009529631584882736,
    -0.10116348415613174,
    -0.06925763934850693,
    -0.050793830305337906,
    0.1226823627948761,
    -0.06619954854249954,
    0.005088277161121368,
    -0.09652256220579147,
    -0.11859282851219177,
    -0.047433365136384964,
    0.02186686545610428,
    6.254603067645803e-05,
    -0.07304893434047699,
    0.10100256651639938,
    -0.0272861048579216,
    0.018137766048312187,
    0.03226044028997421,
    -0.05140938237309456,
    0.027519220486283302,
    0.07955223321914673,
    -0.043011296540498734,
    0.0170192401856184,
    -0.1034047082066536,
    0.038599640130996704,
    -0.058996330946683884,
    -5.285428983370366e-08,
    -0.030987059697508812,
    0.031933583319187164,
    0.047746770083904266,
    -0.06935834139585495,
    -0.0005562934675253928,
    -0.06628243625164032,
    -0.03223855420947075,
    -0.020864609628915787,
    -0.02322080358862877,
    -0.045726679265499115,
    0.0356958732008934,
    0.03963949531316757,
    -0.03122660331428051,
    -0.07303328067064285,
    0.018629753962159157,
    0.010056937113404274,
    -0.09461469948291779,
    -0.042854730039834976,
    -0.02072194404900074,
    0.029451606795191765,
    -0.07810689508914948,
    -0.06790725141763687,
    0.021135738119482994,
    -0.021991537883877754,
    -0.013827970251441002,
    0.04947313666343689,
    -0.016293928027153015,
    0.13100479543209076,
    0.032961416989564896,
    0.04993551969528198,
    -0.004389716777950525,
    0.07565663754940033,
    0.09625158458948135,
    -0.004229078534990549,
    -0.07226570695638657,
    -0.053625717759132385,
    0.018250033259391785,
    -0.013822227716445923,
    -0.022515231743454933,
    -0.030408307909965515,
    -0.0034883618354797363,
    0.05184992402791977,
    0.020553981885313988,
    0.06924763321876526,
    0.0021517197601497173,
    -0.016400765627622604,
    0.02298564463853836,
    0.007538088131695986,
    -0.011230424977838993,
    -0.04804161190986633,
    -0.040094055235385895,
    -0.025997474789619446,
    0.10592973232269287,
    0.050081152468919754,
    -0.033547814935445786,
    0.11577840894460678,
    0.046433426439762115,
    0.03831970691680908,
    -0.00022776589321438223,
    0.004961230792105198,
    0.15570026636123657,
    0.05827398598194122,
    0.06103379279375076,
    -0.013480575755238533
]