[
    -0.05880359560251236,
    0.0015611324924975634,
    -0.04364725574851036,
    -0.051757991313934326,
    -0.04662187024950981,
    0.05020071938633919,
    -0.009010943584144115,
    -0.04506009817123413,
    0.004563465248793364,
    -0.0064231702126562595,
    -0.007744929753243923,
    -0.03732273727655411,
    0.04746238514780998,
    -0.009488478302955627,
    0.055531542748212814,
    0.010468403808772564,
    0.060935549437999725,
    0.06565412878990173,
    -0.09242077171802521,
    -0.020785067230463028,
    -0.0057571278885006905,
    0.04102964326739311,
    -0.050256337970495224,
    -0.041740525513887405,
    -0.1192304715514183,
    -0.03758285939693451,
    -0.00396566791459918,
    -0.031909357756376266,
    -0.013752133585512638,
    -0.0964493677020073,
    -0.01984296552836895,
    0.016453800722956657,
    0.03304320573806763,
    0.06422890722751617,
    0.016792695969343185,
    0.02485259808599949,
    -0.031142765656113625,
    0.03398975729942322,
    0.029874639585614204,
    0.057913001626729965,
    -0.0867285206913948,
    -0.05018002912402153,
    -0.04380379244685173,
    0.001381324720568955,
    0.006124319043010473,
    -0.01815696433186531,
    -0.07491600513458252,
    -0.07853369414806366,
    0.02565443143248558,
    0.02945856563746929,
    -0.024937015026807785,
    -0.0065217637456953526,
    -0.025259479880332947,
    0.1087440550327301,
    -0.07714657485485077,
    -0.0300555769354105,
    -0.06340425461530685,
    -0.05004666745662689,
    -0.0799834132194519,
    0.016016554087400436,
    -0.017307603731751442,
    0.025487497448921204,
    -0.000236317326198332,
    0.08030584454536438,
    -0.05423745512962341,
    0.04827326536178589,
    -0.07365522533655167,
    7.19395829946734e-05,
    -0.06211569160223007,
    0.021308327093720436,
    -0.09854906052350998,
    -0.024075346067547798,
    -0.04102714732289314,
    0.04550810530781746,
    0.019497770816087723,
    0.029375076293945312,
    -0.0010261315619572997,
    0.0034546912647783756,
    0.10416402667760849,
    -0.16687262058258057,
    -0.029584093019366264,
    0.06378962844610214,
    -0.03816613927483559,
    0.06758686900138855,
    -0.04466706141829491,
    -0.03408905863761902,
    -0.003468909068033099,
    0.007529234979301691,
    -0.01871454156935215,
    -0.023105774074792862,
    0.04876457527279854,
    -0.05805099010467529,
    0.06826990097761154,
    -0.04730526730418205,
    0.05290984734892845,
    -0.04899575561285019,
    -0.032823022454977036,
    -0.04356089606881142,
    0.019867056980729103,
    -0.009784474968910217,
    -0.0404084287583828,
    -0.010024788789451122,
    0.029589585959911346,
    -0.021394997835159302,
    -0.08071467280387878,
    -0.08310060948133469,
    0.033897899091243744,
    0.008813575841486454,
    0.03940257802605629,
    0.038249898701906204,
    0.009792149066925049,
    0.04973805695772171,
    -0.05164386332035065,
    -0.1647607982158661,
    0.007682435214519501,
    -0.015306085348129272,
    -0.0218210406601429,
    0.03432120755314827,
    0.031031114980578423,
    0.004792327526956797,
    -0.012884486466646194,
    0.012328412383794785,
    -0.0308274757117033,
    -0.06573336571455002,
    -0.012018082663416862,
    0.04272054508328438,
    -0.03921227902173996,
    2.548163479189216e-32,
    0.005311506800353527,
    0.00021125779312569648,
    0.0020732684060931206,
    0.04672515392303467,
    0.05744887515902519,
    -0.022340202704072,
    0.031491588801145554,
    -0.029259484261274338,
    -0.0747685432434082,
    0.1118106096982956,
    -0.04822786524891853,
    0.07565656304359436,
    -0.04465141147375107,
    -0.022475749254226685,
    0.0031012468971312046,
    0.03896510228514671,
    -0.004837188869714737,
    0.04982689023017883,
    -0.04299725964665413,
    0.04921979829668999,
    -0.01715720072388649,
    -0.02354436367750168,
    0.024048155173659325,
    0.06215813383460045,
    -0.00347914919257164,
    -0.005437897983938456,
    0.01615050621330738,
    0.01210873294621706,
    0.03387925773859024,
    0.01861603744328022,
    0.03702452406287193,
    0.05438905581831932,
    0.014280715957283974,
    -0.03097640909254551,
    0.03435460478067398,
    0.10064705461263657,
    0.04802633449435234,
    -0.04926524683833122,
    0.08088067919015884,
    -0.06090236082673073,
    -0.025468859821558,
    -0.024590006098151207,
    0.07842501997947693,
    0.0046919360756874084,
    0.024429963901638985,
    -0.020645299926400185,
    0.03285698965191841,
    0.009075024165213108,
    -0.013867146335542202,
    0.03204641863703728,
    -0.03831760585308075,
    0.024229496717453003,
    0.04891200736165047,
    -0.0019082465441897511,
    -0.01124038640409708,
    0.0010229655308648944,
    -0.04564666375517845,
    0.03596426919102669,
    -0.006907687988132238,
    0.08057810366153717,
    -0.09680568426847458,
    0.06518527120351791,
    -0.019475730136036873,
    0.044790059328079224,
    -0.04031556099653244,
    -0.03129444643855095,
    -0.03982936218380928,
    -0.0815790668129921,
    0.07214746624231339,
    -0.0008136994438245893,
    -0.024340154603123665,
    0.032251015305519104,
    -0.033789392560720444,
    0.04428694024682045,
    -0.05784802511334419,
    -0.05236607789993286,
    -0.01164381392300129,
    -0.004797379020601511,
    0.08647248893976212,
    -0.038235511630773544,
    -0.09120278060436249,
    0.021153869107365608,
    0.048746295273303986,
    0.07045909017324448,
    0.013357816264033318,
    -0.0003481532621663064,
    0.05612841621041298,
    -0.009142535738646984,
    -0.07242345064878464,
    -0.03147508576512337,
    -0.06063884124159813,
    -0.0004869567637797445,
    0.07758539170026779,
    0.06375943124294281,
    0.03320653364062309,
    -2.4939773038465366e-32,
    0.004872619640082121,
    -0.03298797458410263,
    -0.046233925968408585,
    -0.02119826152920723,
    0.06311676651239395,
    -0.03114910237491131,
    0.01510475855320692,
    -0.12225636839866638,
    0.051992353051900864,
    0.0717635229229927,
    0.055689916014671326,
    -0.005806703120470047,
    0.006403421051800251,
    -0.040477316826581955,
    0.012919245287775993,
    -0.07376188784837723,
    -0.09607726335525513,
    -0.01774078793823719,
    -0.0034167696721851826,
    0.09185381233692169,
    0.01761133410036564,
    0.023571453988552094,
    -0.0093317199498415,
    0.13509616255760193,
    0.05588971823453903,
    0.07134325802326202,
    -0.10379394143819809,
    0.020082492381334305,
    0.06618183851242065,
    -0.042322516441345215,
    -0.07944392412900925,
    -0.07033601403236389,
    -0.03593335673213005,
    0.004928028676658869,
    -0.07682763040065765,
    -0.20801523327827454,
    0.03640614077448845,
    -0.04219166934490204,
    -0.02902679145336151,
    -0.06524279713630676,
    0.07023008167743683,
    -0.01111479103565216,
    -0.03941567614674568,
    0.014939540065824986,
    0.04889523610472679,
    -0.10899555683135986,
    0.09620829671621323,
    -0.0673767477273941,
    -0.02661616913974285,
    -0.004323593340814114,
    -0.03621575981378555,
    -0.01776261441409588,
    -0.02114117331802845,
    0.022951750084757805,
    0.006179113872349262,
    0.06605211645364761,
    0.015649741515517235,
    -0.05131037160754204,
    -0.01854831539094448,
    -0.0007383455522358418,
    0.08264462649822235,
    0.0863310843706131,
    0.027340149506926537,
    0.08573939651250839,
    0.12058861553668976,
    -0.04944814741611481,
    -0.027776408940553665,
    -0.016811832785606384,
    -0.053769614547491074,
    -0.059788141399621964,
    -0.06186339259147644,
    -0.03874945268034935,
    -0.03348159044981003,
    -0.10764670372009277,
    0.07775167375802994,
    -0.08924846351146698,
    -0.038546182215213776,
    -0.10391005873680115,
    -0.04266735166311264,
    0.038278285413980484,
    -0.009980324655771255,
    -0.05023688077926636,
    -0.01811196468770504,
    0.12049365788698196,
    -0.02385355345904827,
    0.01270701177418232,
    0.08581507951021194,
    -0.033244747668504715,
    -0.011610730551183224,
    0.08891641348600388,
    -0.10240185260772705,
    -0.001526398817077279,
    -0.0463126115500927,
    0.026425184682011604,
    -0.08059579879045486,
    -6.609528213630256e-08,
    -0.06787306815385818,
    0.09660458564758301,
    -0.013785505667328835,
    -0.051185183227062225,
    0.017856119200587273,
    -0.07296627759933472,
    -0.057563941925764084,
    0.004414062947034836,
    -0.022053100168704987,
    -0.02130100317299366,
    0.0630379393696785,
    0.0302539374679327,
    0.006887906696647406,
    -0.016194650903344154,
    0.06914182752370834,
    -0.0054606543853878975,
    -0.035294294357299805,
    -0.00038789372774772346,
    -0.07305797934532166,
    -0.000342633604304865,
    -0.026905907317996025,
    0.0022834804840385914,
    -0.004367639310657978,
    0.01300947368144989,
    0.03511299192905426,
    -0.003517189994454384,
    -0.00019442969642113894,
    0.022913288325071335,
    0.10197902470827103,
    0.04988234117627144,
    -0.01722695492208004,
    -0.03185146301984787,
    0.01563079096376896,
    -0.04832121357321739,
    0.005110118072479963,
    -0.017842330038547516,
    0.03139147907495499,
    -0.00277717225253582,
    0.04982159286737442,
    0.011474275030195713,
    -0.010347949340939522,
    0.0365874357521534,
    0.04653474688529968,
    0.08802817761898041,
    -0.0068112644366919994,
    -0.05292225256562233,
    -0.10166681557893753,
    0.027164844796061516,
    0.019209591671824455,
    -0.03629574179649353,
    -0.04521781951189041,
    -0.03470812737941742,
    0.0341239832341671,
    -0.033244431018829346,
    -0.0396888330578804,
    0.010373782366514206,
    0.023971738293766975,
    0.04209987819194794,
    -0.006795497611165047,
    -0.015453393571078777,
    0.055084336549043655,
    0.00852489285171032,
    0.016963565722107887,
    -0.027211153879761696
]