[
    -0.030575262382626534,
    0.07009422034025192,
    -0.011040513403713703,
    -0.038520243018865585,
    -0.05085016414523125,
    0.06496920436620712,
    -0.04257015511393547,
    -0.06018693745136261,
    -0.010719788260757923,
    -0.0034265671856701374,
    -0.011966097168624401,
    -0.037813518196344376,
    0.003486013738438487,
    -0.04138965159654617,
    0.05171459540724754,
    -0.03498164564371109,
    0.022674160078167915,
    0.019186442717909813,
    -0.10244857519865036,
    0.05429154634475708,
    0.027825579047203064,
    0.057217128574848175,
    -0.038547154515981674,
    -0.0037739926483482122,
    -0.09998221695423126,
    -0.014016687870025635,
    -0.0009472702513448894,
    -0.036505263298749924,
    0.03314688056707382,
    -0.05604182183742523,
    0.055703599005937576,
    0.011812234297394753,
    0.04929838702082634,
    0.06107736751437187,
    0.013054955750703812,
    -0.00366124976426363,
    -0.018854323774576187,
    0.044599343091249466,
    -0.02636563964188099,
    0.006849059835076332,
    -0.07776108384132385,
    -0.0942474901676178,
    -0.04665513336658478,
    0.04259699955582619,
    0.021466759964823723,
    0.041656848043203354,
    -0.06838106364011765,
    -0.02727414295077324,
    0.005236876662820578,
    0.05883552506566048,
    -0.08254332840442657,
    -0.023472797125577927,
    -0.012387502938508987,
    0.07128994166851044,
    -0.06086040660738945,
    -0.05417660251259804,
    -0.04767059162259102,
    -0.03399718552827835,
    -0.1100844293832779,
    -0.0222917627543211,
    -0.012591240927577019,
    0.007472503464668989,
    0.0036396379582583904,
    0.0665779635310173,
    -0.09068217128515244,
    0.08976458758115768,
    -0.027383657172322273,
    -0.026349255815148354,
    0.020984090864658356,
    0.018908768892288208,
    -0.0970580130815506,
    -0.022149130702018738,
    -0.03877357020974159,
    0.06151146441698074,
    -0.013473127037286758,
    0.021189136430621147,
    -0.0433618538081646,
    0.022413713857531548,
    0.1048169881105423,
    -0.13972540199756622,
    -0.04018477350473404,
    0.025506094098091125,
    -0.01259604562073946,
    0.05675054341554642,
    -0.0347137451171875,
    -0.020909423008561134,
    -0.007949326187372208,
    0.004763762466609478,
    0.006160012912005186,
    -0.02859071083366871,
    0.058993514627218246,
    -0.030961060896515846,
    0.05383896455168724,
    -0.08910072594881058,
    0.047265391796827316,
    -0.0449257418513298,
    -0.02965010330080986,
    -0.0824592337012291,
    0.02436688542366028,
    0.0012188927503302693,
    -0.02836393192410469,
    -0.019152410328388214,
    0.01949288323521614,
    -0.013543283566832542,
    -0.037243809551000595,
    -0.08082423359155655,
    0.016126474365592003,
    0.01638605073094368,
    0.03471555560827255,
    0.054626431316137314,
    0.049080561846494675,
    0.014092671684920788,
    -0.019948868080973625,
    -0.14993947744369507,
    0.06229054182767868,
    -0.003213239135220647,
    -0.04968803748488426,
    0.07554420828819275,
    0.019055956974625587,
    0.02104378305375576,
    -0.034656886011362076,
    -0.013988777063786983,
    -0.041436199098825455,
    -0.0753002017736435,
    -0.05499359965324402,
    0.0015878977719694376,
    -0.08340626209974289,
    2.3695550471686376e-32,
    0.0056130788289010525,
    0.03277003392577171,
    -0.023829353973269463,
    0.05653310567140579,
    0.024473456665873528,
    -0.03433742746710777,
    0.026379700750112534,
    -0.0155328419059515,
    -0.05706926807761192,
    0.04065937176346779,
    0.002001512795686722,
    0.025436528027057648,
    -0.01564749889075756,
    0.0005408964934758842,
    -0.021362053230404854,
    0.016668228432536125,
    0.011641373857855797,
    0.09752999991178513,
    -0.03073202073574066,
    0.09660101681947708,
    0.04174750670790672,
    -0.052335046231746674,
    0.032964520156383514,
    0.03705857694149017,
    0.022396350279450417,
    0.0125968549400568,
    -0.026184016838669777,
    -0.0048125796020030975,
    0.01842627115547657,
    -0.004507660400122404,
    0.03822817653417587,
    0.0014480906538665295,
    0.02414017543196678,
    -0.07100127637386322,
    0.04496489837765694,
    0.10640855878591537,
    0.046362970024347305,
    -0.06946627795696259,
    0.07609949260950089,
    -0.0818289965391159,
    0.004145963583141565,
    -0.002356242621317506,
    0.06381195038557053,
    0.030495936051011086,
    0.038552917540073395,
    -0.020444979891180992,
    0.02033665031194687,
    -0.002304117428138852,
    0.03787898272275925,
    0.02487688511610031,
    -0.03874797001481056,
    0.010988347232341766,
    -0.00022782775340601802,
    -0.023543830960989,
    0.01581750065088272,
    -0.03807768598198891,
    -0.05655372887849808,
    0.05721520259976387,
    -0.05255909264087677,
    0.03023873083293438,
    -0.07223980873823166,
    0.016172194853425026,
    0.009699083864688873,
    -0.0061508226208388805,
    -0.011017060838639736,
    -0.06098993495106697,
    -0.03181496635079384,
    -0.08026362955570221,
    0.05069645866751671,
    -0.014281033538281918,
    -0.036546625196933746,
    0.06893780082464218,
    -0.03078959882259369,
    0.01368500292301178,
    -0.049897100776433945,
    -0.02170606330037117,
    0.013626494444906712,
    -0.03877647966146469,
    0.050941094756126404,
    0.025181567296385765,
    -0.08650483936071396,
    -0.0019083826337009668,
    0.026629973202943802,
    0.054590653628110886,
    0.021878551691770554,
    -0.0048941345885396,
    0.09408866614103317,
    0.0560428649187088,
    -0.07399920374155045,
    -0.08522092550992966,
    0.01323599275201559,
    0.02717948891222477,
    0.013991015031933784,
    0.018580252304673195,
    0.00924722570925951,
    -2.3726720173766368e-32,
    -0.005477915517985821,
    -0.045821867883205414,
    -0.029437394812703133,
    0.01649099960923195,
    0.08705193549394608,
    -0.01969842053949833,
    -0.02472141571342945,
    -0.10355044901371002,
    0.08522328734397888,
    0.009082292206585407,
    0.068610779941082,
    -0.061090726405382156,
    -0.0076898192055523396,
    -0.0330628827214241,
    -0.042539551854133606,
    -0.0377790629863739,
    -0.0875297337770462,
    -0.02616085857152939,
    0.022587575018405914,
    0.11603613197803497,
    -0.03798581287264824,
    0.01475606020539999,
    -0.023969097062945366,
    0.15745972096920013,
    0.05781925842165947,
    0.07671717554330826,
    -0.07090901583433151,
    -0.010803818702697754,
    0.07977800816297531,
    -0.03721946105360985,
    -0.05247092992067337,
    -0.07975511252880096,
    -0.0679214745759964,
    0.031960222870111465,
    -0.0744844302535057,
    -0.18031904101371765,
    0.06873619556427002,
    -0.009104852564632893,
    -0.025670714676380157,
    -0.011247782036662102,
    0.10911103338003159,
    0.002796461107209325,
    -0.02038615755736828,
    0.014904969371855259,
    -0.008002332411706448,
    -0.0805937647819519,
    0.08287981152534485,
    -0.026966392993927002,
    -0.024736830964684486,
    -0.00957036204636097,
    0.022651679813861847,
    -0.032035570591688156,
    -0.040605515241622925,
    0.03077024780213833,
    -0.03567001223564148,
    0.037195634096860886,
    -0.0006636176840402186,
    -0.02752145566046238,
    0.003661303548142314,
    -0.01757192797958851,
    0.05140362307429314,
    0.054494708776474,
    -0.03313795104622841,
    0.07537856698036194,
    0.04665819928050041,
    -0.08630692958831787,
    -0.016585275530815125,
    -0.05126097798347473,
    -0.05706186965107918,
    -0.09057902544736862,
    -0.07457750290632248,
    -0.09283264726400375,
    -0.03846488893032074,
    -0.07216940075159073,
    0.09479126334190369,
    -0.07802572846412659,
    -0.015156413428485394,
    -0.05808836221694946,
    -0.07675772905349731,
    0.007763946428894997,
    0.01585097424685955,
    -0.0008726980304345489,
    -0.06295277178287506,
    0.08384203165769577,
    -0.004358081612735987,
    0.00916704349219799,
    0.0886998325586319,
    -0.049473438411951065,
    0.004184907767921686,
    0.09506918489933014,
    -0.06961635500192642,
    0.017122382298111916,
    -0.08670296519994736,
    0.05183172598481178,
    -0.10556211322546005,
    -6.32454444371433e-08,
    -0.023437272757291794,
    0.08098074793815613,
    0.0029455048497766256,
    -0.036196161061525345,
    0.041144948452711105,
    -0.04247931391000748,
    -0.03965198993682861,
    -0.033701080828905106,
    -0.042688559740781784,
    -0.0626072809100151,
    0.06717164814472198,
    0.0540640652179718,
    -0.010569484904408455,
    -0.04646909236907959,
    0.07730676233768463,
    -0.01336132176220417,
    -0.07897680252790451,
    -0.007231771945953369,
    -0.06019795313477516,
    -0.0050538987852633,
    -0.07053068280220032,
    -0.061696648597717285,
    -0.0633336529135704,
    0.02291032485663891,
    0.03684929758310318,
    0.03727985918521881,
    -0.033822089433670044,
    0.035912998020648956,
    0.06379113346338272,
    0.04685250669717789,
    -0.0018090233206748962,
    -0.02696363814175129,
    0.05515793338418007,
    -0.002665753709152341,
    -0.008832795545458794,
    -0.02850825898349285,
    -0.008793092332780361,
    -0.0365297757089138,
    0.06747255474328995,
    0.00099820492323488,
    0.016483023762702942,
    0.07769861817359924,
    0.035065047442913055,
    0.08832019567489624,
    0.0024457043036818504,
    -0.02348061464726925,
    -0.0463271290063858,
    0.011022205464541912,
    -0.009392485953867435,
    -0.10437119752168655,
    -0.021631384268403053,
    -0.026409020647406578,
    0.10410968214273453,
    -0.010255086235702038,
    -0.04249468445777893,
    0.0808788314461708,
    0.03761852905154228,
    0.06939338892698288,
    0.0038692273665219545,
    -0.032303113490343094,
    0.10667875409126282,
    0.041022785007953644,
    0.031618792563676834,
    -0.040499087423086166
]