[
    -0.05707935243844986,
    0.01515625324100256,
    -0.022452615201473236,
    -0.05459756776690483,
    -0.056182246655225754,
    0.05747980996966362,
    0.0005071359337307513,
    -0.07399330288171768,
    0.025019697844982147,
    -0.0002570631622802466,
    -0.00561687583103776,
    -0.031880028545856476,
    0.03278454765677452,
    -0.0565338209271431,
    0.0782618373632431,
    -0.01763598434627056,
    0.052899494767189026,
    0.025241587311029434,
    -0.07206530123949051,
    0.06916128098964691,
    0.007659792434424162,
    0.08655516803264618,
    -0.04719969257712364,
    -0.001302418764680624,
    -0.11374527215957642,
    -0.020683737471699715,
    -0.018635457381606102,
    -0.06056613475084305,
    -0.01827828772366047,
    -0.07825098186731339,
    0.03193262964487076,
    -0.007949242368340492,
    0.04329352825880051,
    0.06061200425028801,
    -0.0031475741416215897,
    -0.02977764420211315,
    -0.009732627309858799,
    0.05753883719444275,
    -0.004106950480490923,
    0.003760329447686672,
    -0.050057802349328995,
    -0.07523498684167862,
    -0.05454936623573303,
    0.017912965267896652,
    0.02872808463871479,
    -0.016230393201112747,
    -0.07073132693767548,
    -0.040307484567165375,
    -0.008135268464684486,
    0.05814429000020027,
    -0.0592675656080246,
    -0.06236178055405617,
    -0.04351560398936272,
    0.13349810242652893,
    -0.08374819904565811,
    -0.045256152749061584,
    -0.023259678855538368,
    -0.007890964858233929,
    -0.08044801652431488,
    -0.0010279963025823236,
    -0.03552361950278282,
    0.006085528526455164,
    0.02243928425014019,
    0.09161447733640671,
    -0.07079973816871643,
    0.08058174699544907,
    -0.03508828952908516,
    -0.026897786185145378,
    -0.024842340499162674,
    -0.010463868267834187,
    -0.11109960824251175,
    -0.02430994249880314,
    -0.015483567491173744,
    0.026538249105215073,
    0.0176621712744236,
    0.009954319335520267,
    -0.01501771342009306,
    0.03520302474498749,
    0.07619156688451767,
    -0.13475823402404785,
    -0.027491163462400436,
    0.025906389579176903,
    -0.036942265927791595,
    0.09091868251562119,
    -0.05839499831199646,
    -0.021769536659121513,
    -0.018052823841571808,
    -0.01511382032185793,
    -0.022395595908164978,
    -0.05232314392924309,
    0.07854852825403214,
    -0.0665963664650917,
    0.09469006955623627,
    -0.060642387717962265,
    0.05916626378893852,
    -0.05120909959077835,
    -0.03893071413040161,
    -0.08637049049139023,
    0.03195393458008766,
    -0.009427126497030258,
    -0.038530949503183365,
    -0.00039478635881096125,
    -0.003859912743791938,
    -0.020051229745149612,
    -0.02394387498497963,
    -0.07686464488506317,
    0.00711684487760067,
    -0.029196254909038544,
    0.013506906107068062,
    0.05990191176533699,
    0.06363850086927414,
    0.026052141562104225,
    -0.03749850392341614,
    -0.1561833769083023,
    0.03913331776857376,
    0.037578094750642776,
    -0.033910878002643585,
    0.06673180311918259,
    0.04250812157988548,
    0.02270273119211197,
    -0.04236554726958275,
    0.00848498847335577,
    -0.048058442771434784,
    -0.08335181325674057,
    -0.028438186272978783,
    0.046566419303417206,
    -0.028375834226608276,
    2.1475301721108195e-32,
    -0.0069084735587239265,
    0.02617754228413105,
    -0.034134164452552795,
    0.03978259488940239,
    0.06405584514141083,
    0.0024772854521870613,
    0.017559371888637543,
    -0.014410293661057949,
    -0.014279179275035858,
    0.061367735266685486,
    -0.033743616193532944,
    0.07638832181692123,
    -0.011949623003602028,
    -0.0254512969404459,
    -0.04687038064002991,
    0.03633840009570122,
    0.008923636749386787,
    0.10698156803846359,
    -0.03686564043164253,
    0.07218805700540543,
    0.011204714886844158,
    -0.041411373764276505,
    0.02961721085011959,
    0.04072875529527664,
    0.005915372632443905,
    0.015108111314475536,
    -0.00870555080473423,
    -0.009378640912473202,
    0.0444556288421154,
    -0.00023279864399228245,
    0.0393044613301754,
    0.022653942927718163,
    0.06334315240383148,
    -0.005323075223714113,
    0.05272771790623665,
    0.10527581721544266,
    0.005407281685620546,
    -0.03610258176922798,
    0.09091228991746902,
    -0.06664624065160751,
    -0.03575476258993149,
    -0.01983390934765339,
    0.04879196733236313,
    0.0045855394564569,
    0.03394513577222824,
    -0.030308162793517113,
    0.013362303376197815,
    -0.011209736578166485,
    0.028010308742523193,
    0.04392813891172409,
    -0.0174470916390419,
    0.010535093955695629,
    -0.00596758583560586,
    0.0025104661472141743,
    -0.0005516059463843703,
    -0.029371269047260284,
    -0.027327122166752815,
    0.0056918621994555,
    -0.04229770973324776,
    0.0593860037624836,
    -0.02340373396873474,
    0.04388928413391113,
    0.005529977846890688,
    -0.01715894788503647,
    -0.04090190678834915,
    -0.047264307737350464,
    -0.01439269632101059,
    -0.05082835629582405,
    0.040330663323402405,
    0.01570952497422695,
    -0.00973768625408411,
    0.06715806573629379,
    -0.0244063138961792,
    0.007326981518417597,
    -0.016079535707831383,
    -0.03958192467689514,
    -0.00032051492598839104,
    -0.022314025089144707,
    0.06024867668747902,
    0.007991252467036247,
    -0.08375541120767593,
    -0.02310386672616005,
    0.01554905716329813,
    0.08931132405996323,
    -0.0239831805229187,
    -0.005384763237088919,
    0.06790878623723984,
    0.04613626003265381,
    -0.10561656951904297,
    -0.04073997959494591,
    -0.011156851425766945,
    0.05249365046620369,
    0.016407737508416176,
    0.08367384225130081,
    -0.0013855044962838292,
    -2.202536842510373e-32,
    -0.01594305783510208,
    -0.03199854493141174,
    -0.035596538335084915,
    -0.010871742852032185,
    0.05033745616674423,
    -0.025601232424378395,
    -0.03736117482185364,
    -0.06698267161846161,
    0.048198431730270386,
    0.045709557831287384,
    0.040813807398080826,
    -0.009043491445481777,
    -0.08012998104095459,
    -0.026943810284137726,
    -0.008303682319819927,
    -0.0434102825820446,
    -0.0451788567006588,
    -0.044255588203668594,
    -0.03801525756716728,
    0.09736643731594086,
    -0.013853413984179497,
    -0.006302875466644764,
    -0.018284006044268608,
    0.12691377103328705,
    0.03701333701610565,
    0.0709913820028305,
    -0.017743179574608803,
    0.008878305554389954,
    0.08732292056083679,
    -0.03471281751990318,
    -0.062269821763038635,
    -0.040613025426864624,
    -0.037123896181583405,
    0.046627435833215714,
    -0.08805862814188004,
    -0.17104138433933258,
    0.06294573843479156,
    -0.041802242398262024,
    -0.03155771270394325,
    -0.054477889090776443,
    0.10111786425113678,
    -0.005076988134533167,
    -0.05170051380991936,
    0.04017465561628342,
    0.018022531643509865,
    -0.08547775447368622,
    0.044285111129283905,
    -0.014471597969532013,
    -0.01614644192159176,
    0.02172345295548439,
    -0.005648133344948292,
    -0.04903138428926468,
    -0.004670503083616495,
    0.048060525208711624,
    -0.061631519347429276,
    0.11289923638105392,
    -0.00419492507353425,
    -0.036280930042266846,
    -0.020464453846216202,
    -0.02253267914056778,
    0.08141348510980606,
    0.04935219883918762,
    -0.03497641906142235,
    0.0602530799806118,
    0.041015222668647766,
    -0.06338488310575485,
    0.03217639774084091,
    -0.03399842604994774,
    -0.023850351572036743,
    -0.09227078408002853,
    -0.06067197397351265,
    -0.08164308220148087,
    -0.06150411441922188,
    -0.14897790551185608,
    0.0702376589179039,
    -0.054830845445394516,
    -0.07204145193099976,
    -0.1332390010356903,
    -0.11658457666635513,
    -0.002666233340278268,
    0.04311199113726616,
    -0.028020333498716354,
    -0.04892002418637276,
    0.0776086151599884,
    -0.02236495539546013,
    -0.006691684480756521,
    0.109367735683918,
    -0.055887434631586075,
    0.0014329574769362807,
    0.07838365435600281,
    -0.07404680550098419,
    -0.0028298073448240757,
    -0.09354691952466965,
    0.04956521838903427,
    -0.08568068593740463,
    -6.172712119223434e-08,
    -0.030098360031843185,
    0.06851028650999069,
    0.004854639992117882,
    -0.05096567049622536,
    0.03702379763126373,
    -0.057022370398044586,
    -0.044348131865262985,
    0.008495929650962353,
    -0.04328698664903641,
    -0.03301040083169937,
    0.053395893424749374,
    0.04041753709316254,
    -0.03640628978610039,
    -0.0191643163561821,
    0.09917206317186356,
    -0.00405311631038785,
    -0.079796202480793,
    -0.04386691749095917,
    -0.06213156878948212,
    0.015351668000221252,
    -0.06499742716550827,
    -0.025452066212892532,
    -0.03617395833134651,
    -0.004916563630104065,
    0.02476535178720951,
    0.012164697982370853,
    -0.029790712520480156,
    0.05892586335539818,
    0.08568665385246277,
    0.052976369857788086,
    -0.01265894714742899,
    -0.005708195734769106,
    0.02721734158694744,
    -0.03745396435260773,
    -0.06536252051591873,
    -0.032163169234991074,
    0.04356810078024864,
    -0.05980384722352028,
    0.055924609303474426,
    -0.00020640360889956355,
    0.023244475945830345,
    0.028044069185853004,
    0.0457737073302269,
    0.09305918961763382,
    -0.015264728106558323,
    -0.055750299245119095,
    -0.042981237173080444,
    0.015909912064671516,
    0.02298787795007229,
    -0.0825314149260521,
    -0.01718590408563614,
    -0.025381602346897125,
    0.08399126678705215,
    0.0015827231109142303,
    -0.043515097349882126,
    0.04254709184169769,
    0.03534036502242088,
    0.023512328043580055,
    -0.012870943173766136,
    0.019050003960728645,
    0.09821250289678574,
    0.016578979790210724,
    0.07246451824903488,
    -0.01985473930835724
]