[
    -0.05818137899041176,
    0.06522908061742783,
    -0.04680449143052101,
    -0.057748328894376755,
    -0.06830398738384247,
    0.061392892152071,
    0.018670011311769485,
    -0.048204950988292694,
    0.041525259613990784,
    -0.00631236145272851,
    0.007414163555949926,
    -0.029555199667811394,
    0.0265502892434597,
    -0.07164255529642105,
    0.09334484487771988,
    -0.016647832468152046,
    0.03222297877073288,
    0.022938398644328117,
    -0.09010995924472809,
    0.08550375699996948,
    0.015397773124277592,
    0.08410414308309555,
    -0.02889043092727661,
    0.0339336022734642,
    -0.09587742388248444,
    -0.026673007756471634,
    0.018712017685174942,
    -0.06366928666830063,
    0.03649751469492912,
    -0.028251400217413902,
    0.09263322502374649,
    -0.009091204963624477,
    0.049469780176877975,
    0.04859776049852371,
    -0.0166785828769207,
    -0.03547123447060585,
    -0.08809221535921097,
    0.035816069692373276,
    -0.06452758610248566,
    0.04181673377752304,
    -0.0455070361495018,
    -0.05212770402431488,
    -0.07503820210695267,
    0.02030516043305397,
    0.032196059823036194,
    -0.003399741370230913,
    -0.0696118026971817,
    0.012797070667147636,
    0.010543126612901688,
    0.05934140086174011,
    -0.0697006955742836,
    -0.04767075926065445,
    -0.05324413254857063,
    0.07421556115150452,
    -0.06318121403455734,
    -0.050250839442014694,
    -0.061426226049661636,
    -0.025957897305488586,
    -0.09472556412220001,
    0.005798570811748505,
    -0.03615087643265724,
    0.020254695788025856,
    0.023836174979805946,
    0.05964966118335724,
    -0.029548320919275284,
    0.08084914088249207,
    -0.019024597480893135,
    -0.0034547261893749237,
    -0.003964838571846485,
    0.008953357115387917,
    -0.06056290864944458,
    -0.02260134182870388,
    -0.010532347485423088,
    0.034545913338661194,
    -0.02483363449573517,
    -0.019543975591659546,
    -0.006178634241223335,
    0.03460393100976944,
    0.059911344200372696,
    -0.12628173828125,
    -0.019745882600545883,
    -0.013466612435877323,
    -0.01776149496436119,
    0.0383000411093235,
    -0.04652183875441551,
    -0.0141849834471941,
    -0.04680308327078819,
    -0.011351133696734905,
    -0.02127690427005291,
    -0.04389147460460663,
    0.07157821208238602,
    -0.0004174073110334575,
    0.05949531868100166,
    -0.0464838445186615,
    0.07019493728876114,
    -0.048211757093667984,
    -0.033307213336229324,
    -0.09295591711997986,
    0.010663862340152264,
    0.010951063595712185,
    -0.06274060904979706,
    -0.019623171538114548,
    0.012998062185943127,
    -0.022200889885425568,
    -0.05389656126499176,
    -0.08004369586706161,
    0.02297864854335785,
    -0.01721937581896782,
    0.028906019404530525,
    0.0960543230175972,
    0.017860224470496178,
    -0.013419432565569878,
    -0.05145440995693207,
    -0.13012854754924774,
    0.0358663946390152,
    0.033929578959941864,
    -0.03639804944396019,
    0.031186409294605255,
    0.09689496457576752,
    -0.02518664486706257,
    -0.052747659385204315,
    -0.035253651440143585,
    -0.021247947588562965,
    -0.07783088833093643,
    -0.02796829491853714,
    -0.015771040692925453,
    -0.05591004341840744,
    2.441136481788373e-32,
    -0.04470454528927803,
    0.010288317687809467,
    -0.04908524081110954,
    0.04955977573990822,
    0.015209730714559555,
    0.01310762483626604,
    0.03230299800634384,
    -0.06807398796081543,
    -0.06808599084615707,
    0.022417262196540833,
    -0.007627074606716633,
    0.05036202818155289,
    0.006654869299381971,
    -0.013993565924465656,
    -0.03545911982655525,
    0.029486188665032387,
    -0.00932108610868454,
    0.10745611041784286,
    -0.009839903563261032,
    0.07340312749147415,
    0.06065498664975166,
    -0.004692088346928358,
    0.01457996480166912,
    0.03861948102712631,
    -0.02233126200735569,
    0.029404548928141594,
    0.003346361219882965,
    -0.03285828232765198,
    0.056223396211862564,
    0.001755602890625596,
    0.055750731378793716,
    0.02791105955839157,
    0.01198086142539978,
    -0.08641782402992249,
    0.058339521288871765,
    0.11398839950561523,
    0.009669112972915173,
    -0.045756995677948,
    0.08232355862855911,
    -0.00422676932066679,
    0.00482195196673274,
    -0.037330858409404755,
    0.06570393592119217,
    0.020836349576711655,
    0.01912839338183403,
    0.024169377982616425,
    -0.013505718670785427,
    -0.018103735521435738,
    0.0056764427572488785,
    0.047637101262807846,
    -0.008401981554925442,
    0.030667290091514587,
    -0.02735029347240925,
    -0.04398134723305702,
    0.02054796926677227,
    -0.04916003346443176,
    -0.10966320335865021,
    0.0630272775888443,
    -0.04097345843911171,
    0.028468409553170204,
    -0.002004549838602543,
    0.04268914833664894,
    0.015450472943484783,
    -0.030262183398008347,
    -0.035412032157182693,
    -0.04314142465591431,
    -0.027708474546670914,
    -0.09619846940040588,
    0.054910484701395035,
    -0.027638033032417297,
    -0.04063885286450386,
    0.06639710813760757,
    -0.04985029995441437,
    0.04960264638066292,
    -0.033938851207494736,
    -0.05585318058729172,
    -0.004189837723970413,
    0.024449842050671577,
    0.0645434707403183,
    0.009203675203025341,
    -0.06638243049383163,
    -0.021496448665857315,
    -0.0014741170452907681,
    0.10157249867916107,
    -0.014348654076457024,
    -0.013286309316754341,
    0.060988035053014755,
    0.03811287134885788,
    -0.09542042762041092,
    -0.06240805238485336,
    0.028424309566617012,
    0.06755362451076508,
    0.015069304034113884,
    0.05635007843375206,
    -0.013405260629951954,
    -2.4709658264348395e-32,
    -0.03729896992444992,
    -0.03401053324341774,
    -0.030310168862342834,
    -0.01233874261379242,
    0.07679427415132523,
    -0.013231256045401096,
    -0.013519431464374065,
    -0.07112928479909897,
    0.10134968161582947,
    0.03399789333343506,
    0.04101403430104256,
    -0.042533352971076965,
    -0.007939323782920837,
    -0.03405871242284775,
    -0.03570876270532608,
    -0.0005772804142907262,
    -0.057973042130470276,
    -0.051411136984825134,
    -0.03812607750296593,
    0.06479066610336304,
    -0.012562833726406097,
    0.020929355174303055,
    -0.037599530071020126,
    0.12872380018234253,
    0.04188873618841171,
    0.0313400998711586,
    -0.01788077875971794,
    0.024298761039972305,
    0.12422624975442886,
    -0.05209062248468399,
    -0.0615161769092083,
    -0.06447379291057587,
    -0.07297245413064957,
    -0.0008740053162910044,
    -0.10462680459022522,
    -0.15389256179332733,
    0.0969620868563652,
    -0.011867467314004898,
    -0.03073536790907383,
    -0.053750552237033844,
    0.12653739750385284,
    -0.025596851482987404,
    -0.017948368564248085,
    0.011970685794949532,
    -0.02115335874259472,
    -0.06756509840488434,
    0.05228827893733978,
    -0.028442611917853355,
    0.008701525628566742,
    0.023456213995814323,
    0.05651028826832771,
    -0.06298145651817322,
    0.0271049365401268,
    0.024126749485731125,
    -0.07035472244024277,
    0.03671172261238098,
    0.016726110130548477,
    -0.038728438317775726,
    0.0022046887315809727,
    -0.030329467728734016,
    0.08294674754142761,
    0.05964704230427742,
    -0.04671206697821617,
    0.07559575140476227,
    0.03272330015897751,
    -0.04675426334142685,
    0.007950113154947758,
    -0.03493449091911316,
    -0.04796576872467995,
    -0.08358816802501678,
    -0.06731165200471878,
    -0.09119982272386551,
    -0.0408506877720356,
    -0.10691404342651367,
    0.10260744392871857,
    -0.049432381987571716,
    -0.052034683525562286,
    -0.06572207808494568,
    -0.073848195374012,
    0.004119299352169037,
    0.07112553715705872,
    -0.009040260687470436,
    -0.031487151980400085,
    0.07032309472560883,
    -0.02130311168730259,
    -0.019805364310741425,
    0.09466729313135147,
    -0.07969711720943451,
    -0.04407751187682152,
    0.06502796709537506,
    -0.07206666469573975,
    -0.015313930809497833,
    -0.05707361176609993,
    0.06984125077724457,
    -0.08077704161405563,
    -6.416531306285833e-08,
    -0.006841960363090038,
    0.030614523217082024,
    0.03781837597489357,
    -0.035020262002944946,
    0.018343288451433182,
    -0.03063851036131382,
    -0.05823139101266861,
    -0.01063421368598938,
    -0.03339826688170433,
    -0.05568910762667656,
    0.03956710547208786,
    0.06489402800798416,
    -0.007553825154900551,
    -0.022564101964235306,
    0.0506417416036129,
    -0.005124117713421583,
    -0.09348790347576141,
    -0.06698401272296906,
    -0.0391005277633667,
    -0.010534651577472687,
    -0.07472304999828339,
    -0.034318145364522934,
    -0.04934823140501976,
    0.00795833021402359,
    0.055321238934993744,
    0.07013807445764542,
    -0.018433192744851112,
    0.039593327790498734,
    0.04064264893531799,
    0.04070521518588066,
    -0.042319752275943756,
    -0.011748787015676498,
    0.04793785512447357,
    0.0118360985070467,
    -0.07168165594339371,
    -0.04446912929415703,
    0.03525840491056442,
    -0.02500138431787491,
    0.030146360397338867,
    -0.02950040064752102,
    0.02243434451520443,
    0.03418751060962677,
    0.02400336228311062,
    0.06696701049804688,
    0.011991449631750584,
    -0.0411987341940403,
    -0.011324298568069935,
    0.013177510350942612,
    -0.014831358566880226,
    -0.0952255055308342,
    -0.04467543959617615,
    -0.03803904354572296,
    0.1348453015089035,
    -0.016535909846425056,
    -0.041248779743909836,
    0.06276499480009079,
    0.014403589069843292,
    0.06439729779958725,
    -0.0033368105068802834,
    0.012834912165999413,
    0.12885214388370514,
    0.02247023954987526,
    0.049420539289712906,
    0.014106458984315395
]