[
    -0.07623291015625,
    0.09494436532258987,
    -0.03508798032999039,
    -0.03461552411317825,
    -0.008823770098388195,
    0.05508445203304291,
    -0.016253463923931122,
    -0.030352696776390076,
    -0.06331910192966461,
    0.020798515528440475,
    0.022076155990362167,
    0.004655436612665653,
    -0.01437483262270689,
    -0.06382059305906296,
    0.025344016030430794,
    -0.006509291473776102,
    -0.031707145273685455,
    0.020906148478388786,
    -0.08421894907951355,
    0.05904683843255043,
    0.035041891038417816,
    0.0827665701508522,
    -0.028844650834798813,
    0.02609378471970558,
    -0.07280702888965607,
    -0.014977839775383472,
    0.008947484195232391,
    -0.02741704322397709,
    0.02233133651316166,
    -0.05136852338910103,
    0.054300229996442795,
    0.05632615461945534,
    0.04020903259515762,
    0.05719318240880966,
    -0.05232411250472069,
    -0.027361303567886353,
    -0.05218900740146637,
    0.030257413163781166,
    -0.017993051558732986,
    -0.011096198111772537,
    -0.03710058331489563,
    -0.04732930660247803,
    -0.07463987171649933,
    0.07141150534152985,
    0.04475226625800133,
    0.04265808314085007,
    -0.0874713808298111,
    -0.040457144379615784,
    -0.04009263962507248,
    0.08679062873125076,
    -0.10767094790935516,
    -0.02999039925634861,
    0.019765399396419525,
    0.018753089010715485,
    -0.011032969690859318,
    -0.06637685745954514,
    -0.057173531502485275,
    -0.041064441204071045,
    -0.09429852664470673,
    -0.019823255017399788,
    0.020265022292733192,
    0.004594622179865837,
    0.0069828457199037075,
    0.043218936771154404,
    -0.06652037799358368,
    0.09108678996562958,
    0.045335352420806885,
    -0.046520959585905075,
    0.04183579236268997,
    -0.02611026167869568,
    -0.044813018292188644,
    -0.02122042328119278,
    -0.016889825463294983,
    0.08530491590499878,
    0.004299422726035118,
    0.02518939971923828,
    0.02400197461247444,
    0.03504299744963646,
    0.047240447252988815,
    -0.16588278114795685,
    -0.08288051187992096,
    -0.038505375385284424,
    0.01909310556948185,
    0.04832944646477699,
    -0.040168728679418564,
    -0.01573754847049713,
    -0.022198081016540527,
    -0.025123823434114456,
    0.04562652111053467,
    -0.012857870198786259,
    0.01211549248546362,
    -0.048354845494031906,
    0.10671936720609665,
    -0.02765766903758049,
    0.0624576136469841,
    -0.03353356570005417,
    -0.03156520053744316,
    -0.06104649603366852,
    0.033934347331523895,
    -0.011213722638785839,
    -0.0013438373571261764,
    -0.027450213208794594,
    -0.0060858228243887424,
    0.048201218247413635,
    -0.10995467752218246,
    -0.11234992742538452,
    0.01821359619498253,
    -0.020763613283634186,
    0.020998967811465263,
    0.03652974218130112,
    -0.014832254499197006,
    -0.013524670153856277,
    0.023094262927770615,
    -0.09685824066400528,
    0.007761087268590927,
    -0.00630558654665947,
    -0.01581430807709694,
    0.049051716923713684,
    0.0427449606359005,
    0.04988529905676842,
    -0.03097965568304062,
    -0.015156504698097706,
    -0.045759472995996475,
    -0.06985466927289963,
    -0.060607317835092545,
    0.03848091512918472,
    -0.07086125016212463,
    1.9194066854241414e-32,
    -0.0880071297287941,
    -0.044137775897979736,
    -0.03588341921567917,
    0.06926362216472626,
    0.013759833760559559,
    -0.023953987285494804,
    0.059596091508865356,
    -0.024910788983106613,
    -0.0630950778722763,
    0.020524606108665466,
    -0.027035633102059364,
    -0.016736621037125587,
    -0.04870171099901199,
    0.02587592974305153,
    -0.02624424546957016,
    0.01739863120019436,
    -0.012927831150591373,
    0.06953445822000504,
    -0.018857141956686974,
    0.07598813623189926,
    0.035817701369524,
    -0.014376533217728138,
    0.018979478627443314,
    -0.022298362106084824,
    -0.014616385102272034,
    0.0016423576744273305,
    -0.007879231125116348,
    -0.08140548318624496,
    0.010605055838823318,
    0.019148634746670723,
    0.04517429694533348,
    -0.01359906978905201,
    -0.0119779072701931,
    -0.07952601462602615,
    0.042033396661281586,
    0.12742947041988373,
    0.019797978922724724,
    -0.02437758259475231,
    0.050277840346097946,
    0.04011967033147812,
    -0.04652746394276619,
    -0.04214834049344063,
    0.0524246022105217,
    0.02130928821861744,
    0.0511094331741333,
    -0.009216299280524254,
    -0.014372441917657852,
    -0.0036485628224909306,
    -0.002776806941255927,
    0.035792917013168335,
    -0.06141192466020584,
    -0.005223257467150688,
    0.01764623075723648,
    -0.040995970368385315,
    0.025269336998462677,
    -0.008099056780338287,
    -0.12928538024425507,
    0.03288572281599045,
    -0.08003263920545578,
    0.02074884995818138,
    -0.019485296681523323,
    0.02300160564482212,
    -0.02579301781952381,
    -0.03889162465929985,
    -0.06182919442653656,
    -0.09426233917474747,
    -0.018268289044499397,
    -0.0463905930519104,
    0.06237811967730522,
    -0.02554570510983467,
    0.018434498459100723,
    0.02313237078487873,
    -0.05003805831074715,
    0.013239195570349693,
    -0.034355271607637405,
    0.009787902235984802,
    0.029686640948057175,
    0.058331768959760666,
    0.024706179276108742,
    0.000991428503766656,
    -0.05062590166926384,
    0.0367233082652092,
    -0.025818083435297012,
    0.009370760060846806,
    -0.020339731127023697,
    -0.01932152733206749,
    0.08848847448825836,
    0.06075799837708473,
    -0.04382770508527756,
    -0.08420483767986298,
    0.0336226187646389,
    0.01034847553819418,
    -0.0005530407070182264,
    0.003338092705234885,
    0.010609622113406658,
    -2.0781338345524688e-32,
    -0.09158830344676971,
    -0.05548551678657532,
    -0.037283625453710556,
    -0.02485034614801407,
    0.01350624579936266,
    -0.03538935258984566,
    -0.02566871978342533,
    -0.11001209914684296,
    0.053463879972696304,
    -0.025637738406658173,
    0.040099430829286575,
    -0.05186576768755913,
    -0.015613974072039127,
    -0.0399271696805954,
    -0.06759503483772278,
    -0.0054908874444663525,
    -0.08398055285215378,
    -0.051930204033851624,
    -0.014710568822920322,
    0.10663610696792603,
    -0.021014507859945297,
    0.04996074363589287,
    -0.051285844296216965,
    0.1651504933834076,
    0.026111092418432236,
    0.04722597450017929,
    -0.04074561223387718,
    0.058928485959768295,
    0.10679668933153152,
    -0.027824237942695618,
    -0.08049826323986053,
    -0.048867784440517426,
    -0.043481990694999695,
    0.033445850014686584,
    -0.04175865277647972,
    -0.18882526457309723,
    0.10834628343582153,
    0.028340740129351616,
    -0.021970324218273163,
    -0.045913055539131165,
    0.08166974037885666,
    0.02453802339732647,
    -0.03246426582336426,
    0.022853953763842583,
    0.022907687351107597,
    0.018642708659172058,
    0.06010963022708893,
    -0.01761554181575775,
    0.06525921821594238,
    0.013044687919318676,
    0.092084139585495,
    -0.010108410380780697,
    0.022753195837140083,
    0.016690166667103767,
    -0.030696185305714607,
    -0.010810283944010735,
    0.003482603933662176,
    -0.03489726781845093,
    -0.05444282293319702,
    0.03009372018277645,
    0.050355710089206696,
    0.05796390771865845,
    -0.04109073802828789,
    0.08093363791704178,
    -0.012067233212292194,
    -0.06566867232322693,
    -0.02307037077844143,
    -0.03894621506333351,
    0.00886834878474474,
    -0.11363925784826279,
    -0.09231751412153244,
    -0.11348463594913483,
    -0.018656695261597633,
    -0.10917270183563232,
    0.11603999882936478,
    -0.06053989753127098,
    -0.050688352435827255,
    0.006124957464635372,
    -0.08638104051351547,
    0.009342607110738754,
    0.08262664824724197,
    -0.03480686992406845,
    -0.06456167995929718,
    0.05847978591918945,
    -0.008440868929028511,
    -0.018646124750375748,
    0.05298807471990585,
    0.007886101491749287,
    0.03339323401451111,
    0.02130941115319729,
    -0.07912971824407578,
    0.030816780403256416,
    -0.10955334454774857,
    0.05412471666932106,
    -0.08438306301832199,
    -6.01517626819259e-08,
    0.06781187653541565,
    0.017262445762753487,
    0.04143382981419563,
    -0.02688034065067768,
    -0.01420469768345356,
    0.012550116516649723,
    -0.0683959573507309,
    -0.006510567851364613,
    -0.019355446100234985,
    -0.02923707850277424,
    0.01983904093503952,
    0.11674987524747849,
    -0.00861855037510395,
    -0.03040471486747265,
    0.05404751002788544,
    -0.07219552993774414,
    -0.07151598483324051,
    0.009557908400893211,
    -0.011394955217838287,
    0.04227489233016968,
    -0.03527115285396576,
    -0.043039850890636444,
    -0.06695199012756348,
    0.03141327574849129,
    0.03728112205862999,
    0.03267000988125801,
    -0.017313078045845032,
    -0.034118350595235825,
    0.06387224048376083,
    0.005026896018534899,
    -0.004455422051250935,
    0.027013016864657402,
    0.02838181145489216,
    0.012510296888649464,
    -0.04915843904018402,
    -0.04456961154937744,
    0.018214430660009384,
    0.03380079194903374,
    0.059684883803129196,
    0.026082107797265053,
    0.0207078717648983,
    0.03930250555276871,
    0.03825052082538605,
    0.06642323732376099,
    -0.007607604376971722,
    -0.054615333676338196,
    0.012037627398967743,
    0.002525620860978961,
    0.010952338576316833,
    -0.09067089855670929,
    -0.049411170184612274,
    -0.040191490203142166,
    0.10534723848104477,
    -0.010483227670192719,
    -0.029436931014060974,
    0.056096483021974564,
    0.017966117709875107,
    0.04674014449119568,
    -0.011515667662024498,
    0.011771362274885178,
    0.13858182728290558,
    0.017236893996596336,
    0.030297307297587395,
    0.014314030297100544
]