[
    -0.019892387092113495,
    0.06400658190250397,
    -0.005327136255800724,
    -0.054189156740903854,
    -0.005922247190028429,
    0.06819017976522446,
    -0.013167725875973701,
    -0.02996351569890976,
    0.00917424913495779,
    0.026376930996775627,
    -0.021893108263611794,
    -0.050768591463565826,
    -0.025645727291703224,
    -0.04219944402575493,
    0.10312686860561371,
    -0.02274625562131405,
    0.01061591412872076,
    0.019678538665175438,
    -0.10100901126861572,
    0.09180916100740433,
    0.045966506004333496,
    0.06661379337310791,
    -0.03400886058807373,
    0.008083094842731953,
    -0.11299773305654526,
    -0.0511900819838047,
    0.019386660307645798,
    -0.029266951605677605,
    0.020714914426207542,
    -0.008298337459564209,
    0.0626179575920105,
    0.03174043446779251,
    0.04088112711906433,
    0.09297949075698853,
    -0.003804725594818592,
    -0.02396351844072342,
    0.008610157296061516,
    -0.015079355798661709,
    -0.09112215042114258,
    0.0370718277990818,
    -0.04681914672255516,
    -0.07360941171646118,
    -0.06285320967435837,
    0.027999302372336388,
    0.020267946645617485,
    0.05763097107410431,
    -0.024464771151542664,
    0.021577661857008934,
    -0.04555251821875572,
    0.025141064077615738,
    -0.08183727413415909,
    -0.007490385789424181,
    -0.033927515149116516,
    0.040137749165296555,
    -0.03463403880596161,
    -0.039956264197826385,
    -0.03828763961791992,
    0.0029556299559772015,
    -0.04752316698431969,
    0.008604462258517742,
    -0.010453994385898113,
    0.0009887858759611845,
    -0.001984061673283577,
    0.06308613717556,
    -0.05889634042978287,
    0.05261903628706932,
    0.011431987397372723,
    0.013957821764051914,
    -0.004398193676024675,
    -0.020109117031097412,
    -0.139571875333786,
    -0.03914014995098114,
    0.02757933922111988,
    0.0221569687128067,
    -0.01527902390807867,
    0.028037775307893753,
    -0.022279512137174606,
    0.01669214479625225,
    0.05943026766180992,
    -0.12673500180244446,
    -0.10836993157863617,
    0.019617633894085884,
    0.06758242100477219,
    0.04563732445240021,
    -0.039285868406295776,
    0.002250771038234234,
    -0.021734435111284256,
    -0.054659876972436905,
    -0.012179894372820854,
    -0.016987480223178864,
    0.062180858105421066,
    -0.0873723179101944,
    0.04850431904196739,
    -0.06206190586090088,
    0.08210257440805435,
    -0.004407668951898813,
    -0.0031143284868448973,
    -0.10888940095901489,
    0.025363663211464882,
    -0.05910268425941467,
    -0.011125759221613407,
    0.012411683797836304,
    0.001973348204046488,
    0.033631063997745514,
    -0.016071544960141182,
    -0.02249913103878498,
    0.004757589660584927,
    0.015201641246676445,
    0.047029681503772736,
    0.06126268953084946,
    0.03633786737918854,
    0.0025221104733645916,
    -0.022497396916151047,
    -0.12101060152053833,
    0.07891781628131866,
    -0.03628123179078102,
    -0.059681836515665054,
    0.05261107161641121,
    0.06742234528064728,
    0.014383932575583458,
    -0.036497313529253006,
    -0.005965402815490961,
    -0.041654277592897415,
    -0.09075409919023514,
    -0.04303756356239319,
    -0.027768900617957115,
    -0.03999998793005943,
    1.5193143996207107e-32,
    -0.02229456417262554,
    0.04835106059908867,
    -0.014845282770693302,
    -0.00230332650244236,
    -0.0037067176308482885,
    -0.004375670570880175,
    0.02262214943766594,
    0.03571847826242447,
    -0.08280524611473083,
    0.0657573714852333,
    -0.03695322200655937,
    0.04130907356739044,
    -0.011414892971515656,
    0.028784047812223434,
    -0.0028217891231179237,
    0.043062567710876465,
    0.008265051059424877,
    0.09140192717313766,
    0.04165799170732498,
    0.07228405773639679,
    0.009004156105220318,
    -0.02252247743308544,
    0.028969446197152138,
    -0.03980673849582672,
    -0.015297574922442436,
    0.057824112474918365,
    0.01616586744785309,
    -0.040729179978370667,
    0.009417111054062843,
    -0.011042389087378979,
    0.016397563740611076,
    0.018177904188632965,
    0.0383157804608345,
    -0.06396634876728058,
    0.03522002696990967,
    0.11232957243919373,
    0.012312554754316807,
    -0.06364412605762482,
    0.0496484600007534,
    -0.09284795820713043,
    -0.007787284906953573,
    -0.015739085152745247,
    0.03840579092502594,
    0.027945391833782196,
    0.016088280826807022,
    0.027850640937685966,
    0.010927572846412659,
    -0.02295808121562004,
    0.07750935852527618,
    0.027014143764972687,
    -0.0502253882586956,
    -0.021220320835709572,
    0.00500615406781435,
    -0.047972939908504486,
    0.051104236394166946,
    -0.04686260595917702,
    -0.04775909334421158,
    0.0008012985344976187,
    -0.07703633606433868,
    0.07229665666818619,
    -0.05693236365914345,
    0.018805429339408875,
    -0.015411599539220333,
    -0.02584018185734749,
    -0.003143212292343378,
    -0.05061110481619835,
    -0.030958622694015503,
    -0.05335424095392227,
    0.04551836848258972,
    -0.03388945385813713,
    -0.025871537625789642,
    0.10419473052024841,
    0.003405611030757427,
    0.04000258445739746,
    -0.03597205877304077,
    -0.02467217482626438,
    0.018258532509207726,
    -0.019458018243312836,
    0.014202388003468513,
    0.04372080788016319,
    -0.08893060684204102,
    0.05745863914489746,
    0.039901863783597946,
    0.03643983602523804,
    -0.013341614976525307,
    0.009253322146832943,
    0.06478408724069595,
    0.07089212536811829,
    -0.019519489258527756,
    -0.056975193321704865,
    0.007798189762979746,
    -0.01679818145930767,
    0.008366668596863747,
    0.05139799416065216,
    0.019199823960661888,
    -1.6749699820103394e-32,
    -0.008989193476736546,
    -0.014177910052239895,
    -0.07973314821720123,
    0.007518243044614792,
    0.07128092646598816,
    -0.009728365577757359,
    -0.050352420657873154,
    -0.05955760180950165,
    0.0554351732134819,
    0.018741091713309288,
    0.05747653916478157,
    -0.07070342451334,
    0.021880142390727997,
    -0.0626598447561264,
    -0.03095308318734169,
    -0.05724882334470749,
    -0.07265658676624298,
    -0.12313716113567352,
    -0.007499528583139181,
    0.12620601058006287,
    -0.021800681948661804,
    -0.04671024903655052,
    -0.025838738307356834,
    0.11112344264984131,
    0.06730160117149353,
    0.021823152899742126,
    -0.0411372110247612,
    -0.021025270223617554,
    0.09639538824558258,
    -0.04739440605044365,
    -0.019777873530983925,
    -0.023121068254113197,
    -0.07085879147052765,
    0.019501347094774246,
    -0.06253436952829361,
    -0.19152386486530304,
    0.018490789458155632,
    -0.03401478752493858,
    0.012584312818944454,
    -0.042633991688489914,
    0.10579429566860199,
    0.0010177078656852245,
    0.003582889214158058,
    0.03617677837610245,
    0.004163025878369808,
    -0.036381207406520844,
    0.07700178027153015,
    -0.007483907509595156,
    0.009719697758555412,
    -0.03570304811000824,
    0.03764770179986954,
    -0.03919731080532074,
    -0.02301807887852192,
    0.007410357240587473,
    -0.06563197821378708,
    0.03984138369560242,
    -0.005195750389248133,
    -0.028139004483819008,
    -0.017633065581321716,
    -0.039839018136262894,
    0.09045303612947464,
    0.059647101908922195,
    -0.043143369257450104,
    0.08591146767139435,
    0.021938903257250786,
    -0.04238497093319893,
    -0.0028452049009501934,
    -0.03194068372249603,
    -0.023797206580638885,
    -0.10970283299684525,
    -0.10814566165208817,
    -0.1283227652311325,
    -0.03724819794297218,
    -0.06775963306427002,
    0.031345561146736145,
    -0.09654102474451065,
    -0.01968328282237053,
    -0.12417536973953247,
    -0.07756415754556656,
    0.05829857289791107,
    0.047937292605638504,
    -0.000412217021221295,
    -0.06929085403680801,
    0.06771237403154373,
    0.04455684497952461,
    0.0077771455980837345,
    0.06184742972254753,
    -0.027478497475385666,
    -0.022747322916984558,
    0.08708524703979492,
    -0.06508148461580276,
    0.0036995261907577515,
    -0.08609023690223694,
    0.08836814016103745,
    -0.07196806371212006,
    -4.8681112474469046e-08,
    -0.021462181583046913,
    0.043560419231653214,
    0.02154836431145668,
    -0.06290805339813232,
    -0.025024203583598137,
    -0.029839152470231056,
    -0.03106265515089035,
    -0.03823298215866089,
    -0.03297565504908562,
    -0.03957298770546913,
    0.024412140250205994,
    0.08895145356655121,
    -0.04292105883359909,
    0.0071140495128929615,
    0.04028870910406113,
    -0.00439976342022419,
    -0.08494876325130463,
    -0.02185080014169216,
    -0.02083802968263626,
    0.06310958415269852,
    -0.08488618582487106,
    -0.06311797350645065,
    -0.0952596589922905,
    -0.015339141711592674,
    0.04827911779284477,
    0.03916902467608452,
    0.022635439410805702,
    0.0780625194311142,
    0.09942742437124252,
    0.05946848541498184,
    -0.00024302900419570506,
    0.0236830897629261,
    0.05962131544947624,
    -0.03681578487157822,
    -0.03928917273879051,
    -0.0583542063832283,
    0.04716328904032707,
    0.020345918834209442,
    0.08252427726984024,
    -0.013854580000042915,
    -0.003543974831700325,
    0.029560981318354607,
    0.012175961397588253,
    0.07350502163171768,
    -0.0473371259868145,
    -0.024432621896266937,
    -0.011272217147052288,
    0.009291762486100197,
    0.0372261144220829,
    -0.0887773260474205,
    -0.030390387400984764,
    0.011984615586698055,
    0.10701391845941544,
    0.014343064278364182,
    -0.04048742726445198,
    0.07272781431674957,
    0.013097323477268219,
    0.0013707689940929413,
    -0.024408655241131783,
    -0.01605200581252575,
    0.09376930445432663,
    -0.005537989549338818,
    0.076206274330616,
    0.004764344543218613
]