[
    -0.06859242171049118,
    0.055808208882808685,
    -0.03421633318066597,
    -0.07633756101131439,
    -0.05156900733709335,
    0.046513065695762634,
    0.017734814435243607,
    -0.07085097581148148,
    0.012196173891425133,
    0.002024079207330942,
    0.0007134448387660086,
    -0.012405283749103546,
    -0.006846677046269178,
    -0.08686313033103943,
    0.0744757205247879,
    -0.010321523994207382,
    0.029083171859383583,
    0.028582623228430748,
    -0.08585871756076813,
    0.07275977730751038,
    0.015781570225954056,
    0.06982694566249847,
    -0.04848621413111687,
    -0.002527892589569092,
    -0.14560823142528534,
    -0.028968460857868195,
    0.006823498290032148,
    -0.06600993126630783,
    0.03002353012561798,
    -0.0707831159234047,
    0.04623683542013168,
    0.00029727205401286483,
    0.03508203849196434,
    0.07515747845172882,
    -0.009332454763352871,
    0.006327403709292412,
    -0.0068738642148673534,
    0.021187398582696915,
    -0.01587740145623684,
    0.013032513670623302,
    -0.05285558104515076,
    -0.0695171058177948,
    -0.07021485269069672,
    -0.006359243765473366,
    0.01825549639761448,
    0.03159790486097336,
    -0.04061431810259819,
    -0.027205780148506165,
    -0.015555963851511478,
    0.04573420435190201,
    -0.0921633392572403,
    -0.023409908637404442,
    -0.04228349030017853,
    0.08651133626699448,
    -0.05136268585920334,
    -0.0012248385464772582,
    -0.03694726526737213,
    -0.0309104286134243,
    -0.06873819231987,
    0.0006747274310328066,
    -0.019270310178399086,
    0.02865414135158062,
    0.024204768240451813,
    0.09991693496704102,
    -0.05167441815137863,
    0.07206837087869644,
    -0.01532106101512909,
    -0.01284949854016304,
    -0.01879728212952614,
    -0.0341731458902359,
    -0.08378955721855164,
    -0.01677771843969822,
    -0.014913146384060383,
    0.014635935425758362,
    0.0071745365858078,
    -0.01287582516670227,
    -0.04541864991188049,
    0.023834021762013435,
    0.06920833140611649,
    -0.12489747256040573,
    -0.005190699361264706,
    0.013120792806148529,
    -0.026669876649975777,
    0.07721365988254547,
    -0.06613612920045853,
    0.007560496684163809,
    -0.0234904196113348,
    -0.022844118997454643,
    -0.012037043459713459,
    -0.014250178821384907,
    0.08557894080877304,
    -0.06612931191921234,
    0.10992339253425598,
    -0.06265832483768463,
    0.07895230501890182,
    -0.039958406239748,
    -0.010469647124409676,
    -0.05694649741053581,
    0.03905225917696953,
    -0.017766708508133888,
    -0.04620276391506195,
    0.035869989544153214,
    0.01270204782485962,
    -0.01943402737379074,
    -0.038628123700618744,
    -0.06286303699016571,
    0.015804128721356392,
    -0.02403978258371353,
    0.04325224831700325,
    0.058427948504686356,
    0.04890334606170654,
    0.013444582931697369,
    -0.06952840089797974,
    -0.13247089087963104,
    0.058247532695531845,
    0.0009264094987884164,
    -0.024863703176379204,
    0.06920602172613144,
    0.04425439238548279,
    -0.03830703720450401,
    -0.029282214120030403,
    0.0031218095682561398,
    -0.03929143026471138,
    -0.09413149952888489,
    -0.03279149532318115,
    -0.005799409002065659,
    -0.03145661950111389,
    1.8366135326230568e-32,
    -0.02794908545911312,
    0.014324456453323364,
    -0.0585169717669487,
    0.001119510387070477,
    0.011128691025078297,
    -0.006199797615408897,
    0.03511796146631241,
    -0.021565791219472885,
    -0.057168833911418915,
    0.07361853867769241,
    -0.009309044107794762,
    0.07705330848693848,
    -0.030418789014220238,
    -0.03949341922998428,
    -0.030611436814069748,
    0.10296289622783661,
    -0.018174704164266586,
    0.10597077757120132,
    -0.019216638058423996,
    0.07234517484903336,
    0.02825613133609295,
    -0.022378381341695786,
    -0.010966803878545761,
    0.039894863963127136,
    -0.02448037825524807,
    0.027872633188962936,
    0.030807657167315483,
    -0.023020386695861816,
    0.012755664996802807,
    0.010496512055397034,
    0.042231012135744095,
    0.02506937086582184,
    0.03510799631476402,
    -0.03240193799138069,
    0.11601387709379196,
    0.12474027276039124,
    0.014627756550908089,
    -0.04071541130542755,
    0.07588692754507065,
    -0.05940302088856697,
    -0.029185039922595024,
    -0.018222209066152573,
    0.08154737949371338,
    0.004757652524858713,
    0.02776712365448475,
    -0.005105229560285807,
    -0.011470869183540344,
    -0.011763750575482845,
    0.04321976751089096,
    0.06103053316473961,
    -0.033618491142988205,
    0.017366429790854454,
    0.010371778160333633,
    -0.0125180808827281,
    -0.0007151460158638656,
    -0.03430855646729469,
    -0.049677684903144836,
    0.04523249343037605,
    -0.060970839112997055,
    0.0594029575586319,
    -0.018630418926477432,
    0.08373253047466278,
    -0.008640967309474945,
    -0.024353060871362686,
    -0.04603006690740585,
    -0.07576548308134079,
    -0.029413633048534393,
    -0.04837609454989433,
    0.04797537997364998,
    -0.02293555438518524,
    0.006641460116952658,
    0.06069394573569298,
    -0.03691895306110382,
    0.025242982432246208,
    -0.01993335224688053,
    -0.028525041416287422,
    -0.012059763073921204,
    -0.02443266659975052,
    0.039437271654605865,
    -0.023538479581475258,
    -0.07552074640989304,
    0.005213518161326647,
    0.019144119694828987,
    0.05138641595840454,
    -0.028476305305957794,
    -0.006699273828417063,
    0.060281671583652496,
    0.019777843728661537,
    -0.032908473163843155,
    -0.036246173083782196,
    0.012556886300444603,
    0.057870618999004364,
    -0.009556357748806477,
    0.07034648209810257,
    -0.019840892404317856,
    -1.94874070613853e-32,
    -0.009494994767010212,
    -0.06351587176322937,
    -0.05531494691967964,
    0.017420431599020958,
    0.05435973405838013,
    -0.017828328534960747,
    -0.008178045973181725,
    -0.050574082881212234,
    0.0480777844786644,
    0.03441447764635086,
    0.025729119777679443,
    -0.039806243032217026,
    -0.02783203311264515,
    -0.030456846579909325,
    0.0033066621981561184,
    -0.019270190969109535,
    -0.041072215884923935,
    -0.04193005710840225,
    -0.03057916648685932,
    0.1048603430390358,
    -0.010252718813717365,
    0.003670412115752697,
    0.031242698431015015,
    0.140096515417099,
    0.030865514650940895,
    0.03898358345031738,
    0.0004785718920174986,
    -0.009499535895884037,
    0.14607878029346466,
    -0.03699537739157677,
    -0.04206984490156174,
    -0.021071985363960266,
    -0.08045510202646255,
    0.030001526698470116,
    -0.1132708489894867,
    -0.1931946724653244,
    0.08966187387704849,
    -0.04660649970173836,
    -0.0023257771972566843,
    -0.08135241270065308,
    0.08544455468654633,
    0.023685311898589134,
    -0.049424588680267334,
    -0.008225319907069206,
    0.02820821851491928,
    -0.054869554936885834,
    0.08676759153604507,
    -0.01379405241459608,
    8.447812433587387e-05,
    -0.009627541527152061,
    0.0403495691716671,
    -0.049212824553251266,
    0.008787889964878559,
    0.017599161714315414,
    -0.06668546795845032,
    0.08357015997171402,
    0.027827251702547073,
    -0.0481775663793087,
    -0.016913235187530518,
    -0.027602419257164,
    0.07740414887666702,
    0.056470099836587906,
    -0.020230989903211594,
    0.08274528384208679,
    0.03917049244046211,
    -0.01612231321632862,
    0.010775867849588394,
    -0.03414576128125191,
    -0.056501101702451706,
    -0.09255484491586685,
    -0.07039050757884979,
    -0.09835337102413177,
    -0.060287170112133026,
    -0.09317312389612198,
    0.04603876918554306,
    -0.03267005831003189,
    -0.06441312283277512,
    -0.13347303867340088,
    -0.07545853406190872,
    0.01884027197957039,
    0.08285653591156006,
    -0.02082536742091179,
    -0.06163060665130615,
    0.08066175132989883,
    -0.007928724400699139,
    -0.008115957491099834,
    0.09124548733234406,
    -0.07141794264316559,
    -0.0433519184589386,
    0.0676921010017395,
    -0.07937087118625641,
    0.025000568479299545,
    -0.1241077184677124,
    0.05305405706167221,
    -0.07767864316701889,
    -5.314383244581222e-08,
    -0.022449074313044548,
    0.07042724639177322,
    0.0005898165982216597,
    -0.016724690794944763,
    -0.017390290275216103,
    -0.07840923219919205,
    -0.02647368609905243,
    -0.018241049721837044,
    -0.02797168493270874,
    -0.027521390467882156,
    0.026160916313529015,
    0.058098409324884415,
    -0.009959936141967773,
    0.010138372890651226,
    0.06384436041116714,
    -0.002987810643389821,
    -0.08481966704130173,
    -0.04507337138056755,
    -0.06406163424253464,
    0.03267452120780945,
    -0.021849481388926506,
    -0.030699938535690308,
    -0.0320650190114975,
    0.016869230195879936,
    0.0368606299161911,
    0.03139684721827507,
    0.0007077924674376845,
    0.04014573618769646,
    0.08513860404491425,
    0.028612567111849785,
    -0.03394468501210213,
    0.02339979261159897,
    0.012079006992280483,
    -0.03219863772392273,
    -0.061746008694171906,
    -0.05730889365077019,
    0.03908079117536545,
    -0.023507842794060707,
    0.07541146874427795,
    -0.0007598003139719367,
    -0.027960216626524925,
    0.020136935636401176,
    0.019393280148506165,
    0.07148106396198273,
    0.002528853714466095,
    -0.0594223216176033,
    -0.026514489203691483,
    0.02418820559978485,
    -0.004328853916376829,
    -0.057342272251844406,
    -0.05656053498387337,
    -0.04538838192820549,
    0.10001245886087418,
    0.0005667328368872404,
    -0.04124810919165611,
    0.031106192618608475,
    0.0404466912150383,
    0.0417296402156353,
    -0.02416093461215496,
    -0.017441948875784874,
    0.12463169544935226,
    0.02632695809006691,
    0.083228200674057,
    -0.0027531334199011326
]