[
    -0.03948226198554039,
    0.0711226686835289,
    -0.036608174443244934,
    -0.015718670561909676,
    -0.026537451893091202,
    0.05596823990345001,
    0.011141536757349968,
    -0.035722095519304276,
    0.04022173956036568,
    -0.011101637966930866,
    0.03618137538433075,
    0.022454669699072838,
    -0.01750168949365616,
    -0.040839482098817825,
    0.08713892102241516,
    -9.842671715887263e-05,
    0.07042606920003891,
    0.0212820153683424,
    -0.09788721054792404,
    0.11727923899888992,
    0.02542518451809883,
    0.09219053387641907,
    -0.026354758068919182,
    0.004643111024051905,
    -0.09025494754314423,
    -0.043201666325330734,
    -0.027957327663898468,
    -0.06565813720226288,
    0.05466260015964508,
    -0.06611526757478714,
    0.06516630947589874,
    0.04076716676354408,
    0.05422437563538551,
    0.06616395711898804,
    -0.0051767295226454735,
    0.0015470925718545914,
    -0.0442749485373497,
    0.053266894072294235,
    -0.04269248619675636,
    0.013189821504056454,
    -0.06161388009786606,
    -0.031009811908006668,
    -0.045454539358615875,
    0.009474171325564384,
    0.01774941012263298,
    0.0293981172144413,
    -0.07504040747880936,
    0.0009161396301351488,
    0.013684661127626896,
    0.04314076900482178,
    -0.10235614329576492,
    -0.026430418714880943,
    -0.06123774126172066,
    0.08816010504961014,
    -0.02876720391213894,
    -0.004737530834972858,
    -0.05777856707572937,
    -0.012695721350610256,
    -0.09290166944265366,
    -0.040218424052000046,
    -0.0010985141852870584,
    0.013797144405543804,
    0.02130304090678692,
    0.04742162302136421,
    -0.05555018410086632,
    0.0728541687130928,
    -0.007982023991644382,
    -0.020388811826705933,
    0.00618179515004158,
    -0.016239948570728302,
    -0.06946104764938354,
    -0.001173921162262559,
    0.001094072824344039,
    0.03635752201080322,
    -0.0028682805132120848,
    0.0030973218381404877,
    0.013336388394236565,
    0.016919666901230812,
    0.07888641208410263,
    -0.10202684998512268,
    -0.06437785178422928,
    -0.020076431334018707,
    -0.009760579094290733,
    0.02297862432897091,
    -0.0869627520442009,
    -0.010821683332324028,
    -0.022373050451278687,
    0.0035438041668385267,
    0.013075861148536205,
    -0.039340391755104065,
    0.05307576432824135,
    -0.04834143444895744,
    0.09651151299476624,
    -0.05594170093536377,
    0.0920744314789772,
    -0.053109310567379,
    -0.04618453234434128,
    -0.08667948096990585,
    -0.019170545041561127,
    0.007865682244300842,
    1.4912304322933778e-05,
    -0.0002618237631395459,
    -0.016257422044873238,
    -0.014609190635383129,
    -0.02300368994474411,
    -0.06548628956079483,
    -0.004017031751573086,
    -0.023868262767791748,
    0.03746013715863228,
    0.05447979271411896,
    0.02299550175666809,
    0.0006348729366436601,
    -0.018383650109171867,
    -0.149385005235672,
    0.04579831659793854,
    -0.013849624432623386,
    -0.024473998695611954,
    0.07032985240221024,
    0.061337910592556,
    -0.014248371124267578,
    -0.04992014542222023,
    -0.006930375471711159,
    -0.05493487790226936,
    -0.06823472678661346,
    -0.05119718238711357,
    0.009557411074638367,
    -0.04333366081118584,
    2.0600131483241616e-32,
    -0.02768784575164318,
    -0.002650993876159191,
    -0.05578022077679634,
    0.05123689025640488,
    0.03483450040221214,
    -0.0027144267223775387,
    0.00041346781654283404,
    -0.013767561875283718,
    -0.05674256011843681,
    0.025366272777318954,
    0.03274231776595116,
    0.014067335985600948,
    0.020657820627093315,
    -0.041064079850912094,
    -0.07058941572904587,
    0.032204266637563705,
    -0.021732507273554802,
    0.09893134981393814,
    -0.04932047054171562,
    0.07590925693511963,
    0.016821052879095078,
    0.010044904425740242,
    -0.004277197644114494,
    0.02784641645848751,
    -0.06720759719610214,
    -0.03112022764980793,
    0.02084021084010601,
    -0.021919189020991325,
    0.036385633051395416,
    -0.002306393813341856,
    0.020448878407478333,
    0.02484181895852089,
    0.031739961355924606,
    -0.049708835780620575,
    0.049135722219944,
    0.13597743213176727,
    0.004979324992746115,
    -0.03934994339942932,
    0.08247838169336319,
    -0.05957610905170441,
    -0.06866927444934845,
    0.0031600752845406532,
    0.01910388469696045,
    0.02773560956120491,
    0.023512469604611397,
    -0.010310782119631767,
    -0.010153676383197308,
    -0.03879036381840706,
    -0.01548673864454031,
    0.04031810909509659,
    -0.0375894233584404,
    0.025557516142725945,
    -0.01820189505815506,
    -0.013029498048126698,
    -0.00642123119905591,
    -0.009057966060936451,
    -0.09751960635185242,
    0.10082481056451797,
    -0.04986179992556572,
    0.05522668734192848,
    0.011970531195402145,
    0.02654929831624031,
    2.1018802726757713e-05,
    -0.038321737200021744,
    -0.020020881667733192,
    -0.07268895208835602,
    -0.03548755869269371,
    -0.06516051292419434,
    0.05265311896800995,
    -0.032242901623249054,
    -0.02240663953125477,
    0.08787200599908829,
    1.7187012417707592e-05,
    0.010223546996712685,
    -0.05079171061515808,
    -0.04008152335882187,
    0.02031943015754223,
    -0.036435555666685104,
    0.03445634990930557,
    0.011299964040517807,
    -0.03334899619221687,
    0.021052172407507896,
    0.008537853136658669,
    0.08675524592399597,
    -0.013870778493583202,
    -0.008319402113556862,
    0.035102829337120056,
    0.05412675067782402,
    -0.06618629395961761,
    -0.028585949912667274,
    -0.010216490365564823,
    0.028372080996632576,
    0.047784995287656784,
    0.031496673822402954,
    -0.008138616569340229,
    -2.0655060864887603e-32,
    -0.02611975371837616,
    -0.06575832515954971,
    -0.08914802968502045,
    0.01844439096748829,
    0.07621049880981445,
    -0.01718081347644329,
    -0.03485746681690216,
    -0.0775710865855217,
    0.05184357240796089,
    0.0232091061770916,
    0.0011064531281590462,
    -0.0738970935344696,
    -0.017122160643339157,
    -0.014891672879457474,
    -0.018628664314746857,
    -0.0010450955014675856,
    -0.056985870003700256,
    -0.07676660269498825,
    -0.02326013147830963,
    0.13762085139751434,
    -0.010782233439385891,
    0.00622721528634429,
    -0.05529163405299187,
    0.15276837348937988,
    0.0389861986041069,
    0.07261636853218079,
    -0.05075420066714287,
    0.01034230925142765,
    0.09618432819843292,
    -0.06293771415948868,
    -0.06343153864145279,
    -0.05107000097632408,
    -0.05604584142565727,
    0.004456656519323587,
    -0.06802314519882202,
    -0.1710478812456131,
    0.05507031828165054,
    -0.021543432027101517,
    -0.03983903303742409,
    -0.024576595053076744,
    0.10315801203250885,
    -0.009839414618909359,
    -0.04370583966374397,
    -0.006855860352516174,
    0.009891357272863388,
    -0.0640476867556572,
    0.08391305804252625,
    -0.05455433949828148,
    -0.0004678434052038938,
    0.012186619453132153,
    0.05733538791537285,
    -0.06102537736296654,
    0.0002844262053258717,
    0.033631812781095505,
    -0.07556193321943283,
    0.016820356249809265,
    0.019243847578763962,
    -0.057640302926301956,
    -0.02023111656308174,
    -0.0031038348097354174,
    0.09498203545808792,
    0.05604114755988121,
    -0.07994483411312103,
    0.06087029352784157,
    0.008597226813435555,
    -0.026183025911450386,
    -0.03893696144223213,
    -0.055035024881362915,
    -0.04333734139800072,
    -0.10090784728527069,
    -0.05578557029366493,
    -0.11108400672674179,
    -0.05242971330881119,
    -0.11447973549365997,
    0.13267691433429718,
    -0.015259161591529846,
    -0.020182481035590172,
    -0.07805608212947845,
    -0.09429733455181122,
    -0.00045177602441981435,
    0.07065973430871964,
    -0.005433169659227133,
    -0.05166727676987648,
    0.07271070033311844,
    -0.0021602893248200417,
    0.001796005410142243,
    0.07901223748922348,
    -0.06758204847574234,
    -0.012794342823326588,
    0.09574234485626221,
    -0.03375023230910301,
    0.014042500406503677,
    -0.047042932361364365,
    0.049524880945682526,
    -0.09487276524305344,
    -5.911599387786737e-08,
    -0.0008470200700685382,
    0.038675665855407715,
    0.04262908920645714,
    -0.0423622690141201,
    -0.015221204608678818,
    -0.07975450903177261,
    0.014255723915994167,
    -0.0028023752383887768,
    -0.057250864803791046,
    -0.002884353045374155,
    0.03308946639299393,
    0.08081375807523727,
    -0.018657252192497253,
    -0.008601536974310875,
    0.07190566509962082,
    -0.030565625056624413,
    -0.08765879273414612,
    -0.055835090577602386,
    -0.037678346037864685,
    0.04218754544854164,
    -0.04720938205718994,
    -0.05651281028985977,
    -0.05125240609049797,
    0.019298557192087173,
    0.024763382971286774,
    0.05926666408777237,
    0.00734551390632987,
    0.023846084251999855,
    0.039252206683158875,
    0.03848082572221756,
    -0.04378703981637955,
    0.031201593577861786,
    0.04183114692568779,
    0.010481683537364006,
    -0.06933154165744781,
    -0.034572534263134,
    0.019021838903427124,
    -0.019727034494280815,
    0.043050508946180344,
    0.002358638681471348,
    0.009451963007450104,
    0.04370974749326706,
    0.007618724834173918,
    0.06876061111688614,
    0.03873315453529358,
    -0.021572234109044075,
    -0.002881352324038744,
    -0.007661147508770227,
    -0.019864019006490707,
    -0.07782699167728424,
    -0.06272892653942108,
    -0.04458644986152649,
    0.12354004383087158,
    -0.009671801701188087,
    -0.03631321340799332,
    0.08393120020627975,
    0.06362339109182358,
    0.05352014675736427,
    -0.022122414782643318,
    -0.00958959385752678,
    0.12008193135261536,
    0.08169977366924286,
    0.041995178908109665,
    -0.030716776847839355
]