[
    -0.07529420405626297,
    0.06682036817073822,
    -0.02644243836402893,
    -0.04289526119828224,
    -0.06044880673289299,
    0.06443240493535995,
    -0.008006194606423378,
    -0.03709663823246956,
    0.026053717359900475,
    -0.0038331772666424513,
    0.004417941905558109,
    0.019666047766804695,
    -0.02783362939953804,
    -0.08765942603349686,
    0.06605131179094315,
    -0.017128633335232735,
    0.02579904906451702,
    0.023333491757512093,
    -0.10113514959812164,
    0.0933399498462677,
    0.06521973758935928,
    0.09305780380964279,
    -0.042052119970321655,
    0.03738464415073395,
    -0.10842397809028625,
    -0.027880564332008362,
    0.016992319375276566,
    -0.04724160581827164,
    0.05102363973855972,
    -0.020914562046527863,
    0.0660979226231575,
    0.016359396278858185,
    0.08405511826276779,
    0.06762439757585526,
    -0.046712372452020645,
    0.013448341749608517,
    -0.03523720055818558,
    0.014370880089700222,
    -0.03571091964840889,
    0.04690144956111908,
    -0.04342079907655716,
    -0.0492415651679039,
    -0.07072946429252625,
    -5.8918012655340135e-06,
    0.018401984125375748,
    0.04105088487267494,
    -0.036146167665719986,
    -0.0136874970048666,
    -0.04338093101978302,
    0.058393239974975586,
    -0.08767888695001602,
    -0.015550344251096249,
    -0.07260531187057495,
    0.09480804949998856,
    -0.044800423085689545,
    -0.011931154876947403,
    -0.04460460692644119,
    -0.052346061915159225,
    -0.07134947180747986,
    0.0009951400570571423,
    0.002518466906622052,
    0.023322787135839462,
    0.03411944583058357,
    0.0674322098493576,
    -0.03658180683851242,
    0.06188150495290756,
    -0.008890973404049873,
    -0.0022376002743840218,
    0.014407369308173656,
    -0.020012740045785904,
    -0.06723310053348541,
    -0.019211499020457268,
    0.011192607693374157,
    0.041926734149456024,
    0.0018744361586868763,
    -0.01480834186077118,
    -0.0255979485809803,
    0.013169377110898495,
    0.024908628314733505,
    -0.12534528970718384,
    -0.03972717374563217,
    0.01178273931145668,
    -0.03755084425210953,
    0.06056787073612213,
    -0.05534757673740387,
    0.005921195726841688,
    -0.019073350355029106,
    -0.01840440183877945,
    0.00701577914878726,
    -0.03193901851773262,
    0.07311362773180008,
    -0.05100378394126892,
    0.10179734975099564,
    -0.0804113820195198,
    0.07106419652700424,
    -0.04819992557168007,
    -0.01143762655556202,
    -0.09295651316642761,
    0.022087693214416504,
    -0.03251900151371956,
    -0.0036951485089957714,
    0.029170149937272072,
    0.015671828761696815,
    -0.007798218168318272,
    -0.03235853090882301,
    -0.051852911710739136,
    0.0228379275649786,
    -0.02572629600763321,
    0.013397576287388802,
    0.08124903589487076,
    0.06296372413635254,
    0.016374357044696808,
    -0.04233800992369652,
    -0.13444750010967255,
    0.027799341827630997,
    0.015516404062509537,
    -0.04147195443511009,
    0.08144107460975647,
    0.0473964624106884,
    -0.02278115227818489,
    -0.039789509028196335,
    -0.00803622417151928,
    -0.003992770798504353,
    -0.07270170003175735,
    -0.02013987861573696,
    -0.00020527211017906666,
    -0.06756239384412766,
    1.5157713127105384e-32,
    -0.02099446952342987,
    -0.02158380299806595,
    -0.056787434965372086,
    0.024262063205242157,
    0.026691662147641182,
    0.014844953082501888,
    -0.006666172761470079,
    -0.04403642565011978,
    -0.03933609277009964,
    0.0778363049030304,
    0.042977675795555115,
    0.06959376484155655,
    0.0005093829822726548,
    -0.040208254009485245,
    -0.05569435656070709,
    0.10847381502389908,
    -0.011417632922530174,
    0.1013462096452713,
    0.009234067052602768,
    0.0579226128757,
    0.0395631417632103,
    -0.02575361542403698,
    -0.011984898708760738,
    0.02657768689095974,
    -0.0121363690122962,
    0.025640791282057762,
    0.02291429415345192,
    -0.0363544262945652,
    -0.00440583098679781,
    0.0006217967602424324,
    0.011365730315446854,
    0.034514494240283966,
    0.0727219507098198,
    -0.07858886569738388,
    0.1259532868862152,
    0.11194615811109543,
    -0.007118824403733015,
    -0.034340426325798035,
    0.06058284640312195,
    -0.05726974084973335,
    -0.011764670722186565,
    -0.034073356539011,
    0.051499079912900925,
    -0.004115710034966469,
    0.04369809478521347,
    0.005963633768260479,
    -0.05056009814143181,
    -0.0010092026786878705,
    0.011898232623934746,
    0.06089377403259277,
    -0.03608713671565056,
    0.013145697303116322,
    -0.0050528752617537975,
    -0.03749725967645645,
    -0.0018470094073563814,
    -0.032245196402072906,
    -0.0822959840297699,
    0.03047196939587593,
    -0.0753166601061821,
    0.048720985651016235,
    7.037603063508868e-05,
    0.07953118532896042,
    0.0006306318682618439,
    -0.05440979823470116,
    -0.05054274946451187,
    -0.07493428885936737,
    -0.04157354682683945,
    -0.05124558135867119,
    0.03816426172852516,
    -0.057314638048410416,
    -0.020636534318327904,
    0.07945148646831512,
    -0.03288350626826286,
    0.04805295541882515,
    -0.015354041941463947,
    -0.021061265841126442,
    0.00896688923239708,
    -0.028893491253256798,
    0.06558037549257278,
    -0.03628828749060631,
    -0.062297023832798004,
    -0.002918081358075142,
    0.02791542559862137,
    0.08744131773710251,
    -0.039269719272851944,
    -0.0004888832336291671,
    0.05022663250565529,
    0.03142125532031059,
    -0.06160261109471321,
    -0.033657096326351166,
    0.020506221801042557,
    0.029996953904628754,
    -0.019457455724477768,
    0.0339706614613533,
    0.016968464478850365,
    -1.706729488380856e-32,
    -0.010661615058779716,
    -0.06472421437501907,
    -0.08870118111371994,
    0.010535269975662231,
    0.061476193368434906,
    -0.024957727640867233,
    -0.01604054868221283,
    -0.033845819532871246,
    0.03416847437620163,
    0.010384819470345974,
    0.03704742342233658,
    -0.02153169922530651,
    -0.045360177755355835,
    -0.04459073022007942,
    -0.00030213710851967335,
    0.006979560479521751,
    -0.03801916539669037,
    -0.030369311571121216,
    -0.02352766878902912,
    0.10871679335832596,
    0.0008855441701598465,
    -0.03481629863381386,
    0.023232700303196907,
    0.13602401316165924,
    0.0675528347492218,
    0.009594982489943504,
    -0.00475985137745738,
    0.030352821573615074,
    0.10124295949935913,
    -0.026359301060438156,
    -0.04568571597337723,
    -0.031440068036317825,
    -0.05898229032754898,
    -0.002095998264849186,
    -0.11973879486322403,
    -0.16481561958789825,
    0.06024796888232231,
    -0.042141392827034,
    -0.008734872564673424,
    -0.05614688992500305,
    0.09588898718357086,
    0.003928518854081631,
    -0.021928220987319946,
    -0.03744208812713623,
    0.005130229517817497,
    -0.05592547357082367,
    0.09109534323215485,
    0.010046707466244698,
    -0.013677258044481277,
    0.0022765661124140024,
    0.06885942071676254,
    -0.0693797841668129,
    0.015687935054302216,
    0.017358990386128426,
    -0.05679669603705406,
    0.09491471946239471,
    -0.0018581909826025367,
    -0.03914741426706314,
    -0.022112807258963585,
    -0.027993792667984962,
    0.08778155595064163,
    0.06018978729844093,
    -0.06720419973134995,
    0.0690738782286644,
    0.020822711288928986,
    -0.05057784914970398,
    0.008543928153812885,
    -0.02993769384920597,
    -0.042014893144369125,
    -0.09831444174051285,
    -0.07380922138690948,
    -0.10663044452667236,
    -0.03043915517628193,
    -0.11820045113563538,
    0.07162073999643326,
    -0.037592433393001556,
    -0.04998735338449478,
    -0.135044127702713,
    -0.08291270583868027,
    0.016044020652770996,
    0.06586408615112305,
    -0.005615551490336657,
    -0.0468050055205822,
    0.08750878274440765,
    -0.0039056602399796247,
    0.026263056322932243,
    0.06433618813753128,
    -0.06516031920909882,
    -0.01611524075269699,
    0.09309034049510956,
    -0.04557634890079498,
    0.03223279118537903,
    -0.11273272335529327,
    0.06507734954357147,
    -0.08650951087474823,
    -4.7878728537398274e-08,
    -0.016480619087815285,
    0.0794517770409584,
    0.0077500552870333195,
    -0.06330396234989166,
    0.012736181728541851,
    -0.07365880906581879,
    -0.02063033916056156,
    -0.036830365657806396,
    -0.020927447825670242,
    -0.01599668525159359,
    0.03174832463264465,
    0.06410569697618484,
    -0.023138483986258507,
    0.007379009388387203,
    0.04674980416893959,
    0.003890759777277708,
    -0.08887151628732681,
    -0.05621647089719772,
    -0.04987846314907074,
    0.02281595952808857,
    -0.054048895835876465,
    -0.06807305663824081,
    -0.02897793985903263,
    0.029115961864590645,
    0.03168623149394989,
    0.007233688607811928,
    -0.008903072215616703,
    0.03776048496365547,
    0.0699252188205719,
    0.04671630263328552,
    -0.022239169105887413,
    0.025035275146365166,
    0.04731454327702522,
    -0.0043861898593604565,
    -0.05808373540639877,
    -0.0645764172077179,
    0.0316443145275116,
    -0.043893057852983475,
    0.061756432056427,
    0.002080025151371956,
    0.002484701806679368,
    0.011569776572287083,
    0.03067251853644848,
    0.07493292540311813,
    0.017962822690606117,
    -0.03422907367348671,
    -0.00978822261095047,
    0.006746036931872368,
    -0.017105815932154655,
    -0.0510634183883667,
    -0.07176993787288666,
    -0.024851877242326736,
    0.09555985778570175,
    -0.0044127581641077995,
    -0.0249565951526165,
    0.05478576198220253,
    0.04286465048789978,
    0.043894585222005844,
    -0.036685097962617874,
    -0.038110438734292984,
    0.1100442111492157,
    0.04491841420531273,
    0.04897654429078102,
    -0.004991884808987379
]