[
    -0.03182080760598183,
    0.057498808950185776,
    -0.0221493411809206,
    -0.06565261632204056,
    -0.056494276970624924,
    0.046499304473400116,
    -0.04658440127968788,
    0.020062606781721115,
    0.009496606886386871,
    -0.021661894395947456,
    0.01255726721137762,
    -0.04439353942871094,
    -0.00019965789397247136,
    -0.03352672606706619,
    0.08308974653482437,
    0.003307164879515767,
    0.0760725736618042,
    0.0041748094372451305,
    -0.08472850918769836,
    0.07856161892414093,
    0.03009631857275963,
    0.06361627578735352,
    -0.05622677505016327,
    0.0011639704462140799,
    -0.14143063127994537,
    -0.05835741385817528,
    -0.017017263919115067,
    -0.0547306090593338,
    0.07948199659585953,
    -0.043408241122961044,
    0.04981331527233124,
    0.04075068607926369,
    0.07651965320110321,
    0.06711715459823608,
    0.010038478299975395,
    -0.021324796602129936,
    -0.02318635955452919,
    0.0018623932264745235,
    -0.047896288335323334,
    0.023117898032069206,
    -0.06401410698890686,
    -0.06726060807704926,
    -0.07061433792114258,
    0.03899015486240387,
    0.00818665325641632,
    0.018542537465691566,
    -0.05985705181956291,
    -0.004036325495690107,
    0.007169816177338362,
    0.039684027433395386,
    -0.07263732701539993,
    -0.014639776200056076,
    -0.0775335356593132,
    0.0741196870803833,
    -0.05404122546315193,
    -0.041330087929964066,
    -0.03794451430439949,
    -0.003144054440781474,
    -0.08902904391288757,
    -0.015094038099050522,
    -0.0033833354245871305,
    0.004877607803791761,
    -0.009955601766705513,
    0.07325419783592224,
    -0.038931287825107574,
    0.056724779307842255,
    -0.017569156363606453,
    -0.04932009428739548,
    0.02014976367354393,
    0.04825921356678009,
    -0.1176973283290863,
    -0.024488581344485283,
    -0.02831996977329254,
    0.05792953819036484,
    -0.03373353183269501,
    -0.021476535126566887,
    -0.036617379635572433,
    0.010472284629940987,
    0.050779566168785095,
    -0.10854566097259521,
    -0.06147455796599388,
    -0.008203091099858284,
    -0.0010476380120962858,
    0.05266660451889038,
    -0.06273088604211807,
    -0.010756765492260456,
    -0.029651690274477005,
    -0.024245882406830788,
    0.010924914851784706,
    -0.025039508938789368,
    0.09075222164392471,
    -0.03570874407887459,
    0.05080648139119148,
    -0.05516733601689339,
    0.0958738848567009,
    -0.06530111283063889,
    -0.010156283155083656,
    -0.05455007776618004,
    -0.03200658783316612,
    -0.026381028816103935,
    0.005121273919939995,
    -0.01716599427163601,
    0.02155323699116707,
    0.012342304922640324,
    -0.024063104763627052,
    -0.050157688558101654,
    0.017578165978193283,
    -0.03986164927482605,
    0.0255281962454319,
    0.056232914328575134,
    0.053309667855501175,
    0.004465378355234861,
    -0.0388973243534565,
    -0.14515332877635956,
    0.034072231501340866,
    0.002876829355955124,
    -0.010911223478615284,
    0.04009762778878212,
    0.04146803915500641,
    0.0030548551585525274,
    -0.022639207541942596,
    -0.009490810334682465,
    -0.05170726031064987,
    -0.11270090937614441,
    -0.05497410148382187,
    0.0036372775211930275,
    -0.023340770974755287,
    1.825077231064087e-32,
    -0.014776431024074554,
    0.022124899551272392,
    -0.06332939118146896,
    0.027149707078933716,
    0.025539293885231018,
    0.011982138268649578,
    -0.006145556457340717,
    -0.040492571890354156,
    -0.080012246966362,
    0.03169633075594902,
    0.005964621901512146,
    0.05636434257030487,
    0.0018591606058180332,
    -0.04106619581580162,
    -0.013233441859483719,
    0.05728459730744362,
    0.026526160538196564,
    0.08812851458787918,
    0.03629634156823158,
    0.060103561729192734,
    0.02834000624716282,
    -0.047322578728199005,
    -0.0035526747815310955,
    0.041441962122917175,
    -0.01858408749103546,
    0.027745120227336884,
    0.02587719075381756,
    -0.03134149685502052,
    0.04169623181223869,
    -0.010739557445049286,
    0.0386890284717083,
    0.0007990385056473315,
    0.035185135900974274,
    -0.04525144770741463,
    0.08029403537511826,
    0.13295331597328186,
    0.02303026244044304,
    -0.06636574119329453,
    0.08439944684505463,
    -0.07959365844726562,
    -0.031208302825689316,
    0.006141433026641607,
    0.044856276363134384,
    0.048234064131975174,
    0.046752192080020905,
    0.002757541835308075,
    0.003326000180095434,
    -0.008587519638240337,
    0.029089270159602165,
    0.03857754170894623,
    -0.04835786670446396,
    0.02067939005792141,
    0.003930398263037205,
    -0.011916419491171837,
    0.013756398111581802,
    -0.030484192073345184,
    -0.07670360803604126,
    0.030542347580194473,
    -0.050093431025743484,
    0.08904045820236206,
    -0.04469088464975357,
    0.04149046540260315,
    0.016325755044817924,
    0.020467521622776985,
    0.019703688099980354,
    -0.07221633195877075,
    -0.03595072403550148,
    -0.06435732543468475,
    0.025290485471487045,
    -0.0505170039832592,
    -0.06335977464914322,
    0.04956040158867836,
    -0.011816532351076603,
    0.023023871704936028,
    -0.04004090651869774,
    -0.048739563673734665,
    0.05983744561672211,
    -0.05332566425204277,
    0.0762762576341629,
    -0.009419510141015053,
    -0.09167665988206863,
    0.03511720523238182,
    0.03604049235582352,
    0.0691654160618782,
    -0.03767213970422745,
    -0.03192738816142082,
    0.03695822134613991,
    0.07904279232025146,
    -0.0957503542304039,
    -0.0531165674328804,
    0.00925089418888092,
    0.005993494763970375,
    0.012502947822213173,
    0.05097733065485954,
    0.04129789397120476,
    -1.8534912805121632e-32,
    -0.01308401022106409,
    -0.059360481798648834,
    -0.03624526411294937,
    0.0356673039495945,
    0.06687316298484802,
    0.0005446921568363905,
    -0.010506896302103996,
    -0.06288619339466095,
    0.08871981501579285,
    0.048128098249435425,
    0.04032788798213005,
    -0.035280562937259674,
    0.007877085357904434,
    -0.03380979597568512,
    -0.04549642279744148,
    0.008046157658100128,
    -0.07702203840017319,
    -0.06254760921001434,
    0.0016785503830760717,
    0.0892086923122406,
    0.018450172618031502,
    -0.003247546497732401,
    -0.01075179222971201,
    0.1476152539253235,
    0.059621620923280716,
    0.05152367055416107,
    -0.062050942331552505,
    -0.04333788901567459,
    0.05279681831598282,
    -0.07603218406438828,
    -0.048577018082141876,
    -0.05356680601835251,
    -0.048474740236997604,
    0.0016224548453465104,
    -0.09931240230798721,
    -0.17796160280704498,
    0.04622947797179222,
    0.004008808638900518,
    -0.008145350962877274,
    -0.00366478250361979,
    0.08825011551380157,
    -0.014068231917917728,
    -0.029262108728289604,
    -0.0017526268493384123,
    -0.00868436973541975,
    -0.06720282882452011,
    0.0839776024222374,
    -0.05519968271255493,
    0.0022716799285262823,
    -0.03466547280550003,
    0.03438045457005501,
    -0.04829791560769081,
    -0.0061265164986252785,
    0.015463331714272499,
    -0.07271702587604523,
    0.062094807624816895,
    -0.031785961240530014,
    -0.0024516256526112556,
    0.008462399244308472,
    -0.029555896297097206,
    0.12278635799884796,
    0.04471106827259064,
    -0.06429290771484375,
    0.04204360395669937,
    0.027896564453840256,
    -0.03545987233519554,
    0.00290135876275599,
    -0.0028554240707308054,
    -0.07003652304410934,
    -0.07363169640302658,
    -0.11146838963031769,
    -0.0883849486708641,
    -0.025140978395938873,
    -0.08247736841440201,
    0.0665937289595604,
    -0.05282783508300781,
    0.014356814324855804,
    -0.11331193894147873,
    -0.06267165392637253,
    0.008764850907027721,
    0.05663784220814705,
    0.004466862417757511,
    -0.0668792873620987,
    0.08983968943357468,
    8.843496470944956e-05,
    9.275074262404814e-05,
    0.07598678022623062,
    -0.07375074923038483,
    -0.00015672481094952673,
    0.09451568871736526,
    -0.07298213988542557,
    0.022772490978240967,
    -0.05968788266181946,
    0.0787300169467926,
    -0.08868665248155594,
    -5.1580364868186734e-08,
    -0.051310595124959946,
    0.03819089010357857,
    0.006518421694636345,
    -0.057710010558366776,
    0.014773694798350334,
    -0.023083288222551346,
    -0.01752058044075966,
    -0.032829172909259796,
    -0.042899660766124725,
    -0.023893261328339577,
    0.03042551875114441,
    0.05978956073522568,
    -0.0493372343480587,
    0.017100956290960312,
    0.04616580903530121,
    0.01967281475663185,
    -0.07444699108600616,
    -0.039308007806539536,
    -0.050342537462711334,
    0.022333703935146332,
    -0.09141581505537033,
    -0.04417555779218674,
    -0.03975296765565872,
    0.005183068569749594,
    0.05394310876727104,
    0.03370171785354614,
    -0.01242477260529995,
    0.06730951368808746,
    0.051810771226882935,
    0.047144461423158646,
    -0.00678744213655591,
    0.024013236165046692,
    0.06263658404350281,
    -0.023501653224229813,
    -0.09111157059669495,
    -0.021310225129127502,
    0.016072802245616913,
    0.011940817348659039,
    0.05561317503452301,
    -0.030948583036661148,
    -0.014027043245732784,
    0.046865954995155334,
    0.04876156523823738,
    0.08145246654748917,
    0.008145814761519432,
    -0.024565065279603004,
    -0.015198647044599056,
    0.014196665957570076,
    0.0016405798960477114,
    -0.08447971194982529,
    -0.024043824523687363,
    -0.030838143080472946,
    0.10770037025213242,
    0.02219744399189949,
    -0.027474088594317436,
    0.09808459877967834,
    0.03816615045070648,
    0.06759144365787506,
    -0.017810732126235962,
    -0.01602625474333763,
    0.08947352319955826,
    0.07661335915327072,
    0.05852736532688141,
    -0.0065231905318796635
]