[
    -0.06520000100135803,
    0.01852399669587612,
    -0.04188309982419014,
    -0.08094289153814316,
    -0.06129739060997963,
    0.048077382147312164,
    -0.011543900705873966,
    -0.03988591209053993,
    0.010732950642704964,
    -0.01928013376891613,
    -0.0016449238173663616,
    -0.0362376868724823,
    0.037584055215120316,
    -0.0268239825963974,
    0.08558247238397598,
    0.002710676519200206,
    0.04851021245121956,
    0.02798810787498951,
    -0.08240457624197006,
    0.027478620409965515,
    0.017481040209531784,
    0.04272952675819397,
    -0.051175493746995926,
    -0.020290393382310867,
    -0.1184079498052597,
    -0.03898627310991287,
    -0.003510246751829982,
    -0.05043165013194084,
    0.0021295123733580112,
    -0.07436415553092957,
    0.03389200195670128,
    0.017060818150639534,
    0.009300471283495426,
    0.06658803671598434,
    -0.007650688756257296,
    0.02678615227341652,
    -0.017596416175365448,
    0.016476506367325783,
    -0.0008416555356234312,
    0.0387268140912056,
    -0.08066356182098389,
    -0.057158585637807846,
    -0.06647716462612152,
    0.004425572697073221,
    0.019701559096574783,
    -0.00993467215448618,
    -0.06968570500612259,
    -0.061300620436668396,
    0.015223264694213867,
    0.045939311385154724,
    -0.04450129717588425,
    -0.020066294819116592,
    -0.03816170245409012,
    0.12335368990898132,
    -0.0774017944931984,
    -0.01992153190076351,
    -0.049317508935928345,
    -0.03943675011396408,
    -0.06320510059595108,
    0.0007933313609100878,
    -0.0054312655702233315,
    0.03602232411503792,
    0.01252918690443039,
    0.07569784671068192,
    -0.06298556923866272,
    0.04050470516085625,
    -0.04803511127829552,
    -0.019416943192481995,
    -0.031907614320516586,
    0.01760960929095745,
    -0.08787278831005096,
    -0.02456691861152649,
    -0.031506892293691635,
    0.05494019761681557,
    -7.567636930616572e-05,
    0.0019194756168872118,
    0.00010020315676229075,
    -0.00025977936456911266,
    0.09208711981773376,
    -0.16382856667041779,
    -0.004553554579615593,
    0.06416313350200653,
    -0.03988328203558922,
    0.06643597781658173,
    -0.060042038559913635,
    -0.007841063663363457,
    -0.010229636915028095,
    -0.0023042180109769106,
    -0.02669018693268299,
    -0.04007231444120407,
    0.055525679141283035,
    -0.05809660255908966,
    0.07650808244943619,
    -0.06801971048116684,
    0.08255783468484879,
    -0.05269647017121315,
    -0.012839801609516144,
    -0.06334557384252548,
    0.04633850231766701,
    -0.01701824553310871,
    -0.032858096063137054,
    0.010867390781641006,
    0.01740112528204918,
    -0.016198307275772095,
    -0.06799289584159851,
    -0.06651366502046585,
    0.027859976515173912,
    0.005232342518866062,
    0.056209612637758255,
    0.06300222873687744,
    0.020088614895939827,
    0.05007345974445343,
    -0.045534614473581314,
    -0.17715507745742798,
    0.02432147040963173,
    0.018410716205835342,
    -0.04220478981733322,
    0.06546778976917267,
    0.039539676159620285,
    0.001608391059562564,
    -0.027761679142713547,
    0.012202312238514423,
    -0.017721829935908318,
    -0.08751785755157471,
    -0.0014101156266406178,
    0.025571776553988457,
    -0.04005062207579613,
    2.383772945215421e-32,
    -0.009650071151554585,
    -0.006582930218428373,
    -0.040817275643348694,
    0.052190277725458145,
    0.054724618792533875,
    -0.0017963581485673785,
    0.026352057233452797,
    -0.021463030949234962,
    -0.08639615774154663,
    0.08755150437355042,
    -0.04666320979595184,
    0.03428797423839569,
    -0.032683804631233215,
    -0.025595959275960922,
    0.0027936440892517567,
    0.03839515522122383,
    -0.007025277242064476,
    0.05683813989162445,
    -0.030415313318371773,
    0.07119247317314148,
    0.007761743385344744,
    -0.034626394510269165,
    0.03762158006429672,
    0.07105361670255661,
    0.013425914570689201,
    -0.002293308963999152,
    0.01194638479501009,
    0.005627867300063372,
    0.0411984845995903,
    0.005386169999837875,
    0.0370682030916214,
    0.04303811863064766,
    0.007927605882287025,
    -0.024797432124614716,
    0.062282778322696686,
    0.11539335548877716,
    0.03921530768275261,
    -0.059430357068777084,
    0.08355466276407242,
    -0.06999527662992477,
    -0.03096577525138855,
    -0.022636551409959793,
    0.06747879832983017,
    0.016288336366415024,
    0.03411930799484253,
    -0.03361451253294945,
    0.023186730220913887,
    -0.005839998833835125,
    0.002928914735093713,
    0.04460933804512024,
    -0.050103411078453064,
    0.017763197422027588,
    0.023118561133742332,
    -0.01969481259584427,
    0.002582533983513713,
    -0.02446894906461239,
    -0.05670144781470299,
    0.04575100168585777,
    -0.03157349303364754,
    0.07073387503623962,
    -0.08643515408039093,
    0.03195849433541298,
    -0.011900910176336765,
    0.009006894193589687,
    -0.02737806923687458,
    -0.05345027148723602,
    -0.041495438665151596,
    -0.08763977140188217,
    0.05729833245277405,
    -0.002885971451178193,
    -0.04040926694869995,
    0.04971669614315033,
    -0.03611908107995987,
    0.05388185381889343,
    -0.05852822586894035,
    -0.03541712090373039,
    -0.012613711878657341,
    -0.03531338647007942,
    0.06783909350633621,
    -0.02777719497680664,
    -0.12539027631282806,
    0.015247839502990246,
    0.04882887750864029,
    0.07784204185009003,
    0.00601673498749733,
    0.0018559095915406942,
    0.05611192062497139,
    -0.008266661316156387,
    -0.07469818741083145,
    -0.0337681882083416,
    -0.041699573397636414,
    0.022089051082730293,
    0.05850496515631676,
    0.05334269627928734,
    0.05022116005420685,
    -2.4126120828081134e-32,
    -0.011990943923592567,
    -0.03430849313735962,
    -0.08243153989315033,
    -0.011321584694087505,
    0.047876760363578796,
    -0.021829959005117416,
    0.0008587392512708902,
    -0.09377332776784897,
    0.04208889603614807,
    0.05747515708208084,
    0.034670643508434296,
    0.007302148267626762,
    -0.01855124533176422,
    -0.0438046008348465,
    0.0079630296677351,
    -0.047725796699523926,
    -0.08237346261739731,
    -0.03699222952127457,
    0.002541998866945505,
    0.12217911332845688,
    -0.011010748334228992,
    0.021674904972314835,
    -0.006923049222677946,
    0.11615391075611115,
    0.05609869211912155,
    0.06946729123592377,
    -0.05812159925699234,
    0.0077567556872963905,
    0.08640026301145554,
    -0.056687287986278534,
    -0.05374458432197571,
    -0.06132671236991882,
    -0.04655804857611656,
    0.018269488587975502,
    -0.09361021965742111,
    -0.21288731694221497,
    0.05320386216044426,
    -0.05549626052379608,
    -0.014849637635052204,
    -0.0793858990073204,
    0.10054374486207962,
    -0.002486791927367449,
    -0.02807004749774933,
    0.018867237493395805,
    0.02919905073940754,
    -0.09551503509283066,
    0.07734095305204391,
    -0.058906439691782,
    -0.012425343506038189,
    -0.008022692985832691,
    -0.01445187907665968,
    -0.05389846861362457,
    -0.017049340531229973,
    0.023409444838762283,
    -0.02936815656721592,
    0.09013586491346359,
    -0.004831061232835054,
    -0.023927655071020126,
    -0.017076605930924416,
    -0.019329648464918137,
    0.10035953670740128,
    0.0620705783367157,
    0.01272193156182766,
    0.09757436811923981,
    0.09263274818658829,
    -0.03423184156417847,
    -0.027615023776888847,
    -0.012105840258300304,
    -0.042003877460956573,
    -0.0839005559682846,
    -0.038054753094911575,
    -0.05981918051838875,
    -0.037233080714941025,
    -0.1078716292977333,
    0.0893043503165245,
    -0.1008371040225029,
    -0.04943104088306427,
    -0.10204451531171799,
    -0.047259677201509476,
    0.018979916349053383,
    0.029977835714817047,
    -0.0273479912430048,
    -0.0448138453066349,
    0.08770634979009628,
    -0.021882809698581696,
    -0.0014421384548768401,
    0.08708123862743378,
    -0.03913363441824913,
    -0.02019655518233776,
    0.05850667878985405,
    -0.10138613730669022,
    0.001281445613130927,
    -0.05689176172018051,
    0.0456458143889904,
    -0.08252246677875519,
    -6.449313616485597e-08,
    -0.0377420149743557,
    0.07384603470563889,
    -0.011019624769687653,
    -0.04878765717148781,
    -0.004621854983270168,
    -0.07190456241369247,
    -0.05912905931472778,
    -0.008143706247210503,
    -0.04581668600440025,
    -0.008192061446607113,
    0.04845057427883148,
    0.042185910046100616,
    -0.005106507334858179,
    -0.023931926116347313,
    0.06885602325201035,
    -0.008757572621107101,
    -0.062198180705308914,
    -0.00031812809174880385,
    -0.0710141584277153,
    0.0013144363183528185,
    -0.0470598004758358,
    -0.015471062622964382,
    -0.03754635900259018,
    0.05118780583143234,
    0.02454674243927002,
    0.019835036247968674,
    0.011311491951346397,
    0.029503419995307922,
    0.10361780226230621,
    0.04779617860913277,
    -0.03823515400290489,
    0.0007431059493683279,
    0.032656069844961166,
    -0.031965840607881546,
    -0.013943817466497421,
    -0.028892848640680313,
    0.029374124482274055,
    -0.009375032968819141,
    0.07085539400577545,
    0.0022576337214559317,
    0.008330747485160828,
    0.02934384159743786,
    0.04000241681933403,
    0.07888378202915192,
    0.007533781696110964,
    -0.05750488117337227,
    -0.07091505080461502,
    0.015954218804836273,
    0.02401142567396164,
    -0.04396568611264229,
    -0.05975436791777611,
    -0.028921158984303474,
    0.051375389099121094,
    -0.007529460825026035,
    -0.04851556196808815,
    0.03231055289506912,
    0.026503169909119606,
    0.034971095621585846,
    0.014830130152404308,
    0.00036823522532358766,
    0.07914526760578156,
    0.011649337597191334,
    0.05622854828834534,
    -0.04255949705839157
]