[
    -0.04539933800697327,
    -0.0023756639566272497,
    -0.023636629804968834,
    -0.06341423094272614,
    -0.06366027891635895,
    0.033283356577157974,
    -0.03185873106122017,
    -0.07467543333768845,
    0.0028723932337015867,
    -0.015108822844922543,
    0.011077488772571087,
    -0.041517358273267746,
    0.020407697185873985,
    -0.027317162603139877,
    0.08254743367433548,
    -0.008364777080714703,
    0.019206201657652855,
    0.023518361151218414,
    -0.07377734780311584,
    0.07670102268457413,
    0.04617108777165413,
    0.050943486392498016,
    -0.023252734914422035,
    -0.024616699665784836,
    -0.1413281410932541,
    0.002548826625570655,
    -0.0218683909624815,
    -0.08166947215795517,
    0.04658527299761772,
    -0.03651994839310646,
    0.04892759397625923,
    0.057906825095415115,
    0.044172775000333786,
    0.04965959116816521,
    0.029266804456710815,
    -0.004949439782649279,
    0.008293725550174713,
    0.02843533642590046,
    0.005985722877085209,
    0.04700043052434921,
    -0.08974434435367584,
    -0.017767414450645447,
    -0.025039125233888626,
    -0.03039146587252617,
    0.04055391624569893,
    -0.028356783092021942,
    -0.03774113953113556,
    -0.02706260234117508,
    -0.0036766387056559324,
    0.04402599111199379,
    -0.05096597597002983,
    -0.05916962772607803,
    -0.05508102476596832,
    0.09440162032842636,
    -0.06447931379079819,
    -0.031017879024147987,
    -0.047597646713256836,
    -0.0038085617125034332,
    -0.07541102916002274,
    -0.018503481522202492,
    -0.03912943974137306,
    0.049492668360471725,
    0.014411881566047668,
    0.10429564118385315,
    -0.0409708209335804,
    0.04403086006641388,
    -0.029854698106646538,
    -0.021728640422225,
    -0.029545485973358154,
    0.011907094158232212,
    -0.10631604492664337,
    -0.03529363125562668,
    -0.01043457631021738,
    0.039800845086574554,
    -0.039555955678224564,
    0.0296552162617445,
    -0.0009259722428396344,
    0.013308919966220856,
    0.10362902283668518,
    -0.13120609521865845,
    -0.028775589540600777,
    0.04815589264035225,
    0.011595088988542557,
    0.03312616050243378,
    0.007608897518366575,
    -0.001080348971299827,
    -0.04356520622968674,
    -0.009475587867200375,
    -0.008905356749892235,
    -0.06791455298662186,
    0.048280127346515656,
    -0.08404330909252167,
    0.09438947588205338,
    -0.06607802212238312,
    0.07302187383174896,
    -0.047488708049058914,
    0.0102311996743083,
    -0.06784801185131073,
    0.05734064429998398,
    0.012000815011560917,
    -0.05879741162061691,
    0.011871088296175003,
    0.010256643407046795,
    -0.015120184980332851,
    -0.06353936344385147,
    -0.04924061521887779,
    0.009956357069313526,
    0.0027582698967307806,
    0.014612806960940361,
    0.0877295508980751,
    0.04602205753326416,
    0.05493143945932388,
    -0.029687179252505302,
    -0.1258324831724167,
    0.01690557785332203,
    -0.03771486505866051,
    -0.02807532623410225,
    0.05151874199509621,
    0.035222481936216354,
    0.0027178034652024508,
    -0.06830707937479019,
    -0.0357937254011631,
    -0.02712056413292885,
    -0.10423252731561661,
    -0.0025998635683208704,
    0.06312838941812515,
    -0.03446071222424507,
    2.2342006930280914e-32,
    0.009336127899587154,
    0.004006250761449337,
    -0.052859626710414886,
    -0.010206068865954876,
    0.024010760709643364,
    -0.020496657118201256,
    0.02142123132944107,
    -0.007675609085708857,
    -0.058719635009765625,
    0.09132841974496841,
    -0.013020593672990799,
    0.04296015948057175,
    -0.020480692386627197,
    -0.0007671894272789359,
    -0.007754945661872625,
    -0.019414260983467102,
    -0.026241615414619446,
    0.06365925818681717,
    -0.03554260730743408,
    0.07823304831981659,
    -0.029317010194063187,
    -0.03233805298805237,
    0.03186316043138504,
    0.014730329625308514,
    -0.0036336148623377085,
    0.02529689110815525,
    -0.0012646354734897614,
    0.0043521723710000515,
    0.0052201454527676105,
    0.01860489323735237,
    0.06636525690555573,
    0.017442867159843445,
    -0.007943562231957912,
    -0.05706978589296341,
    0.004499648232012987,
    0.09908269345760345,
    0.02836480364203453,
    -0.06589002162218094,
    0.06009794771671295,
    -0.09071838110685349,
    -0.05667394399642944,
    -0.01938491500914097,
    0.0772831067442894,
    -0.007006147876381874,
    0.0446278341114521,
    0.012026497162878513,
    0.030177732929587364,
    -0.008719660341739655,
    0.07110084593296051,
    0.02776765450835228,
    -0.03989633545279503,
    -0.013198647648096085,
    -0.025693032890558243,
    -0.055005449801683426,
    -0.010055034421384335,
    -0.03337916359305382,
    -0.06508483737707138,
    0.026302579790353775,
    -0.03413175046443939,
    0.08281388133764267,
    -0.05614296719431877,
    0.03513190150260925,
    -0.023260071873664856,
    0.015771133825182915,
    -0.00500728003680706,
    -0.06697551161050797,
    -0.041270218789577484,
    -0.05226319655776024,
    0.07387717068195343,
    -0.0256374292075634,
    -0.033223386853933334,
    0.04319588840007782,
    -0.03949451446533203,
    0.02702278457581997,
    0.00914967805147171,
    -0.06986154615879059,
    0.038926202803850174,
    -0.03306751325726509,
    0.048238858580589294,
    -0.0018058641580864787,
    -0.060114577412605286,
    0.010398201644420624,
    0.03223726898431778,
    0.0649186223745346,
    0.015245558694005013,
    -0.007814019918441772,
    0.041069187223911285,
    0.04182707890868187,
    -0.09802641719579697,
    -0.04546841233968735,
    -0.00414679991081357,
    0.029552264139056206,
    0.025494767352938652,
    0.07997085154056549,
    0.0464235357940197,
    -2.2726073260789203e-32,
    0.021279793232679367,
    -0.05644768476486206,
    0.004053701646625996,
    -0.061889685690402985,
    0.060590244829654694,
    -0.01153975073248148,
    -0.039556100964546204,
    -0.10050428658723831,
    0.032444730401039124,
    -0.021037381142377853,
    0.04669252410531044,
    -0.027822624891996384,
    0.010907736606895924,
    -0.016733696684241295,
    -0.03395337611436844,
    -0.05115780234336853,
    -0.0912671834230423,
    -0.03687845543026924,
    -0.010108892805874348,
    0.1276300847530365,
    0.01400065142661333,
    -0.0593535341322422,
    0.030180998146533966,
    0.09887369722127914,
    0.04616039991378784,
    0.05158432945609093,
    -0.04374884441494942,
    -0.01642412692308426,
    0.11719747632741928,
    -0.010962422005832195,
    -0.034386537969112396,
    -0.06263212114572525,
    -0.08264198154211044,
    0.01017827820032835,
    -0.056628745049238205,
    -0.19652128219604492,
    0.02271091565489769,
    -0.033775683492422104,
    -0.033042918890714645,
    -0.054493971168994904,
    0.08869706839323044,
    -0.004478893708437681,
    -0.016027387231588364,
    0.05081040412187576,
    0.03630411624908447,
    -0.04328468069434166,
    0.05622054263949394,
    -0.03167329356074333,
    -0.025125592947006226,
    -0.007939174771308899,
    -0.0014802869409322739,
    -0.01871834322810173,
    -0.012054448015987873,
    -0.009082838892936707,
    -0.013984955847263336,
    0.08231990039348602,
    -0.004648578818887472,
    -0.07683894783258438,
    -0.052066620439291,
    -0.03305894136428833,
    0.0855681523680687,
    0.06754058599472046,
    -0.009350251406431198,
    0.08879499137401581,
    0.058507516980171204,
    -0.026294918730854988,
    0.023643821477890015,
    -0.02118605002760887,
    -0.04438433051109314,
    -0.058777667582035065,
    -0.10223538428544998,
    -0.0951315313577652,
    -0.05098751187324524,
    -0.09710485488176346,
    0.09846615791320801,
    -0.0842987522482872,
    -0.07990314066410065,
    -0.16299116611480713,
    -0.044230807572603226,
    0.00980230700224638,
    0.044726721942424774,
    -0.007239160593599081,
    -0.06152006611227989,
    0.0654321163892746,
    0.01961931213736534,
    0.030704401433467865,
    0.051005084067583084,
    -0.0431927852332592,
    0.028043298050761223,
    0.09727171808481216,
    -0.06213657557964325,
    0.034313224256038666,
    -0.019645219668745995,
    0.042126696556806564,
    -0.08876217156648636,
    -6.077173253515866e-08,
    -0.04744908586144447,
    0.05848374962806702,
    -0.006499003153294325,
    -0.0736701712012291,
    -0.0016557513736188412,
    -0.01505386084318161,
    -0.05439911410212517,
    -0.048651568591594696,
    -0.008790694177150726,
    -0.050643812865018845,
    0.08550973981618881,
    0.09919583052396774,
    -0.04204010218381882,
    -0.013819009065628052,
    0.04332778975367546,
    0.006403202190995216,
    -0.098959781229496,
    -0.019261334091424942,
    -0.05061163380742073,
    0.027696510776877403,
    -0.03501509130001068,
    -0.0537322461605072,
    -0.024824274703860283,
    0.042894959449768066,
    0.02550005167722702,
    0.024187186732888222,
    -0.040530961006879807,
    0.07126062363386154,
    0.09260568022727966,
    0.06767123192548752,
    -0.004138630349189043,
    0.03047698177397251,
    0.022260941565036774,
    -0.03721809759736061,
    -0.05993719398975372,
    -0.08287493884563446,
    0.05407538637518883,
    -0.024250544607639313,
    0.08402901887893677,
    -0.012498732656240463,
    0.04025673866271973,
    0.034025438129901886,
    0.04316923767328262,
    0.06925951689481735,
    0.03169134631752968,
    -0.002827724441885948,
    -0.039429012686014175,
    0.048801399767398834,
    0.035263676196336746,
    -0.07268231362104416,
    -0.04545687511563301,
    -0.05189436301589012,
    0.061846502125263214,
    -0.0011545495362952352,
    -0.0721912756562233,
    0.007875063456594944,
    0.021121181547641754,
    0.018429551273584366,
    0.013931388966739178,
    -0.02015078254044056,
    0.0691177174448967,
    0.021662158891558647,
    0.07669780403375626,
    -0.03273571655154228
]