[
    -0.024361666291952133,
    0.022589372470974922,
    -0.027293100953102112,
    -0.05087757855653763,
    -0.06987687200307846,
    0.06868208199739456,
    -0.035860948264598846,
    -0.06879615038633347,
    0.021975159645080566,
    -0.01234069000929594,
    0.006527030374854803,
    -0.02674158290028572,
    0.024142947047948837,
    -0.03626161813735962,
    0.08919964730739594,
    -0.015786606818437576,
    0.028676463291049004,
    0.019826257601380348,
    -0.10153016448020935,
    0.09142786264419556,
    0.021600693464279175,
    0.06990846991539001,
    -0.05324656516313553,
    -0.008841062895953655,
    -0.09559322893619537,
    -0.018500644713640213,
    -0.013366809114813805,
    -0.08420294523239136,
    0.00650483462959528,
    -0.07930777221918106,
    0.053006090223789215,
    0.013030440546572208,
    0.05332307144999504,
    0.08414019644260406,
    -0.0013708985643461347,
    -0.01564393937587738,
    -0.007133759092539549,
    0.02950369380414486,
    0.00012309437443036586,
    0.005123088601976633,
    -0.0668426901102066,
    -0.06715302169322968,
    -0.04601249471306801,
    0.019634010270237923,
    0.022403771057724953,
    0.028179796412587166,
    -0.06757718324661255,
    -0.03020600974559784,
    -0.014015831984579563,
    0.0552697628736496,
    -0.07969728112220764,
    -0.044263336807489395,
    -0.05083102360367775,
    0.12305890023708344,
    -0.050312865525484085,
    -0.048610489815473557,
    -0.02213522046804428,
    -0.0068026515655219555,
    -0.10297287255525589,
    -0.01915855146944523,
    -0.0038665086030960083,
    0.0260373093187809,
    0.012984608300030231,
    0.06812671571969986,
    -0.0659584030508995,
    0.0498347282409668,
    -0.03779999166727066,
    -0.022048506885766983,
    -0.00046397396363317966,
    0.014862422831356525,
    -0.10195702314376831,
    -0.022745151072740555,
    -0.013884436339139938,
    0.03785429522395134,
    -0.010730447247624397,
    0.010168083943426609,
    -0.03284122794866562,
    -0.002876075217500329,
    0.09085985273122787,
    -0.15189838409423828,
    -0.04243370518088341,
    0.009360707364976406,
    -0.017908189445734024,
    0.056190162897109985,
    -0.09150306135416031,
    -0.0034131663851439953,
    -0.02215559221804142,
    -0.017275149002671242,
    -0.011308361776173115,
    -0.039101146161556244,
    0.05074140802025795,
    -0.0754808858036995,
    0.11142370849847794,
    -0.06627269089221954,
    0.07521034777164459,
    -0.05281835421919823,
    -0.023570897057652473,
    -0.0528864748775959,
    0.03586241975426674,
    -0.01799813285470009,
    -0.017257584258913994,
    0.024271780624985695,
    0.005540952552109957,
    0.009591616690158844,
    -0.04735541716217995,
    -0.04594401642680168,
    -0.0009454278624616563,
    -0.011509861797094345,
    0.021799810230731964,
    0.05736108124256134,
    0.04808100685477257,
    0.02564030885696411,
    -0.03700995817780495,
    -0.1494792252779007,
    0.0415722094476223,
    0.0016927022952586412,
    -0.011000963859260082,
    0.05718063935637474,
    0.026699310168623924,
    0.02263839729130268,
    -0.033543553203344345,
    -0.010659707710146904,
    -0.06289259344339371,
    -0.091812364757061,
    -0.056095656007528305,
    0.03471211716532707,
    -0.04653723165392876,
    2.1007725333181613e-32,
    -0.014655224047601223,
    -0.012905294075608253,
    -0.0625225305557251,
    0.04205435514450073,
    0.06214923411607742,
    -0.014160501770675182,
    0.014700011350214481,
    -0.0026115034706890583,
    -0.08213461935520172,
    0.08596391975879669,
    0.01889847218990326,
    0.029817970469594002,
    -0.016946282237768173,
    -0.03851569443941116,
    -0.04586600512266159,
    0.04008232802152634,
    0.010546691715717316,
    0.07756716758012772,
    -0.022545553743839264,
    0.07534664869308472,
    0.02207789570093155,
    -0.03857832029461861,
    0.010729199275374413,
    0.03492042422294617,
    -0.02216772362589836,
    -0.01760941371321678,
    0.00413888692855835,
    -0.014652019366621971,
    0.04816748946905136,
    -0.009988434612751007,
    0.028060119599103928,
    0.03569928556680679,
    0.02020813338458538,
    -0.0394851416349411,
    0.05105558782815933,
    0.12929005920886993,
    0.04670059680938721,
    -0.04846172034740448,
    0.08377517014741898,
    -0.08712157607078552,
    -0.04641371965408325,
    -0.03151515871286392,
    0.023352697491645813,
    0.027581224218010902,
    0.04922039806842804,
    0.006730728317052126,
    0.0013042186619713902,
    -0.013947920873761177,
    0.014889893122017384,
    0.04274430498480797,
    -0.02886882796883583,
    0.01329256035387516,
    -0.012253480963408947,
    0.006966296583414078,
    0.01872785948216915,
    -0.04500431567430496,
    -0.06824284046888351,
    0.036994174122810364,
    -0.06163518503308296,
    0.0769762173295021,
    -0.03406066820025444,
    0.040931910276412964,
    0.021080568432807922,
    -0.011583550833165646,
    -0.01920609548687935,
    -0.069149911403656,
    -0.018231604248285294,
    -0.036011021584272385,
    0.02643723040819168,
    9.489142394158989e-05,
    -0.02169790491461754,
    0.06105640158057213,
    -0.026607882231473923,
    0.03324771299958229,
    -0.027540156617760658,
    -0.039104510098695755,
    0.007953393273055553,
    -0.02530704252421856,
    0.04759196564555168,
    0.014982514083385468,
    -0.07160349935293198,
    0.017855241894721985,
    0.00906362570822239,
    0.07333564758300781,
    -0.016104653477668762,
    0.01648467406630516,
    0.06697610020637512,
    0.05100875347852707,
    -0.06390248984098434,
    -0.05470355600118637,
    -0.03136327490210533,
    0.028930895030498505,
    0.06880699843168259,
    0.053795021027326584,
    -0.003438411047682166,
    -2.1206236941676727e-32,
    -0.015780102461576462,
    -0.037112243473529816,
    -0.0768522173166275,
    0.02648586966097355,
    0.05719282105565071,
    -0.006501053459942341,
    -0.026214882731437683,
    -0.07753049582242966,
    0.06664223968982697,
    0.04359365627169609,
    0.03425382450222969,
    -0.03577254340052605,
    -0.02647332288324833,
    -0.03608645498752594,
    -0.029101388528943062,
    -0.03429393470287323,
    -0.060800060629844666,
    -0.05102591589093208,
    -0.013908240012824535,
    0.13449467718601227,
    -0.012146535329520702,
    -0.024015719071030617,
    -0.03227274864912033,
    0.17673161625862122,
    0.038682062178850174,
    0.07906106859445572,
    -0.07303034514188766,
    0.0011774413287639618,
    0.0951443612575531,
    -0.03278946876525879,
    -0.05032885819673538,
    -0.04517551511526108,
    -0.04851485416293144,
    0.008345495909452438,
    -0.09224741905927658,
    -0.20410047471523285,
    0.0564473457634449,
    -0.03494011238217354,
    -0.013023286126554012,
    -0.031554196029901505,
    0.08755795657634735,
    -0.013208132237195969,
    -0.03475629910826683,
    0.04137363284826279,
    0.02021687850356102,
    -0.08536004275083542,
    0.031348273158073425,
    -0.029253242537379265,
    0.0069413259625434875,
    -0.01105883251875639,
    0.04717742279171944,
    -0.028161894530057907,
    -0.018560174852609634,
    0.022151516750454903,
    -0.054415833204984665,
    0.09931807965040207,
    -0.0005383362877182662,
    -0.02454105205833912,
    -0.015410874038934708,
    -0.003302817465737462,
    0.08784376829862595,
    0.06273139268159866,
    -0.039224687963724136,
    0.09716586023569107,
    0.034423746168613434,
    -0.0576714351773262,
    -0.015410926192998886,
    -0.029359199106693268,
    -0.05022777244448662,
    -0.09580670297145844,
    -0.06798960268497467,
    -0.07919818162918091,
    -0.04638935998082161,
    -0.0903775542974472,
    0.11809519678354263,
    -0.05832435563206673,
    -0.015828223899006844,
    -0.11080098897218704,
    -0.06634732335805893,
    0.03250491991639137,
    0.08574394881725311,
    0.008596863597631454,
    -0.05359784886240959,
    0.07095836102962494,
    0.01047474704682827,
    0.02418919838964939,
    0.053492471575737,
    -0.06049549952149391,
    0.00755298463627696,
    0.08484181761741638,
    -0.07281995564699173,
    -0.009950859472155571,
    -0.07452392578125,
    0.030601229518651962,
    -0.07502368837594986,
    -5.846497330708189e-08,
    -0.018472932279109955,
    0.042289163917303085,
    0.012269612401723862,
    -0.05363539978861809,
    -0.019956044852733612,
    -0.047288455069065094,
    -0.02257668413221836,
    0.0057116299867630005,
    -0.03707331418991089,
    -0.044664740562438965,
    0.0592389740049839,
    0.05712177976965904,
    -0.049319956451654434,
    -0.009046074002981186,
    0.060617536306381226,
    -0.032910656183958054,
    -0.09394949674606323,
    -0.055059973150491714,
    -0.049052644520998,
    0.0432099811732769,
    -0.050276536494493484,
    -0.03969685733318329,
    -0.02517610974609852,
    0.030735209584236145,
    0.023453105241060257,
    0.019890451803803444,
    -0.010866153053939342,
    0.04078684002161026,
    0.05384731665253639,
    0.053269244730472565,
    -0.00826930906623602,
    0.009207497350871563,
    0.025044230744242668,
    -0.02976159006357193,
    -0.028230460360646248,
    -0.040284164249897,
    0.029733631759881973,
    -0.0350039005279541,
    0.034310322254896164,
    0.016774097457528114,
    0.00415008794516325,
    0.019185900688171387,
    0.024471130222082138,
    0.07294943183660507,
    -0.01574745960533619,
    -0.04607711359858513,
    -0.03375251218676567,
    0.024721795693039894,
    0.027056889608502388,
    -0.07721417397260666,
    -0.04810062423348427,
    -0.017505772411823273,
    0.09839915484189987,
    -0.004758911672979593,
    -0.059791624546051025,
    0.06294126063585281,
    0.05280665308237076,
    0.0726274698972702,
    -0.004226226359605789,
    -0.0012681027874350548,
    0.11266253888607025,
    0.03259068354964256,
    0.06420838832855225,
    -0.025644425302743912
]