[
    -0.05373649671673775,
    0.08669228851795197,
    -0.017598584294319153,
    -0.03394051268696785,
    -0.012226181104779243,
    0.047737184911966324,
    -0.03144589439034462,
    -0.02621370181441307,
    0.056817781180143356,
    0.029555361717939377,
    0.06897330284118652,
    0.023535704240202904,
    0.0011771767167374492,
    -0.014226122759282589,
    0.09020804613828659,
    0.022437673062086105,
    0.04961097240447998,
    0.06504663825035095,
    -0.09807264804840088,
    0.047492340207099915,
    0.03369680792093277,
    0.036324746906757355,
    -0.024501094594597816,
    -0.019952289760112762,
    -0.04320039972662926,
    0.005793646909296513,
    -0.03003068082034588,
    -0.0913395881652832,
    0.048649534583091736,
    -0.02462431974709034,
    0.04345284774899483,
    0.05764813348650932,
    0.03436058759689331,
    0.027142904698848724,
    -0.013092806562781334,
    0.011261910200119019,
    0.006836161017417908,
    0.014116811566054821,
    -0.0305387694388628,
    0.0018678104970604181,
    -0.024728089570999146,
    -0.011867924593389034,
    -0.013969993218779564,
    -0.05402820557355881,
    -0.0028155867476016283,
    -0.019739815965294838,
    -0.0787004828453064,
    -0.015069978311657906,
    -0.017226068302989006,
    0.014850647188723087,
    -0.0828612893819809,
    -0.06222030520439148,
    -0.03492052108049393,
    0.09972408413887024,
    -0.04074211046099663,
    -0.034838929772377014,
    -0.06024453416466713,
    -0.032702744007110596,
    -0.04534144699573517,
    0.0036813528276979923,
    -0.004680515732616186,
    0.007347702514380217,
    -0.03991241753101349,
    0.02510165423154831,
    -0.039465196430683136,
    0.01665569469332695,
    0.048007991164922714,
    -0.08684800565242767,
    0.001418151892721653,
    0.018805667757987976,
    -0.0688345655798912,
    0.012048222124576569,
    -0.0009159334586001933,
    0.042837414890527725,
    -0.02243829518556595,
    -0.004824323579668999,
    -0.012015941552817822,
    0.005342548247426748,
    0.061496999114751816,
    -0.14536935091018677,
    -0.07539616525173187,
    0.058905381709337234,
    0.016042668372392654,
    0.025302676483988762,
    -0.053652603179216385,
    -0.06302715837955475,
    0.024412618950009346,
    -0.019773246720433235,
    -0.006783066783100367,
    0.013705194927752018,
    0.03396439924836159,
    -0.05059222877025604,
    0.11205551028251648,
    -0.03498515486717224,
    0.08894384652376175,
    -0.06877891719341278,
    -0.03926650062203407,
    -0.10255904495716095,
    -0.003722662338986993,
    -0.023753834888339043,
    -0.00595010444521904,
    0.004315118305385113,
    0.01450510323047638,
    0.1077919751405716,
    -0.029006650671362877,
    -0.06351888924837112,
    -0.021516477689146996,
    -0.06066618114709854,
    0.022869272157549858,
    0.09863713383674622,
    -0.012829520739614964,
    0.025426208972930908,
    -0.01479429192841053,
    -0.07087472081184387,
    0.04417775198817253,
    -0.009740306064486504,
    -0.0027301248628646135,
    0.0615059994161129,
    0.02192242629826069,
    -0.061332009732723236,
    -0.029888084158301353,
    0.0024660886265337467,
    -0.0611494816839695,
    -0.058076001703739166,
    -0.04035302251577377,
    -0.000532043632119894,
    -0.06553731113672256,
    1.6670371583838152e-32,
    -0.03197918087244034,
    0.0031448877416551113,
    -0.0476960763335228,
    0.07169723510742188,
    0.06866787374019623,
    0.06872392445802689,
    -0.0015273778699338436,
    -0.05108959227800369,
    -0.07535050809383392,
    0.04751642793416977,
    0.017901502549648285,
    0.01312707457691431,
    0.026574766263365746,
    -0.08379969000816345,
    -0.04243919998407364,
    0.031875696033239365,
    0.0006605860544368625,
    0.08986497670412064,
    0.04735368862748146,
    0.06245821341872215,
    0.03161022812128067,
    0.06292682141065598,
    -0.009493635036051273,
    0.014537925831973553,
    -0.024605371057987213,
    -0.04679831862449646,
    0.04347610846161842,
    -0.04025205224752426,
    -0.004298817832022905,
    0.004081133287400007,
    0.006522852461785078,
    -0.014323122799396515,
    -0.007283354178071022,
    -0.07542456686496735,
    0.02921336703002453,
    0.1201193705201149,
    0.051884930580854416,
    -0.04290447384119034,
    0.043502870947122574,
    -0.08766672015190125,
    -0.06525471806526184,
    -0.046000704169273376,
    -0.005397013854235411,
    0.0253568347543478,
    0.007771073840558529,
    0.009473676793277264,
    -0.017881128937005997,
    -0.07888565212488174,
    0.010057957842946053,
    0.07297879457473755,
    -0.04598537087440491,
    0.019048798829317093,
    -0.011899325996637344,
    -0.11424398422241211,
    -0.016035567969083786,
    0.016329726204276085,
    -0.11057979613542557,
    0.06536088138818741,
    -0.06716852635145187,
    0.017491230741143227,
    0.024818560108542442,
    -0.0005308571271598339,
    -0.02516087517142296,
    -0.056328434497117996,
    0.003468194277957082,
    -0.050847649574279785,
    -0.008103422820568085,
    -0.07345601171255112,
    0.09603206068277359,
    -0.06941577792167664,
    -0.07021114975214005,
    0.11931226402521133,
    0.023799534887075424,
    -0.028896255418658257,
    -0.01845698244869709,
    -0.014393048360943794,
    0.034923918545246124,
    -0.036805085837841034,
    0.03997918590903282,
    -0.016364313662052155,
    -0.06587214022874832,
    0.05018514394760132,
    0.05724145844578743,
    0.0642743855714798,
    -0.018674295395612717,
    -0.08913189172744751,
    0.00292631215415895,
    0.049735456705093384,
    -0.041001636534929276,
    -0.006635734345763922,
    -0.042879343032836914,
    -0.031008649617433548,
    0.03550097718834877,
    0.058999862521886826,
    0.03170520067214966,
    -1.8295424932924792e-32,
    0.0018106169300153852,
    -0.10065838694572449,
    -0.0271930955350399,
    0.022251389920711517,
    0.05864887684583664,
    -0.009911347180604935,
    -0.04594698175787926,
    -0.05892101675271988,
    0.04350188001990318,
    -0.0276902224868536,
    -0.030588554218411446,
    -0.047608185559511185,
    -0.0001575391652295366,
    -0.013122361153364182,
    -0.009306415915489197,
    0.006618543993681669,
    -0.07977121323347092,
    -0.026294676586985588,
    -0.007133642211556435,
    0.09640009701251984,
    0.014946935698390007,
    0.01724567450582981,
    -0.028484638780355453,
    0.15445257723331451,
    0.10151445120573044,
    0.02679932303726673,
    -0.003105595475062728,
    -0.03875074163079262,
    0.029294509440660477,
    0.0007531402516178787,
    -0.007064881734549999,
    -0.04560719430446625,
    -0.01627333275973797,
    -0.0038947074208408594,
    -0.06396977603435516,
    -0.1737302988767624,
    -0.007198937702924013,
    -0.02603590302169323,
    -0.03449132665991783,
    -0.02664031647145748,
    0.07698142528533936,
    0.004564397037029266,
    0.07214716076850891,
    -0.008243627846240997,
    -0.005004121456295252,
    -0.052079327404499054,
    0.11748337745666504,
    -0.015789100900292397,
    -0.02924778312444687,
    0.006410866044461727,
    0.036056019365787506,
    -0.025278544053435326,
    0.0024298527278006077,
    0.03562106564640999,
    -0.03170287609100342,
    0.03825833275914192,
    0.04019015282392502,
    -0.03186194598674774,
    -0.027094673365354538,
    -0.011702106334269047,
    0.12034489214420319,
    0.06973404437303543,
    -0.11515012383460999,
    0.01692512072622776,
    -0.029904913157224655,
    -0.030758755281567574,
    -0.11176946759223938,
    -0.060999494045972824,
    -0.0298469141125679,
    -0.025214863941073418,
    -0.04045026749372482,
    -0.11276762187480927,
    -0.0030522234737873077,
    -0.10171788930892944,
    0.12394921481609344,
    -0.06893384456634521,
    0.024213477969169617,
    -0.06687694787979126,
    -0.09732651710510254,
    -0.01564144529402256,
    0.10609173774719238,
    0.021482668817043304,
    -0.036683350801467896,
    0.0053536370396614075,
    -0.0023969849571585655,
    -0.01970604807138443,
    0.08898945897817612,
    -0.06244225427508354,
    0.0290827639400959,
    0.05529090017080307,
    0.011747246608138084,
    -0.02628645859658718,
    -0.050723761320114136,
    -0.02502494305372238,
    -0.05613918602466583,
    -5.123624191583076e-08,
    0.018451249226927757,
    0.046369556337594986,
    0.008723610080778599,
    -0.01583682745695114,
    -0.0018393071368336678,
    -0.05956321582198143,
    0.012173579074442387,
    -0.008348924107849598,
    -0.037575993686914444,
    0.010920087806880474,
    0.03294198960065842,
    0.021327117457985878,
    -0.022910308092832565,
    -0.07624829560518265,
    0.07956773042678833,
    -0.0594572052359581,
    -0.060679350048303604,
    -0.051043156534433365,
    -0.019382720813155174,
    0.057158250361680984,
    -0.04522636905312538,
    -0.0074174306355416775,
    -0.05597382038831711,
    0.07865668088197708,
    -0.03457066789269447,
    -0.01110868714749813,
    0.013010801747441292,
    -0.007813120260834694,
    0.004849388264119625,
    0.07853309065103531,
    -0.0014132698997855186,
    0.05534181743860245,
    0.018882539123296738,
    -0.012719044461846352,
    -0.09079322963953018,
    -0.04923482611775398,
    0.004543572664260864,
    0.01773015595972538,
    0.05837468057870865,
    -0.028477564454078674,
    0.021408332511782646,
    0.019324352964758873,
    0.014181949198246002,
    0.059227973222732544,
    -0.015020972117781639,
    0.010922100394964218,
    -0.02437574416399002,
    0.0031777196563780308,
    -0.01766064576804638,
    -0.03570117801427841,
    -0.05866710841655731,
    -0.044348787516355515,
    0.09541104733943939,
    -0.03218390792608261,
    0.03049405664205551,
    0.11089441180229187,
    0.06067328155040741,
    0.034506719559431076,
    -0.07148363441228867,
    -0.008811436593532562,
    0.1496766209602356,
    0.09725462645292282,
    0.07514086365699768,
    -0.008662977255880833
]