[
    -0.02814379706978798,
    0.06465494632720947,
    -0.01583203859627247,
    0.012246090918779373,
    -0.007705637253820896,
    0.039276473224163055,
    0.0050134202465415,
    -0.05771738663315773,
    0.0387989804148674,
    0.005842870566993952,
    0.029917435720562935,
    0.01676252856850624,
    -0.03314441069960594,
    -0.0559522844851017,
    0.10907521098852158,
    -0.01286789495497942,
    0.041939180344343185,
    0.04054000973701477,
    -0.098077692091465,
    0.07809813320636749,
    0.0031541669741272926,
    0.07131379097700119,
    -0.011881002224981785,
    0.013782529160380363,
    -0.09500148892402649,
    -0.037482425570487976,
    -0.006323871202766895,
    -0.07246740907430649,
    0.04211324825882912,
    -0.049199409782886505,
    0.08034218847751617,
    0.014045392163097858,
    0.03817832097411156,
    0.07275935262441635,
    -0.01832958683371544,
    -0.01835356093943119,
    -0.04571752995252609,
    0.010962985455989838,
    -0.07947184890508652,
    0.019686171784996986,
    -0.0614003911614418,
    -0.047866374254226685,
    -0.04638969525694847,
    0.03326590359210968,
    0.032818276435136795,
    0.057030800729990005,
    -0.09054991602897644,
    0.002869990421459079,
    -0.00714627280831337,
    0.056514445692300797,
    -0.07966428250074387,
    -0.022213106974959373,
    -0.05106581002473831,
    0.08462441712617874,
    -0.058045532554388046,
    -0.01769186183810234,
    -0.05633864924311638,
    -0.04067667946219444,
    -0.09959781169891357,
    -0.010204235091805458,
    -0.0057326145470142365,
    0.01364075019955635,
    0.018997572362422943,
    0.0641421526670456,
    -0.061263956129550934,
    0.0822564885020256,
    0.006820580922067165,
    -0.03073345683515072,
    -0.005383241921663284,
    -0.019090978428721428,
    -0.05631411820650101,
    -0.024473991245031357,
    0.004967065993696451,
    -0.008552932180464268,
    0.007032045163214207,
    0.0003440320724621415,
    0.005920064635574818,
    0.019885221496224403,
    0.07836177945137024,
    -0.12806294858455658,
    -0.054159682244062424,
    0.01866024360060692,
    0.004766585770994425,
    0.020764924585819244,
    -0.08244983851909637,
    0.015463722869753838,
    0.007070132065564394,
    -0.0009865432512015104,
    0.0028276697266846895,
    -0.04055511951446533,
    0.06576576083898544,
    -0.05104317143559456,
    0.07335042208433151,
    -0.04507826268672943,
    0.0915796086192131,
    -0.05085228756070137,
    -0.02473650686442852,
    -0.08546020090579987,
    0.00038778333691880107,
    -0.00885085854679346,
    -0.009210876189172268,
    0.01324333343654871,
    -0.01296393945813179,
    -0.036002978682518005,
    -0.05129688233137131,
    -0.06179302930831909,
    0.02272701822221279,
    -0.015684673562645912,
    0.02502303756773472,
    0.07093047350645065,
    0.03405330702662468,
    -0.0031946345698088408,
    -0.025063499808311462,
    -0.11880696564912796,
    0.06498678773641586,
    -0.03516035154461861,
    -0.02132328413426876,
    0.0726194977760315,
    0.0794389396905899,
    -0.03595702722668648,
    -0.04568208381533623,
    -0.003073150757700205,
    -0.03481772541999817,
    -0.07739830762147903,
    -0.05577293410897255,
    -0.0053318217396736145,
    -0.04723247513175011,
    2.031256148399233e-32,
    -0.03303797170519829,
    0.0035257500130683184,
    -0.051499783992767334,
    0.05572688579559326,
    0.01280920673161745,
    0.016101868823170662,
    0.035356488078832626,
    -0.013743812218308449,
    -0.07832793146371841,
    0.06906241178512573,
    0.01952597312629223,
    0.028611689805984497,
    -0.007671630010008812,
    -0.022462420165538788,
    -0.04738829657435417,
    0.020530931651592255,
    0.00597908953204751,
    0.1304088830947876,
    -0.02714511752128601,
    0.08293086290359497,
    0.052694182842969894,
    0.01607140712440014,
    -0.005038933362811804,
    0.010468368418514729,
    -0.05623798072338104,
    -0.008064456284046173,
    -0.010739210061728954,
    -0.04785190150141716,
    0.006546424701809883,
    0.008258320391178131,
    0.042758237570524216,
    0.03450474143028259,
    0.03097895160317421,
    -0.0093545475974679,
    0.04639572277665138,
    0.12830385565757751,
    0.005146462004631758,
    -0.04090968519449234,
    0.06290976703166962,
    -0.053014758974313736,
    -0.049134671688079834,
    -0.02555043436586857,
    0.031946443021297455,
    -0.012341488152742386,
    0.01357237808406353,
    -0.0045645274221897125,
    -0.019277246668934822,
    -0.05312865599989891,
    0.015026835724711418,
    0.04265793412923813,
    -0.0321388840675354,
    0.049988023936748505,
    -0.040271952748298645,
    -0.05502241849899292,
    0.031159305945038795,
    -0.029490964487195015,
    -0.07829415798187256,
    0.06360635161399841,
    -0.05763324722647667,
    0.03951476514339447,
    -0.013151038438081741,
    0.045210059732198715,
    -0.027340782806277275,
    -0.05722955986857414,
    -0.0490548238158226,
    -0.053302377462387085,
    -0.022255580872297287,
    -0.08373679965734482,
    0.051343463361263275,
    -0.03804665431380272,
    -0.0359831228852272,
    0.09974619746208191,
    -0.033354584127664566,
    0.030736621469259262,
    -0.04689714312553406,
    -0.057817377150058746,
    0.00290764425881207,
    -0.013807440176606178,
    0.04628537967801094,
    0.03285263106226921,
    -0.033445097506046295,
    -0.011744722723960876,
    -0.006436292082071304,
    0.052153438329696655,
    -0.03401108458638191,
    0.009617842733860016,
    0.04518468677997589,
    0.05696887522935867,
    -0.052571896463632584,
    -0.039299845695495605,
    0.011641129851341248,
    0.027202457189559937,
    0.015119750052690506,
    0.03796578571200371,
    0.019562460482120514,
    -2.1083650513301225e-32,
    -0.028570665046572685,
    -0.04108047112822533,
    -0.05867282673716545,
    0.007816898636519909,
    0.07450462132692337,
    -0.020843157544732094,
    -0.04418949410319328,
    -0.0558902807533741,
    0.06592392176389694,
    -0.0017757423920556903,
    0.015220912173390388,
    -0.06475905328989029,
    -0.03464706987142563,
    -0.022221742197871208,
    -0.03617967665195465,
    -0.01235773041844368,
    -0.037196602672338486,
    -0.09444580227136612,
    0.006450480315834284,
    0.12568295001983643,
    -0.058736689388751984,
    -0.01451082993298769,
    -0.014325152151286602,
    0.1487579047679901,
    0.07456766813993454,
    0.045527443289756775,
    -0.03351075202226639,
    0.018791386857628822,
    0.1507253646850586,
    -0.06383362412452698,
    -0.04317360743880272,
    -0.056716062128543854,
    -0.06953180581331253,
    0.004081560764461756,
    -0.0765872672200203,
    -0.18179044127464294,
    0.04205310717225075,
    -0.017235035076737404,
    -0.004856787621974945,
    -0.03379229083657265,
    0.10032419115304947,
    -0.026324857026338577,
    -0.05141056329011917,
    0.012281163595616817,
    0.015337817370891571,
    -0.05372268334031105,
    0.06789324432611465,
    -0.03761368244886398,
    0.030662832781672478,
    0.005494261626154184,
    0.040260832756757736,
    -0.03495258092880249,
    -0.0025729872286319733,
    0.002372486051172018,
    -0.050853945314884186,
    0.03635544702410698,
    0.020557165145874023,
    -0.0536404587328434,
    -0.031024357303977013,
    -0.02482755482196808,
    0.08861646801233292,
    0.06073399633169174,
    -0.06179392337799072,
    0.061204273253679276,
    0.007775753270834684,
    -0.015950636938214302,
    0.002096746815368533,
    -0.03921736031770706,
    -0.04944643750786781,
    -0.09561203420162201,
    -0.08430084586143494,
    -0.09978055208921432,
    -0.05611564218997955,
    -0.11346673965454102,
    0.1178317442536354,
    -0.05982476472854614,
    -0.021148279309272766,
    -0.10209251195192337,
    -0.07830572873353958,
    0.018299322575330734,
    0.07198575139045715,
    -0.008551005274057388,
    -0.056722499430179596,
    0.07457070797681808,
    0.01525182370096445,
    0.003314351662993431,
    0.0765969529747963,
    -0.06808815896511078,
    -0.04682493209838867,
    0.10100412368774414,
    -0.0344625860452652,
    0.018308665603399277,
    -0.07898657023906708,
    0.05855749174952507,
    -0.07850661128759384,
    -5.7989414159465014e-08,
    0.0076625533401966095,
    0.04755726829171181,
    0.04448870196938515,
    -0.06179884448647499,
    0.0028206759598106146,
    -0.061373405158519745,
    0.021513672545552254,
    -0.01462030690163374,
    -0.04299321398139,
    -0.009844906628131866,
    0.021806318312883377,
    0.08187297731637955,
    -0.015236997976899147,
    0.009990875609219074,
    0.056300368160009384,
    -0.02137187123298645,
    -0.11868129670619965,
    -0.044953010976314545,
    -0.021629609167575836,
    0.049385152757167816,
    -0.04791043698787689,
    -0.06902792304754257,
    -0.056211475282907486,
    -0.0018083236645907164,
    0.030782876536250114,
    0.058654870837926865,
    0.0018516888376325369,
    0.025509370490908623,
    0.0535690113902092,
    0.0371767021715641,
    -0.04710335284471512,
    0.024814678356051445,
    0.03600948676466942,
    0.007749146316200495,
    -0.05460944399237633,
    -0.054987210780382156,
    0.04515254870057106,
    -0.022442983463406563,
    0.054534927010536194,
    -0.008760587312281132,
    -0.003758880542591214,
    0.04754325747489929,
    0.016780970618128777,
    0.0702485516667366,
    0.02508551813662052,
    -0.005094480700790882,
    -0.013772046193480492,
    -0.01860424317419529,
    -0.04497354105114937,
    -0.076089046895504,
    -0.06257034093141556,
    -0.02006050944328308,
    0.1415504664182663,
    0.006548589561134577,
    -0.030158517882227898,
    0.08308515697717667,
    0.052066780626773834,
    0.04622384160757065,
    -0.014177760109305382,
    -0.0038582365959882736,
    0.08204992115497589,
    0.009322421625256538,
    0.055457137525081635,
    -0.0047186072915792465
]