[
    -0.01305368635803461,
    0.03604277968406677,
    -0.037572089582681656,
    -0.031902216374874115,
    -0.049273163080215454,
    0.05461989343166351,
    -0.021068638190627098,
    -0.07716832309961319,
    0.019141873344779015,
    -0.012554335407912731,
    0.005909400526434183,
    -0.03124108351767063,
    0.012264988385140896,
    -0.04170762002468109,
    0.08304222673177719,
    -0.026929978281259537,
    0.037967126816511154,
    0.05017630010843277,
    -0.10213946551084518,
    0.03409974277019501,
    0.009341755881905556,
    0.06294562667608261,
    -0.029231198132038116,
    -0.005603053141385317,
    -0.10855679959058762,
    -0.03342817351222038,
    0.005564558785408735,
    -0.08010809123516083,
    0.01642243005335331,
    -0.0871700793504715,
    0.05482500046491623,
    0.03278136998414993,
    0.04443388804793358,
    0.07928752154111862,
    -0.019137412309646606,
    0.01788613572716713,
    -0.02165357582271099,
    0.058683186769485474,
    0.009898844175040722,
    0.027118859812617302,
    -0.07713136821985245,
    -0.048253800719976425,
    -0.024434907361865044,
    -0.009523041546344757,
    0.014893255196511745,
    0.000376252515707165,
    -0.05589700862765312,
    -0.07295030355453491,
    0.013217602856457233,
    0.04943114519119263,
    -0.056835874915122986,
    -0.017911726608872414,
    -0.022646451368927956,
    0.0977497473359108,
    -0.066139355301857,
    -0.04218992590904236,
    -0.0337681770324707,
    -0.03388015180826187,
    -0.12014283984899521,
    -0.013876489363610744,
    -0.03761768713593483,
    0.024638202041387558,
    0.02945350669324398,
    0.07768633216619492,
    -0.07483481615781784,
    0.053860921412706375,
    -0.026662912219762802,
    -0.0013338889693841338,
    -0.020657574757933617,
    -0.019887544214725494,
    -0.08311602473258972,
    -0.02396306023001671,
    -0.020850710570812225,
    0.032035067677497864,
    -0.005954217631369829,
    0.03695720061659813,
    -0.027931779623031616,
    0.016104547306895256,
    0.08259572833776474,
    -0.1456180214881897,
    -0.0025085003580898046,
    0.04588598385453224,
    -0.021594759076833725,
    0.07469768077135086,
    -0.07429581135511398,
    -0.003087902208790183,
    0.0030853701755404472,
    -0.0021279994398355484,
    -0.025736801326274872,
    -0.034319791942834854,
    0.04415683448314667,
    -0.009476590901613235,
    0.07433794438838959,
    -0.09093401581048965,
    0.07999265193939209,
    -0.05868176370859146,
    -0.024067260324954987,
    -0.058561716228723526,
    0.030972372740507126,
    -0.012546831741929054,
    -0.02479497157037258,
    0.027026135474443436,
    0.03218837454915047,
    -0.016084052622318268,
    -0.05858080834150314,
    -0.07914391905069351,
    0.019922295585274696,
    0.02514781802892685,
    0.02191132679581642,
    0.04972698912024498,
    0.042115140706300735,
    0.0165039524435997,
    -0.049827732145786285,
    -0.16035792231559753,
    0.04269466921687126,
    -0.029176970943808556,
    -0.032435156404972076,
    0.0568389967083931,
    -0.006017128471285105,
    0.018397141247987747,
    -0.04844143986701965,
    0.006572093348950148,
    -0.040515244007110596,
    -0.04535405710339546,
    -0.033733952790498734,
    0.036193348467350006,
    -0.06655383110046387,
    2.586167211551301e-32,
    -0.005600555334240198,
    0.00486772833392024,
    -0.020300814881920815,
    0.02212722785770893,
    0.020600343123078346,
    -0.040141914039850235,
    0.045297976583242416,
    -0.02991224080324173,
    -0.042214591056108475,
    0.066218800842762,
    0.013419588096439838,
    0.07008074969053268,
    -0.027973484247922897,
    -0.028138283640146255,
    -0.036753591150045395,
    0.03918346017599106,
    -0.0007848167442716658,
    0.09205438196659088,
    -0.04475678130984306,
    0.06249324604868889,
    0.033624425530433655,
    -0.033192552626132965,
    0.02050825208425522,
    0.02761135809123516,
    -0.008330058306455612,
    -0.0006749900057911873,
    0.01313044037669897,
    -0.0017079663230106235,
    0.011703784577548504,
    -0.015736937522888184,
    0.030427563935518265,
    0.022465799003839493,
    0.0045187328942120075,
    -0.03763892874121666,
    0.061131130903959274,
    0.09592681378126144,
    0.05181043595075607,
    -0.015469188801944256,
    0.08957921713590622,
    -0.09249654412269592,
    -0.014070273377001286,
    -0.021074896678328514,
    0.07311175018548965,
    0.024005522951483727,
    0.015993354842066765,
    -0.01907718926668167,
    0.00917190220206976,
    -0.027798397466540337,
    -0.010896717198193073,
    0.037470459938049316,
    -0.026242071762681007,
    -0.014497210271656513,
    0.01371328067034483,
    -0.015771398320794106,
    0.022556649520993233,
    -0.01219684723764658,
    -0.034597184509038925,
    0.04051772132515907,
    -0.04744412377476692,
    0.06941508501768112,
    -0.06790119409561157,
    0.01942097395658493,
    -0.0351884625852108,
    -0.012502334080636501,
    -0.016489895060658455,
    -0.051765184849500656,
    -0.02722504734992981,
    -0.06720373779535294,
    0.060244642198085785,
    -0.004725391045212746,
    -0.022765742614865303,
    0.060250621289014816,
    -0.004879577085375786,
    0.026782622560858727,
    -0.018963845446705818,
    -0.059751544147729874,
    0.015557275153696537,
    -0.04636969417333603,
    0.05504610762000084,
    0.02367711067199707,
    -0.06533997505903244,
    -0.022973917424678802,
    0.012014591135084629,
    0.06880539655685425,
    -0.03125125914812088,
    0.012119713239371777,
    0.058014824986457825,
    0.03822672367095947,
    -0.08271549642086029,
    -0.06727665662765503,
    -0.029588043689727783,
    0.02778055891394615,
    0.033505022525787354,
    0.06783899664878845,
    -0.01937287114560604,
    -2.561274943178288e-32,
    -0.017572537064552307,
    -0.022261299192905426,
    -0.041966624557971954,
    -0.004354965407401323,
    0.08748825639486313,
    -0.03057166375219822,
    -0.025845419615507126,
    -0.10269990563392639,
    0.0674329549074173,
    0.031292494386434555,
    0.027593888342380524,
    -0.05458281189203262,
    -0.0376640260219574,
    -0.010404345579445362,
    -0.016317591071128845,
    -0.00861565675586462,
    -0.0600532665848732,
    -0.038925159722566605,
    -0.01407232042402029,
    0.12393823266029358,
    -0.041225533932447433,
    0.038275353610515594,
    -0.009888431057333946,
    0.14132678508758545,
    0.06470366567373276,
    0.08599556982517242,
    -0.03625534474849701,
    -0.0005658374866470695,
    0.09874427318572998,
    -0.02160869725048542,
    -0.04129336029291153,
    -0.08095116913318634,
    -0.035452671349048615,
    -0.004068931099027395,
    -0.0972871333360672,
    -0.2203604280948639,
    0.07257798314094543,
    -0.05507802590727806,
    -0.03306291997432709,
    -0.02173682488501072,
    0.09173952788114548,
    -0.01750473864376545,
    -0.038975346833467484,
    0.007280715275555849,
    0.026698896661400795,
    -0.0828002393245697,
    0.07391782104969025,
    -0.009447701275348663,
    -0.028755582869052887,
    -0.0012121006147935987,
    0.03408617526292801,
    -0.030575962737202644,
    -0.0346490815281868,
    0.04490961879491806,
    -0.020153634250164032,
    0.05512727051973343,
    0.02780945785343647,
    -0.058693163096904755,
    -0.013392407447099686,
    -0.059168633073568344,
    0.10237742215394974,
    0.07872508466243744,
    -0.04620837792754173,
    0.07506252825260162,
    0.040477413684129715,
    -0.071848064661026,
    -0.0010144176194444299,
    -0.04983337223529816,
    -0.06982596963644028,
    -0.0865999385714531,
    -0.0715349093079567,
    -0.08571914583444595,
    -0.0424402579665184,
    -0.12477206438779831,
    0.11184227466583252,
    -0.053519342094659805,
    -0.03611837700009346,
    -0.09981741011142731,
    -0.06826649606227875,
    0.02969449572265148,
    0.033890604972839355,
    -0.03629661723971367,
    -0.04800787568092346,
    0.08157287538051605,
    -0.011476421728730202,
    0.02086634375154972,
    0.09599891304969788,
    -0.05502022057771683,
    -0.004919875878840685,
    0.09178707748651505,
    -0.07694462686777115,
    -0.00931860227137804,
    -0.07532895356416702,
    0.05230697989463806,
    -0.09065372496843338,
    -6.719531597809691e-08,
    -0.03838803246617317,
    0.07446807622909546,
    0.0315193347632885,
    -0.03869462013244629,
    0.011141499504446983,
    -0.06944271177053452,
    -0.05233892798423767,
    0.019544417038559914,
    -0.023074833676218987,
    -0.027985770255327225,
    0.039457764476537704,
    0.06025546044111252,
    -0.060739438980817795,
    -0.04906092584133148,
    0.07831533998250961,
    -0.021830730140209198,
    -0.0912451446056366,
    -0.007499006111174822,
    -0.056095022708177567,
    0.004237571265548468,
    -0.04344555735588074,
    -0.04379616677761078,
    -0.049922797828912735,
    0.006847708951681852,
    0.017291627824306488,
    0.03205012157559395,
    -0.023624256253242493,
    -0.01222269143909216,
    0.07783666253089905,
    0.027404798194766045,
    -0.01980973780155182,
    -0.0149106839671731,
    0.03511345759034157,
    -0.025252973660826683,
    -0.002105108695104718,
    -0.048242125660181046,
    0.04409543052315712,
    -0.02210966683924198,
    0.04654689505696297,
    -0.0010920652421191335,
    -0.005598647985607386,
    0.05260343477129936,
    0.0323914960026741,
    0.09286513179540634,
    -0.019748998805880547,
    -0.022484835237264633,
    -0.03873841464519501,
    0.009207838214933872,
    0.019248852506279945,
    -0.07029054313898087,
    -0.030406294390559196,
    -0.0400744304060936,
    0.07081915438175201,
    -0.020746106281876564,
    -0.0516459159553051,
    0.08993218094110489,
    0.03799884021282196,
    0.04767656698822975,
    -0.007558137644082308,
    -0.001980915665626526,
    0.11923058331012726,
    0.029183683916926384,
    0.029476625844836235,
    -0.025055428966879845
]