[
    0.03068455122411251,
    0.02071542479097843,
    -0.00973950233310461,
    -0.05475575476884842,
    -0.0068489015102386475,
    0.05053684860467911,
    -0.02412632666528225,
    -0.04350092262029648,
    -0.013697071000933647,
    0.0051437667571008205,
    0.002162539167329669,
    -0.06049605458974838,
    0.013340430334210396,
    -0.050115276128053665,
    0.12040691077709198,
    -0.03741271048784256,
    0.019926894456148148,
    0.014773023314774036,
    -0.11485815793275833,
    0.06524845957756042,
    0.02843416854739189,
    0.10516250878572464,
    -0.013650935143232346,
    -0.03352896496653557,
    -0.12835681438446045,
    0.003024500794708729,
    0.0022949734702706337,
    -0.04017511382699013,
    0.037348002195358276,
    -0.04894151911139488,
    0.07604233920574188,
    0.051752373576164246,
    0.024661509320139885,
    0.10462747514247894,
    -0.012975011952221394,
    -7.458288018824533e-05,
    -0.024549322202801704,
    0.009514088742434978,
    -0.05287662521004677,
    0.04226384684443474,
    -0.060956068336963654,
    -0.05649057775735855,
    -0.06210921332240105,
    -0.0018345637945458293,
    0.03972890228033066,
    0.05059165135025978,
    -0.041069697588682175,
    -0.014568537473678589,
    0.02751055359840393,
    0.040659576654434204,
    -0.08571761101484299,
    -0.03094889223575592,
    -0.06448431313037872,
    0.1370057612657547,
    -0.06141870468854904,
    -0.036351751536130905,
    -0.038789037615060806,
    -0.02293577417731285,
    -0.06472724676132202,
    -0.010817531496286392,
    -0.03173777461051941,
    0.012219961732625961,
    0.015760162845253944,
    0.046328891068696976,
    -0.037552013993263245,
    0.021016281098127365,
    -0.026624305173754692,
    -0.010140536352992058,
    -0.027456926181912422,
    0.008552027866244316,
    -0.08404169976711273,
    -0.030367303639650345,
    0.006895669270306826,
    0.03326370567083359,
    -0.017771974205970764,
    0.018681908026337624,
    -0.018821334466338158,
    -0.005643157754093409,
    0.07640274614095688,
    -0.12749320268630981,
    -0.06414477527141571,
    0.06196979805827141,
    0.020746881142258644,
    0.04112892597913742,
    -0.04002494364976883,
    0.006880251225084066,
    -0.02763436920940876,
    -0.01778259128332138,
    -0.048110492527484894,
    -0.03260215371847153,
    0.040233977138996124,
    -0.0849418044090271,
    0.1331058144569397,
    -0.05016513168811798,
    0.05521300435066223,
    -0.022987592965364456,
    -0.024954557418823242,
    -0.05155815929174423,
    0.04143361374735832,
    -0.05326361954212189,
    -0.028716200962662697,
    -0.0021941987797617912,
    0.010859470814466476,
    0.007122107315808535,
    -0.05634390190243721,
    -0.06349281966686249,
    -0.016366055235266685,
    0.009277921169996262,
    0.024992506951093674,
    0.004580991808325052,
    0.04629040136933327,
    0.041263431310653687,
    -0.05135998874902725,
    -0.1467004269361496,
    0.028485093265771866,
    -0.02724851481616497,
    -0.004416069947183132,
    0.029793793335556984,
    0.030080826953053474,
    -0.0032405206002295017,
    -0.037731919437646866,
    -0.019414372742176056,
    -0.0215706005692482,
    -0.08066241443157196,
    -0.018586602061986923,
    -0.010456386022269726,
    -0.042291682213544846,
    2.009704781908051e-32,
    -0.042370714247226715,
    -0.004580633714795113,
    -0.04199403151869774,
    0.017883535474538803,
    0.016186190769076347,
    -0.020183835178613663,
    0.029377419501543045,
    -0.0073405238799750805,
    -0.05596189945936203,
    0.09808488935232162,
    -0.039973340928554535,
    0.06740099936723709,
    -0.017214780673384666,
    -0.0062197414226830006,
    -0.010201390832662582,
    0.017218435183167458,
    -0.062240779399871826,
    0.10792117565870285,
    -0.05313359946012497,
    0.06823466718196869,
    0.008917207829654217,
    -0.01647818088531494,
    0.035392310470342636,
    0.017441080883145332,
    0.005493933334946632,
    0.010671045631170273,
    0.0123308589681983,
    -0.045050300657749176,
    -0.026828646659851074,
    -0.011410003527998924,
    0.026333864778280258,
    0.03175130859017372,
    0.01301720179617405,
    -0.027737393975257874,
    0.05645657703280449,
    0.1005837470293045,
    -0.014293044805526733,
    -0.05176236853003502,
    0.06334737688302994,
    -0.06587215512990952,
    -0.06839551031589508,
    -0.028176091611385345,
    0.06374064832925797,
    0.017532717436552048,
    0.03009134531021118,
    0.01791827380657196,
    0.040077585726976395,
    -0.020685799419879913,
    0.06112293154001236,
    0.03274725377559662,
    0.00687203137204051,
    -0.030530251562595367,
    0.0571768693625927,
    -0.037119463086128235,
    0.044161394238471985,
    0.0011225187918171287,
    -0.03277897834777832,
    0.06624598801136017,
    -0.04219994693994522,
    0.09673396497964859,
    -0.042715124785900116,
    0.010692664422094822,
    -0.025907626375555992,
    0.009359076619148254,
    0.0033128135837614536,
    -0.060078248381614685,
    -0.006527950521558523,
    -0.03866729512810707,
    0.059170156717300415,
    -0.030150258913636208,
    -0.012270808219909668,
    0.044336024671792984,
    -0.0037298009265214205,
    0.029291188344359398,
    -0.013340437784790993,
    -0.04390692338347435,
    -0.030802998691797256,
    -0.043675731867551804,
    -0.01230312418192625,
    0.007759672123938799,
    -0.09218055009841919,
    0.030682064592838287,
    0.01392914168536663,
    0.037949513643980026,
    0.0009127988014370203,
    0.012242832221090794,
    0.06181105598807335,
    0.030385315418243408,
    -0.07937166839838028,
    -0.07823435217142105,
    -0.03548514470458031,
    0.036168549209833145,
    0.023129869252443314,
    0.04737449809908867,
    0.03360975533723831,
    -2.0489798114105498e-32,
    -0.016975678503513336,
    -0.03592376410961151,
    -0.06484653800725937,
    -0.011114994995296001,
    0.04011761024594307,
    -0.00013355868577491492,
    -0.05792684108018875,
    -0.08356534689664841,
    0.033853523433208466,
    0.016639752313494682,
    0.06769443303346634,
    -0.0386764332652092,
    -0.015651142224669456,
    -0.05114871263504028,
    -0.05340168625116348,
    0.00957756768912077,
    -0.06198237091302872,
    -0.05275172367691994,
    -0.02228749357163906,
    0.11526533216238022,
    -0.016342760995030403,
    -0.03167521953582764,
    -0.026710335165262222,
    0.13082675635814667,
    0.035259734839200974,
    0.0538085512816906,
    -0.00926959328353405,
    -0.028686849400401115,
    0.17503046989440918,
    -0.06093636527657509,
    -0.06511004269123077,
    -0.040349751710891724,
    -0.0460064560174942,
    0.007764341309666634,
    -0.06418677419424057,
    -0.22809670865535736,
    0.07478608936071396,
    -0.07838568836450577,
    0.008693180046975613,
    -0.024590404704213142,
    0.0880773663520813,
    0.031506337225437164,
    -0.02363511361181736,
    0.0737471655011177,
    -0.02403983660042286,
    -0.052734434604644775,
    0.06284888833761215,
    0.015266851522028446,
    -0.02617799863219261,
    -0.010387249290943146,
    0.026437925174832344,
    -0.04444808512926102,
    -0.0233460646122694,
    0.029732592403888702,
    -0.04036729782819748,
    0.06701698899269104,
    0.024243297055363655,
    -0.05160623788833618,
    -0.035957567393779755,
    -0.05429545044898987,
    0.10349957644939423,
    0.07118204236030579,
    -0.010310658253729343,
    0.06038634851574898,
    0.034621547907590866,
    -0.05180656537413597,
    -0.0021309955045580864,
    -0.05324524641036987,
    -0.03718024492263794,
    -0.09100822359323502,
    -0.09566697478294373,
    -0.09989452362060547,
    -0.06683578342199326,
    -0.11239916831254959,
    0.058956328779459,
    -0.045964643359184265,
    0.004501590505242348,
    -0.07976243644952774,
    -0.052026040852069855,
    0.0721905529499054,
    0.04084375873208046,
    -0.045256357640028,
    -0.052589889615774155,
    0.06090571731328964,
    0.01456985343247652,
    0.010726600885391235,
    0.0598067082464695,
    -0.08023322373628616,
    -0.0036899445112794638,
    0.07796495407819748,
    -0.06961876899003983,
    0.026576293632388115,
    -0.06248172000050545,
    0.049084797501564026,
    -0.07620858401060104,
    -5.716152884360781e-08,
    -0.03801385685801506,
    0.02139844186604023,
    -0.008617737330496311,
    -0.05353845655918121,
    -0.023272907361388206,
    -0.03813808411359787,
    -0.031298551708459854,
    1.4208753782440908e-05,
    -0.040332578122615814,
    -0.000858053972478956,
    0.06551691889762878,
    0.08551406115293503,
    -0.04368704929947853,
    -0.023706834763288498,
    0.04936430603265762,
    -0.027545589953660965,
    -0.08632916957139969,
    0.03163924440741539,
    -0.051293499767780304,
    0.06775180250406265,
    -0.04612838476896286,
    -0.04028073325753212,
    -0.05493447557091713,
    0.005276511423289776,
    0.052066754549741745,
    0.026137765496969223,
    0.01354515552520752,
    0.026784483343362808,
    0.09377112984657288,
    0.06448981165885925,
    -0.006426893640309572,
    0.014155272394418716,
    0.009901504963636398,
    -0.04622552916407585,
    -0.03275413066148758,
    -0.024922369047999382,
    0.06352513283491135,
    -0.0035576261579990387,
    0.053177617490291595,
    -0.020948052406311035,
    -0.00561387138441205,
    0.023594727739691734,
    0.032193977385759354,
    0.09598609805107117,
    -0.022338101640343666,
    -0.018862154334783554,
    -0.014973510056734085,
    0.031866416335105896,
    0.027378715574741364,
    -0.09832676500082016,
    -0.018220748752355576,
    -0.012952616438269615,
    0.07313066720962524,
    -0.014123066328465939,
    -0.0751938745379448,
    0.10167104750871658,
    0.0395921915769577,
    -0.016360532492399216,
    0.00014955643564462662,
    0.011607122607529163,
    0.08738117665052414,
    0.02776453271508217,
    0.06834334135055542,
    -0.001150529715232551
]