[
    -0.05526695400476456,
    0.03413235768675804,
    -0.04427669197320938,
    -0.07017869502305984,
    -0.07495231181383133,
    0.050187282264232635,
    0.019212476909160614,
    -0.04069171100854874,
    -0.00448951730504632,
    -0.019518643617630005,
    0.012456348165869713,
    -0.042837414890527725,
    0.036609284579753876,
    -0.05120769515633583,
    0.07671242952346802,
    -0.009392078965902328,
    0.04073723033070564,
    0.006913130637258291,
    -0.10812362283468246,
    0.08715631067752838,
    0.02334052510559559,
    0.025515170767903328,
    -0.07280303537845612,
    0.004226978402584791,
    -0.1126440167427063,
    -0.04521534964442253,
    -0.010878430679440498,
    -0.062456611543893814,
    0.02136486954987049,
    -0.09924478828907013,
    0.01923096925020218,
    0.018575791269540787,
    0.07044542580842972,
    0.0609569251537323,
    0.007108235266059637,
    -0.009345004335045815,
    0.009582309052348137,
    0.017440510913729668,
    0.005020566750317812,
    0.01255408488214016,
    -0.08044956624507904,
    -0.06838783621788025,
    -0.0775761678814888,
    0.009257861413061619,
    0.024440187960863113,
    0.006816917564719915,
    -0.02570970356464386,
    -0.01655401475727558,
    -0.007010688539594412,
    0.011119810864329338,
    -0.09342063963413239,
    -0.057665739208459854,
    -0.06008816510438919,
    0.08974823355674744,
    -0.07401131093502045,
    -0.03189091756939888,
    0.00960954837501049,
    0.03625364229083061,
    -0.0642547756433487,
    -0.020705876871943474,
    -0.027899928390979767,
    0.03514006733894348,
    -0.000943869526963681,
    0.099080890417099,
    -0.036012064665555954,
    0.047154054045677185,
    -0.056938380002975464,
    0.008726249448955059,
    -0.006726448889821768,
    0.024369096383452415,
    -0.12611593306064606,
    -0.01645216904580593,
    -0.04854356497526169,
    0.042620815336704254,
    -0.006854026112705469,
    -0.027374548837542534,
    -0.010863006114959717,
    0.02551320567727089,
    0.04616467282176018,
    -0.09716752171516418,
    -0.030227836221456528,
    0.02630714885890484,
    -0.010873674415051937,
    0.06218468397855759,
    -0.09965319186449051,
    -0.05518556386232376,
    -0.041429124772548676,
    -0.024145228788256645,
    0.01204470731317997,
    -0.022008240222930908,
    0.03215223550796509,
    -0.06327065080404282,
    0.06235535442829132,
    -0.05797608196735382,
    0.0742841437458992,
    -0.02907194010913372,
    -0.0739561915397644,
    -0.05733821168541908,
    0.018736984580755234,
    -0.007997401058673859,
    -0.0051259733736515045,
    0.027380095794796944,
    -0.00028179585933685303,
    0.012523962184786797,
    -0.0588795505464077,
    -0.03480160981416702,
    0.0169709213078022,
    -0.013087842613458633,
    0.013180681504309177,
    0.05347944423556328,
    0.0377105176448822,
    0.015489483252167702,
    -0.0751790776848793,
    -0.1675470471382141,
    0.07547475397586823,
    0.019369471818208694,
    -0.050866078585386276,
    0.10911939293146133,
    0.02335173822939396,
    -0.017114179208874702,
    -0.022015249356627464,
    0.014671076089143753,
    -0.02015448734164238,
    -0.11704527586698532,
    -0.03668966889381409,
    0.011822477914392948,
    0.007351182866841555,
    2.0369249699060734e-32,
    -0.0347919762134552,
    0.009264972060918808,
    -0.06700100749731064,
    0.067490354180336,
    0.05269322171807289,
    0.011233925819396973,
    0.017225945368409157,
    -0.003909595310688019,
    -0.0744665116071701,
    0.06018611043691635,
    0.017798863351345062,
    0.05874918773770332,
    -0.008002819493412971,
    -0.06140965595841408,
    -0.024392496794462204,
    0.030444273725152016,
    0.005425923503935337,
    0.11993520706892014,
    0.008365461602807045,
    0.059237442910671234,
    0.04717059060931206,
    -0.023125261068344116,
    0.03171086683869362,
    0.013888850808143616,
    0.01642734557390213,
    -0.01906638592481613,
    0.037195462733507156,
    0.012305104173719883,
    0.04926154389977455,
    -0.013534101657569408,
    0.053561314940452576,
    0.02241402491927147,
    0.027366867288947105,
    -0.012406701222062111,
    0.05487105995416641,
    0.13339658081531525,
    0.0012352819321677089,
    -0.08340022712945938,
    0.10980556905269623,
    -0.06724081188440323,
    -0.024961726740002632,
    -0.003811204107478261,
    0.044676266610622406,
    0.037514686584472656,
    0.012495169416069984,
    0.01288585364818573,
    -0.010904351249337196,
    -0.01413834560662508,
    0.02410840429365635,
    0.0723651647567749,
    -0.0185032207518816,
    0.005046159494668245,
    0.018366815522313118,
    -0.008530725724995136,
    0.008239314891397953,
    -0.026293495669960976,
    -0.037521056830883026,
    0.03192674368619919,
    -0.07701876014471054,
    0.03977164626121521,
    -0.029032690450549126,
    0.028288930654525757,
    -0.007262058090418577,
    0.01600072905421257,
    -0.01673840545117855,
    -0.06782300770282745,
    -0.04521438106894493,
    -0.04164353385567665,
    0.038033243268728256,
    -0.021287672221660614,
    -0.05393398180603981,
    0.053479161113500595,
    -0.01883862167596817,
    0.033023446798324585,
    -0.01537678949534893,
    -0.024976037442684174,
    -0.006571230478584766,
    -0.02940242365002632,
    0.08603545278310776,
    -0.010370560921728611,
    -0.10886992514133453,
    0.023566076532006264,
    0.04146639630198479,
    0.06538095325231552,
    -0.042219989001750946,
    -0.0125510822981596,
    0.08225662261247635,
    0.031156176701188087,
    -0.05341845750808716,
    0.018589068204164505,
    -0.005911306478083134,
    0.026304353028535843,
    0.01821579411625862,
    0.07277841866016388,
    0.01215863786637783,
    -2.0782280210373284e-32,
    0.010285346768796444,
    -0.02338932454586029,
    -0.07072901725769043,
    0.0588708221912384,
    0.046648912131786346,
    0.0076920087449252605,
    -0.01334315724670887,
    -0.09286553412675858,
    0.07053875923156738,
    0.04294976592063904,
    -0.03072223998606205,
    -0.037138041108846664,
    -0.021109161898493767,
    -0.03620145842432976,
    -0.01755390875041485,
    -0.047010261565446854,
    -0.035363975912332535,
    -0.02947911247611046,
    -0.018515463918447495,
    0.07761307805776596,
    0.01500200480222702,
    -0.023886529728770256,
    -0.019493643194437027,
    0.12707430124282837,
    0.03442453220486641,
    0.018466530367732048,
    -0.03447867929935455,
    -0.034614384174346924,
    0.07906200736761093,
    -0.024182384833693504,
    -0.04094352573156357,
    -0.04945141449570656,
    -0.058703500777482986,
    0.03896709904074669,
    -0.13060368597507477,
    -0.1617342084646225,
    0.07279621809720993,
    -0.05785476043820381,
    0.009631183929741383,
    -0.05335049331188202,
    0.06826693564653397,
    0.031135383993387222,
    -0.020331211388111115,
    -0.004745790269225836,
    0.002473406959325075,
    -0.11692007631063461,
    0.03110998310148716,
    -0.052862804383039474,
    0.0030064021702855825,
    -0.010925687849521637,
    0.011863884516060352,
    -0.0638730525970459,
    0.003047299338504672,
    0.012066508643329144,
    -0.05073826014995575,
    0.08711284399032593,
    0.024029217660427094,
    -0.007431779056787491,
    -0.004575872793793678,
    0.002305686241015792,
    0.08578494191169739,
    0.05056769400835037,
    -0.02236284874379635,
    0.089875228703022,
    0.05474705621600151,
    -0.028961334377527237,
    -0.010369759052991867,
    -0.007672672159969807,
    -0.055851686745882034,
    -0.07792241126298904,
    -0.025505170226097107,
    -0.09488681703805923,
    -0.04762569069862366,
    -0.07946974039077759,
    0.05700576677918434,
    -0.058813054114580154,
    -0.010362916626036167,
    -0.1427597850561142,
    -0.1313285380601883,
    -0.009263314306735992,
    0.040751174092292786,
    0.004863917361944914,
    -0.060337986797094345,
    0.09377921372652054,
    -0.03322164714336395,
    0.013881942257285118,
    0.1064390316605568,
    -0.03873588517308235,
    0.02552616596221924,
    0.05293095111846924,
    -0.08363832533359528,
    -0.022662891075015068,
    -0.05772877484560013,
    0.03847073018550873,
    -0.0901021659374237,
    -5.9315656386615956e-08,
    -0.05104682967066765,
    0.04379057139158249,
    0.01784210279583931,
    -0.026052411645650864,
    -0.002848491771146655,
    -0.03974362462759018,
    -0.031075067818164825,
    -0.012034564279019833,
    -0.04725378379225731,
    -0.06261320412158966,
    0.058886073529720306,
    0.012181345373392105,
    -0.01731020398437977,
    -0.0036791767925024033,
    0.10507646948099136,
    -0.014958417043089867,
    -0.03831000253558159,
    -0.06734202057123184,
    -0.06596793234348297,
    0.03786221146583557,
    -0.032521311193704605,
    -0.035038143396377563,
    -0.06432200968265533,
    0.01750696636736393,
    0.039379529654979706,
    0.030187463387846947,
    0.006359811406582594,
    0.09745679050683975,
    0.0806027352809906,
    0.04260163754224777,
    -0.012152516283094883,
    -0.0014876017812639475,
    0.054548028856515884,
    -0.05817659571766853,
    -0.06118656322360039,
    -0.0123149324208498,
    0.040977898985147476,
    -0.010278208181262016,
    0.06171891838312149,
    0.010873575694859028,
    -0.03008224256336689,
    0.02045382559299469,
    0.06934511661529541,
    0.0894690752029419,
    -0.009739779867231846,
    -0.027684325352311134,
    -0.07290954887866974,
    0.07117752730846405,
    0.009096178226172924,
    -0.06783616542816162,
    -0.02730947732925415,
    -0.022238634526729584,
    0.04822077229619026,
    0.024053506553173065,
    -0.020183928310871124,
    0.04893503710627556,
    0.040903910994529724,
    0.07239747792482376,
    -0.001879459130577743,
    0.003774381708353758,
    0.09576592594385147,
    0.05842389538884163,
    0.036344967782497406,
    -0.04934842884540558
]