[
    0.045915983617305756,
    -0.009256147779524326,
    -0.017329717054963112,
    -0.10819509625434875,
    -0.028091687709093094,
    0.03535463288426399,
    -0.012396489270031452,
    -0.019393229857087135,
    0.031219422817230225,
    0.0064743985421955585,
    0.025606205686926842,
    -0.06363888084888458,
    0.002643801271915436,
    0.012111474759876728,
    0.1415746957063675,
    0.005931125488132238,
    -0.0016575726913288236,
    0.05027145892381668,
    -0.09454009681940079,
    0.059380725026130676,
    0.020225392654538155,
    0.009330565109848976,
    -0.05975571647286415,
    -0.02167385071516037,
    -0.1468590795993805,
    -0.01722998172044754,
    0.014854407869279385,
    -0.023220906034111977,
    0.047163233160972595,
    -0.07772041857242584,
    0.06022745743393898,
    0.04591859504580498,
    0.014408082701265812,
    0.09491056948900223,
    0.015690311789512634,
    -0.016879333183169365,
    0.007488116156309843,
    -0.016494113951921463,
    -0.008004779927432537,
    0.070472352206707,
    -0.07130799442529678,
    -0.01900947466492653,
    -0.04427513852715492,
    -0.04244978353381157,
    0.052255719900131226,
    0.025572864338755608,
    -0.06957695633172989,
    -0.03753003105521202,
    0.00862096343189478,
    0.020932620391249657,
    -0.08064035326242447,
    -0.020334111526608467,
    -0.04752475768327713,
    0.07155133783817291,
    -0.022449379786849022,
    -0.0200632456690073,
    -0.031942106783390045,
    0.04453454166650772,
    -0.03412066400051117,
    -0.011599916964769363,
    0.03808104991912842,
    0.07482001930475235,
    0.025492360815405846,
    0.041797637939453125,
    -0.023391401395201683,
    0.005131269805133343,
    -0.02838524430990219,
    -0.01862289384007454,
    0.014654734171926975,
    0.000341916864272207,
    -0.07504837214946747,
    -0.055383097380399704,
    -0.037762343883514404,
    0.027213523164391518,
    -0.01739535480737686,
    -0.019869189709424973,
    -0.015105214901268482,
    0.058630671352148056,
    0.04756197705864906,
    -0.12434647977352142,
    -0.08521855622529984,
    0.054267480969429016,
    -0.01054289285093546,
    -0.011822392232716084,
    -0.057828567922115326,
    -0.009588022716343403,
    -0.05078646540641785,
    -0.00328333443030715,
    -0.040616631507873535,
    0.03479935973882675,
    0.025783522054553032,
    -0.05107005685567856,
    0.174359992146492,
    -0.057051368057727814,
    0.08172401040792465,
    0.006015350576490164,
    0.003562030615285039,
    -0.06195421516895294,
    0.11671394109725952,
    -0.04405071213841438,
    -0.017231199890375137,
    0.046311669051647186,
    0.02727178856730461,
    0.0374566949903965,
    -0.05148360878229141,
    -0.02976606786251068,
    0.0013118594652041793,
    -0.020844487473368645,
    0.02567652426660061,
    0.008712681010365486,
    0.034315891563892365,
    0.08772628009319305,
    -0.04050832986831665,
    -0.12147808074951172,
    0.006696902681142092,
    0.0009379311231896281,
    -0.03536894544959068,
    0.06901247799396515,
    0.07460282742977142,
    0.021600943058729172,
    -0.0632990300655365,
    -0.03336687013506889,
    -0.023814769461750984,
    -0.10684005171060562,
    0.03134208545088768,
    0.0043632579036056995,
    -0.041458629071712494,
    1.6207213585302724e-32,
    -0.012070971541106701,
    -0.004579284694045782,
    -0.0659421980381012,
    0.009471351280808449,
    0.009248497895896435,
    0.008259832859039307,
    0.01986275054514408,
    0.036784108728170395,
    -0.09623285382986069,
    0.06651098281145096,
    -0.031662240624427795,
    0.06330756098031998,
    -0.0466851182281971,
    0.004216532688587904,
    0.021881062537431717,
    -0.0017699793679639697,
    -0.04232792928814888,
    0.050159696489572525,
    -0.017697906121611595,
    0.060330647975206375,
    -0.003052450716495514,
    0.006120195612311363,
    -0.019798174500465393,
    0.00983597245067358,
    -0.021861419081687927,
    -0.008263714611530304,
    0.040639810264110565,
    -0.004942341707646847,
    -0.00992648396641016,
    0.013418428599834442,
    0.04879787936806679,
    -0.011200856417417526,
    0.013718719594180584,
    0.02855527028441429,
    0.04844384640455246,
    0.13944952189922333,
    -0.031631700694561005,
    -0.06067826598882675,
    0.030701788142323494,
    -0.06342774629592896,
    -0.08814594894647598,
    -0.03664356842637062,
    0.034599486738443375,
    0.028820669278502464,
    0.022810762748122215,
    0.02077895775437355,
    -0.020591124892234802,
    -0.04099203646183014,
    0.07539371401071548,
    0.029938511550426483,
    -0.014329795725643635,
    -0.02212866209447384,
    0.0263538621366024,
    -0.08320698142051697,
    0.029905471950769424,
    -0.004377550911158323,
    -0.08854325115680695,
    0.07420846074819565,
    -0.07119050621986389,
    0.05495000630617142,
    -0.059868838638067245,
    0.05958622321486473,
    -0.036437761038541794,
    0.06623280793428421,
    0.0339086577296257,
    -0.054318882524967194,
    -0.03924184665083885,
    -0.051978062838315964,
    0.0898171216249466,
    -0.06651459634304047,
    0.002061175648123026,
    0.0528433732688427,
    -0.013270169496536255,
    -0.009600446559488773,
    -0.009051199071109295,
    -0.035124219954013824,
    -0.0012583703501150012,
    -0.055624254047870636,
    0.027441931888461113,
    0.025427022948861122,
    -0.09158560633659363,
    0.06915687769651413,
    0.05277300626039505,
    0.016101978719234467,
    -0.02095065638422966,
    0.013426528312265873,
    0.06564435362815857,
    -0.013951212167739868,
    -0.01461390033364296,
    -0.0375564880669117,
    -0.00031815434340387583,
    -0.0060290382243692875,
    0.014776624739170074,
    0.0845060721039772,
    0.08660492300987244,
    -1.7049763854933983e-32,
    0.028208229690790176,
    -0.04459584876894951,
    -0.017026547342538834,
    -0.04104342311620712,
    0.014047326520085335,
    0.02527671307325363,
    -0.037834517657756805,
    -0.0699150338768959,
    -0.04692596569657326,
    -0.015786664560437202,
    0.06334489583969116,
    -0.08239016681909561,
    0.0064411829225718975,
    -0.04392727091908455,
    -0.10060380399227142,
    -0.04194768890738487,
    -0.05687730014324188,
    -0.05436019226908684,
    0.05077339708805084,
    0.16470645368099213,
    -0.024904068559408188,
    -0.027253901585936546,
    -0.002536655403673649,
    0.11798552423715591,
    0.008779127150774002,
    0.0018445458263158798,
    -0.049841247498989105,
    -0.01337230671197176,
    0.103256955742836,
    -0.024954674765467644,
    0.02014794945716858,
    -0.029464073479175568,
    -0.05028641223907471,
    0.009051898494362831,
    -0.08603635430335999,
    -0.16349641978740692,
    0.017735082656145096,
    -0.07805134356021881,
    0.004120165016502142,
    -0.07197003811597824,
    0.03476400673389435,
    0.007035362999886274,
    0.0077422684989869595,
    -0.02861832268536091,
    0.030817056074738503,
    0.009008455090224743,
    0.044581614434719086,
    -0.03395598381757736,
    0.04496550187468529,
    -0.05630912259221077,
    0.035799670964479446,
    -0.04168987274169922,
    -0.014268720522522926,
    -0.0038478008937090635,
    0.00043285550782456994,
    0.04010085016489029,
    0.04845161363482475,
    -0.015551900491118431,
    -0.0601777508854866,
    -0.024823861196637154,
    0.08803025633096695,
    0.05582788214087486,
    0.012963085435330868,
    0.08042813837528229,
    0.01426830142736435,
    -0.03521037474274635,
    -0.02224128507077694,
    -0.0456656739115715,
    -0.06722352653741837,
    -0.1157395988702774,
    -0.08867846429347992,
    -0.08945203572511673,
    -0.0378093458712101,
    -0.027218380942940712,
    0.018441444262862206,
    -0.10004774481058121,
    -0.010936574079096317,
    -0.13500797748565674,
    -0.06480759382247925,
    -0.0029867542907595634,
    0.08136703819036484,
    -0.04132943972945213,
    -0.05297848954796791,
    0.07041817903518677,
    -0.008453156799077988,
    0.07506494969129562,
    -0.006619316525757313,
    -0.04591034725308418,
    0.05423842743039131,
    0.05509959161281586,
    -0.03826987370848656,
    0.0315876267850399,
    -0.06722626090049744,
    0.030644584447145462,
    -0.03778234124183655,
    -5.0179767896452177e-08,
    -0.04327498748898506,
    0.0660729631781578,
    -0.01489820796996355,
    -0.04633593559265137,
    -0.07197372615337372,
    -0.0448465496301651,
    -0.019993217661976814,
    -0.06821306049823761,
    -0.0205379705876112,
    -0.012999515049159527,
    -0.03047761879861355,
    0.03346339240670204,
    -0.05554213002324104,
    -0.0021620597690343857,
    0.044705748558044434,
    0.02032039314508438,
    -0.013537803664803505,
    -0.045045386999845505,
    0.03422653675079346,
    0.13059315085411072,
    -0.04970015212893486,
    -0.052957937121391296,
    -0.019185863435268402,
    0.02123662456870079,
    0.0290630254894495,
    -0.00291764666326344,
    0.008710112422704697,
    0.05808327719569206,
    0.08264078944921494,
    0.03698626160621643,
    -0.02000218629837036,
    0.06132132560014725,
    -0.04591303691267967,
    -0.034728359431028366,
    -0.06884168833494186,
    -0.06102805212140083,
    0.06227414682507515,
    0.031447917222976685,
    0.038751840591430664,
    -0.022420084103941917,
    0.0011183770839124918,
    -0.03660259023308754,
    -0.015082900412380695,
    0.0373511016368866,
    -0.0028942683711647987,
    -0.024452179670333862,
    -0.025883879512548447,
    0.04971715062856674,
    0.03230445832014084,
    -0.03450218215584755,
    -0.0028685962315648794,
    -0.03870495408773422,
    0.07058080285787582,
    -0.04108655825257301,
    0.0026196243707090616,
    0.05224998667836189,
    0.04364483803510666,
    0.02247343584895134,
    -0.0011392096057534218,
    -0.004551832564175129,
    0.123532235622406,
    0.012830709107220173,
    0.11166335642337799,
    -0.015594768337905407
]