[
    -0.045000895857810974,
    0.07164960354566574,
    -0.01454107090830803,
    -0.03896867483854294,
    -0.035146016627550125,
    0.040887992829084396,
    -0.01588720828294754,
    -0.04113973677158356,
    0.011778868734836578,
    -0.008357266895473003,
    0.02427949383854866,
    0.014631046913564205,
    0.008843149989843369,
    -0.057152215391397476,
    0.06767191737890244,
    -0.025918887928128242,
    0.019426248967647552,
    -0.004682448692619801,
    -0.1336584836244583,
    0.09310987591743469,
    0.0012280187802389264,
    0.07289940118789673,
    -0.0014579897979274392,
    -0.012830629013478756,
    -0.07395495474338531,
    -0.019894804805517197,
    -0.01636694371700287,
    -0.06619598716497421,
    0.03318888694047928,
    -0.05112949758768082,
    0.05885748937726021,
    0.0536377914249897,
    0.06003739312291145,
    0.09089222550392151,
    -0.042013321071863174,
    -0.003880681237205863,
    -0.06591655313968658,
    0.07941409945487976,
    -0.03444978967308998,
    0.006842263974249363,
    -0.060970187187194824,
    -0.038930267095565796,
    -0.0409221313893795,
    0.02744271792471409,
    0.008445763029158115,
    -0.006238917820155621,
    -0.07257302105426788,
    -0.027151595801115036,
    0.02024218440055847,
    0.055619027465581894,
    -0.07756110280752182,
    -0.039760515093803406,
    -0.03137395158410072,
    0.09557981789112091,
    -0.017032897099852562,
    -0.03488653153181076,
    -0.05674096569418907,
    -0.037883736193180084,
    -0.13641893863677979,
    -0.030442653223872185,
    -0.026455532759428024,
    0.010113300755620003,
    0.01771179586648941,
    0.036171577870845795,
    -0.0895807147026062,
    0.07002991437911987,
    -0.004376559052616358,
    0.00923345796763897,
    0.010609856806695461,
    -0.010320853441953659,
    -0.08300153911113739,
    0.007460899651050568,
    0.009774098172783852,
    0.07194184511899948,
    -0.03646336868405342,
    0.01707044057548046,
    0.006180921569466591,
    0.007902988232672215,
    0.047754108905792236,
    -0.10058853775262833,
    -0.06328432261943817,
    0.006998398806899786,
    -0.016325728967785835,
    0.002763860858976841,
    -0.08300226926803589,
    2.0357876564958133e-05,
    -0.0236000157892704,
    -0.04044464975595474,
    -0.009610781446099281,
    -0.06345516443252563,
    0.020854568108916283,
    -0.021836144849658012,
    0.07668828964233398,
    -0.0754462406039238,
    0.06998872756958008,
    -0.06960146129131317,
    -0.018757574260234833,
    -0.06625088304281235,
    -0.04019718989729881,
    0.0086174001917243,
    -0.016118014231324196,
    0.018776223063468933,
    0.020906714722514153,
    0.0088514294475317,
    -0.0370013602077961,
    -0.06399914622306824,
    0.014559127390384674,
    -0.0020830542780458927,
    0.020137090235948563,
    0.06502768397331238,
    0.02967180497944355,
    0.00406162953004241,
    -0.02082488127052784,
    -0.16037221252918243,
    0.006403344217687845,
    -0.0018362123519182205,
    0.011985532008111477,
    0.05624212697148323,
    0.06818591803312302,
    0.010001116432249546,
    -0.07375037670135498,
    -0.004873586818575859,
    -0.05504050850868225,
    -0.07078331708908081,
    -0.04704051464796066,
    0.023726385086774826,
    -0.03543519228696823,
    2.662924935544882e-32,
    -0.03673749417066574,
    0.01910235919058323,
    -0.04821474477648735,
    0.04288666322827339,
    0.04219933971762657,
    -0.010168559849262238,
    0.0024562457110732794,
    -0.01626022346317768,
    -0.07162593305110931,
    0.025184806436300278,
    0.03551861643791199,
    -0.009928532876074314,
    0.032660260796546936,
    0.0016394348349422216,
    -0.08024684339761734,
    0.03472205996513367,
    -0.01946648210287094,
    0.07685194909572601,
    -0.05829988047480583,
    0.08228932321071625,
    0.03245345875620842,
    -0.01646122708916664,
    0.014530171640217304,
    0.006731947418302298,
    -0.06546176224946976,
    -0.027122028172016144,
    0.015250390395522118,
    -0.01544711459428072,
    0.06515243649482727,
    -0.006378937046974897,
    -0.0015748759033158422,
    0.028931647539138794,
    0.020736422389745712,
    -0.09098527580499649,
    0.03325231745839119,
    0.1376112699508667,
    0.037319380789995193,
    -0.04671047627925873,
    0.1041138544678688,
    -0.05443065986037254,
    -0.024957573041319847,
    -0.020629964768886566,
    0.01665518246591091,
    0.03359728306531906,
    0.010597052052617073,
    -0.00503566162660718,
    0.009301245212554932,
    -0.03606952354311943,
    -0.012796384282410145,
    0.009331821464002132,
    -0.0121718505397439,
    -0.009757953695952892,
    -0.028567375615239143,
    0.007968265563249588,
    -0.020506348460912704,
    0.025648441165685654,
    -0.06575684994459152,
    0.03260435536503792,
    -0.04060373455286026,
    0.059996649622917175,
    -0.010548942722380161,
    -0.010563230141997337,
    0.016095275059342384,
    -0.017188305035233498,
    -0.015693046152591705,
    -0.06891747564077377,
    -0.025940777733922005,
    -0.06426317244768143,
    0.04423227906227112,
    -0.018303189426660538,
    -0.042755287140607834,
    0.07827936112880707,
    -0.03949162736535072,
    0.007429186254739761,
    -0.009707030840218067,
    -0.005144584458321333,
    0.01679566316306591,
    -0.02179405279457569,
    0.060660820454359055,
    0.011223561130464077,
    -0.039493005722761154,
    -0.008800904266536236,
    -0.006357304286211729,
    0.08665996789932251,
    -0.018599553033709526,
    -0.01004859246313572,
    0.03705582395195961,
    0.07942504435777664,
    -0.12016042321920395,
    -0.06129743903875351,
    -0.005201774183660746,
    0.03345604985952377,
    0.0689043253660202,
    0.030882997438311577,
    -0.0083249406889081,
    -2.691056866348761e-32,
    -0.055173322558403015,
    -0.039493340998888016,
    -0.039482634514570236,
    0.010844587348401546,
    0.08159974962472916,
    -0.058303188532590866,
    -0.03566952422261238,
    -0.1271265149116516,
    0.09476719051599503,
    0.05777550861239433,
    0.004481832031160593,
    -0.04922373965382576,
    -0.009365660138428211,
    -0.0358869768679142,
    -0.022977111861109734,
    0.025733327493071556,
    -0.07332238554954529,
    -0.04644005000591278,
    0.00038697393028996885,
    0.11558277904987335,
    -0.01711064763367176,
    -0.014212118461728096,
    -0.0566217303276062,
    0.1388113647699356,
    0.06727039068937302,
    0.06509699672460556,
    -0.06343545764684677,
    0.022759409621357918,
    0.09260672330856323,
    -0.06746044009923935,
    -0.09095364063978195,
    -0.051901545375585556,
    -0.027577349916100502,
    -0.04613182321190834,
    -0.0610797144472599,
    -0.17746786773204803,
    0.04268231242895126,
    -0.014525985345244408,
    -0.058967459946870804,
    -0.006801214534789324,
    0.09514462202787399,
    -0.02126060239970684,
    -0.04670145735144615,
    0.014087239280343056,
    -0.010631033219397068,
    -0.09687440097332001,
    0.03844998776912689,
    -0.03201521560549736,
    -0.021855361759662628,
    0.04169203341007233,
    0.05466850474476814,
    -0.049118634313344955,
    -0.01106193382292986,
    0.04061117395758629,
    -0.042048245668411255,
    0.04263221472501755,
    -0.004555339924991131,
    -0.017838958650827408,
    -0.02289462275803089,
    -0.030469391494989395,
    0.06697626411914825,
    0.056120000779628754,
    -0.08324069529771805,
    0.06223960593342781,
    0.030895328149199486,
    -0.05465388298034668,
    -0.010678879916667938,
    -0.051306962966918945,
    -0.03448476269841194,
    -0.07122496515512466,
    -0.07809218019247055,
    -0.10393877327442169,
    -0.059054628014564514,
    -0.11213188618421555,
    0.13970346748828888,
    -0.02293570525944233,
    -0.014004380442202091,
    -0.07302574068307877,
    -0.060766614973545074,
    0.02820640802383423,
    0.05485699698328972,
    -0.01569003239274025,
    -0.0417601503431797,
    0.0496172271668911,
    0.009472895413637161,
    -0.015261409804224968,
    0.07607100903987885,
    -0.033292558044195175,
    -0.03290300443768501,
    0.08757176995277405,
    -0.02148408629000187,
    -0.006627368740737438,
    -0.053245801478624344,
    0.032503969967365265,
    -0.10393163561820984,
    -7.282618952331177e-08,
    0.0025386970955878496,
    0.016869420185685158,
    0.028755387291312218,
    -0.046839531511068344,
    0.01205410622060299,
    -0.06301307678222656,
    -0.012949122115969658,
    0.03685639053583145,
    -0.04825885221362114,
    0.0037915005814284086,
    0.04813476279377937,
    0.08901001513004303,
    -0.023784905672073364,
    -0.04104481637477875,
    0.07821425795555115,
    -0.04474036768078804,
    -0.08303941041231155,
    -0.047774650156497955,
    -0.06199625879526138,
    0.0156509131193161,
    -0.0635717511177063,
    -0.05473712459206581,
    -0.05576068535447121,
    0.05959128588438034,
    0.02444005012512207,
    0.0506221204996109,
    0.006904562935233116,
    0.025265779346227646,
    0.030818941071629524,
    0.020454328507184982,
    -0.023030387237668037,
    0.012629508040845394,
    0.0464051216840744,
    0.012049756944179535,
    -0.021397879347205162,
    -0.04503386840224266,
    0.02910620905458927,
    -0.02884506806731224,
    0.029140587896108627,
    0.018136553466320038,
    0.03705684840679169,
    0.025127660483121872,
    0.014246630482375622,
    0.06575493514537811,
    0.018454670906066895,
    0.0003513933625072241,
    0.011033927090466022,
    -0.005218892823904753,
    -0.013177456334233284,
    -0.08847448229789734,
    -0.03185814991593361,
    -0.05284169316291809,
    0.09688417613506317,
    -0.028191830962896347,
    -0.0638272687792778,
    0.10424580425024033,
    0.023623302578926086,
    0.09499926120042801,
    0.015414070338010788,
    -0.022693894803524017,
    0.13802137970924377,
    0.07739907503128052,
    0.015665508806705475,
    -0.011320509947836399
]