[
    -0.06686776131391525,
    0.05048013851046562,
    -0.034354228526353836,
    -0.05925523489713669,
    -0.07277914881706238,
    0.07422448694705963,
    -0.01029815524816513,
    -0.06018587946891785,
    0.0357883982360363,
    -0.0034485000651329756,
    -0.00020534351642709225,
    -0.005843705963343382,
    0.01861407980322838,
    -0.04132537171244621,
    0.07986633479595184,
    0.0007771012024022639,
    0.02744262106716633,
    0.037137966603040695,
    -0.08081886172294617,
    0.0466640330851078,
    0.015130407176911831,
    0.05152012035250664,
    -0.0642479658126831,
    -0.016092902049422264,
    -0.09867139160633087,
    -0.0599987618625164,
    -0.0006007764022797346,
    -0.05361764132976532,
    -0.005680161993950605,
    -0.0826035812497139,
    0.02246689423918724,
    0.033813461661338806,
    0.034700144082307816,
    0.07610764354467392,
    -0.012496228329837322,
    -0.012974468059837818,
    -0.026416029781103134,
    0.03824228048324585,
    -0.029838137328624725,
    0.007085263729095459,
    -0.06106828898191452,
    -0.09045429527759552,
    -0.0406937338411808,
    0.008820346556603909,
    0.012589316815137863,
    -0.007234063930809498,
    -0.04725690186023712,
    -0.04349331185221672,
    0.005316311027854681,
    0.07849926501512527,
    -0.0472867526113987,
    -0.02119268663227558,
    -0.024450192227959633,
    0.10813790559768677,
    -0.05994214862585068,
    -0.026136569678783417,
    -0.04455721378326416,
    -0.006721670273691416,
    -0.09337081760168076,
    0.00779225118458271,
    0.005370676517486572,
    0.02544107474386692,
    0.015127438120543957,
    0.11363747715950012,
    -0.07807717472314835,
    0.059882085770368576,
    -0.017679857090115547,
    -0.021852655336260796,
    -0.044623859226703644,
    0.0036813151091337204,
    -0.09320568293333054,
    -0.0291292704641819,
    -0.04965106025338173,
    0.027957839891314507,
    0.0221556443721056,
    0.025847608223557472,
    -0.018898211419582367,
    0.018721342086791992,
    0.10546988248825073,
    -0.16822631657123566,
    -0.029665373265743256,
    0.02876267395913601,
    -0.03228594735264778,
    0.06236222758889198,
    -0.06200038641691208,
    0.0027921295259147882,
    -0.011575428768992424,
    -0.019526159390807152,
    0.012086271308362484,
    -0.020146716386079788,
    0.03956134244799614,
    -0.035178735852241516,
    0.09235863387584686,
    -0.07952237129211426,
    0.06015937030315399,
    -0.056079357862472534,
    -0.02933577261865139,
    -0.061590973287820816,
    0.034736089408397675,
    -0.00014907197328284383,
    -0.04545881599187851,
    0.03274983540177345,
    0.010593678802251816,
    0.028157152235507965,
    -0.04435298964381218,
    -0.07684874534606934,
    0.031592272222042084,
    -0.027866650372743607,
    0.025462519377470016,
    0.0708642452955246,
    0.054062556475400925,
    0.03238098695874214,
    -0.039501260966062546,
    -0.15876087546348572,
    0.03283233940601349,
    0.017033686861395836,
    -0.06856338679790497,
    0.0789152979850769,
    0.022362878546118736,
    0.019889501854777336,
    -0.02074756845831871,
    0.03164558857679367,
    -0.06921496242284775,
    -0.05628489702939987,
    -0.0626264289021492,
    0.038435399532318115,
    -0.05165243521332741,
    2.339688968323708e-32,
    0.023524047806859016,
    -0.009979036636650562,
    -0.020258326083421707,
    0.019972139969468117,
    0.05186690762639046,
    -0.016847439110279083,
    0.009814565069973469,
    -0.013955149799585342,
    -0.08116161823272705,
    0.08719208836555481,
    -0.018588053062558174,
    0.05948334187269211,
    -0.015181482769548893,
    -0.011612405069172382,
    -0.009290779009461403,
    0.06611882895231247,
    0.025693709030747414,
    0.11846324056386948,
    0.004183420445770025,
    0.07778690755367279,
    0.010630165226757526,
    -0.022640854120254517,
    0.03437618538737297,
    0.0323789045214653,
    -0.03259434923529625,
    0.014959651045501232,
    0.007491187658160925,
    -0.02184050902724266,
    0.043960776180028915,
    0.003153445664793253,
    0.01906035654246807,
    0.017166193574666977,
    0.04209310561418533,
    -0.01727924682199955,
    0.07122617959976196,
    0.10051501542329788,
    0.017639679834246635,
    -0.050490520894527435,
    0.08295588195323944,
    -0.04783718287944794,
    -0.019909273833036423,
    -0.015871606767177582,
    0.05780946463346481,
    -0.005630756262689829,
    0.012495609931647778,
    -0.023223666474223137,
    0.012254011817276478,
    -0.02371722273528576,
    0.027450568974018097,
    0.058911748230457306,
    -0.047221723943948746,
    0.018340006470680237,
    0.006117605604231358,
    -0.004365128464996815,
    -0.005663028918206692,
    -0.019122017547488213,
    -0.05276191979646683,
    0.03594660758972168,
    -0.04340644180774689,
    0.06452620029449463,
    -0.05862388387322426,
    0.05476149544119835,
    0.01118699461221695,
    -0.0434817373752594,
    -0.04606590420007706,
    -0.029400227591395378,
    -0.03215189278125763,
    -0.07046393305063248,
    0.040069252252578735,
    -0.011340131051838398,
    -0.00727706216275692,
    0.05606963858008385,
    -0.019502047449350357,
    0.024338185787200928,
    -0.02111802250146866,
    -0.04754815250635147,
    0.03184284642338753,
    -0.03578605130314827,
    0.0580299086868763,
    -0.010714401490986347,
    -0.07462214678525925,
    -0.0024902508594095707,
    0.004020840395241976,
    0.06468286365270615,
    -0.05633772164583206,
    0.008554796688258648,
    0.04993346706032753,
    0.01644568145275116,
    -0.04461945593357086,
    -0.029347384348511696,
    -0.037438176572322845,
    0.040348831564188004,
    0.021923616528511047,
    0.05323002487421036,
    0.01942765899002552,
    -2.3808040872956254e-32,
    -0.03948143124580383,
    -0.02154618315398693,
    -0.05998151749372482,
    -0.02227969840168953,
    0.05516335368156433,
    -0.024857884272933006,
    0.0025988162960857153,
    -0.0810822919011116,
    0.06153414398431778,
    0.03655388951301575,
    0.030885374173521996,
    -0.033871375024318695,
    -0.03337083011865616,
    -0.039216723293066025,
    0.011270588263869286,
    -0.030075587332248688,
    -0.07896630465984344,
    -0.05548098683357239,
    -0.025651531293988228,
    0.11884400993585587,
    -0.029673239216208458,
    0.02896697260439396,
    0.015182589180767536,
    0.1468663364648819,
    0.07927817106246948,
    0.052088748663663864,
    -0.05529434606432915,
    0.004747750703245401,
    0.08093385398387909,
    -0.04814625531435013,
    -0.05782670900225639,
    -0.04384308308362961,
    -0.0800359696149826,
    -0.006932147312909365,
    -0.08873032033443451,
    -0.19211068749427795,
    0.05243206024169922,
    -0.03678450360894203,
    -0.015812410041689873,
    -0.07798647880554199,
    0.08633256703615189,
    -0.02528047189116478,
    -0.02593139372766018,
    0.02841886132955551,
    0.05146033316850662,
    -0.09556479752063751,
    0.06489377468824387,
    -0.04757997766137123,
    0.003936402499675751,
    0.009972694329917431,
    0.009346825070679188,
    -0.02573918178677559,
    -0.004857190884649754,
    0.01885777898132801,
    -0.04922925680875778,
    0.061561133712530136,
    0.03346617519855499,
    -0.05082448571920395,
    -0.0344659686088562,
    -0.03616040199995041,
    0.0903676375746727,
    0.06418635696172714,
    -0.018950307741761208,
    0.09754259139299393,
    0.03753972053527832,
    -0.0440027229487896,
    0.007149568758904934,
    -0.032167091965675354,
    -0.06905139982700348,
    -0.09250407665967941,
    -0.059604138135910034,
    -0.08934637904167175,
    -0.06125740334391594,
    -0.1021406352519989,
    0.08151154220104218,
    -0.07149425148963928,
    -0.04599400609731674,
    -0.13141705095767975,
    -0.08175399154424667,
    0.03504470735788345,
    0.022403623908758163,
    -0.020076632499694824,
    -0.03370670601725578,
    0.07689307630062103,
    -0.03008827567100525,
    -0.008466287516057491,
    0.07428915798664093,
    -0.05240064486861229,
    -0.007245474494993687,
    0.08666432648897171,
    -0.07718375325202942,
    0.006668758578598499,
    -0.10063941776752472,
    0.062166206538677216,
    -0.0979204997420311,
    -6.38372199546211e-08,
    -0.036498405039310455,
    0.046932559460401535,
    0.03513503074645996,
    -0.04055846482515335,
    0.0027199340984225273,
    -0.09141460806131363,
    -0.03311445564031601,
    0.007654611021280289,
    -0.01684441976249218,
    -0.042370837181806564,
    0.061660729348659515,
    0.06252580881118774,
    -0.02027878537774086,
    -0.030456949025392532,
    0.09023335576057434,
    -0.007172391749918461,
    -0.07530809938907623,
    -0.050060976296663284,
    -0.06835969537496567,
    0.01102629117667675,
    -0.07274913787841797,
    -0.02458803914487362,
    -0.04426583647727966,
    -0.015013128519058228,
    0.010342474095523357,
    0.024927975609898567,
    -0.008099389262497425,
    0.03871641680598259,
    0.08383332192897797,
    0.03986604884266853,
    -0.015255671925842762,
    0.019712312147021294,
    0.045743972063064575,
    -0.028224049136042595,
    -0.03048933669924736,
    -0.053804393857717514,
    0.04876856133341789,
    -0.0061784954741597176,
    0.0337715819478035,
    0.002314474433660507,
    0.0033728224225342274,
    0.050447020679712296,
    0.024773992598056793,
    0.07644349336624146,
    0.009848655201494694,
    -0.03693326190114021,
    -0.0378846749663353,
    0.00899997353553772,
    0.03814227879047394,
    -0.05716801807284355,
    -0.04397846758365631,
    -0.02149135433137417,
    0.08319181203842163,
    -0.013172147795557976,
    -0.036368709057569504,
    0.054838575422763824,
    0.027446577325463295,
    0.04263746738433838,
    -0.008204415440559387,
    -0.007533415220677853,
    0.07936007529497147,
    0.009073982946574688,
    0.06509535014629364,
    -0.058244045823812485
]