[
    -0.057379648089408875,
    0.0756199061870575,
    -0.04231053963303566,
    -0.011488843709230423,
    0.0005903831333853304,
    0.0833406001329422,
    0.0029292998369783163,
    -0.026805346831679344,
    0.030911952257156372,
    0.0455702543258667,
    0.05090756341814995,
    -0.027412595227360725,
    -0.0009414994856342673,
    -0.06680218875408173,
    0.10867751389741898,
    0.009722252376377583,
    0.06837760657072067,
    0.02409236505627632,
    -0.07093095034360886,
    0.07331538945436478,
    0.010986284352838993,
    0.08225253969430923,
    -0.03199787810444832,
    -0.023647040128707886,
    -0.11380407959222794,
    -0.0037603031378239393,
    -0.006797839421778917,
    -0.06937605142593384,
    0.03855961188673973,
    -0.03246361017227173,
    0.03125884756445885,
    0.0381491594016552,
    0.04640161991119385,
    0.08298434317111969,
    -0.03344292938709259,
    -0.0024828766472637653,
    -0.025486338883638382,
    -0.004871279466897249,
    -0.03428909182548523,
    0.01609337329864502,
    -0.029063211753964424,
    -0.04078057035803795,
    -0.02613935060799122,
    -0.02926437370479107,
    -0.014960029162466526,
    0.028500128537416458,
    -0.0468904972076416,
    0.021709617227315903,
    -0.02508135698735714,
    -0.02979249879717827,
    -0.12542279064655304,
    -0.04238614812493324,
    -0.038235150277614594,
    0.08350755274295807,
    -0.048208318650722504,
    -0.04853169620037079,
    0.004347688518464565,
    0.020991206169128418,
    -0.08010220527648926,
    -0.012945102527737617,
    0.004445796366780996,
    0.03711877390742302,
    0.006587829906493425,
    0.05867590010166168,
    0.010749351233243942,
    0.054425597190856934,
    -0.0021261456422507763,
    -0.01443545427173376,
    0.052874840795993805,
    0.020956330001354218,
    -0.05468422546982765,
    0.017271649092435837,
    0.00029796938179060817,
    0.03248279169201851,
    -0.02335924655199051,
    -0.03844891116023064,
    -0.019205084070563316,
    -0.021694498136639595,
    0.07675018161535263,
    -0.12703253328800201,
    -0.07066312432289124,
    0.031220564618706703,
    0.006938390899449587,
    0.03213568776845932,
    -0.040643755346536636,
    4.656499368138611e-05,
    0.0012819498078897595,
    -0.0331120528280735,
    -0.025030681863427162,
    -0.026118053123354912,
    0.07834900170564651,
    -0.06347296386957169,
    0.08604760468006134,
    -0.03148912638425827,
    0.06506335735321045,
    -0.027378397062420845,
    -0.025334982201457024,
    -0.07434728741645813,
    -0.025757892057299614,
    -0.01370894256979227,
    -0.03219102323055267,
    0.005251476541161537,
    -0.027358025312423706,
    0.002304392633959651,
    -0.018748003989458084,
    -0.05713523179292679,
    -0.013753454200923443,
    -0.07205364853143692,
    -0.030368033796548843,
    0.05859712138772011,
    0.03731818497180939,
    0.007662478368729353,
    -0.1252964586019516,
    -0.10677238553762436,
    0.07389020919799805,
    -0.058265283703804016,
    -0.01579129323363304,
    0.07747028023004532,
    0.03010549023747444,
    -0.07514557242393494,
    -0.061493922024965286,
    -0.022892119362950325,
    -0.04747210443019867,
    -0.05609961226582527,
    -0.00280976970680058,
    -0.004040772560983896,
    -0.05959270894527435,
    1.4775731829701867e-32,
    -0.00879576150327921,
    -0.03084656596183777,
    -0.06692210584878922,
    -0.004237211775034666,
    0.021310068666934967,
    0.011724503710865974,
    -0.010132144205272198,
    -0.033101025968790054,
    -0.005892087239772081,
    0.08812518417835236,
    0.027450434863567352,
    0.044195495545864105,
    0.03569728881120682,
    -0.09061775356531143,
    -0.053687579929828644,
    0.05300174281001091,
    -0.02642044425010681,
    0.10485465824604034,
    -0.00788887869566679,
    0.05016859620809555,
    0.051297593861818314,
    -0.008935400284826756,
    -0.016050847247242928,
    0.018993327394127846,
    -0.05571878328919411,
    0.0016793927643448114,
    0.05480407178401947,
    -0.03667977452278137,
    0.0180183257907629,
    0.0075787813402712345,
    0.03691982477903366,
    0.02036680281162262,
    0.04826807603240013,
    -0.023181399330496788,
    0.08487220853567123,
    0.12003003805875778,
    -0.008027682080864906,
    -0.02751428633928299,
    0.05423509702086449,
    -0.06707798689603806,
    -0.03640201315283775,
    0.0056146481074392796,
    0.056587398052215576,
    -0.013005856424570084,
    0.04347996786236763,
    0.011073472909629345,
    -0.03818395733833313,
    -0.06340181082487106,
    0.0039399960078299046,
    0.067446269094944,
    -0.0006063581095077097,
    0.024920884519815445,
    -0.003398920875042677,
    -0.06349844485521317,
    -0.01689491979777813,
    -0.0012032485101372004,
    -0.0454520583152771,
    0.0471036434173584,
    -0.025485122576355934,
    0.04344489425420761,
    0.025646308436989784,
    0.007668411359190941,
    0.015451764687895775,
    -0.055378615856170654,
    -0.005844512023031712,
    -0.07026281207799911,
    -0.013381761498749256,
    -0.08177267760038376,
    0.05914083495736122,
    -0.05952773243188858,
    -0.02749417908489704,
    0.09937864542007446,
    0.026206575334072113,
    0.006476638372987509,
    -0.009712117724120617,
    -0.02703768014907837,
    0.03643414378166199,
    -0.007307750638574362,
    0.015085052698850632,
    0.026484286412596703,
    -0.05223310366272926,
    -0.02615128643810749,
    0.007891667075455189,
    0.07054604589939117,
    -0.035107772797346115,
    -0.00459756376221776,
    0.012064381502568722,
    0.03964706137776375,
    -0.05243994668126106,
    -0.016739672049880028,
    0.03624744713306427,
    -0.002496622037142515,
    -0.006546079181134701,
    0.034222934395074844,
    -0.014096911996603012,
    -1.5899113577216325e-32,
    -0.04523518308997154,
    -0.0696268305182457,
    -0.07497172057628632,
    0.02457575872540474,
    0.06878667324781418,
    -0.03257386386394501,
    -0.06010494753718376,
    -0.07493098825216293,
    0.031402427703142166,
    0.0379471629858017,
    -0.009076875634491444,
    -0.09462576359510422,
    -0.019474612548947334,
    -0.009201046079397202,
    -0.03793209046125412,
    0.00951843336224556,
    -0.057190362364053726,
    -0.07671621441841125,
    -0.06229637935757637,
    0.09183414280414581,
    0.015049852430820465,
    -0.014678196050226688,
    -0.0031106288079172373,
    0.15215669572353363,
    0.08343186229467392,
    0.019402362406253815,
    0.010867547243833542,
    -0.024467792361974716,
    0.11201456934213638,
    -0.03765314817428589,
    -0.00797957181930542,
    -0.06962726265192032,
    -0.06241941452026367,
    0.015865391120314598,
    -0.12998609244823456,
    -0.14932195842266083,
    0.10532253235578537,
    -0.02394034154713154,
    -0.018289757892489433,
    -0.026035917922854424,
    0.06880328059196472,
    0.03224179521203041,
    -0.043242454528808594,
    -0.018527723848819733,
    -0.013734295032918453,
    -0.0361965149641037,
    0.04616032913327217,
    -0.012518992647528648,
    0.010177717544138432,
    -0.015213506296277046,
    0.07044151425361633,
    -0.03976546227931976,
    0.008488603867590427,
    0.025391235947608948,
    -0.04576609656214714,
    0.036419279873371124,
    0.027848273515701294,
    -0.06243123486638069,
    -0.06969080120325089,
    -0.003627200610935688,
    0.08096970617771149,
    0.10210326313972473,
    -0.09533095359802246,
    0.07261024415493011,
    0.0352952741086483,
    -0.03870069235563278,
    -0.045144811272621155,
    -0.06175913289189339,
    -0.038224101066589355,
    -0.07742075622081757,
    -0.05759197100996971,
    -0.12432810664176941,
    -0.023916492238640785,
    -0.09173953533172607,
    0.077439084649086,
    -0.03650454059243202,
    -0.0066633266396820545,
    -0.10574673116207123,
    -0.08849097788333893,
    0.03139379993081093,
    0.09162797778844833,
    -0.05119597539305687,
    -0.03333327919244766,
    0.056871261447668076,
    -0.0005158640560694039,
    0.009805602952837944,
    0.10460156947374344,
    -0.024394221603870392,
    -0.0005679645691998303,
    0.10247011482715607,
    -0.0340561717748642,
    0.0032775206491351128,
    -0.07053610682487488,
    0.03758666291832924,
    -0.08161657303571701,
    -5.022765492412873e-08,
    -0.01318728644400835,
    0.02575082890689373,
    0.05010610446333885,
    -0.06134680286049843,
    -0.007853384129703045,
    -0.02031024359166622,
    0.009782942943274975,
    -0.016259776428341866,
    -0.03983118012547493,
    -0.01112888753414154,
    0.018598254770040512,
    0.022170286625623703,
    -0.032374992966651917,
    0.017732134088873863,
    0.053749725222587585,
    -0.05226114019751549,
    -0.05647820234298706,
    -0.08598918467760086,
    -0.037080273032188416,
    0.04160067066550255,
    -0.024949776008725166,
    -0.06778626143932343,
    -0.09366686642169952,
    0.00176200270652771,
    0.06833135336637497,
    0.03130705654621124,
    -0.045907747000455856,
    0.05908318981528282,
    0.03691447153687477,
    0.044372718781232834,
    -0.026829808950424194,
    0.057944267988204956,
    0.04355071112513542,
    -0.029147954657673836,
    -0.07380856573581696,
    -0.011444246396422386,
    0.06787975132465363,
    -0.022578757256269455,
    0.04155554249882698,
    -0.043419599533081055,
    0.013150646351277828,
    0.022130947560071945,
    0.038398392498493195,
    0.10143430531024933,
    0.043268900364637375,
    -0.01507373433560133,
    -0.016724810004234314,
    0.0029967569280415773,
    -0.008267093449831009,
    -0.06835523992776871,
    -0.050408732146024704,
    -0.025785909965634346,
    0.08125776052474976,
    0.04950636997818947,
    -0.006947510875761509,
    0.09774384647607803,
    0.0894666388630867,
    0.04352456331253052,
    -0.01841452531516552,
    -0.04395405203104019,
    0.14103248715400696,
    0.05380277335643768,
    0.03757394850254059,
    0.02383604273200035
]