[
    -0.028171204030513763,
    0.03274274244904518,
    -0.03618134558200836,
    -0.06572559475898743,
    -0.07066752761602402,
    0.06800737231969833,
    0.00012091400276403874,
    -0.07065478712320328,
    0.027620721608400345,
    0.004862596746534109,
    -0.0023864139802753925,
    0.001823105732910335,
    0.03295894339680672,
    -0.012250680476427078,
    0.10418105870485306,
    0.004123235587030649,
    0.04734157398343086,
    0.033417604863643646,
    -0.09721609950065613,
    0.05429374426603317,
    0.019441625103354454,
    0.03669664263725281,
    -0.07400139421224594,
    -0.019553352147340775,
    -0.12935501337051392,
    -0.05549812316894531,
    0.004515534732490778,
    -0.062362343072891235,
    0.012451373971998692,
    -0.07657944411039352,
    0.012198898941278458,
    0.061410900205373764,
    0.04850101098418236,
    0.06723324954509735,
    -0.014233261346817017,
    -0.0020311963744461536,
    -0.036850687116384506,
    0.03232702612876892,
    0.002393492963165045,
    0.01867038756608963,
    -0.09466705471277237,
    -0.06787463277578354,
    -0.024039924144744873,
    -0.006732641719281673,
    0.023996353149414062,
    0.008285341784358025,
    -0.0566449873149395,
    -0.0658181682229042,
    0.03651416301727295,
    0.05565379559993744,
    -0.05802564695477486,
    -0.01213319506496191,
    -0.04585777595639229,
    0.10033321380615234,
    -0.07032855600118637,
    -0.02944500744342804,
    -0.021096358075737953,
    -0.0003412364749237895,
    -0.10168585926294327,
    0.0007192950579337776,
    -0.023920880630612373,
    0.039785340428352356,
    0.01767348311841488,
    0.09358597546815872,
    -0.06929871439933777,
    0.045599933713674545,
    -0.04482788220047951,
    -0.04266398027539253,
    -0.039036281406879425,
    0.010196277871727943,
    -0.08999861776828766,
    -0.016655409708619118,
    -0.03233892098069191,
    0.022943511605262756,
    -0.004450761713087559,
    0.014641847461462021,
    -0.002230046084150672,
    0.008826087228953838,
    0.0944293811917305,
    -0.17234393954277039,
    -0.021441148594021797,
    0.04882305487990379,
    -0.019978828728199005,
    0.05576664209365845,
    -0.08655363321304321,
    0.018254922702908516,
    -0.027786359190940857,
    -0.03513967618346214,
    0.021026724949479103,
    -0.008870728313922882,
    0.06323695927858353,
    -0.047713786363601685,
    0.08456885814666748,
    -0.09666328877210617,
    0.07259240001440048,
    -0.04687594249844551,
    -0.034366779029369354,
    -0.05010903999209404,
    0.02018699236214161,
    -0.01958995684981346,
    -0.039537739008665085,
    0.018972914665937424,
    0.022875601425766945,
    0.019915089011192322,
    -0.06645934283733368,
    -0.049814071506261826,
    0.021216128021478653,
    0.002136260736733675,
    0.021650737151503563,
    0.04347280412912369,
    0.02159726992249489,
    0.033187687397003174,
    -0.07055125385522842,
    -0.1435193419456482,
    0.04025129973888397,
    -0.02867894247174263,
    -0.036569129675626755,
    0.0357288122177124,
    0.018368039280176163,
    0.010187321342527866,
    -0.04131649062037468,
    0.021166661754250526,
    -0.05518634244799614,
    -0.07138187438249588,
    -0.0684855505824089,
    0.02628430165350437,
    -0.026410207152366638,
    2.3673017714349052e-32,
    -0.012623819522559643,
    -0.005441951099783182,
    -0.019684799015522003,
    0.04723614454269409,
    0.04354449361562729,
    -0.011117834597826004,
    0.01422805991023779,
    0.000868710340000689,
    -0.06557650119066238,
    0.06206788867712021,
    -0.004956882447004318,
    0.06943992525339127,
    -0.026289628818631172,
    -0.03355637192726135,
    -0.013820089399814606,
    0.051282890141010284,
    0.037858542054891586,
    0.11764723062515259,
    -0.021008921787142754,
    0.08718281239271164,
    -0.0018203789368271828,
    -0.016827639192342758,
    0.01607070304453373,
    0.03469860926270485,
    -0.029305079951882362,
    0.005559261422604322,
    0.034790825098752975,
    -0.016332773491740227,
    0.02890830487012863,
    -0.0016525399405509233,
    0.04849225655198097,
    0.005977781489491463,
    0.0051085432060062885,
    -0.013889540918171406,
    0.06221709027886391,
    0.117355577647686,
    0.024846404790878296,
    -0.015408425591886044,
    0.07901343703269958,
    -0.07241927832365036,
    -0.06787922233343124,
    -0.023410802707076073,
    0.05889538675546646,
    0.03117268718779087,
    0.01243162713944912,
    -0.004402084741741419,
    0.019945625215768814,
    -0.0056634703651070595,
    0.020883049815893173,
    0.06806117296218872,
    -0.036234546452760696,
    0.021954696625471115,
    0.010814054869115353,
    -0.005997756961733103,
    0.02127828076481819,
    -0.025724250823259354,
    -0.03815274313092232,
    0.04464651644229889,
    -0.048558544367551804,
    0.07051774859428406,
    -0.05027120187878609,
    0.050353698432445526,
    -0.0202071163803339,
    -0.016422558575868607,
    0.0012199372285977006,
    -0.07516931742429733,
    -0.03931799158453941,
    -0.07828724384307861,
    0.03749457001686096,
    -0.024629099294543266,
    -0.0206498671323061,
    0.05673661082983017,
    -0.008526256307959557,
    0.040970634669065475,
    -0.028913157060742378,
    -0.04583737254142761,
    0.02074369601905346,
    -0.023933960124850273,
    0.0418580025434494,
    0.012553003616631031,
    -0.06805241107940674,
    0.005159189458936453,
    0.024688074365258217,
    0.05509841442108154,
    -0.028572725132107735,
    0.00944859255105257,
    0.0683436244726181,
    -0.0075211478397250175,
    -0.041807353496551514,
    -0.025124847888946533,
    -0.024694107472896576,
    0.03222648426890373,
    0.019326403737068176,
    0.08843210339546204,
    0.015222733840346336,
    -2.3534632641898498e-32,
    -0.02414264902472496,
    -0.03161220997571945,
    -0.06088775023818016,
    -0.004888125695288181,
    0.0611526221036911,
    -0.01551814004778862,
    -0.02319936454296112,
    -0.07730646431446075,
    0.04992007091641426,
    0.05008401721715927,
    0.04222267493605614,
    -0.049319177865982056,
    -0.05931180715560913,
    -0.011152848601341248,
    0.006404129788279533,
    -0.03370512276887894,
    -0.08418397605419159,
    -0.05781141668558121,
    -0.02301093377172947,
    0.1523628979921341,
    -0.06862861663103104,
    0.023534229025244713,
    -0.0011776904575526714,
    0.12384717911481857,
    0.0723198875784874,
    0.06507893651723862,
    -0.0538119375705719,
    0.0019793633837252855,
    0.08127487450838089,
    -0.0451991893351078,
    -0.044707830995321274,
    -0.06455019116401672,
    -0.04958750680088997,
    0.0002468283928465098,
    -0.09454423934221268,
    -0.21684511005878448,
    0.03489288315176964,
    -0.03506612405180931,
    0.009933504275977612,
    -0.05223780870437622,
    0.0716470256447792,
    -0.003948137164115906,
    -0.008841428905725479,
    0.022464554756879807,
    0.043043866753578186,
    -0.08887999504804611,
    0.06282106786966324,
    -0.06908241659402847,
    0.0045094736851751804,
    -0.0022188180591911077,
    0.02539234608411789,
    -0.03406825289130211,
    -0.026321128010749817,
    0.007070999126881361,
    -0.0213114432990551,
    0.0665668323636055,
    0.027687253430485725,
    -0.05249489098787308,
    -0.02372635342180729,
    -0.044722117483615875,
    0.09472876042127609,
    0.06316234171390533,
    -0.012759664095938206,
    0.08629285544157028,
    0.038748305290937424,
    -0.029874121770262718,
    0.026105981320142746,
    -0.04051691293716431,
    -0.09245303273200989,
    -0.08847165107727051,
    -0.07632537931203842,
    -0.08905281126499176,
    -0.06762566417455673,
    -0.08093731105327606,
    0.07825079560279846,
    -0.06982602924108505,
    -0.031974419951438904,
    -0.13728147745132446,
    -0.06506509333848953,
    0.026531871408224106,
    0.02728043496608734,
    -0.02259196527302265,
    -0.07122869789600372,
    0.05901709944009781,
    -0.043703533709049225,
    -0.013097957707941532,
    0.08007686585187912,
    -0.06081868335604668,
    0.0019168759463354945,
    0.07138838618993759,
    -0.06276221573352814,
    0.018898000940680504,
    -0.07525406777858734,
    0.04703018069267273,
    -0.08313023298978806,
    -6.213544878619359e-08,
    -0.06273075193166733,
    0.06339383870363235,
    0.048800915479660034,
    -0.05484206601977348,
    0.0009813685901463032,
    -0.05480051785707474,
    0.009903393685817719,
    0.008405779488384724,
    -0.01699286885559559,
    -0.03375573083758354,
    0.031232459470629692,
    0.058417730033397675,
    -0.020759498700499535,
    -0.006604849360883236,
    0.06563391536474228,
    0.003208237700164318,
    -0.06864935904741287,
    -0.05365666002035141,
    -0.06629306823015213,
    0.03319000080227852,
    -0.0464266799390316,
    -0.03462355211377144,
    -0.054302066564559937,
    0.012096764519810677,
    0.01898438297212124,
    0.015046567656099796,
    -0.0010851591359823942,
    0.01936187781393528,
    0.0778544545173645,
    0.02438308671116829,
    -0.026144513860344887,
    0.026759831234812737,
    0.02349914237856865,
    -0.036339279264211655,
    -0.038072582334280014,
    -0.047554563730955124,
    0.03927615284919739,
    -0.016538502648472786,
    0.056341502815485,
    0.02562275528907776,
    -0.01313576940447092,
    0.042392656207084656,
    0.030036287382245064,
    0.08695515245199203,
    0.028445536270737648,
    -0.028973110020160675,
    -0.03971002623438835,
    0.01402224414050579,
    0.0014256468275561929,
    -0.06432303786277771,
    -0.07471771538257599,
    -0.020693093538284302,
    0.08550332486629486,
    -0.01039960514754057,
    -0.04160309210419655,
    0.05080871284008026,
    0.0651322454214096,
    0.0514715313911438,
    -0.007781077176332474,
    -0.0067549594677984715,
    0.06934167444705963,
    0.04156062752008438,
    0.06058833375573158,
    -0.025141770020127296
]