[
    -0.06376396119594574,
    0.05848020315170288,
    -0.020210251212120056,
    -0.06069602072238922,
    -0.0708436667919159,
    0.06781686097383499,
    0.0011489576427266002,
    -0.06769995391368866,
    0.030744606629014015,
    0.01495734415948391,
    -0.007541208993643522,
    -0.03035864420235157,
    0.026969006285071373,
    -0.05054716020822525,
    0.07504811882972717,
    -0.006386825814843178,
    -0.00043536731391213834,
    0.027266204357147217,
    -0.07060377299785614,
    0.04868481308221817,
    0.0027887781616300344,
    0.07740775495767593,
    -0.05201883986592293,
    -0.014344948343932629,
    -0.1167195588350296,
    0.004974656738340855,
    -0.004092898685485125,
    -0.048510532826185226,
    0.006736437324434519,
    -0.07395555824041367,
    0.03026394359767437,
    -0.0037312249187380075,
    0.04781164973974228,
    0.07964921742677689,
    -0.019831834360957146,
    0.010109007358551025,
    -0.029294511303305626,
    0.04377441853284836,
    -0.021244755014777184,
    0.024905754253268242,
    -0.07000186294317245,
    -0.04257740452885628,
    -0.02738785371184349,
    -0.01662294752895832,
    0.003936906810849905,
    0.0029617799445986748,
    -0.052475765347480774,
    -0.038410648703575134,
    0.02065940387547016,
    0.0515112467110157,
    -0.05963585898280144,
    -0.04252181947231293,
    -0.02303365245461464,
    0.08578821271657944,
    -0.0737343356013298,
    -0.0021433986257761717,
    -0.04773523285984993,
    -0.031162962317466736,
    -0.10137011110782623,
    -0.01583270914852619,
    -0.029804108664393425,
    0.059154342859983444,
    0.010865823365747929,
    0.08616986870765686,
    -0.03906417265534401,
    0.045656103640794754,
    -0.030976666137576103,
    0.00838353019207716,
    -0.03780139237642288,
    0.0030328738503158092,
    -0.0963965505361557,
    -0.01811041682958603,
    -0.027846839278936386,
    0.04029927775263786,
    0.0003152301942463964,
    0.015931332483887672,
    -0.005382167175412178,
    -0.0007575219497084618,
    0.09150349348783493,
    -0.1574898660182953,
    -0.03499321639537811,
    0.027354368939995766,
    -0.04074475169181824,
    0.0721893459558487,
    -0.03250572830438614,
    -0.002435431582853198,
    -0.017154108732938766,
    0.0012240709038451314,
    -0.0003307995793875307,
    -0.042722221463918686,
    0.07166645675897598,
    -0.07381073385477066,
    0.10993950068950653,
    -0.07581232488155365,
    0.07804899662733078,
    -0.03594350442290306,
    0.002019435167312622,
    -0.04384613782167435,
    0.02879059500992298,
    -0.005706220865249634,
    -0.03641658276319504,
    0.012650476768612862,
    0.028043625876307487,
    0.005905427969992161,
    -0.05905672535300255,
    -0.06616298109292984,
    0.00862331222742796,
    -0.01229564193636179,
    0.016756564378738403,
    0.0456920750439167,
    0.04761053994297981,
    0.018688250333070755,
    -0.056585703045129776,
    -0.13443736732006073,
    0.02879304066300392,
    -0.017436031252145767,
    -0.03914555534720421,
    0.05780521407723427,
    0.04494794085621834,
    -0.009274314157664776,
    -0.02574070543050766,
    -0.0054672532714903355,
    -0.03785816580057144,
    -0.0738997533917427,
    -0.012784300372004509,
    0.04598349332809448,
    -0.024548811838030815,
    2.192468880332374e-32,
    -0.01642024889588356,
    -0.008058675564825535,
    -0.034200288355350494,
    0.010396454483270645,
    0.01997765153646469,
    -0.018200663849711418,
    0.019655859097838402,
    0.002701988210901618,
    -0.04934199899435043,
    0.08022014796733856,
    -0.01811208203434944,
    0.04318372160196304,
    -0.00847178790718317,
    -0.053202759474515915,
    -0.03020956926047802,
    0.04650332033634186,
    -0.021963058039546013,
    0.08192197978496552,
    -0.05988752841949463,
    0.0779091864824295,
    -0.01568952575325966,
    -0.021279459819197655,
    0.027787473052740097,
    0.03367266803979874,
    -0.011625779792666435,
    -0.0031655067577958107,
    0.025844402611255646,
    0.0010436511365696788,
    0.01785712130367756,
    -0.005009024869650602,
    0.03011392615735531,
    0.035490985959768295,
    -0.010330789722502232,
    -0.03683397173881531,
    0.06291230022907257,
    0.1248013898730278,
    0.048551980406045914,
    -0.02729070745408535,
    0.10346392542123795,
    -0.07415499538183212,
    -0.02448415756225586,
    -0.029970722272992134,
    0.08495613932609558,
    -0.0034833333920687437,
    0.06650938093662262,
    0.001575677888467908,
    0.0037981066852808,
    -0.0060289050452411175,
    0.016784999519586563,
    0.05404134839773178,
    -0.030286429449915886,
    -0.005168460309505463,
    -0.010859980247914791,
    -0.007061840500682592,
    -0.0035134272184222937,
    -0.011686619371175766,
    -0.05123032256960869,
    0.057281166315078735,
    -0.04079388454556465,
    0.07287326455116272,
    -0.04481615498661995,
    0.05955265462398529,
    -0.00030209982651285827,
    -0.04665123671293259,
    -0.029423082247376442,
    -0.03989435359835625,
    -0.03367610648274422,
    -0.07976266741752625,
    0.06073818728327751,
    -0.022919051349163055,
    0.008131816051900387,
    0.042770374566316605,
    -0.003867748659104109,
    0.02802070789039135,
    -0.012038223445415497,
    -0.034211330115795135,
    -0.004176102112978697,
    -0.00861276499927044,
    0.031798794865608215,
    -0.001403025584295392,
    -0.07653538137674332,
    -0.0063307578675448895,
    0.012235401198267937,
    0.09311757981777191,
    0.012323086149990559,
    -0.003832898335531354,
    0.06274928152561188,
    0.014155103825032711,
    -0.09340186417102814,
    -0.04638534411787987,
    -0.001627950114198029,
    0.04014132171869278,
    0.0534062497317791,
    0.0632639229297638,
    0.006346913054585457,
    -2.2143188223886648e-32,
    -0.01572137326002121,
    -0.058312807232141495,
    -0.04627256840467453,
    -0.005262484308332205,
    0.056150104850530624,
    -0.04206184670329094,
    -0.005625132936984301,
    -0.0715649351477623,
    0.02231476828455925,
    0.05391998216509819,
    0.04445940628647804,
    -0.023401571437716484,
    -0.027895621955394745,
    -0.02540527656674385,
    0.001017425674945116,
    -0.04283897578716278,
    -0.06631629914045334,
    -0.03574300557374954,
    -0.008730396628379822,
    0.11649804562330246,
    -0.020209945738315582,
    0.005368969403207302,
    0.007954527623951435,
    0.16806189715862274,
    0.05906585976481438,
    0.07748773694038391,
    -0.04044365882873535,
    0.0012963489862158895,
    0.10062992572784424,
    -0.051692407578229904,
    -0.053979646414518356,
    -0.06861541420221329,
    -0.06040063500404358,
    0.02344619110226631,
    -0.09646859019994736,
    -0.22269229590892792,
    0.0685540959239006,
    -0.061537545174360275,
    -0.02429172582924366,
    -0.0638742670416832,
    0.09957289695739746,
    -0.018093565478920937,
    -0.0179009810090065,
    0.006590092089027166,
    0.0356559082865715,
    -0.0772327184677124,
    0.06076700612902641,
    -0.023488663136959076,
    -0.027282124385237694,
    0.003733736462891102,
    0.023166503757238388,
    -0.024090711027383804,
    -0.019193867221474648,
    0.025519851595163345,
    -0.05008392035961151,
    0.06758368760347366,
    0.026908384636044502,
    -0.06669414788484573,
    -0.036530088633298874,
    -0.02262243442237377,
    0.07371202856302261,
    0.07522187381982803,
    -0.014687525108456612,
    0.11817602068185806,
    0.05429461598396301,
    -0.054074738174676895,
    -0.010670005343854427,
    -0.022370290011167526,
    -0.06715033203363419,
    -0.07905659824609756,
    -0.06748117506504059,
    -0.08716320246458054,
    -0.07275670766830444,
    -0.13269545137882233,
    0.08624178916215897,
    -0.05460192263126373,
    -0.03923117369413376,
    -0.12752819061279297,
    -0.05696452409029007,
    0.0035496714990586042,
    0.02213551290333271,
    -0.022830316796898842,
    -0.05978533625602722,
    0.08219848573207855,
    -0.021663857623934746,
    0.002113529248163104,
    0.09052053093910217,
    -0.08107736706733704,
    -0.019193967804312706,
    0.10205204039812088,
    -0.07936282455921173,
    0.014144208282232285,
    -0.07371404021978378,
    0.04403705149888992,
    -0.09706450998783112,
    -5.979983086490392e-08,
    -0.026305001229047775,
    0.07041449844837189,
    0.036829832941293716,
    -0.065852090716362,
    0.007776334881782532,
    -0.0851651057600975,
    -0.04423946887254715,
    0.008912952616810799,
    -0.016941605135798454,
    -0.017952099442481995,
    0.04337264969944954,
    0.06403367221355438,
    -0.0016722686123102903,
    -0.0002503165742382407,
    0.05205010622739792,
    -0.010962353087961674,
    -0.08218386769294739,
    -0.04112205281853676,
    -0.0847117230296135,
    0.010828799568116665,
    -0.024344200268387794,
    -0.026049869135022163,
    -0.04247752204537392,
    0.0103567810729146,
    0.010638801380991936,
    0.021472429856657982,
    -0.010099399834871292,
    0.017865290865302086,
    0.08666329830884933,
    0.03090183436870575,
    -0.04876818507909775,
    0.017866240814328194,
    0.02863108366727829,
    -0.018676521256566048,
    -0.016516467556357384,
    -0.05896172299981117,
    0.06828442215919495,
    -0.01936020888388157,
    0.057944316416978836,
    -0.005239216610789299,
    0.009074380621314049,
    0.04198495298624039,
    0.021827777847647667,
    0.08213042467832565,
    0.024371931329369545,
    -0.06589648127555847,
    -0.05545727536082268,
    0.02929193712770939,
    0.010180609300732613,
    -0.07260990142822266,
    -0.02896806411445141,
    -0.0279159527271986,
    0.07447347790002823,
    -0.025300344452261925,
    -0.06224936991930008,
    0.02609851025044918,
    0.03817896917462349,
    0.026550769805908203,
    -0.0009524928755126894,
    0.0076277004554867744,
    0.09861789643764496,
    0.007188225630670786,
    0.0546279102563858,
    -0.004617795813828707
]