[
    -0.06445617973804474,
    0.0771012008190155,
    -0.03611690551042557,
    -0.029294129461050034,
    -0.042344436049461365,
    0.05520910024642944,
    -0.003222589148208499,
    -0.05126764997839928,
    -0.006819054018706083,
    -0.015937630087137222,
    0.005816668272018433,
    -0.0008368067210540175,
    -0.019060002639889717,
    -0.05246669426560402,
    0.06960973143577576,
    -0.021200085058808327,
    0.05248130112886429,
    0.032076433300971985,
    -0.10232293605804443,
    0.07472973316907883,
    0.04335887357592583,
    0.07247286289930344,
    -0.044514600187540054,
    0.05382956564426422,
    -0.08332082629203796,
    -0.03781511262059212,
    -0.0007450411794707179,
    -0.05796700716018677,
    0.02911166101694107,
    -0.034625351428985596,
    0.07270395010709763,
    0.028543932363390923,
    0.0390545055270195,
    0.05873984843492508,
    -0.028504496440291405,
    -0.03458838909864426,
    -0.059007853269577026,
    0.039242856204509735,
    -0.039168599992990494,
    0.003796034725382924,
    -0.04665273055434227,
    -0.05766547843813896,
    -0.07847607135772705,
    0.06573496758937836,
    0.025584839284420013,
    0.010785199701786041,
    -0.07828119397163391,
    0.007337990682572126,
    -0.015339254401624203,
    0.08085896819829941,
    -0.09424615651369095,
    -0.038317225873470306,
    -0.028956903144717216,
    0.07381776720285416,
    -0.06232035160064697,
    -0.05639201030135155,
    -0.05853601172566414,
    -0.036295678466558456,
    -0.10303464531898499,
    0.00395349832251668,
    0.014241566881537437,
    -0.017249928787350655,
    0.036745037883520126,
    0.061789803206920624,
    -0.04840861260890961,
    0.0897144004702568,
    0.012688132002949715,
    -0.04259993135929108,
    0.004536457359790802,
    -0.03120950050652027,
    -0.05585300549864769,
    -0.034140314906835556,
    0.002281202469021082,
    0.0685785710811615,
    0.020952275022864342,
    0.024655435234308243,
    -0.009331082925200462,
    0.021533215418457985,
    0.08017951250076294,
    -0.1466650366783142,
    -0.03659949079155922,
    -0.003965235315263271,
    0.009792689234018326,
    0.054538190364837646,
    -0.055030424147844315,
    -0.009193121455609798,
    -0.008266780525445938,
    -0.017715921625494957,
    0.020781945437192917,
    -0.03800388425588608,
    0.04946159943938255,
    -0.040173597633838654,
    0.09919214993715286,
    -0.06775785237550735,
    0.06506957113742828,
    -0.060215797275304794,
    -0.019770324230194092,
    -0.08592440187931061,
    0.01225989032536745,
    -0.00211889180354774,
    -0.012887462042272091,
    -0.02773466892540455,
    0.006910835858434439,
    0.03168670833110809,
    -0.036843135952949524,
    -0.07463166862726212,
    0.008481183089315891,
    -0.0049387747421860695,
    0.021854761987924576,
    0.08117736130952835,
    0.02606198936700821,
    0.02059173211455345,
    -0.0079868845641613,
    -0.10450220853090286,
    0.01748134195804596,
    0.008492918685078621,
    -0.0204630047082901,
    0.0648634284734726,
    0.07023116946220398,
    0.0359078049659729,
    -0.048443447798490524,
    0.006347937509417534,
    -0.04331468045711517,
    -0.06759089231491089,
    -0.07028001546859741,
    0.03116530366241932,
    -0.08218003809452057,
    2.0421656175956268e-32,
    -0.05106397345662117,
    -0.01628265716135502,
    -0.03560715913772583,
    0.05032480135560036,
    0.006620361004024744,
    0.005188465118408203,
    0.024074595421552658,
    -0.04286233335733414,
    -0.0766487643122673,
    0.028828781098127365,
    -0.009548132307827473,
    0.014671717770397663,
    0.011317741125822067,
    0.005843420512974262,
    -0.02951350435614586,
    0.018270352855324745,
    0.02177985943853855,
    0.1035909503698349,
    0.030804229900240898,
    0.07915899157524109,
    0.055615782737731934,
    -0.01515001431107521,
    -0.0012021183501929045,
    0.011106566525995731,
    -0.02070631831884384,
    0.02181459218263626,
    -0.01520770788192749,
    -0.06370370835065842,
    0.009828625246882439,
    0.00501602329313755,
    0.018577704206109047,
    0.005938868038356304,
    0.04177524894475937,
    -0.05362673103809357,
    0.05506880208849907,
    0.09430044889450073,
    0.010835079476237297,
    -0.052860554307699203,
    0.06084606796503067,
    -0.04777594283223152,
    -0.03981711342930794,
    -0.010670875199139118,
    0.045014556497335434,
    0.03182594105601311,
    0.02269069291651249,
    -0.006077426020056009,
    -0.02513108402490616,
    -0.026703305542469025,
    -0.004016585648059845,
    0.045136015862226486,
    -0.047515034675598145,
    0.014691204763948917,
    -0.004297670442610979,
    -0.04459948092699051,
    0.023591862991452217,
    -0.05424270033836365,
    -0.09425034373998642,
    0.029145782813429832,
    -0.05964484065771103,
    0.034313395619392395,
    -0.0489681102335453,
    0.006106800865381956,
    -0.0207175612449646,
    -0.03873063623905182,
    -0.03094390593469143,
    -0.07538188993930817,
    -0.045619528740644455,
    -0.08135633915662766,
    0.0572056882083416,
    -0.02378190867602825,
    -0.030901525169610977,
    0.07268932461738586,
    -0.017759736627340317,
    0.04985422641038895,
    -0.04986722767353058,
    -0.04554431885480881,
    0.03098086267709732,
    0.02046576887369156,
    0.022046176716685295,
    0.018514635041356087,
    -0.04776123911142349,
    0.007814018055796623,
    -0.026315996423363686,
    0.06348662078380585,
    -0.03911634907126427,
    -0.0159426499158144,
    0.04130399972200394,
    0.05578222498297691,
    -0.07231076806783676,
    -0.08165418356657028,
    -0.00446702167391777,
    0.01933758705854416,
    0.0116489939391613,
    0.028527358546853065,
    0.01552185695618391,
    -2.190338884568684e-32,
    -0.061571329832077026,
    -0.05429799482226372,
    -0.03778289631009102,
    -0.027421724051237106,
    0.0367763452231884,
    -0.017576590180397034,
    -0.03635434806346893,
    -0.07761309295892715,
    0.045626722276210785,
    0.0001905027311295271,
    0.0456685796380043,
    -0.04239294305443764,
    -0.013593233190476894,
    -0.045190904289484024,
    -0.0493587888777256,
    0.0029875466134399176,
    -0.07468777894973755,
    -0.051446206867694855,
    -0.021484490483999252,
    0.10831205546855927,
    -0.04168040677905083,
    0.04261940345168114,
    -0.05559689179062843,
    0.13265195488929749,
    0.06582452356815338,
    0.057443030178546906,
    -0.07501481473445892,
    0.029955344274640083,
    0.12184187024831772,
    -0.0321696512401104,
    -0.09153447300195694,
    -0.045640408992767334,
    -0.062089644372463226,
    -0.02512934058904648,
    -0.06416091322898865,
    -0.18539036810398102,
    0.05343019962310791,
    0.02658507041633129,
    -0.04491642490029335,
    -0.031385015696287155,
    0.1227007731795311,
    -0.010789398103952408,
    -0.028225988149642944,
    0.03842433542013168,
    0.016898438334465027,
    -0.03745877370238304,
    0.07882547378540039,
    -0.019263895228505135,
    0.01609271951019764,
    0.016994914039969444,
    0.057676952332258224,
    -0.047536611557006836,
    0.02482905052602291,
    0.035490576177835464,
    -0.043254174292087555,
    0.013329803012311459,
    0.011069332249462605,
    -0.0416637621819973,
    -0.03561672195792198,
    -0.027087388560175896,
    0.09814868122339249,
    0.056431807577610016,
    -0.06734023988246918,
    0.08186972141265869,
    0.0027166837826371193,
    -0.06656891852617264,
    -0.02340644598007202,
    -0.025499651208519936,
    -0.0029417313635349274,
    -0.09994299709796906,
    -0.08403193205595016,
    -0.10216646641492844,
    -0.014302046038210392,
    -0.10599963366985321,
    0.11775918304920197,
    -0.061520833522081375,
    -0.03968099132180214,
    -0.05915876477956772,
    -0.08960240334272385,
    0.02564099244773388,
    0.06607459485530853,
    -0.012674014084041119,
    -0.037270162254571915,
    0.08265788108110428,
    0.020877795293927193,
    -0.0063291266560554504,
    0.0821199119091034,
    -0.046557191759347916,
    -0.004533068276941776,
    0.07313650846481323,
    -0.058677997440099716,
    0.014989679679274559,
    -0.13163836300373077,
    0.06279175728559494,
    -0.07562454789876938,
    -6.190032308950322e-08,
    0.039930544793605804,
    0.022005150094628334,
    0.017681587487459183,
    -0.04363420233130455,
    0.01329068187624216,
    -0.036543846130371094,
    -0.05598527565598488,
    -0.02310308814048767,
    -0.027948200702667236,
    -0.02223188616335392,
    0.044109608978033066,
    0.08835538476705551,
    -0.020494477823376656,
    -0.028669973835349083,
    0.05285895615816116,
    -0.03580721840262413,
    -0.09701031446456909,
    -0.026923030614852905,
    -0.03484385460615158,
    0.02742670476436615,
    -0.09281139075756073,
    -0.05556260049343109,
    -0.056008562445640564,
    0.013613689690828323,
    0.03338145837187767,
    0.03733743354678154,
    -0.0018998116720467806,
    0.010215725749731064,
    0.07364378869533539,
    0.03897538781166077,
    -0.013978962786495686,
    0.018424637615680695,
    0.039547551423311234,
    -0.004928764421492815,
    -0.059535302221775055,
    -0.05756979063153267,
    0.010051497258245945,
    -0.019239582121372223,
    0.038501836359500885,
    -0.008410164155066013,
    0.004598971921950579,
    0.047024764120578766,
    0.02683960646390915,
    0.09121329337358475,
    0.02613643929362297,
    -0.03840819001197815,
    0.008779950439929962,
    -0.023343464359641075,
    0.02197319082915783,
    -0.0681988075375557,
    -0.0638706162571907,
    -0.0357537716627121,
    0.12545615434646606,
    0.0059508951380848885,
    -0.04651247709989548,
    0.06789493560791016,
    0.041718967258930206,
    0.049950435757637024,
    -0.027246683835983276,
    0.006807677913457155,
    0.12358129769563675,
    0.019196609035134315,
    0.06372769922018051,
    -0.017507242038846016
]