[
    -0.03793758153915405,
    0.06817310303449631,
    -0.019030923023819923,
    -0.040008850395679474,
    -0.05630215257406235,
    0.05242903158068657,
    0.004776418209075928,
    -0.04607492312788963,
    0.03484772518277168,
    0.0025906809605658054,
    0.0028635174967348576,
    -0.0017764493823051453,
    0.02930069901049137,
    -0.07339274138212204,
    0.07243118435144424,
    -0.041211698204278946,
    0.020061053335666656,
    0.012977639213204384,
    -0.0853574201464653,
    0.0904967337846756,
    0.02054314874112606,
    0.08893747627735138,
    -0.05970747396349907,
    0.008068494498729706,
    -0.0785975530743599,
    -0.016697732731699944,
    -0.014388266019523144,
    -0.045403413474559784,
    0.038937319070100784,
    -0.06312976777553558,
    0.05419599637389183,
    0.02912241965532303,
    0.04033835604786873,
    0.0956200659275055,
    -0.03752749040722847,
    -0.02424168772995472,
    -0.05713384971022606,
    0.061871789395809174,
    -0.04290097951889038,
    0.03399960324168205,
    -0.07704772800207138,
    -0.06404156982898712,
    -0.04451845586299896,
    0.03408590704202652,
    0.025421537458896637,
    0.0072517311200499535,
    -0.0984184592962265,
    -0.007296761032193899,
    0.027942294254899025,
    0.05561978369951248,
    -0.07870656251907349,
    -0.012427170760929585,
    -0.040550656616687775,
    0.0905693992972374,
    -0.05137782171368599,
    -0.06304242461919785,
    -0.04231996089220047,
    -0.028697028756141663,
    -0.12056662142276764,
    -0.028011836111545563,
    -0.022140955552458763,
    0.026198504492640495,
    0.039870381355285645,
    0.07839110493659973,
    -0.0734616294503212,
    0.06472011655569077,
    -0.03288477659225464,
    -0.018921591341495514,
    0.0029089218005537987,
    0.007759036961942911,
    -0.0980648323893547,
    -0.010163554921746254,
    0.010004189796745777,
    0.05751732736825943,
    -0.02209877409040928,
    0.0018463294254615903,
    -0.016473572701215744,
    -0.007469485513865948,
    0.06747312098741531,
    -0.10442465543746948,
    -0.05553079769015312,
    0.009353633038699627,
    -0.0478549487888813,
    0.036186300218105316,
    -0.04320555180311203,
    0.021486807614564896,
    -0.019569942727684975,
    -0.01895633339881897,
    -0.014626136049628258,
    -0.08879025280475616,
    0.07455730438232422,
    -0.034568559378385544,
    0.07786446809768677,
    -0.08266864717006683,
    0.07963770627975464,
    -0.08982892334461212,
    -0.021725330501794815,
    -0.07171064615249634,
    0.013395657762885094,
    -0.014973962679505348,
    -0.012344546616077423,
    0.016199026256799698,
    0.02812935598194599,
    -0.008954844437539577,
    -0.036141280084848404,
    -0.08640910685062408,
    0.04427611082792282,
    0.009610423818230629,
    0.009074361063539982,
    0.05393442139029503,
    0.014274581335484982,
    0.015067722648382187,
    -0.05177493393421173,
    -0.14020122587680817,
    0.035495586693286896,
    -0.011331555433571339,
    -0.020078102126717567,
    0.03284318372607231,
    0.05629218369722366,
    0.030613187700510025,
    -0.06450121104717255,
    -0.031151307746767998,
    -0.04483756422996521,
    -0.0771503746509552,
    -0.05824388936161995,
    0.02144000679254532,
    -0.020688245072960854,
    2.4204751114575575e-32,
    -0.024232832714915276,
    -0.0018004634184762836,
    -0.034061215817928314,
    0.03735054284334183,
    0.030657025054097176,
    -0.0035749096423387527,
    0.020123060792684555,
    -0.01805507391691208,
    -0.0405544638633728,
    0.0583137571811676,
    -0.004211380146443844,
    0.02899584360420704,
    -0.0029138606041669846,
    -0.02014697715640068,
    -0.03511996567249298,
    0.03769828379154205,
    -0.006904080510139465,
    0.0721481516957283,
    -0.03631272539496422,
    0.07160233706235886,
    0.027638675644993782,
    -0.037695158272981644,
    0.029213791713118553,
    0.022998223081231117,
    -0.030156491324305534,
    0.011656961403787136,
    -0.015126134268939495,
    -0.030065907165408134,
    0.024780865758657455,
    -0.0038424781523644924,
    0.012045914307236671,
    0.01665252447128296,
    -0.0020249555818736553,
    -0.045660775154829025,
    0.041071560233831406,
    0.10760901868343353,
    0.02197122760117054,
    -0.028884543105959892,
    0.0994233638048172,
    -0.06710150837898254,
    -0.021091414615511894,
    -0.04373934864997864,
    0.05865119770169258,
    0.03428616002202034,
    0.03721679747104645,
    0.02318689413368702,
    -0.0011889770394191146,
    -0.012763005681335926,
    -0.025486858561635017,
    0.03144017234444618,
    -0.010792386718094349,
    0.02128603123128414,
    -0.037929799407720566,
    -0.027572084218263626,
    0.016855286434292793,
    -0.01625087484717369,
    -0.07835808396339417,
    0.02903449535369873,
    -0.05162476375699043,
    0.07690421491861343,
    -0.02875138819217682,
    0.016035282984375954,
    0.008965352550148964,
    -0.04088521748781204,
    -0.007760075852274895,
    -0.05895419791340828,
    -0.03086634911596775,
    -0.0842968299984932,
    0.04521884024143219,
    -0.01651911251246929,
    -0.03399581089615822,
    0.054150111973285675,
    -0.02761201560497284,
    0.048508886247873306,
    -0.0005317715695127845,
    -0.04674411192536354,
    0.016147302463650703,
    -0.02347438782453537,
    0.0508863627910614,
    0.018008118495345116,
    -0.056663695722818375,
    -0.024254782125353813,
    -0.028295164927840233,
    0.07942021638154984,
    -0.006881512701511383,
    -0.005417849402874708,
    0.04129687324166298,
    0.04756829887628555,
    -0.10601095855236053,
    -0.09173812717199326,
    -0.006253643427044153,
    0.03504027798771858,
    0.022778701037168503,
    0.01905200630426407,
    -0.0031465915963053703,
    -2.52767637589591e-32,
    -0.021322177723050117,
    -0.04002993181347847,
    -0.037299372255802155,
    0.010175658389925957,
    0.0653204470872879,
    -0.039046261459589005,
    -0.004287863150238991,
    -0.07012833654880524,
    0.07254740595817566,
    0.025276903063058853,
    0.04702569544315338,
    -0.027565205469727516,
    -0.022473545745015144,
    -0.024769717827439308,
    -0.028166841715574265,
    -0.015201385132968426,
    -0.09370826929807663,
    -0.0503939688205719,
    -0.02734544686973095,
    0.1422974169254303,
    -0.04096364602446556,
    -0.005750400945544243,
    -0.0455232672393322,
    0.12580950558185577,
    0.05965641885995865,
    0.07162483036518097,
    -0.04902966693043709,
    0.0165482759475708,
    0.09722855687141418,
    -0.07123371958732605,
    -0.065599724650383,
    -0.05335652828216553,
    -0.042565345764160156,
    -0.02951016090810299,
    -0.10498630255460739,
    -0.19955061376094818,
    0.05611727759242058,
    -0.002626620000228286,
    -0.04817380756139755,
    -0.023362131789326668,
    0.11047330498695374,
    -0.04292116314172745,
    -0.022497784346342087,
    0.017972730100154877,
    0.004781613126397133,
    -0.10163808614015579,
    0.041175179183483124,
    -0.016635017469525337,
    -0.020842494443058968,
    0.029968682676553726,
    0.0546979159116745,
    -0.028833232820034027,
    -0.013896198943257332,
    0.029411738738417625,
    -0.03677830100059509,
    0.06399310380220413,
    -0.009741391986608505,
    -0.05095532536506653,
    -0.044022589921951294,
    -0.03210000693798065,
    0.07450731098651886,
    0.058583032339811325,
    -0.06851408630609512,
    0.08465686440467834,
    0.03177347406744957,
    -0.05822090432047844,
    0.0028169110883027315,
    -0.022763481363654137,
    -0.04656951129436493,
    -0.09002457559108734,
    -0.08477918058633804,
    -0.08259948343038559,
    -0.047746509313583374,
    -0.11606478691101074,
    0.10344924032688141,
    -0.056122247129678726,
    -0.02337229996919632,
    -0.08131824433803558,
    -0.05316853150725365,
    0.016967374831438065,
    0.05057705193758011,
    -0.01545640267431736,
    -0.05187668278813362,
    0.07144199311733246,
    -0.01754453219473362,
    0.008947167545557022,
    0.09523119777441025,
    -0.07889267057180405,
    -0.03623030707240105,
    0.08296719193458557,
    -0.06306201219558716,
    0.01315778773277998,
    -0.08214115351438522,
    0.05831208452582359,
    -0.10167894512414932,
    -6.706632404984703e-08,
    -0.027584997937083244,
    0.054968371987342834,
    0.05997917428612709,
    -0.043515171855688095,
    0.018301788717508316,
    -0.06164407357573509,
    -0.04565483704209328,
    0.004515321925282478,
    -0.035586148500442505,
    -0.02628609538078308,
    0.06923051178455353,
    0.08721215277910233,
    -0.014680414460599422,
    -0.022699013352394104,
    0.062314510345458984,
    -0.011372623033821583,
    -0.0992700457572937,
    -0.0357026569545269,
    -0.054190561175346375,
    0.014624690636992455,
    -0.07524354755878448,
    -0.06064056232571602,
    -0.056973040103912354,
    0.039954595267772675,
    0.054191190749406815,
    0.038412727415561676,
    -0.012790128588676453,
    0.013373560272157192,
    0.07635463029146194,
    0.028968822211027145,
    -0.012036201544106007,
    0.020745839923620224,
    0.040908537805080414,
    -0.007974337786436081,
    -0.02683836966753006,
    -0.03482178971171379,
    0.05064007639884949,
    -0.05252464488148689,
    0.03307335078716278,
    0.015100778080523014,
    0.00962233915925026,
    0.046456508338451385,
    0.023322347551584244,
    0.06816071271896362,
    0.017088742926716805,
    -0.02581595629453659,
    -0.007842452265322208,
    0.02085123397409916,
    0.002794526284560561,
    -0.07189378142356873,
    -0.0371629036962986,
    -0.016113365069031715,
    0.10683964192867279,
    -0.018439607694745064,
    -0.040953826159238815,
    0.07587088644504547,
    0.028181755915284157,
    0.05096815153956413,
    -0.004635693039745092,
    0.01610467955470085,
    0.1084185540676117,
    0.035149529576301575,
    0.05252624675631523,
    0.00732117984443903
]