[
    -0.044950537383556366,
    0.07305825501680374,
    -0.02347944863140583,
    -0.06256181001663208,
    -0.0503549799323082,
    0.0549275241792202,
    -0.003767978399991989,
    -0.0416884645819664,
    0.015524444170296192,
    0.011565111577510834,
    0.035145826637744904,
    -0.016837485134601593,
    0.014446746557950974,
    -0.06272158026695251,
    0.0890512466430664,
    -0.03231934458017349,
    0.004531508777290583,
    0.01386717613786459,
    -0.08183977752923965,
    0.08454912900924683,
    0.041219986975193024,
    0.09048295021057129,
    -0.031826768070459366,
    0.0056541417725384235,
    -0.11933982372283936,
    0.0014359813649207354,
    -0.020137019455432892,
    -0.05126179754734039,
    0.03474457561969757,
    -0.04275719076395035,
    0.0610923245549202,
    0.012295963242650032,
    0.03624311462044716,
    0.06819290667772293,
    -0.005900748074054718,
    -0.01841125637292862,
    -0.047050248831510544,
    0.010218600742518902,
    -0.03535529226064682,
    0.026042236015200615,
    -0.06235813349485397,
    -0.05027560517191887,
    -0.06330078840255737,
    0.02739943563938141,
    0.024965453892946243,
    0.004832838661968708,
    -0.07892308384180069,
    -0.0018146123038604856,
    -0.018420469015836716,
    0.039006415754556656,
    -0.08339741826057434,
    -0.025430534034967422,
    -0.04153135418891907,
    0.07623597979545593,
    -0.055472929030656815,
    -0.06745406985282898,
    -0.05932583287358284,
    -0.02420659177005291,
    -0.08982369303703308,
    -0.01999741606414318,
    -0.0002851626486517489,
    0.03933737054467201,
    0.009320368990302086,
    0.07783288508653641,
    -0.049423497170209885,
    0.05434602126479149,
    -0.01525353454053402,
    -0.01035614125430584,
    0.011574000120162964,
    0.0251158457249403,
    -0.11536835134029388,
    -0.02356833592057228,
    -0.01193740963935852,
    0.04562797397375107,
    -0.019518515095114708,
    -0.007891947403550148,
    -0.025712233036756516,
    0.00028696563094854355,
    0.07212130725383759,
    -0.09732428938150406,
    -0.04745413735508919,
    0.00643417751416564,
    -0.0022457782179117203,
    0.03792964667081833,
    -0.05390182510018349,
    -0.027362925931811333,
    -0.0063273790292441845,
    -0.02321450412273407,
    -0.03479371219873428,
    -0.06430020183324814,
    0.08643873035907745,
    -0.0790194645524025,
    0.08188800513744354,
    -0.03095299005508423,
    0.08270536363124847,
    -0.07021793723106384,
    -0.005130569450557232,
    -0.07708042860031128,
    0.034065473824739456,
    -0.00838389154523611,
    -0.02536849118769169,
    0.018199976533651352,
    -0.025292830541729927,
    -0.018845485523343086,
    -0.08901910483837128,
    -0.06785296648740768,
    0.01799449324607849,
    -0.01475575938820839,
    0.028936734423041344,
    0.05699089542031288,
    0.04198715090751648,
    0.0192827507853508,
    -0.0402824692428112,
    -0.15065912902355194,
    0.045923102647066116,
    0.013009917922317982,
    -0.021467290818691254,
    0.06426260620355606,
    0.04037622734904289,
    -0.007899957709014416,
    -0.053957484662532806,
    -0.03441402316093445,
    -0.04728338122367859,
    -0.09186790883541107,
    -0.023089369758963585,
    -0.0023124434519559145,
    -0.032735127955675125,
    1.8021959396517433e-32,
    -0.028849195688962936,
    -0.0042511229403316975,
    -0.07961808145046234,
    0.040656737983226776,
    0.04204019904136658,
    0.003276607720181346,
    0.021076571196317673,
    -0.016692694276571274,
    -0.041913777589797974,
    0.07472657412290573,
    0.01789826527237892,
    0.008222220465540886,
    -0.029602374881505966,
    -0.04040586203336716,
    -0.032692600041627884,
    0.04658697172999382,
    0.014426021836698055,
    0.06752270460128784,
    0.004481801297515631,
    0.04433342441916466,
    0.04011016711592674,
    -0.06861192733049393,
    0.016377463936805725,
    0.014617081731557846,
    -0.01138271950185299,
    0.027172718197107315,
    -0.006110528949648142,
    -0.036048587411642075,
    0.02118166908621788,
    0.011004402302205563,
    0.040656547993421555,
    0.009457169100642204,
    0.011385149322450161,
    -0.03880513831973076,
    0.07362393289804459,
    0.12258722633123398,
    0.024060819298028946,
    -0.04679923504590988,
    0.08612346649169922,
    -0.06294010579586029,
    -0.00022356267436407506,
    -0.025352880358695984,
    0.0439140684902668,
    0.0385608971118927,
    0.05495062842965126,
    0.015094585716724396,
    -0.007916425354778767,
    -0.007325461134314537,
    0.030795205384492874,
    0.040099695324897766,
    -0.029358217492699623,
    0.005766212474554777,
    -0.029369594529271126,
    -0.05654145032167435,
    0.023388251662254333,
    -0.010897217318415642,
    -0.09933501482009888,
    0.0356382317841053,
    -0.06371380388736725,
    0.06738431006669998,
    -0.042383044958114624,
    0.04341914504766464,
    0.0003969585814047605,
    -0.029308591037988663,
    -0.007423047907650471,
    -0.06763006746768951,
    -0.012979571707546711,
    -0.07624322175979614,
    0.04043703153729439,
    -0.01777070201933384,
    -0.04225336015224457,
    0.07469151169061661,
    -0.058184728026390076,
    0.036432962864637375,
    -0.016459491103887558,
    -0.038443658500909805,
    0.012165354564785957,
    -0.020405471324920654,
    0.05187052860856056,
    0.018199775367975235,
    -0.07231859862804413,
    0.002418708521872759,
    -0.015308566391468048,
    0.09255794435739517,
    -0.0002919607504736632,
    -0.018687371164560318,
    0.0589151494204998,
    0.053508736193180084,
    -0.07358577102422714,
    -0.04822878912091255,
    0.023687835782766342,
    0.025332937017083168,
    0.02569628320634365,
    0.023371929302811623,
    0.009411655366420746,
    -1.9586189729156651e-32,
    -0.03570578247308731,
    -0.066205233335495,
    -0.06711682677268982,
    0.011065582744777203,
    0.05216075852513313,
    -0.0076999361626803875,
    -0.009134764783084393,
    -0.05929584428668022,
    0.07236343622207642,
    0.04353094473481178,
    0.035805266350507736,
    -0.024077951908111572,
    -0.04399166256189346,
    -0.030820250511169434,
    -0.036958109587430954,
    0.008832377381622791,
    -0.06624923646450043,
    -0.031058933585882187,
    -0.03298436477780342,
    0.12426865100860596,
    -0.027822574600577354,
    -0.04015432298183441,
    -0.0071029821410775185,
    0.13770519196987152,
    0.04990638419985771,
    0.05811561644077301,
    -0.03505629301071167,
    0.013758466579020023,
    0.09218420833349228,
    -0.03519492968916893,
    -0.030756646767258644,
    -0.055314965546131134,
    -0.0661352351307869,
    0.015955593436956406,
    -0.1122037023305893,
    -0.18954826891422272,
    0.094744011759758,
    -0.012104570865631104,
    -0.04863802716135979,
    -0.011795731261372566,
    0.11238345503807068,
    -0.006442194804549217,
    -0.024802567437291145,
    0.025730052962899208,
    0.0022198506630957127,
    -0.06507302075624466,
    0.05394566059112549,
    -0.020243601873517036,
    0.0023209545761346817,
    0.004885841626673937,
    0.07011497765779495,
    -0.0325668565928936,
    -0.006120824255049229,
    0.017845196649432182,
    -0.054751913994550705,
    0.0892472192645073,
    -0.0384126752614975,
    -0.019448092207312584,
    -0.019573144614696503,
    -0.016091518104076385,
    0.0887400358915329,
    0.06761971116065979,
    -0.06572501361370087,
    0.0523950420320034,
    0.04258067160844803,
    -0.05836678668856621,
    -0.003217515302821994,
    -0.031088070943951607,
    -0.02253180742263794,
    -0.09172213077545166,
    -0.08703240007162094,
    -0.10742455720901489,
    -0.04177279770374298,
    -0.11405918747186661,
    0.09093485027551651,
    -0.06253814697265625,
    -0.0463256910443306,
    -0.08944964408874512,
    -0.0643690675497055,
    0.00911423284560442,
    0.09184714406728745,
    0.008676617406308651,
    -0.0762430876493454,
    0.06964516639709473,
    0.0063715470023453236,
    0.009482983499765396,
    0.08719433844089508,
    -0.045531898736953735,
    -0.020036429166793823,
    0.09360901266336441,
    -0.052715856581926346,
    0.021175837144255638,
    -0.060395415872335434,
    0.050767265260219574,
    -0.08377289026975632,
    -5.524751856000876e-08,
    -0.009959484450519085,
    0.054365068674087524,
    0.01091544795781374,
    -0.06825415045022964,
    0.019419895485043526,
    -0.011397835798561573,
    -0.023704154416918755,
    -0.016059676185250282,
    -0.036651331931352615,
    -0.05531308054924011,
    0.06277851015329361,
    0.07540789991617203,
    -0.038187649101018906,
    0.01422034576535225,
    0.03743886575102806,
    -0.008222077041864395,
    -0.09773029386997223,
    -0.051675230264663696,
    -0.053824178874492645,
    0.022555045783519745,
    -0.04533037543296814,
    -0.03910103812813759,
    -0.04606158658862114,
    0.03141716495156288,
    0.04698024317622185,
    0.018181292340159416,
    -0.008982907049357891,
    0.04164668545126915,
    0.08035145699977875,
    0.046312496066093445,
    -0.00931604579091072,
    0.01948562078177929,
    0.016649426892399788,
    -0.02491062693297863,
    -0.10194728523492813,
    -0.05187210068106651,
    0.050168588757514954,
    -0.056838829070329666,
    0.04785742983222008,
    0.004562627524137497,
    0.010012270882725716,
    0.02729063294827938,
    0.028319712728261948,
    0.0822930634021759,
    0.004623716231435537,
    -0.045877281576395035,
    -0.012693778611719608,
    0.01309035625308752,
    0.01560965832322836,
    -0.09890981763601303,
    -0.06286202371120453,
    -0.0300205759704113,
    0.11216552555561066,
    0.012554459273815155,
    -0.06173817813396454,
    0.05533379316329956,
    0.04052295163273811,
    0.06499405205249786,
    -0.015649620443582535,
    -0.009914829395711422,
    0.10371650010347366,
    0.034559912979602814,
    0.0540861077606678,
    0.005774995312094688
]