[
    -0.04492657259106636,
    0.059012312442064285,
    -0.0309444610029459,
    -0.0732705146074295,
    -0.05114149674773216,
    0.05268685519695282,
    -0.03875354677438736,
    -0.06716680526733398,
    0.003236843040212989,
    0.00027997599681839347,
    -0.006489065941423178,
    -0.013469510711729527,
    -0.004031688906252384,
    -0.06948819756507874,
    0.059693217277526855,
    -0.005631871987134218,
    0.03806554898619652,
    0.035110924392938614,
    -0.10304810851812363,
    0.06760475784540176,
    0.00502195255830884,
    0.10531670600175858,
    -0.023645343258976936,
    -0.00234372541308403,
    -0.11369726806879044,
    -0.007665897253900766,
    -0.015491250902414322,
    -0.06403236091136932,
    0.007101441267877817,
    -0.08685985952615738,
    0.04922604560852051,
    0.015728898346424103,
    0.043257273733615875,
    0.0908535048365593,
    0.02070257067680359,
    -0.025958243757486343,
    -0.01493131648749113,
    0.05252711847424507,
    -0.016108786687254906,
    0.006854592822492123,
    -0.05567236989736557,
    -0.05980903282761574,
    -0.04295753687620163,
    0.02932617999613285,
    -0.001079815672710538,
    0.062294453382492065,
    -0.0769142135977745,
    -0.026013243943452835,
    0.015490628778934479,
    0.08350919187068939,
    -0.10931681841611862,
    -0.013148052617907524,
    -0.03358597680926323,
    0.11527373641729355,
    -0.05584568902850151,
    -0.017367439344525337,
    -0.05145712569355965,
    0.011123745702207088,
    -0.09443698823451996,
    -0.01596544124186039,
    -0.0013908462133258581,
    0.013718175701797009,
    0.03328600898385048,
    0.0729767456650734,
    -0.07813450694084167,
    0.05516248941421509,
    -0.03118269145488739,
    -0.012440427206456661,
    0.010789892636239529,
    -0.018752027302980423,
    -0.07374951243400574,
    0.022592877969145775,
    -0.023415476083755493,
    0.03198695182800293,
    -0.0071000149473547935,
    -0.0008267353405244648,
    -0.04201119765639305,
    0.004411702509969473,
    0.07633350789546967,
    -0.11451707780361176,
    -0.05952078849077225,
    0.0032692258246243,
    -0.028864173218607903,
    0.05825530365109444,
    -0.043546680361032486,
    -0.02656462788581848,
    -0.01182649191468954,
    0.01180851086974144,
    0.008936903439462185,
    -0.021210037171840668,
    0.04328176751732826,
    -0.06514154374599457,
    0.09897159039974213,
    -0.06555064022541046,
    0.0853847861289978,
    -0.02347523346543312,
    -0.027594665065407753,
    -0.07939869165420532,
    0.026461945846676826,
    -0.014236968010663986,
    -0.020245077088475227,
    -0.003748043207451701,
    -0.004426200874149799,
    -0.030480556190013885,
    -0.023282168433070183,
    -0.07132305949926376,
    -0.00043104367796331644,
    0.01319964975118637,
    0.03866487741470337,
    0.05857526883482933,
    0.06675133109092712,
    0.024740587919950485,
    -0.03216895833611488,
    -0.14329087734222412,
    0.056355513632297516,
    -0.020093277096748352,
    -0.028030019253492355,
    0.08322808891534805,
    0.029181232675909996,
    -0.02068880945444107,
    -0.03606816753745079,
    -0.0033262961078435183,
    -0.0625464916229248,
    -0.07130412757396698,
    -0.03783482313156128,
    0.0067946771159768105,
    -0.05098801851272583,
    1.8457906170199264e-32,
    -0.019488852471113205,
    0.021297309547662735,
    -0.024791331961750984,
    0.028627881780266762,
    0.029241221025586128,
    -0.009352116845548153,
    0.029119057580828667,
    -0.013608148321509361,
    -0.06845077127218246,
    0.01294221356511116,
    -0.01901061460375786,
    0.03568016737699509,
    -0.005868224427103996,
    -0.03587381914258003,
    -0.03260815516114235,
    0.05233950912952423,
    -0.03681325912475586,
    0.09064667671918869,
    -0.03842049837112427,
    0.055832862854003906,
    0.013017198070883751,
    -0.013338216580450535,
    0.013485989533364773,
    0.05307917669415474,
    -0.061738405376672745,
    0.004602177534252405,
    0.021104170009493828,
    -0.004440292250365019,
    0.02923472411930561,
    -0.0013132727472111583,
    0.03447941318154335,
    0.009521755389869213,
    0.021379318088293076,
    -0.040550366044044495,
    0.08424610644578934,
    0.13122887909412384,
    0.038625892251729965,
    -0.04068262502551079,
    0.07122856378555298,
    -0.07297878712415695,
    -0.03174068033695221,
    -0.004675692413002253,
    0.029698343947529793,
    0.031527381390333176,
    0.030242828652262688,
    -0.02443874441087246,
    -0.01850968785583973,
    -0.029043974354863167,
    0.012588316574692726,
    0.04309318959712982,
    -0.03710263594985008,
    -0.019867204129695892,
    0.018316613510251045,
    -0.005425805691629648,
    0.0031978220213204622,
    -0.02556353248655796,
    -0.06881021708250046,
    0.06631564348936081,
    -0.06723547726869583,
    0.06910360604524612,
    -0.013432076200842857,
    0.042887959629297256,
    0.0174563005566597,
    -0.03244229033589363,
    -0.01522568054497242,
    -0.06457673758268356,
    -0.006409869994968176,
    -0.05261234939098358,
    0.048252567648887634,
    -0.021020980551838875,
    -0.0069645983166992664,
    0.055018261075019836,
    -0.00574505515396595,
    0.019468562677502632,
    -0.04002291336655617,
    -0.014445179142057896,
    0.0010768728097900748,
    -0.041328076273202896,
    0.044112127274274826,
    0.0065699610859155655,
    -0.06243997439742088,
    -0.007503968197852373,
    0.002879034262150526,
    0.07119262218475342,
    -0.0020965917501598597,
    -0.014076492749154568,
    0.05821363255381584,
    0.03427226096391678,
    -0.04355810210108757,
    -0.07541053742170334,
    -0.0034773803781718016,
    0.04033409804105759,
    0.0034556856844574213,
    0.0567675344645977,
    -0.006155709270387888,
    -1.9026983556583473e-32,
    -0.018510524183511734,
    -0.07961565256118774,
    -0.06736564636230469,
    0.054027799516916275,
    0.07101424038410187,
    -0.030637463554739952,
    -0.031843673437833786,
    -0.09083344042301178,
    0.07413186877965927,
    0.03050372004508972,
    0.04974117502570152,
    -0.07592601329088211,
    -0.06196371465921402,
    -0.03835071250796318,
    -0.023257333785295486,
    -0.016451891511678696,
    -0.04665224626660347,
    -0.035845816135406494,
    0.011901204474270344,
    0.12483816593885422,
    -0.023735739290714264,
    0.004600963089615107,
    -0.019211553037166595,
    0.16086263954639435,
    0.02427871711552143,
    0.08293058723211288,
    -0.027794979512691498,
    -0.01727241836488247,
    0.11566121131181717,
    -0.039946846663951874,
    -0.03523734211921692,
    -0.06160583347082138,
    -0.06365271657705307,
    0.03576815500855446,
    -0.09874327480792999,
    -0.18982717394828796,
    0.112421914935112,
    -0.033173151314258575,
    -0.006502240896224976,
    -0.02539289928972721,
    0.10382889211177826,
    0.030830854550004005,
    -0.030396074056625366,
    0.006424646824598312,
    -0.0036614718846976757,
    -0.060177747160196304,
    0.08327895402908325,
    0.004800778813660145,
    -0.013348881155252457,
    0.01390099711716175,
    0.03286893293261528,
    -0.05409796163439751,
    -0.01974143087863922,
    0.04249056056141853,
    -0.04574344679713249,
    0.03884825482964516,
    -0.006435844581574202,
    -0.03734881058335304,
    -0.03369694948196411,
    -0.011890758760273457,
    0.059849776327610016,
    0.06953708082437515,
    -0.06025753542780876,
    0.0726218894124031,
    0.06411154568195343,
    -0.03200894221663475,
    -0.025736471638083458,
    -0.05521165952086449,
    -0.05933208018541336,
    -0.10635365545749664,
    -0.06670518219470978,
    -0.09763877838850021,
    -0.04620875045657158,
    -0.08281213790178299,
    0.10300395637750626,
    -0.0738394632935524,
    -0.0188988596200943,
    -0.0845780223608017,
    -0.09149064123630524,
    -0.017391055822372437,
    0.042455002665519714,
    -0.008965985849499702,
    -0.05651858448982239,
    0.11101400852203369,
    -0.018384389579296112,
    0.01884417235851288,
    0.07948741316795349,
    -0.03251776471734047,
    0.005406427662819624,
    0.09384901076555252,
    -0.039565443992614746,
    0.026635942980647087,
    -0.08078765124082565,
    0.06293158233165741,
    -0.08959651738405228,
    -5.259821023173572e-08,
    -0.022777549922466278,
    0.08019810169935226,
    -0.011717169545590878,
    -0.012321844696998596,
    -0.007821360602974892,
    -0.04527096450328827,
    -0.03964697942137718,
    0.019827717915177345,
    -0.01589994505047798,
    -0.04565365985035896,
    0.06341623514890671,
    0.05200166255235672,
    -0.0007452149875462055,
    -0.020662426948547363,
    0.06464628130197525,
    -0.04446206986904144,
    -0.08513916283845901,
    -0.035089604556560516,
    -0.04356774315237999,
    0.026899991557002068,
    -0.04610496386885643,
    -0.05230209603905678,
    -0.04209992289543152,
    0.0240084957331419,
    0.028046943247318268,
    0.022110985592007637,
    -0.022737208753824234,
    0.030728090554475784,
    0.013019484467804432,
    0.023617424070835114,
    -0.0435691699385643,
    0.0229130070656538,
    0.02367948368191719,
    0.0014850824372842908,
    -0.016741536557674408,
    -0.04893169924616814,
    0.01609211228787899,
    -0.015755120664834976,
    0.05056994780898094,
    -0.01917850971221924,
    -0.023725636303424835,
    0.06287894397974014,
    -9.90683984127827e-05,
    0.06669499725103378,
    0.026752503588795662,
    -0.0317804254591465,
    -0.01906397007405758,
    0.0041111428290605545,
    -0.011481330730021,
    -0.08639238774776459,
    -0.041301995515823364,
    -0.01705971732735634,
    0.11862906813621521,
    -0.0037708580493927,
    -0.046012215316295624,
    0.06585666537284851,
    0.06009332463145256,
    0.04933670908212662,
    0.006853035185486078,
    -0.03456219658255577,
    0.15880917012691498,
    0.03278720751404762,
    0.0348958894610405,
    0.004361344035714865
]