[
    -0.04860152304172516,
    0.08572278171777725,
    -0.07577168941497803,
    -0.017738958820700645,
    -0.005763541907072067,
    0.046315524727106094,
    -0.02017436921596527,
    0.0014936315128579736,
    0.03413361683487892,
    0.014255085028707981,
    0.02792792208492756,
    0.025088569149374962,
    -0.03781205043196678,
    0.015748227015137672,
    0.06367640942335129,
    0.05154481157660484,
    0.018024997785687447,
    -0.02194916643202305,
    -0.07246807217597961,
    0.06962868571281433,
    0.03255973756313324,
    0.0845920592546463,
    0.01056764181703329,
    0.0454426109790802,
    -0.10458328574895859,
    -0.03455479070544243,
    0.009697571396827698,
    -0.08300073444843292,
    0.07360947132110596,
    0.028931714594364166,
    0.10152698308229446,
    0.03279193490743637,
    0.03686841204762459,
    0.047342803329229355,
    -0.03693784400820732,
    -0.04657793045043945,
    -0.016997482627630234,
    0.02334318310022354,
    -0.044381022453308105,
    -0.010245881043374538,
    -0.04417705163359642,
    -0.043602943420410156,
    -0.06727959215641022,
    0.05954272672533989,
    0.0015169335529208183,
    0.014655270613729954,
    -0.053237803280353546,
    -0.00557864410802722,
    -0.035510897636413574,
    0.08201796561479568,
    -0.05789995193481445,
    -0.05251980572938919,
    -0.04135529324412346,
    0.044744160026311874,
    -0.05082075670361519,
    -0.04810082167387009,
    -0.03863728791475296,
    -0.010323772206902504,
    -0.07609407603740692,
    3.5562668927013874e-05,
    0.005458270665258169,
    -0.001056091277860105,
    -0.023066921159625053,
    0.024892007932066917,
    -0.04967740923166275,
    0.07252630591392517,
    0.0075032468885183334,
    -0.01903371326625347,
    0.03863295167684555,
    0.011414792388677597,
    -0.0989208072423935,
    -0.03752295672893524,
    -0.023986048996448517,
    0.032992277294397354,
    -0.012977545149624348,
    0.02668457105755806,
    -0.021750181913375854,
    0.0090055912733078,
    0.0719684362411499,
    -0.15531156957149506,
    -0.02130153216421604,
    -0.004777600988745689,
    0.03500540554523468,
    0.057430896908044815,
    -0.08201952278614044,
    -0.027873951941728592,
    -0.016289597377181053,
    0.01554438378661871,
    0.011076102033257484,
    -0.0067588454112410545,
    0.1091797947883606,
    -0.01059128437191248,
    0.05279137194156647,
    -0.043354008346796036,
    0.05154968053102493,
    -0.0320197194814682,
    -0.033239420503377914,
    -0.09021180123090744,
    -0.012824221514165401,
    -0.009461941197514534,
    -0.040129151195287704,
    -0.012709731236100197,
    -0.04875805228948593,
    -0.03471633419394493,
    -0.03588464856147766,
    -0.025375211611390114,
    -0.02215654030442238,
    -0.036177732050418854,
    0.04354444891214371,
    0.09284204989671707,
    0.022940730676054955,
    -0.007016745395958424,
    -0.041316695511341095,
    -0.10425619781017303,
    0.09542196989059448,
    0.04013565182685852,
    -0.05558459833264351,
    0.06855595111846924,
    0.09407617896795273,
    -0.023006243631243706,
    -0.059577055275440216,
    -0.03454446420073509,
    -0.011988336220383644,
    -0.07027135789394379,
    -0.019190547987818718,
    -0.05753790959715843,
    -0.018298041075468063,
    1.7352629974423346e-32,
    -0.07968295365571976,
    -0.01342401746660471,
    -0.05062348395586014,
    0.07295823842287064,
    0.04758341982960701,
    0.024486057460308075,
    0.02200859598815441,
    -0.030516669154167175,
    -0.07590183615684509,
    -0.008293354883790016,
    0.06064305454492569,
    0.034762755036354065,
    -0.0008454890339635313,
    -0.04997764155268669,
    -0.0061441827565431595,
    0.05443168804049492,
    -0.02048792876303196,
    0.10086607187986374,
    -0.03186866268515587,
    0.02941778115928173,
    0.09970518946647644,
    -0.09287215769290924,
    0.052961207926273346,
    0.0280904583632946,
    -0.031751032918691635,
    -0.006325786467641592,
    -0.008296764455735683,
    -0.02705768123269081,
    0.07029780000448227,
    -0.000841186149045825,
    0.023023368790745735,
    0.04263564571738243,
    -0.0073268418200314045,
    -0.07586720585823059,
    0.07071951776742935,
    0.16154713928699493,
    0.05147113651037216,
    -0.04089590162038803,
    0.059674784541130066,
    -0.011939702555537224,
    0.0194467194378376,
    0.003375695552676916,
    0.04659542068839073,
    0.03230156749486923,
    0.029114509001374245,
    -0.03292195871472359,
    -0.041242681443691254,
    -0.03992889076471329,
    -0.0005075323861092329,
    0.07803469896316528,
    -0.059631239622831345,
    0.03109402023255825,
    -0.025347672402858734,
    -0.08707871288061142,
    0.005103088915348053,
    -0.014132790267467499,
    -0.09422451257705688,
    0.02357141301035881,
    -0.06952978670597076,
    -0.04361335560679436,
    0.036630015820264816,
    0.04290670529007912,
    -0.021894032135605812,
    -0.015987755730748177,
    -0.047951340675354004,
    -0.08617037534713745,
    -0.035459041595458984,
    -0.07300961017608643,
    0.030274605378508568,
    -0.05403587222099304,
    -0.030160661786794662,
    0.07172750681638718,
    -0.027137529104948044,
    0.004524407908320427,
    -0.10069070756435394,
    -0.06110302731394768,
    0.03057100996375084,
    0.015013654716312885,
    0.06555656343698502,
    0.022396450862288475,
    0.015338800847530365,
    -0.016409089788794518,
    -0.024566903710365295,
    0.034225452691316605,
    -0.028383728116750717,
    -0.018555114045739174,
    -0.004350576084107161,
    0.06114694103598595,
    -0.04427498206496239,
    -0.030680963769555092,
    0.021179676055908203,
    0.032959215342998505,
    0.0415702722966671,
    0.034033872187137604,
    -0.035731129348278046,
    -1.8304117713649123e-32,
    -0.027457214891910553,
    -0.06466876715421677,
    -0.0425705648958683,
    0.03921547904610634,
    0.11229338496923447,
    0.0008741523488424718,
    -0.03896603360772133,
    -0.03602079302072525,
    0.06371217221021652,
    0.0038736574351787567,
    0.04961681365966797,
    -0.05841662362217903,
    0.0340324342250824,
    0.017948206514120102,
    -0.02039356902241707,
    0.004084940068423748,
    -0.043912094086408615,
    -0.09418641775846481,
    -0.05743841826915741,
    0.05277799814939499,
    -0.022451823577284813,
    0.014208045788109303,
    -0.07354583591222763,
    0.09876403212547302,
    0.04889447242021561,
    0.013768705539405346,
    -0.04085114598274231,
    -0.01197805441915989,
    0.10374962538480759,
    -0.03392739221453667,
    -0.031194182112812996,
    -0.03053070791065693,
    -0.05402529984712601,
    -0.014094006270170212,
    -0.11701066046953201,
    -0.14194777607917786,
    0.09742886573076248,
    0.009117978624999523,
    -0.007372007239609957,
    -0.047815341502428055,
    0.10114146769046783,
    0.023159747943282127,
    -0.025557342916727066,
    -0.062252264469861984,
    -0.037665851414203644,
    -0.02066023461520672,
    0.06800148636102676,
    -0.024585768580436707,
    0.0323604941368103,
    -0.01586422137916088,
    0.09737582504749298,
    -0.06810849905014038,
    0.011693189851939678,
    -0.02671838365495205,
    -0.06394511461257935,
    0.008811017498373985,
    -0.0074197230860590935,
    -0.017583295702934265,
    -0.02623009867966175,
    -0.020752640441060066,
    0.09550901502370834,
    0.023614203557372093,
    -0.0847753956913948,
    0.052991777658462524,
    -0.015254411846399307,
    -0.048934705555438995,
    0.005792952608317137,
    0.01980593614280224,
    -0.05031970515847206,
    -0.07177114486694336,
    -0.028250856325030327,
    -0.06882086396217346,
    -0.041196227073669434,
    -0.06674163788557053,
    0.1028059720993042,
    -0.06202057749032974,
    -0.01438639685511589,
    -0.10511790215969086,
    -0.10021919012069702,
    -0.015976665541529655,
    0.051672544330358505,
    -0.005325137171894312,
    -0.05565525218844414,
    0.0806252732872963,
    -0.006903957109898329,
    -0.002372131682932377,
    0.019117536023259163,
    -0.014107613824307919,
    -0.0484270304441452,
    0.04736466333270073,
    -0.06402038037776947,
    -0.04699043929576874,
    -0.08347497880458832,
    0.08307689428329468,
    -0.021095100790262222,
    -5.4719190956120656e-08,
    0.03238757327198982,
    0.017782732844352722,
    0.0681222677230835,
    -0.027072466909885406,
    -0.015846962109208107,
    -0.02586999163031578,
    -0.028476137667894363,
    -0.0033441802952438593,
    -0.02627454698085785,
    -0.031241199001669884,
    0.02999013476073742,
    0.05547521635890007,
    -0.026735076680779457,
    0.008190658874809742,
    -0.012103856541216373,
    -0.012364860624074936,
    -0.048132091760635376,
    -0.06344163417816162,
    -0.00023188295017462224,
    -0.006740187294781208,
    -0.06917144358158112,
    -0.0687147006392479,
    -0.006459298077970743,
    0.007275418844074011,
    0.026681676506996155,
    0.07265979051589966,
    -0.0010054204612970352,
    0.11156298965215683,
    0.02079792134463787,
    0.006755300331860781,
    -0.025183681398630142,
    0.03444865718483925,
    0.05081582069396973,
    4.942632949678227e-05,
    -0.08916889131069183,
    -0.10695616155862808,
    0.012089806608855724,
    -0.00783296674489975,
    0.028541408479213715,
    -0.006110797636210918,
    -0.00244368938729167,
    0.04857407137751579,
    0.01907195895910263,
    0.054815810173749924,
    -0.018393175676465034,
    -0.009373817592859268,
    0.004059780389070511,
    0.031001856550574303,
    -0.050764214247465134,
    -0.011513167060911655,
    -0.0614754743874073,
    -0.04090231657028198,
    0.12470176070928574,
    0.03266144543886185,
    -0.0031538952607661486,
    0.09635567665100098,
    0.0458206906914711,
    0.08587130904197693,
    -0.04824328422546387,
    -0.009093107655644417,
    0.1526227593421936,
    0.05053422972559929,
    0.016404882073402405,
    -0.030812712386250496
]