[
    -0.07268223911523819,
    0.041271504014730453,
    -0.06918320804834366,
    -0.021705923601984978,
    0.008575649000704288,
    0.11701473593711853,
    -0.022569341585040092,
    -0.06393780559301376,
    -0.009757349267601967,
    0.01992010325193405,
    0.038581062108278275,
    -0.007436507847160101,
    -0.010026692412793636,
    -0.049425624310970306,
    0.0752132311463356,
    -0.044645555317401886,
    0.04336266219615936,
    0.0589950792491436,
    -0.09312910586595535,
    0.05029134452342987,
    0.047974154353141785,
    0.06461957842111588,
    -0.03125908598303795,
    0.0005100061534903944,
    -0.11825068295001984,
    0.03960811346769333,
    -0.03672604262828827,
    -0.07961184531450272,
    -0.013154921121895313,
    -0.060017772018909454,
    -0.0014495853101834655,
    -0.016047779470682144,
    0.03192611411213875,
    0.08596242964267731,
    -0.029541393741965294,
    -0.020602703094482422,
    0.003536632051691413,
    0.05876811593770981,
    0.007407188881188631,
    0.0043942248448729515,
    -0.07157688587903976,
    -0.058229945600032806,
    -0.04458364099264145,
    -0.002225816249847412,
    -0.014365906827151775,
    -0.03403518721461296,
    -0.06287268549203873,
    -0.001322849770076573,
    -0.027226712554693222,
    -0.015337204560637474,
    -0.04432661458849907,
    -0.0477912612259388,
    -0.010450613684952259,
    0.1242414265871048,
    -0.05698990821838379,
    -0.08207840472459793,
    -0.012787540443241596,
    -0.044209450483322144,
    -0.09224733710289001,
    -0.01737397164106369,
    0.008729454129934311,
    0.0037894879933446646,
    0.03072986751794815,
    0.08071184903383255,
    -0.07982444018125534,
    0.06728024780750275,
    -0.017272384837269783,
    -0.0025997133925557137,
    0.023435594514012337,
    -0.019554629921913147,
    -0.07572197914123535,
    -0.04006647691130638,
    0.03569580987095833,
    0.057045891880989075,
    0.045744333416223526,
    0.00786538515239954,
    -0.02567727491259575,
    0.015484407544136047,
    0.09184981882572174,
    -0.10676880180835724,
    -0.007368696853518486,
    -0.025757867842912674,
    -0.011924386024475098,
    0.11190462112426758,
    -0.0472535565495491,
    0.002175952075049281,
    -0.031662728637456894,
    0.003566011320799589,
    -0.004393949639052153,
    -0.07052834331989288,
    0.04940614104270935,
    -0.0030798010993748903,
    0.03829990699887276,
    -0.06860794872045517,
    0.06645410507917404,
    -0.10669569671154022,
    -0.015916377305984497,
    -0.020627886056900024,
    0.018736258149147034,
    -0.012602538801729679,
    -0.005233549978584051,
    -0.014449759386479855,
    -0.01879407837986946,
    -0.04800554737448692,
    -0.0038766406942158937,
    -0.09234917908906937,
    0.013360709883272648,
    -0.013405603356659412,
    -7.147568976506591e-05,
    0.08532259613275528,
    0.0537036694586277,
    0.009651425294578075,
    -0.04857398197054863,
    -0.14466266334056854,
    0.0633629858493805,
    -0.01511597540229559,
    -0.033691082149744034,
    0.05922781676054001,
    0.015491137281060219,
    0.05075768008828163,
    -0.023993736132979393,
    -0.014070247299969196,
    -0.06393229961395264,
    -0.06974142044782639,
    -0.007337655872106552,
    0.05183698236942291,
    -0.09538347274065018,
    2.3967639210335334e-32,
    -0.021416204050183296,
    0.025467710569500923,
    -0.03548887372016907,
    -0.013817327097058296,
    0.04371882602572441,
    -0.02137392945587635,
    0.014105178415775299,
    -0.016830340027809143,
    -0.029714995995163918,
    0.07094503194093704,
    -0.0030201226472854614,
    0.013909205794334412,
    0.01188154798001051,
    -0.0018916985718533397,
    -0.04717102274298668,
    0.046129316091537476,
    -0.003033918095752597,
    0.0395699068903923,
    -0.02327309362590313,
    0.0590025894343853,
    0.05174461007118225,
    -0.046602290123701096,
    0.019369306042790413,
    0.030788373202085495,
    -0.00853600911796093,
    0.007997538894414902,
    -0.008247935213148594,
    -0.02849823608994484,
    -0.00044520606752485037,
    0.016889652237296104,
    0.01119996514171362,
    0.04272638261318207,
    0.04782405123114586,
    -0.06773173809051514,
    0.06215793639421463,
    0.08464854210615158,
    0.031155673786997795,
    -0.052115462720394135,
    0.06279121339321136,
    -0.08039852976799011,
    -0.011581851169466972,
    0.004501407966017723,
    0.052356354892253876,
    -0.00021348056907299906,
    0.08665754646062851,
    0.004645930603146553,
    -0.012039801105856895,
    -0.05812155827879906,
    -0.009150713682174683,
    0.028336498886346817,
    -0.018785864114761353,
    0.03377651050686836,
    -0.025052666664123535,
    0.00011428400466684252,
    -0.009817535988986492,
    -0.010766438208520412,
    -0.06965780258178711,
    0.03814186155796051,
    -0.023865414783358574,
    0.035952918231487274,
    -0.04597427323460579,
    0.03772486746311188,
    -0.005516147240996361,
    -0.03603095933794975,
    0.004170011729001999,
    -0.072548046708107,
    -0.02144980989396572,
    -0.06820743530988693,
    0.03229478374123573,
    -0.003971836529672146,
    -0.02704841084778309,
    0.07567499577999115,
    0.0031116062309592962,
    0.021909670904278755,
    -0.0439976267516613,
    -0.025109972804784775,
    0.03866250440478325,
    0.006278991233557463,
    0.06038030609488487,
    -0.021146699786186218,
    -0.10117223113775253,
    -0.03499783203005791,
    0.005263388156890869,
    0.06757360696792603,
    -0.012668895535171032,
    -0.02563878707587719,
    0.04966200888156891,
    0.053282491862773895,
    -0.06751348078250885,
    -0.059661347419023514,
    -0.012505877763032913,
    0.0115805109962821,
    0.02418874017894268,
    0.011295988224446774,
    -0.07271640002727509,
    -2.4566575622598368e-32,
    -0.04144280031323433,
    -0.036476001143455505,
    -0.084714874625206,
    0.004188899882137775,
    0.05549602955579758,
    -0.042345356196165085,
    -0.0553777813911438,
    -0.08161849528551102,
    0.07548874616622925,
    0.01511983759701252,
    0.025680819526314735,
    -0.04345891624689102,
    -0.020714541897177696,
    0.0042961519211530685,
    -0.022191768512129784,
    -0.0161830335855484,
    -0.052342489361763,
    -0.032655566930770874,
    -0.04852965846657753,
    0.08770021051168442,
    0.029326919466257095,
    0.017279289662837982,
    -0.01782875694334507,
    0.13786864280700684,
    0.04464583471417427,
    0.06841261684894562,
    -0.038697607815265656,
    -0.0019734548404812813,
    0.13184399902820587,
    -0.0001439788902644068,
    -0.02542722038924694,
    -0.013135113753378391,
    -0.04011370986700058,
    0.02213185466825962,
    -0.10177036374807358,
    -0.1556992530822754,
    0.11483101546764374,
    -0.03855794668197632,
    -0.02762177586555481,
    -0.06102566048502922,
    0.09652261435985565,
    0.001559209544211626,
    -0.06757722795009613,
    0.002284383401274681,
    -0.012326627038419247,
    -0.08270781487226486,
    0.015098696574568748,
    -0.00021383920102380216,
    -0.04954316094517708,
    -0.017922140657901764,
    0.010308496654033661,
    -0.047841012477874756,
    -0.024897605180740356,
    0.08075270801782608,
    -0.045340556651353836,
    0.05443756282329559,
    -0.008402529172599316,
    -0.05103147774934769,
    -0.05450688302516937,
    -0.01684240996837616,
    0.06599104404449463,
    0.06624431908130646,
    -0.08725247532129288,
    0.07052133977413177,
    0.07695699483156204,
    -0.06158355250954628,
    -0.016846247017383575,
    -0.03502402454614639,
    -0.03268314152956009,
    -0.0918349027633667,
    -0.051874615252017975,
    -0.07601222395896912,
    -0.044241052120923996,
    -0.08923551440238953,
    0.05727749690413475,
    -0.05435943603515625,
    -0.05527958273887634,
    -0.07850553095340729,
    -0.11886352300643921,
    0.0353386290371418,
    0.09305037558078766,
    -0.05319575220346451,
    -0.05876636505126953,
    0.0603480339050293,
    0.039848264306783676,
    0.03984597325325012,
    0.08550544083118439,
    -0.023596609011292458,
    -0.043574608862400055,
    0.07000930607318878,
    -0.08972006291151047,
    -0.04190165549516678,
    -0.07840445637702942,
    0.0519925095140934,
    -0.05519566684961319,
    -6.880754455096394e-08,
    0.009746963158249855,
    0.07173383980989456,
    0.015830369666218758,
    -0.03526442125439644,
    0.008402292616665363,
    -0.05340993031859398,
    -0.029841598123311996,
    -0.006418363191187382,
    -0.04072800651192665,
    -0.027902022004127502,
    0.06895633041858673,
    0.04593156278133392,
    0.007558791432529688,
    -0.019229503348469734,
    0.09804005920886993,
    -0.035715386271476746,
    -0.09152859449386597,
    -0.03583133593201637,
    -0.06522426754236221,
    -0.014722535386681557,
    -0.038307417184114456,
    -0.042165663093328476,
    -0.08209003508090973,
    -0.009379933588206768,
    0.01616346463561058,
    0.03378775343298912,
    -0.021690944209694862,
    0.02090967819094658,
    0.06118720769882202,
    0.05890823155641556,
    -0.03483698144555092,
    0.02354157716035843,
    0.03981247544288635,
    -0.007557386066764593,
    -0.05278616398572922,
    -0.03715579956769943,
    0.04778112843632698,
    -0.05473369359970093,
    0.05258328095078468,
    -0.038355764001607895,
    0.025144049897789955,
    0.03757388889789581,
    0.013764848001301289,
    0.07267473638057709,
    0.01706910878419876,
    -0.06761010736227036,
    -0.04739389568567276,
    0.0208659116178751,
    0.037531528621912,
    -0.07878436148166656,
    -0.0050799367018043995,
    -0.03088364005088806,
    0.08786395192146301,
    0.034726403653621674,
    -0.02099619060754776,
    0.08657380938529968,
    0.050619468092918396,
    0.036580950021743774,
    -0.0016184176784008741,
    0.0159407127648592,
    0.142747163772583,
    -0.0025497926399111748,
    0.07183132320642471,
    -0.03578249365091324
]