[
    -0.028818950057029724,
    0.05287595093250275,
    -0.009266991168260574,
    -0.0415511354804039,
    -0.007303509395569563,
    0.07775287330150604,
    -0.025713561102747917,
    -0.06933861970901489,
    0.013795294798910618,
    0.004936447367072105,
    0.005802611354738474,
    -0.00911092571914196,
    -0.04355385899543762,
    -0.04923933371901512,
    0.1044389009475708,
    -0.05213534086942673,
    0.004925277549773455,
    0.00954985897988081,
    -0.08177798986434937,
    0.04736781120300293,
    0.06404521316289902,
    0.05168072134256363,
    -0.04171578213572502,
    0.03445206955075264,
    -0.05389554798603058,
    -0.037367649376392365,
    -0.01353973988443613,
    -0.05963240936398506,
    0.032869599759578705,
    -0.02739262953400612,
    0.055397529155015945,
    0.03303709998726845,
    0.04713409021496773,
    0.0423915721476078,
    -0.008084545843303204,
    -0.016320282593369484,
    -0.03072124719619751,
    0.027848323807120323,
    -0.05732946842908859,
    0.005889703053981066,
    -0.06207690015435219,
    -0.04828902333974838,
    -0.06781823933124542,
    0.04593852907419205,
    0.010411323979496956,
    0.044547997415065765,
    -0.03302404284477234,
    -0.005659196060150862,
    -0.021332236006855965,
    0.06346461921930313,
    -0.061590373516082764,
    -0.01865525171160698,
    -0.016787908971309662,
    0.08222783356904984,
    -0.02842756174504757,
    -0.052751537412405014,
    -0.0594448484480381,
    -0.03131687641143799,
    -0.0931057408452034,
    -0.013708212412893772,
    9.757197403814644e-05,
    -0.014824260957539082,
    0.01372714526951313,
    0.07851667702198029,
    -0.09151723980903625,
    0.0887930765748024,
    -0.008886968716979027,
    -0.023112472146749496,
    0.0023586053866893053,
    -0.030421024188399315,
    -0.09304840117692947,
    -0.08007028698921204,
    -0.010570858605206013,
    0.03969205543398857,
    0.023080134764313698,
    0.017007607966661453,
    -0.0048502711579203606,
    0.0060630906373262405,
    0.10026561468839645,
    -0.16771376132965088,
    -0.03407565504312515,
    0.01124860905110836,
    0.02376541495323181,
    0.08051492273807526,
    -0.06679096817970276,
    -0.005029928404837847,
    -0.022507237270474434,
    -0.016865268349647522,
    0.03299857676029205,
    -0.02768516167998314,
    0.03102901019155979,
    -0.02825765684247017,
    0.07074324041604996,
    -0.05386713147163391,
    0.04240916669368744,
    -0.04146840050816536,
    -0.02318761497735977,
    -0.0736979991197586,
    0.01886015012860298,
    0.00015436286048498005,
    0.011929520405828953,
    -0.019811632111668587,
    0.014401021413505077,
    0.0003461147425696254,
    -0.04846833646297455,
    -0.03979646787047386,
    -0.01419669296592474,
    -0.01137577649205923,
    0.04779821261763573,
    0.07802177220582962,
    0.028233805671334267,
    0.022529495880007744,
    -0.003691202960908413,
    -0.13583116233348846,
    0.028339728713035583,
    -0.00621538981795311,
    -0.03186867758631706,
    0.0666239932179451,
    0.07829013466835022,
    0.04864843189716339,
    -0.009409553371369839,
    -0.003625394543632865,
    -0.0004270586359780282,
    -0.08670298755168915,
    -0.060498788952827454,
    0.03916959464550018,
    -0.07329607754945755,
    1.6951255958967137e-32,
    -0.024918437004089355,
    -2.6591485948301852e-05,
    -0.03748481720685959,
    0.05749046429991722,
    0.03493138402700424,
    -0.03578423708677292,
    0.01679299771785736,
    -0.017355216667056084,
    -0.06179668381810188,
    0.04308054596185684,
    0.01732947677373886,
    0.02515679970383644,
    -0.010829397477209568,
    0.017627980560064316,
    -0.008402000181376934,
    0.021479059010744095,
    0.011074509471654892,
    0.1012992411851883,
    -0.020145295187830925,
    0.07431798428297043,
    0.0234758872538805,
    -0.025871187448501587,
    -0.00315413111820817,
    0.006356752477586269,
    -0.0024659200571477413,
    0.02969326823949814,
    -0.002385722706094384,
    -0.026079606264829636,
    0.011019510217010975,
    0.014771020971238613,
    0.035452701151371,
    0.020110083743929863,
    0.01705772802233696,
    -0.0766167938709259,
    0.05068676918745041,
    0.12630239129066467,
    0.018442394211888313,
    -0.06952046602964401,
    0.057560622692108154,
    -0.09919622540473938,
    -0.0225931815803051,
    -0.04376084730029106,
    0.07174539566040039,
    0.011944284662604332,
    0.060616154223680496,
    -0.0002606205816846341,
    -0.04024112597107887,
    -0.015673497691750526,
    0.03242560476064682,
    0.05453698709607124,
    -0.020367231220006943,
    -0.004146011080592871,
    0.03824174031615257,
    -0.02392619289457798,
    0.04065246507525444,
    -0.055142275989055634,
    -0.10394854843616486,
    0.04060887172818184,
    -0.034198030829429626,
    0.03255406767129898,
    -0.051878709346055984,
    0.0511423796415329,
    -0.025487840175628662,
    -0.01966274343430996,
    -0.03416064381599426,
    -0.05095444992184639,
    -0.03141459450125694,
    -0.03584114462137222,
    0.04467715322971344,
    -0.006695530842989683,
    -0.030161861330270767,
    0.10985997319221497,
    -0.031829580664634705,
    0.0267008226364851,
    -0.01850285194814205,
    -0.05091894790530205,
    0.00389367644675076,
    -0.0063025555573403835,
    0.00878700241446495,
    0.002038757549598813,
    -0.05321585759520531,
    0.016772154718637466,
    -0.011233950033783913,
    0.04686618968844414,
    -0.020790105685591698,
    0.022539347410202026,
    0.08439524471759796,
    0.03919527307152748,
    -0.05243591591715813,
    -0.04459952563047409,
    0.009651632979512215,
    0.04220263287425041,
    0.02987055294215679,
    0.06762140989303589,
    -0.03263428434729576,
    -1.9021901012884105e-32,
    -0.03143391013145447,
    -0.010106964036822319,
    -0.045407701283693314,
    -0.030934667214751244,
    0.0588654950261116,
    -0.023006539791822433,
    -0.006180173717439175,
    -0.08377304673194885,
    0.07735583186149597,
    -0.014978391118347645,
    0.030993342399597168,
    -0.05742645263671875,
    -0.03184065595269203,
    -0.03617651015520096,
    -0.04392300546169281,
    -0.014019661583006382,
    -0.06106716766953468,
    -0.08354555815458298,
    -0.009869618341326714,
    0.12340165674686432,
    -0.01440935954451561,
    -0.04390695318579674,
    -0.05039839819073677,
    0.1596776247024536,
    0.04478675127029419,
    0.026824206113815308,
    -0.05756499990820885,
    0.0037808644119650126,
    0.09663312137126923,
    -0.043023135513067245,
    -0.053504228591918945,
    -0.027077751234173775,
    -0.048606403172016144,
    0.004813413601368666,
    -0.08534526079893112,
    -0.17182374000549316,
    0.042189404368400574,
    -0.022289134562015533,
    -0.02743765339255333,
    -0.05571576952934265,
    0.1393025666475296,
    -0.008015692234039307,
    0.020816029980778694,
    0.014282631687819958,
    0.012102065607905388,
    -0.02429305762052536,
    0.07647424191236496,
    -0.07042524963617325,
    -0.04537835344672203,
    0.012654686346650124,
    0.04592844843864441,
    -0.06336183845996857,
    -0.02584821730852127,
    0.018049249425530434,
    -0.05779547244310379,
    0.04894283786416054,
    0.013295982033014297,
    -0.058097731322050095,
    -0.04662080109119415,
    -0.03010115958750248,
    0.05042240768671036,
    0.0282285213470459,
    -0.04298217222094536,
    0.10243199020624161,
    0.003122021211311221,
    -0.07037106156349182,
    -0.03170239180326462,
    -0.04494621232151985,
    -0.016173923388123512,
    -0.09978097677230835,
    -0.10404195636510849,
    -0.09973020106554031,
    -0.040060970932245255,
    -0.09455613791942596,
    0.08339837193489075,
    -0.058977000415325165,
    -0.028409915044903755,
    -0.08963578194379807,
    -0.12645520269870758,
    0.034083034843206406,
    0.06786318868398666,
    -0.002594078192487359,
    -0.0666719526052475,
    0.07956928014755249,
    -0.0070593226701021194,
    0.01505148597061634,
    0.059931010007858276,
    -0.008241815492510796,
    -0.012599969282746315,
    0.08540554344654083,
    -0.08266197144985199,
    0.0051203020848333836,
    -0.07224448770284653,
    0.0813857689499855,
    -0.05705639347434044,
    -5.6710820928174144e-08,
    0.03808625787496567,
    0.09245502948760986,
    0.03858330100774765,
    -0.06654348224401474,
    -0.00159097695723176,
    -0.04836563020944595,
    -0.027375413104891777,
    -0.026795703917741776,
    -0.02000526525080204,
    -0.04359597712755203,
    0.052847541868686676,
    0.07933663576841354,
    -0.033566541969776154,
    -0.04207970201969147,
    0.06860171258449554,
    -0.020434286445379257,
    -0.09515567868947983,
    -0.03160049021244049,
    -0.03534425050020218,
    0.014543482102453709,
    -0.06463725119829178,
    -0.04906025156378746,
    -0.07432062923908234,
    0.026182351633906364,
    0.02009182795882225,
    0.06475046277046204,
    -0.027126379311084747,
    0.022534867748618126,
    0.05398236960172653,
    0.04989267885684967,
    -0.00913051888346672,
    0.033214010298252106,
    0.02890021726489067,
    -0.00853057112544775,
    -0.07829906046390533,
    -0.06148527190089226,
    -0.00043605160317383707,
    -0.028910348191857338,
    0.08921747654676437,
    -0.009449783712625504,
    0.0018836541566997766,
    0.02850327081978321,
    0.014420965686440468,
    0.06614664942026138,
    -0.013624751940369606,
    -0.01679292693734169,
    -0.019182104617357254,
    0.0012671650620177388,
    0.011255918070673943,
    -0.11228878796100616,
    -0.05267349258065224,
    -0.020846493542194366,
    0.10416440665721893,
    -0.008373811841011047,
    -0.03762917220592499,
    0.05702153593301773,
    0.02353810705244541,
    0.04165029898285866,
    -0.026891566812992096,
    -0.06752762198448181,
    0.11416926234960556,
    0.025619233027100563,
    0.04504789784550667,
    0.007451088633388281
]