[
    -0.001949713216163218,
    0.05478778854012489,
    -0.002042979234829545,
    -0.05010170117020607,
    -0.05228276178240776,
    0.08680268377065659,
    -0.027369895949959755,
    -0.04329441860318184,
    -0.051946043968200684,
    -0.0012093045515939593,
    -0.014460262842476368,
    -0.043846145272254944,
    -0.044485341757535934,
    -0.02615904062986374,
    0.10764294117689133,
    -0.027060622349381447,
    0.019194470718503,
    0.009343918412923813,
    -0.08299756795167923,
    0.023106707260012627,
    0.04546074569225311,
    0.02609483152627945,
    -0.042431410402059555,
    0.01192837581038475,
    -0.07989887148141861,
    -0.02219364047050476,
    -0.0074571906588971615,
    -0.017170464619994164,
    0.02429203875362873,
    -0.015700088813900948,
    0.045564644038677216,
    0.04892769828438759,
    0.01190186757594347,
    0.04810531809926033,
    0.00973191112279892,
    0.025836367160081863,
    -0.04127100110054016,
    0.05266992375254631,
    -0.005391386803239584,
    0.008351783268153667,
    -0.08646827191114426,
    -0.031800612807273865,
    -0.024886472150683403,
    -0.04255351796746254,
    0.017572153359651566,
    0.031071361154317856,
    -0.056937623769044876,
    -0.03066697157919407,
    0.007995669730007648,
    0.04489961639046669,
    -0.026873288676142693,
    -0.031915053725242615,
    -0.023640558123588562,
    0.07746101915836334,
    0.014968108385801315,
    -0.020943505689501762,
    -0.01297637727111578,
    -0.019832158461213112,
    -0.09363076835870743,
    -0.0011469812598079443,
    -0.043316226452589035,
    -0.0401165708899498,
    0.02383413352072239,
    0.04767357185482979,
    -0.09044385701417923,
    0.04120834171772003,
    -0.024950165301561356,
    -0.040652062743902206,
    -0.04915379732847214,
    -0.029644515365362167,
    -0.13704288005828857,
    -0.07254951447248459,
    -0.010280678980052471,
    0.044210001826286316,
    0.013094685971736908,
    0.02237055078148842,
    -0.0065281568095088005,
    0.022999685257673264,
    0.08337516337633133,
    -0.17079854011535645,
    -0.021809563040733337,
    0.041781313717365265,
    0.002333324169740081,
    0.10197603702545166,
    -0.04533236473798752,
    -0.015800587832927704,
    -0.03545145317912102,
    -0.013617683202028275,
    0.03427970036864281,
    -0.009483034722507,
    0.03527913615107536,
    -0.0014097121311351657,
    0.03414247930049896,
    -0.08142521977424622,
    0.0044946856796741486,
    -0.014365178532898426,
    -0.04879103973507881,
    -0.0393478125333786,
    -0.03355548158288002,
    -0.03270407021045685,
    0.00975088868290186,
    -0.04923376441001892,
    0.04637274891138077,
    -0.0018137255683541298,
    -0.1037636250257492,
    -0.05809788405895233,
    0.01978689432144165,
    -0.001542114419862628,
    0.026146313175559044,
    0.00799543783068657,
    0.013518494553864002,
    0.020338628441095352,
    -0.025170164182782173,
    -0.1129443421959877,
    0.02417042851448059,
    -0.01639079675078392,
    -0.05087615177035332,
    0.03945465013384819,
    0.0329405814409256,
    0.03536622226238251,
    -0.014977837912738323,
    0.02674650400876999,
    0.008437585085630417,
    -0.04007987678050995,
    -0.03811965882778168,
    0.02594381757080555,
    -0.027031458914279938,
    1.9345023838774012e-32,
    -0.007289131637662649,
    -0.0006393349613063037,
    -0.005850885063409805,
    0.0674286037683487,
    0.08067375421524048,
    -0.07074616849422455,
    0.03227398172020912,
    -0.026346057653427124,
    -0.01790180802345276,
    0.044106241315603256,
    -0.023572228848934174,
    0.01870100200176239,
    -0.022016437724232674,
    0.0030611499678343534,
    -0.013598662801086903,
    -0.024371139705181122,
    -0.016643596813082695,
    0.10170380771160126,
    -0.08604828268289566,
    0.09330436587333679,
    -0.007230662740767002,
    -0.019322551786899567,
    0.022579757496714592,
    -0.0002485803561285138,
    0.012651482596993446,
    0.03159502148628235,
    0.010233769193291664,
    -0.006399090401828289,
    -0.0011596344411373138,
    0.009675567038357258,
    0.029773736372590065,
    0.010796000249683857,
    -0.013070459477603436,
    -0.1033206582069397,
    0.013289935886859894,
    0.09431632608175278,
    0.027439936995506287,
    -0.05048997700214386,
    0.029935255646705627,
    -0.08580842614173889,
    -0.046625714749097824,
    -0.006224827840924263,
    0.10805518925189972,
    0.009444362483918667,
    0.0715986043214798,
    -0.035560302436351776,
    0.030674641951918602,
    0.0002654643030837178,
    0.07506581395864487,
    0.06029412895441055,
    -0.04052061587572098,
    -0.04823632165789604,
    0.09825634211301804,
    -0.04505232721567154,
    0.04469093307852745,
    -0.019563773646950722,
    -0.03044414333999157,
    0.03868229687213898,
    -0.0254101250320673,
    0.05615139752626419,
    -0.03711923956871033,
    0.016753746196627617,
    -0.05526159331202507,
    0.012022135779261589,
    0.015515129081904888,
    -0.020821521058678627,
    -0.025521134957671165,
    -0.049006588757038116,
    0.08642103523015976,
    0.011758143082261086,
    -0.018270218744874,
    0.07454404979944229,
    0.027499355375766754,
    0.03732161596417427,
    -0.031962521374225616,
    -0.004007671028375626,
    -0.030897490680217743,
    -0.0064352513290941715,
    0.013993596658110619,
    0.0343855544924736,
    -0.021661702543497086,
    0.013389460742473602,
    0.0067513808608055115,
    -0.002916101599112153,
    0.041428375989198685,
    0.010037453845143318,
    0.11038921028375626,
    0.011043235659599304,
    -0.05472739413380623,
    -0.022859763354063034,
    -0.002205579075962305,
    0.05237596109509468,
    0.048440225422382355,
    0.08885061740875244,
    0.0053344243206083775,
    -2.0853747328167402e-32,
    -0.011245820671319962,
    -0.002313066041097045,
    -0.017503980547189713,
    -0.07383080571889877,
    0.10802280157804489,
    0.015418438240885735,
    -0.04434741660952568,
    -0.1330222487449646,
    0.05635939538478851,
    -0.004236793611198664,
    0.02976507693529129,
    -0.03546500951051712,
    -0.047296736389398575,
    -0.01148211769759655,
    -0.06995488703250885,
    -0.01482311263680458,
    -0.07469940930604935,
    -0.07834291458129883,
    0.007130660116672516,
    0.0784970074892044,
    -0.03431408107280731,
    0.010315928608179092,
    -0.043586116284132004,
    0.13575886189937592,
    0.02701256424188614,
    0.05500754341483116,
    -0.04833395406603813,
    -0.03427322208881378,
    0.1104656532406807,
    -0.028901612386107445,
    -0.05451584607362747,
    -0.09335105121135712,
    -0.024452408775687218,
    0.03668086230754852,
    -0.07112481445074081,
    -0.1977435052394867,
    -0.0021293479949235916,
    -0.07438420504331589,
    -0.007546653971076012,
    -0.0026024894323199987,
    0.1171841248869896,
    -0.006032924633473158,
    0.050587717443704605,
    -0.004589218180626631,
    -0.0004823585622943938,
    -0.055065132677555084,
    0.05704135075211525,
    -0.09146491438150406,
    -0.10991750657558441,
    -0.019760973751544952,
    0.00547390291467309,
    -0.03301374614238739,
    -0.06130523607134819,
    0.01007277611643076,
    -0.04026312753558159,
    0.010341829620301723,
    0.014524081721901894,
    -0.06966128945350647,
    -0.005459384992718697,
    -0.07615417242050171,
    0.05957212299108505,
    0.046848732978105545,
    -0.002724904101341963,
    0.07709072530269623,
    0.005941903218626976,
    -0.07318603247404099,
    0.003893341403454542,
    -0.07834810018539429,
    -0.03536725789308548,
    -0.061328791081905365,
    -0.1391087770462036,
    -0.12472366541624069,
    -0.0265536829829216,
    -0.10516513139009476,
    0.07040704786777496,
    -0.049615878611803055,
    -0.022258879616856575,
    -0.07923232018947601,
    -0.106500543653965,
    0.019609300419688225,
    -0.0014448899310082197,
    -0.05003738775849342,
    -0.07289126515388489,
    0.06603651493787766,
    -0.05161521956324577,
    0.03500870615243912,
    0.031088775023818016,
    -0.016207436099648476,
    0.027171701192855835,
    0.06308303773403168,
    -0.08213741332292557,
    -0.002256573410704732,
    -0.016841305419802666,
    0.09321698546409607,
    -0.07263611257076263,
    -6.028685817227597e-08,
    0.01362447626888752,
    0.07322761416435242,
    -0.0007952509331516922,
    -0.06731986254453659,
    -0.021594861522316933,
    -0.06157812848687172,
    -0.057394176721572876,
    -0.02864411100745201,
    -0.002392773050814867,
    -0.011871332302689552,
    0.023991355672478676,
    0.08344174921512604,
    -0.014339174143970013,
    -0.03066594898700714,
    0.07230472564697266,
    -0.006205705925822258,
    -0.08140283823013306,
    0.04142918810248375,
    -0.02369414083659649,
    0.02159341238439083,
    -0.05325118079781532,
    -0.0449405312538147,
    -0.10110247880220413,
    0.005310399457812309,
    0.02109234407544136,
    0.07530718296766281,
    -0.06198551878333092,
    0.031377457082271576,
    0.07677187770605087,
    0.04529229551553726,
    0.042357172816991806,
    0.027376800775527954,
    0.0360274538397789,
    -0.021647155284881592,
    -0.0210866816341877,
    -0.03577960282564163,
    0.022898249328136444,
    0.0009712371975183487,
    0.10601706057786942,
    -0.0063525475561618805,
    -0.002283799694851041,
    0.05822412297129631,
    0.047797396779060364,
    0.08920802175998688,
    -0.023992246016860008,
    -0.01957049034535885,
    -0.011630588211119175,
    0.006670115515589714,
    -0.00731835188344121,
    -0.10895439982414246,
    0.0008758826879784465,
    -0.01125588733702898,
    0.07742847502231598,
    -0.03176790103316307,
    -0.05191899836063385,
    0.05522077903151512,
    0.015391387976706028,
    5.563882496062433e-06,
    -0.02391730807721615,
    -0.05015598610043526,
    0.09646362066268921,
    0.06052964925765991,
    0.027283864095807076,
    0.02379024773836136
]