[
    -0.04136176407337189,
    0.057703714817762375,
    -0.05243942514061928,
    -0.0838886946439743,
    -0.020548569038510323,
    0.05854335427284241,
    0.0456487275660038,
    -0.016163870692253113,
    0.015607752837240696,
    -0.004021450411528349,
    0.05302271246910095,
    -0.04128213971853256,
    0.03808070719242096,
    -0.03005574271082878,
    0.14059358835220337,
    -0.02713342197239399,
    0.0761144608259201,
    0.0007106213015504181,
    -0.0821380615234375,
    0.0973096489906311,
    0.0193385761231184,
    0.08697591722011566,
    -0.04894401505589485,
    0.0347905233502388,
    -0.08607906103134155,
    -0.05394723266363144,
    0.02368609979748726,
    -0.02858247049152851,
    0.04756962135434151,
    -0.0037541366182267666,
    0.08509171009063721,
    0.017623024061322212,
    0.08060585707426071,
    0.034386519342660904,
    0.014824103564023972,
    -0.04419628903269768,
    -0.028030455112457275,
    -0.04826958104968071,
    -0.07613034546375275,
    0.054759182035923004,
    -0.03292015567421913,
    -0.03565017133951187,
    -0.06619028747081757,
    0.02307889610528946,
    0.04120112955570221,
    0.03464741259813309,
    -0.04422151669859886,
    0.026628505438566208,
    -0.013748153112828732,
    0.06465588510036469,
    -0.1100756973028183,
    -0.019807172939181328,
    -0.05519992858171463,
    0.027675321325659752,
    -0.05051344633102417,
    -0.06761369109153748,
    -0.03531946241855621,
    0.012113874778151512,
    -0.07820448279380798,
    0.01785980351269245,
    0.025401923805475235,
    -0.016753319650888443,
    0.006858530919998884,
    0.05002334341406822,
    -0.022162580862641335,
    0.04387073218822479,
    -0.01561699714511633,
    0.013159479014575481,
    -0.008895019069314003,
    -0.020092468708753586,
    -0.05440506711602211,
    -0.06295067816972733,
    -0.03569775074720383,
    -0.012841121293604374,
    -0.02673368528485298,
    -0.016370581462979317,
    -0.00529904430732131,
    0.055555351078510284,
    0.05560418218374252,
    -0.13966181874275208,
    -0.05650918930768967,
    0.024987442418932915,
    0.008710086345672607,
    0.05705573782324791,
    -0.10549894720315933,
    -0.02814878337085247,
    -0.04449785128235817,
    -0.000961079727858305,
    0.009390324354171753,
    -0.00020496148499660194,
    0.05479962378740311,
    -0.03552364930510521,
    0.011851208284497261,
    -0.04787079989910126,
    0.06268085539340973,
    -0.009113461710512638,
    -0.06489815562963486,
    -0.12107540667057037,
    -0.0014414229663088918,
    0.0027131042443215847,
    -0.03984387218952179,
    -0.01655680313706398,
    -0.01956765726208687,
    0.0108731584623456,
    -0.05323167145252228,
    -0.057374246418476105,
    -0.014756043441593647,
    0.020552368834614754,
    0.04046947509050369,
    0.09900227934122086,
    -0.003513860050588846,
    0.009631452150642872,
    -0.0447712279856205,
    -0.11781463772058487,
    0.05740511044859886,
    0.041187137365341187,
    -0.04714491590857506,
    0.04495704919099808,
    0.07273933291435242,
    -0.03183627501130104,
    -0.041634950786828995,
    0.003313725348562002,
    -0.03398655727505684,
    -0.08359729498624802,
    -0.053076501935720444,
    -0.027759721502661705,
    -0.02527252770960331,
    1.9059959111859915e-32,
    -0.08703983575105667,
    0.0032977580558508635,
    -0.010701445862650871,
    0.0762551948428154,
    0.049838196486234665,
    0.012471110559999943,
    0.005827771034091711,
    -0.055425263941287994,
    -0.07660975307226181,
    -0.0037963062059134245,
    -0.0033519919961690903,
    0.04366220161318779,
    0.03432019054889679,
    -0.014921671710908413,
    -0.06098250299692154,
    0.03942117094993591,
    -0.004690919071435928,
    0.1078890711069107,
    0.0057245949283242226,
    0.05586627870798111,
    0.07912639528512955,
    0.006377822253853083,
    0.032168999314308167,
    0.018867043778300285,
    -0.03809763118624687,
    0.02296207845211029,
    0.008337782695889473,
    -0.05149731785058975,
    0.10373369604349136,
    -0.0006907990900799632,
    0.07433170825242996,
    0.005652250722050667,
    0.0452059730887413,
    -0.07408659160137177,
    0.02224699594080448,
    0.152300626039505,
    -0.03060229867696762,
    -0.07494983822107315,
    0.06094580143690109,
    0.004969204775989056,
    -0.022291552275419235,
    -0.024057917296886444,
    0.03473323956131935,
    0.03338669613003731,
    -0.019077792763710022,
    0.01586942747235298,
    -0.013397048227488995,
    -0.025457246229052544,
    0.026922987774014473,
    0.06492191553115845,
    -0.018622372299432755,
    0.006599385291337967,
    0.006857734639197588,
    -0.06211071088910103,
    0.036494866013526917,
    -0.0313505083322525,
    -0.10790736228227615,
    0.08019401133060455,
    -0.06793668866157532,
    -0.0019620596431195736,
    -0.003169524949043989,
    0.028763912618160248,
    0.01571267656981945,
    0.001947745680809021,
    -0.021125683560967445,
    -0.05144672095775604,
    -0.019366007298231125,
    -0.09082208573818207,
    0.06545513868331909,
    -0.061850305646657944,
    -0.03681330382823944,
    0.10319127887487411,
    -0.04238535836338997,
    0.019570061936974525,
    -0.06172426789999008,
    -0.049832478165626526,
    -0.009382904507219791,
    -0.01345168985426426,
    0.07066643983125687,
    0.019748331978917122,
    -0.0490095391869545,
    -0.022697990760207176,
    0.035022031515836716,
    0.05942748859524727,
    -0.007035640999674797,
    0.014306331984698772,
    0.03150414675474167,
    0.04545973986387253,
    -0.036298271268606186,
    -0.02197917178273201,
    0.022138046100735664,
    0.033956874161958694,
    -0.014728276059031487,
    0.09530532360076904,
    0.030282270163297653,
    -2.035434296132437e-32,
    -0.048356350511312485,
    -0.03526918962597847,
    -0.05995700880885124,
    -0.04388468712568283,
    0.04717199504375458,
    0.022457484155893326,
    -0.056388430297374725,
    -0.09141572564840317,
    0.08608801662921906,
    0.03252805769443512,
    0.0073110247030854225,
    -0.07290434837341309,
    -0.009829423390328884,
    -0.027983324602246284,
    -0.061568234115839005,
    0.01586417481303215,
    -0.02456076629459858,
    -0.054694000631570816,
    -0.033513374626636505,
    0.05254253000020981,
    -0.014085892587900162,
    0.025443678721785545,
    -0.039330754429101944,
    0.10201799869537354,
    0.045535966753959656,
    0.01587812788784504,
    -0.02973637357354164,
    0.018496127799153328,
    0.12219075113534927,
    -0.03719906508922577,
    -0.036039434373378754,
    -0.04421348497271538,
    -0.09873570501804352,
    -0.011281749233603477,
    -0.07929763942956924,
    -0.13973192870616913,
    0.06868676096200943,
    6.599911284865811e-05,
    -0.026484297588467598,
    0.0026036372873932123,
    0.110860176384449,
    0.018175747245550156,
    -0.008961142972111702,
    0.006747158244252205,
    -0.03760218247771263,
    -0.08160031586885452,
    0.08576779812574387,
    -0.06480821967124939,
    0.06544610857963562,
    -0.006810825318098068,
    0.05819592624902725,
    -0.08842692524194717,
    0.06107569485902786,
    0.01853012852370739,
    -0.09618603438138962,
    0.028300832957029343,
    0.029673146083950996,
    -0.018319884315133095,
    9.628270345274359e-05,
    -0.037067022174596786,
    0.10784013569355011,
    0.059058208018541336,
    -0.07051065564155579,
    0.03486405313014984,
    0.01479385793209076,
    -0.03971371427178383,
    -0.012392700649797916,
    -0.04127132147550583,
    -0.01565844565629959,
    -0.12202958017587662,
    -0.02353607676923275,
    -0.09173689037561417,
    -0.03820068761706352,
    -0.07796880602836609,
    0.08596697449684143,
    -0.03092154487967491,
    -0.02658870816230774,
    -0.040722303092479706,
    -0.11079427599906921,
    -0.03287241607904434,
    0.08084405958652496,
    0.021001799032092094,
    -0.04117649793624878,
    0.06608590483665466,
    -0.023202139884233475,
    -0.03561675176024437,
    0.07537534087896347,
    -0.07474478334188461,
    -0.019356250762939453,
    0.05009958893060684,
    -0.05403898283839226,
    0.001189923845231533,
    -0.036504026502370834,
    0.06967354565858841,
    -0.05317726731300354,
    -5.7748291482084824e-08,
    -0.0319453626871109,
    0.009160530753433704,
    0.04758504405617714,
    -0.012708717957139015,
    -0.03323451802134514,
    -0.013124661520123482,
    -0.026980483904480934,
    -0.010911814868450165,
    -0.0014466975117102265,
    -0.03838249295949936,
    0.0172781553119421,
    0.06776707619428635,
    -0.00014008562720846385,
    -0.006423193030059338,
    0.022682391107082367,
    -0.007222829386591911,
    -0.05687136948108673,
    -0.08781296014785767,
    -0.02244008146226406,
    0.04647315666079521,
    -0.05771760269999504,
    -0.05885254219174385,
    -0.025046560913324356,
    -0.013642999343574047,
    0.025794725865125656,
    0.045122455805540085,
    0.031396687030792236,
    0.04293615743517876,
    0.031446222215890884,
    0.030300822108983994,
    -0.07656057924032211,
    -0.011609574779868126,
    0.02946794033050537,
    -0.019685322418808937,
    -0.10727783292531967,
    -0.048164140433073044,
    0.04518372192978859,
    -0.01875770464539528,
    0.006725475657731295,
    -0.03652619570493698,
    -0.030198462307453156,
    0.036785900592803955,
    0.026472076773643494,
    0.03765955567359924,
    0.01963198557496071,
    0.013046066276729107,
    -0.015437470749020576,
    0.0167277492582798,
    -0.007487345486879349,
    -0.07504425197839737,
    -0.07460378110408783,
    -0.033993370831012726,
    0.12680402398109436,
    -0.014293738640844822,
    -0.042356763035058975,
    0.05466467887163162,
    0.03323649242520332,
    0.06570319086313248,
    -0.017992466688156128,
    0.007392368745058775,
    0.08158836513757706,
    0.05832914635539055,
    0.061263639479875565,
    -0.011236555874347687
]