[
    0.01917949505150318,
    0.02287939190864563,
    -0.002881342312321067,
    -0.02944580465555191,
    -0.05031614005565643,
    0.07478173822164536,
    0.010715978220105171,
    0.006185523234307766,
    0.008407066576182842,
    0.013308767229318619,
    -0.05089472979307175,
    -0.04463183879852295,
    -0.051653943955898285,
    -0.00764669943600893,
    0.10223482549190521,
    0.04306812956929207,
    0.0831582099199295,
    0.05041942372918129,
    -0.054272864013910294,
    0.021579355001449585,
    -0.008227383717894554,
    0.02664877474308014,
    -0.020970596000552177,
    0.024730032309889793,
    -0.03873990848660469,
    -0.040484242141246796,
    -0.05832739546895027,
    -0.030696898698806763,
    0.09417003393173218,
    -0.06439652293920517,
    0.028923310339450836,
    0.09820215404033661,
    0.09001060575246811,
    0.07261475920677185,
    0.02677602507174015,
    0.0020907726138830185,
    -0.0003496464341878891,
    -0.026147160679101944,
    0.0038847040850669146,
    0.012016231194138527,
    -0.019424322992563248,
    -0.051721807569265366,
    -0.060999076813459396,
    -0.03589051961898804,
    -0.029706813395023346,
    0.06028838828206062,
    -0.016568774357438087,
    0.024539683014154434,
    -0.04783990979194641,
    0.03279544413089752,
    -0.04788179323077202,
    -0.029727572575211525,
    -0.029398003593087196,
    0.04310358315706253,
    -0.03503348305821419,
    0.02226719632744789,
    -0.023313453420996666,
    0.06586122512817383,
    0.02461506426334381,
    -0.007891766726970673,
    -0.0018019359558820724,
    -0.033096302300691605,
    -0.04378298670053482,
    0.06292184442281723,
    -0.05321652814745903,
    0.06311243772506714,
    0.0012638161424547434,
    0.0711267963051796,
    0.04805561527609825,
    0.04063262790441513,
    -0.032031137496232986,
    0.09098885208368301,
    -0.003253830363973975,
    -0.025620505213737488,
    -0.013055386953055859,
    -0.017202353104948997,
    -0.026345783844590187,
    -0.016513193026185036,
    0.04938529059290886,
    -0.08891889452934265,
    -0.08338189125061035,
    0.044508956372737885,
    -0.04292834922671318,
    -0.09338882565498352,
    -0.00940694473683834,
    -0.06240604445338249,
    -0.0018735876074060798,
    -0.011196429841220379,
    -0.0049012028612196445,
    -0.0008623126777820289,
    0.004274728242307901,
    -0.08290757238864899,
    0.015150490216910839,
    -0.05301477760076523,
    0.046286966651678085,
    0.04265587031841278,
    -0.040074750781059265,
    -0.05472475662827492,
    0.10057131946086884,
    -0.0022122568916529417,
    0.04898195341229439,
    0.018363798037171364,
    -0.015789201483130455,
    -0.10098808258771896,
    -0.05489687621593475,
    -0.09008413553237915,
    -0.05896700546145439,
    -0.005649709142744541,
    0.003819597652181983,
    0.026464952155947685,
    0.006856909487396479,
    -0.03515306115150452,
    0.003868893487378955,
    -0.08664745837450027,
    0.0695967748761177,
    0.07266416400671005,
    -0.012107642367482185,
    0.07228017598390579,
    0.018941093236207962,
    -0.04720817133784294,
    0.0014910901663824916,
    0.009267880581319332,
    -0.07281804829835892,
    -0.0684586688876152,
    -0.02420893684029579,
    -0.03302832692861557,
    -0.051565006375312805,
    1.5718760417705539e-32,
    0.006561750080436468,
    -0.01798243448138237,
    -0.10455300658941269,
    0.08402959257364273,
    0.07841514050960541,
    -0.012538026086986065,
    0.004011416342109442,
    -0.022688517346978188,
    -0.061140164732933044,
    0.06281327456235886,
    0.019652480259537697,
    0.01831040345132351,
    0.01326906867325306,
    -0.052350278943777084,
    -0.04187820106744766,
    -0.03888075426220894,
    -0.08178100734949112,
    0.1128767803311348,
    -0.07541795819997787,
    -0.009140524081885815,
    0.015027984045445919,
    0.0010334881953895092,
    0.027929265052080154,
    0.05262266844511032,
    0.03428808972239494,
    -0.03576340153813362,
    0.04524927958846092,
    -0.039860665798187256,
    -0.017957814037799835,
    -0.016619287431240082,
    0.018602341413497925,
    0.017619311809539795,
    0.03745250776410103,
    0.0451078899204731,
    0.05150991678237915,
    0.11743737012147903,
    0.011195707134902477,
    -0.03722778335213661,
    0.0495782345533371,
    -0.06386565417051315,
    -0.07084514945745468,
    -0.004745177458971739,
    -0.032806336879730225,
    -0.04716706648468971,
    0.06937107443809509,
    -0.006095193326473236,
    -0.0690758228302002,
    -0.050116557627916336,
    0.046578262001276016,
    0.03254980221390724,
    0.015947267413139343,
    0.0161221195012331,
    0.047176163643598557,
    -0.004642797168344259,
    0.08756182342767715,
    0.00043550136615522206,
    -0.06786088645458221,
    0.0035891553852707148,
    -0.04998879134654999,
    0.024791045114398003,
    -0.0013954263413324952,
    0.047258201986551285,
    -0.07682617753744125,
    0.02027023769915104,
    -0.03886524215340614,
    -0.04265904054045677,
    -0.055537689477205276,
    -0.016744928434491158,
    0.08627719432115555,
    -0.10310924053192139,
    -0.03785781189799309,
    0.043921854346990585,
    -0.03420063108205795,
    0.017093554139137268,
    -0.02291068248450756,
    -0.0182274729013443,
    -0.01701423153281212,
    -0.00622426625341177,
    0.05015099048614502,
    0.009841790422797203,
    -0.09047503769397736,
    0.04543335363268852,
    -0.001184871536679566,
    0.08622406423091888,
    0.034561704844236374,
    -0.04644490405917168,
    0.01845894753932953,
    -0.0031608298886567354,
    -0.03859851136803627,
    -0.019792696461081505,
    0.028784174472093582,
    0.05079568922519684,
    -0.043732721358537674,
    0.03363487869501114,
    0.03165217489004135,
    -1.5774339259980355e-32,
    0.021220415830612183,
    -0.012891264632344246,
    -0.07166242599487305,
    0.11688214540481567,
    0.03853556141257286,
    0.06988025456666946,
    -0.03381817042827606,
    -0.10326320677995682,
    0.07756081968545914,
    -0.07053772360086441,
    -0.0710582435131073,
    -0.04994086176156998,
    -0.0782063752412796,
    -0.03424381837248802,
    -0.04487250745296478,
    -0.11530359089374542,
    -0.004640309605747461,
    -0.008379442617297173,
    0.07088187336921692,
    0.10670118033885956,
    0.06277374923229218,
    -0.018456444144248962,
    -0.02336113341152668,
    0.05042577534914017,
    -0.006034426856786013,
    -0.0454539954662323,
    -0.028343793004751205,
    -0.07341650128364563,
    0.09056052565574646,
    0.027922596782445908,
    -0.05690182000398636,
    -0.04634450003504753,
    -0.12029838562011719,
    0.006819876842200756,
    -0.003413116093724966,
    -0.13209830224514008,
    0.15216653048992157,
    -0.06674153357744217,
    -0.021779265254735947,
    -0.03874252736568451,
    0.07955293357372284,
    0.02751149982213974,
    0.01938568241894245,
    -0.008568906225264072,
    -0.01196590717881918,
    -0.051262207329273224,
    0.0341191403567791,
    -0.017389453947544098,
    -0.01804894581437111,
    -0.04398910328745842,
    0.041240449994802475,
    -0.037043001502752304,
    -0.008328504860401154,
    -0.009334721602499485,
    -0.04098347947001457,
    -0.0007568135624751449,
    -0.008009985089302063,
    -0.08872508257627487,
    -0.007913834415376186,
    -0.0034681730903685093,
    0.05620735511183739,
    0.0788700208067894,
    -0.01287669688463211,
    -0.0194436926394701,
    0.04198905825614929,
    -0.03064872696995735,
    -0.07748188078403473,
    -0.001045863376930356,
    -0.03367592394351959,
    -0.037261590361595154,
    0.002735455986112356,
    -0.10655855387449265,
    -0.052533186972141266,
    -0.054466210305690765,
    0.0688701644539833,
    -0.013337980024516582,
    -0.020038511604070663,
    -0.0763101726770401,
    -0.046940870583057404,
    -0.011628289707005024,
    0.02226060815155506,
    0.051657553762197495,
    -0.06266844272613525,
    0.07295332849025726,
    0.010872377082705498,
    0.08877364546060562,
    0.033810436725616455,
    0.0017824950627982616,
    0.039865389466285706,
    0.08716683089733124,
    -0.03382612019777298,
    0.007025506347417831,
    0.06352456659078598,
    0.056603237986564636,
    -0.08881250023841858,
    -4.9717343131305824e-08,
    -0.06467972695827484,
    0.029668252915143967,
    -0.024232087656855583,
    -0.03558874875307083,
    0.0036058444529771805,
    -0.021524935960769653,
    0.01699906401336193,
    0.02702893503010273,
    -0.026111923158168793,
    -0.06796086579561234,
    0.04400261864066124,
    0.003027364844456315,
    -0.031054649502038956,
    -0.017671063542366028,
    0.011444667354226112,
    -0.019616542384028435,
    -0.05190485715866089,
    -0.0033327846322208643,
    -0.07597577571868896,
    -0.04316207394003868,
    -0.023015139624476433,
    -0.016271477565169334,
    -0.08371912688016891,
    0.02006700076162815,
    0.03507944568991661,
    -0.019397685304284096,
    0.042092617601156235,
    0.11229272931814194,
    -0.02675188146531582,
    -0.010177312418818474,
    -0.04127362370491028,
    0.057893455028533936,
    -0.0020849592983722687,
    -0.0378289632499218,
    0.011466702446341515,
    -0.028385883197188377,
    -0.021044882014393806,
    0.02187298983335495,
    0.09144088625907898,
    0.048167575150728226,
    -0.10100603103637695,
    0.037069011479616165,
    0.04891039431095123,
    0.03661985322833061,
    -0.010706889443099499,
    -0.004691235721111298,
    -0.039244022220373154,
    0.015341411344707012,
    -0.05599072948098183,
    -0.10387568920850754,
    -0.03731266409158707,
    -0.011227356269955635,
    0.05527539551258087,
    -0.03416027873754501,
    0.0243039820343256,
    0.18573546409606934,
    0.12516853213310242,
    0.05766836926341057,
    0.017604941502213478,
    -0.023923661559820175,
    0.06723909080028534,
    0.11104593425989151,
    0.006838703062385321,
    0.033484358340501785
]