[
    -0.03319201245903969,
    0.05605938285589218,
    -0.02485182322561741,
    -0.11124882847070694,
    -0.014617729932069778,
    0.048200447112321854,
    -0.01363650243729353,
    -0.021828630939126015,
    -0.030731115490198135,
    -0.004915033001452684,
    -0.03392114117741585,
    -0.03188413009047508,
    0.0012591407867148519,
    -0.049078892916440964,
    0.06863802671432495,
    -0.022163746878504753,
    0.05204426497220993,
    0.042125049978494644,
    -0.09311509877443314,
    0.05750901997089386,
    0.043725114315748215,
    0.0996980294585228,
    -0.03494863957166672,
    0.02038971334695816,
    -0.14318448305130005,
    0.007253268733620644,
    0.016890112310647964,
    -0.05386670306324959,
    0.008355468511581421,
    -0.0339975468814373,
    0.035254430025815964,
    -0.008424741216003895,
    0.03579193726181984,
    0.07294633239507675,
    0.006368271540850401,
    -0.016683656722307205,
    0.03970646485686302,
    0.007987270131707191,
    -0.03349663317203522,
    0.023722372949123383,
    -0.04620607942342758,
    -0.02333747036755085,
    -0.05681820958852768,
    0.006558643653988838,
    0.05976584553718567,
    0.04932970181107521,
    -0.06515874713659286,
    -0.004803405608981848,
    -0.006230484694242477,
    0.030467158183455467,
    -0.09507163614034653,
    -0.03469046950340271,
    -0.018940607085824013,
    0.0347910113632679,
    -0.024631597101688385,
    -0.0414547435939312,
    -0.018687104806303978,
    0.029243726283311844,
    -0.0592896044254303,
    0.004796894732862711,
    0.03464789688587189,
    -0.01245583314448595,
    -0.01046811044216156,
    0.07149028778076172,
    -0.029487477615475655,
    0.03638054057955742,
    -0.007278071716427803,
    -0.010335028171539307,
    -0.025308717042207718,
    -0.007690926548093557,
    -0.11777719855308533,
    -0.030075883492827415,
    0.0017369077540934086,
    0.0026661851443350315,
    -0.04275936260819435,
    0.040437906980514526,
    -0.021946240216493607,
    0.018380850553512573,
    0.05819029361009598,
    -0.12776629626750946,
    -0.05489610135555267,
    0.010347158648073673,
    0.0478987954556942,
    0.07092711329460144,
    -0.06638064235448837,
    -0.03812283277511597,
    -0.02425355277955532,
    -0.06157965585589409,
    -0.03017600066959858,
    -0.043826743960380554,
    0.029345134273171425,
    -0.0852724015712738,
    0.09927178919315338,
    -0.013387463055551052,
    0.07182659953832626,
    -0.002311142161488533,
    0.001333086984232068,
    -0.0737554207444191,
    0.018759634345769882,
    -0.05044348165392876,
    -0.02908075787127018,
    0.004484132863581181,
    0.013257545419037342,
    0.003655210370197892,
    -0.041710931807756424,
    -0.060616955161094666,
    0.02617616578936577,
    0.014767462387681007,
    0.05055999383330345,
    0.030617395415902138,
    -0.006165862083435059,
    0.027795715257525444,
    -0.06081093102693558,
    -0.11447079479694366,
    0.1000073179602623,
    -0.04202277958393097,
    -0.01671593263745308,
    0.05677204951643944,
    0.032446037977933884,
    -0.0021561470348387957,
    -0.025129694491624832,
    -0.035641733556985855,
    -0.04431641101837158,
    -0.09920443594455719,
    -0.008087794296443462,
    -0.021405408158898354,
    -0.010988738387823105,
    1.7710424006190757e-32,
    -0.013817756436765194,
    0.01924135722219944,
    -0.03869287669658661,
    0.043257731944322586,
    -0.0145336352288723,
    -0.014482162892818451,
    0.03340023756027222,
    0.014253608882427216,
    -0.03987283632159233,
    0.07073558121919632,
    -0.04593665897846222,
    0.035471294075250626,
    -0.04965411499142647,
    0.013826853595674038,
    -0.02730957791209221,
    0.02070601098239422,
    0.02652725577354431,
    0.08466649800539017,
    -0.023939983919262886,
    0.05063265934586525,
    0.02616928145289421,
    -0.02304454706609249,
    0.046271417289972305,
    -0.0239088274538517,
    -0.016010822728276253,
    0.05065898224711418,
    0.03593805432319641,
    -0.027765046805143356,
    0.008326497860252857,
    0.017283620312809944,
    0.05438888445496559,
    0.017084449529647827,
    0.014765310101211071,
    -0.059431083500385284,
    -0.04028408229351044,
    0.09307502210140228,
    0.042803335934877396,
    -0.06787697970867157,
    0.06555283069610596,
    -0.09406379610300064,
    -0.04007457569241524,
    -0.01927238330245018,
    0.01803838089108467,
    0.04341646283864975,
    0.07741015404462814,
    0.009415732696652412,
    0.009589465335011482,
    -0.013486199080944061,
    0.0674683228135109,
    0.0423019640147686,
    -0.08651402592658997,
    -0.021619169041514397,
    0.023182064294815063,
    -0.028726253658533096,
    0.02172435261309147,
    -0.06104685738682747,
    -0.04886317253112793,
    0.038147639483213425,
    -0.06972131878137589,
    0.06349769234657288,
    -0.017119741067290306,
    0.021027518436312675,
    -0.020291851833462715,
    -0.029437901452183723,
    0.0005344050587154925,
    -0.049396220594644547,
    -0.0061377063393592834,
    -0.05289203301072121,
    0.04843662679195404,
    0.032528702169656754,
    -0.03936527296900749,
    0.09080053120851517,
    -0.00497104087844491,
    0.051166124641895294,
    -0.034820493310689926,
    -0.04206676036119461,
    -0.009466670453548431,
    -0.03256113827228546,
    0.01834029331803322,
    0.07648774981498718,
    -0.11281629651784897,
    0.06777866929769516,
    0.02260969579219818,
    0.04695940390229225,
    0.0003187471884302795,
    0.009082225151360035,
    0.0809372290968895,
    0.046276405453681946,
    -0.03391082584857941,
    -0.04214645177125931,
    -0.030755924060940742,
    0.011573292315006256,
    0.06822726875543594,
    0.061692167073488235,
    0.03358915075659752,
    -1.920682684541959e-32,
    0.030845744535326958,
    -0.021376123651862144,
    -0.05648648366332054,
    0.002224449999630451,
    0.06060918793082237,
    -0.007262491621077061,
    -0.06416108459234238,
    -0.0660771057009697,
    0.07024272531270981,
    0.04606441408395767,
    0.0315050408244133,
    -0.07213471829891205,
    0.009959123097360134,
    -0.03891978785395622,
    -0.04041657969355583,
    -0.030131958425045013,
    -0.09768911451101303,
    -0.09800262749195099,
    0.0001923820236697793,
    0.0907459482550621,
    0.002874624915421009,
    -0.001292531844228506,
    -0.0198657289147377,
    0.09753803163766861,
    0.022640381008386612,
    0.043401166796684265,
    -0.021794715896248817,
    -0.05100269615650177,
    0.11126121878623962,
    -0.05308505892753601,
    -0.055635228753089905,
    -0.027888404205441475,
    -0.03673012554645538,
    0.04935568571090698,
    -0.09757328778505325,
    -0.18500572443008423,
    0.06782782077789307,
    -0.05911697447299957,
    -0.018080992624163628,
    -0.03493966907262802,
    0.09517277032136917,
    0.0063268868252635,
    -0.015200052410364151,
    0.013644780963659286,
    -0.013074377551674843,
    -0.07041853666305542,
    0.07600496709346771,
    -0.024271424859762192,
    -0.009962331503629684,
    -0.030133452266454697,
    0.05766817927360535,
    -0.03979051113128662,
    -0.023456038907170296,
    0.023515675216913223,
    -0.044739123433828354,
    0.04574825242161751,
    -0.003532062517479062,
    -0.0017843255773186684,
    -0.034797728061676025,
    -0.03324640542268753,
    0.061903443187475204,
    0.06683894991874695,
    -0.050016798079013824,
    0.11006860435009003,
    0.03447037190198898,
    -0.033259645104408264,
    -0.03563831374049187,
    -0.08773145079612732,
    -0.019023265689611435,
    -0.06993070244789124,
    -0.11995165050029755,
    -0.12157801538705826,
    -0.05410389602184296,
    -0.046198781579732895,
    0.03289621323347092,
    -0.083757683634758,
    -0.03881262242794037,
    -0.12423239648342133,
    -0.07520094513893127,
    0.006258450914174318,
    0.0673355981707573,
    0.01689966209232807,
    -0.057190097868442535,
    0.0669151097536087,
    -0.0021878762636333704,
    0.030287042260169983,
    0.06269309669733047,
    -0.03387534245848656,
    -0.01300792396068573,
    0.08271895349025726,
    -0.11484522372484207,
    -0.007173024583607912,
    -0.04135814681649208,
    0.0480150505900383,
    -0.07726966589689255,
    -5.452950091466846e-08,
    0.002908071270212531,
    0.07425517588853836,
    0.013099132105708122,
    -0.0235341377556324,
    -0.04361772537231445,
    -0.04207868129014969,
    -0.06410375237464905,
    0.019424252212047577,
    -0.016222503036260605,
    -0.0491243377327919,
    0.026272499933838844,
    0.10201160609722137,
    -0.04423254728317261,
    -0.01745171844959259,
    0.05067334324121475,
    -0.039012737572193146,
    -0.06436393409967422,
    -0.006962940562516451,
    -0.03559042885899544,
    0.0866505578160286,
    -0.0581434965133667,
    -0.03422423079609871,
    -0.0861344188451767,
    0.016993166878819466,
    0.050234559923410416,
    0.043566279113292694,
    4.567772339214571e-05,
    0.051215723156929016,
    0.09106074273586273,
    0.04913362115621567,
    -0.002302867593243718,
    0.012509581632912159,
    0.03208367899060249,
    -0.032481059432029724,
    -0.04991465061903,
    -0.030600402504205704,
    0.018822617828845978,
    0.023409869521856308,
    0.054202329367399216,
    -0.017946049571037292,
    -0.02667386829853058,
    0.017199017107486725,
    0.01832396164536476,
    0.08274540305137634,
    -0.04172563552856445,
    -0.04949133098125458,
    -0.009017232805490494,
    0.006310862954705954,
    0.012869183905422688,
    -0.12505421042442322,
    -0.05555885285139084,
    -0.043956074863672256,
    0.11910492926836014,
    -0.011278781108558178,
    -0.06853639334440231,
    0.08168023824691772,
    0.03256141021847725,
    -0.005403356626629829,
    -0.005333755165338516,
    0.01079465914517641,
    0.12360329926013947,
    0.03652667626738548,
    0.05373397096991539,
    -0.0044600688852369785
]