[
    -0.004581321496516466,
    0.06425782293081284,
    -0.03717821091413498,
    -0.05968889221549034,
    -0.02525239996612072,
    0.1023058071732521,
    -0.028813105076551437,
    -0.010730098001658916,
    -0.00989173911511898,
    0.04960799217224121,
    0.07930277287960052,
    -0.08821327984333038,
    -0.010012191720306873,
    0.019803423434495926,
    0.016906486824154854,
    -0.03681950643658638,
    0.059636086225509644,
    0.07346132397651672,
    -0.13458111882209778,
    0.02351687103509903,
    0.0766570195555687,
    0.039608415216207504,
    -0.0635666698217392,
    0.012783383019268513,
    -0.13311848044395447,
    -0.06194233149290085,
    -0.029048286378383636,
    -0.03931960463523865,
    0.04107677564024925,
    -0.07391724735498428,
    0.011417203582823277,
    0.033747147768735886,
    -0.0014918671222403646,
    0.050600603222846985,
    -0.00032654328970238566,
    0.01976912096142769,
    0.040467698127031326,
    -0.024268129840493202,
    -0.01475206483155489,
    -0.01669655553996563,
    -0.039538800716400146,
    -0.038426149636507034,
    -0.04088648781180382,
    -0.015558960847556591,
    0.05565183609724045,
    -0.045050255954265594,
    0.000799492874648422,
    -0.053846199065446854,
    -0.07465741038322449,
    -0.016381103545427322,
    -0.061656877398490906,
    -0.017007311806082726,
    -0.016034066677093506,
    0.044662415981292725,
    -0.019207965582609177,
    -0.0726315900683403,
    -0.013586687855422497,
    0.03029993548989296,
    -0.03999842330813408,
    -0.039628349244594574,
    0.021276438608765602,
    -0.030533423647284508,
    -0.053054314106702805,
    0.047394055873155594,
    -0.025509394705295563,
    0.03674353286623955,
    -0.025171764194965363,
    -0.06858976930379868,
    0.01757955178618431,
    0.041965313255786896,
    -0.09307289868593216,
    -0.07239581644535065,
    0.011025777086615562,
    -0.0011589564383029938,
    -0.00404767831787467,
    0.028305375948548317,
    -0.04509178549051285,
    0.05842594429850578,
    0.07634641230106354,
    -0.1333095133304596,
    -0.011325282976031303,
    0.000571465352550149,
    0.005598959047347307,
    0.06963244080543518,
    -0.014476434327661991,
    -0.06324660032987595,
    -0.05282053351402283,
    -0.040689241141080856,
    0.0271022766828537,
    -0.017818523570895195,
    0.10564099252223969,
    -0.035015273839235306,
    0.13739940524101257,
    -0.07971394062042236,
    0.02705138362944126,
    -0.005764027591794729,
    -0.048891887068748474,
    -0.09938211739063263,
    0.04166325554251671,
    -0.022106550633907318,
    0.03837309032678604,
    0.024163123220205307,
    -0.07888655364513397,
    0.009083334356546402,
    0.014844639226794243,
    -0.06545404344797134,
    -0.009246093221008778,
    -0.005444464273750782,
    0.01255114283412695,
    0.014605563133955002,
    0.008147760294377804,
    0.07400999963283539,
    0.02477065846323967,
    -0.13218358159065247,
    0.048273105174303055,
    0.017939940094947815,
    -0.04487953707575798,
    0.03733199089765549,
    0.05697273835539818,
    -0.004648698028177023,
    -0.03159314766526222,
    -0.017196014523506165,
    -0.07073696702718735,
    -0.0816817656159401,
    0.024477053433656693,
    0.00984407588839531,
    -0.04548865184187889,
    2.0418574911389176e-32,
    0.00355536793358624,
    -0.02828553132712841,
    -0.09162559360265732,
    -0.025190941989421844,
    0.01815122365951538,
    -0.0197606161236763,
    0.00427022110670805,
    0.027823660522699356,
    -0.07119819521903992,
    0.07061897218227386,
    0.012934976257383823,
    -0.005337321199476719,
    -0.03665786236524582,
    -0.01311441045254469,
    -0.014741942286491394,
    0.025829309597611427,
    -0.053420934826135635,
    0.07012870907783508,
    -0.024837156757712364,
    0.07629558444023132,
    -0.0006046983180567622,
    -0.05599481239914894,
    0.04158999025821686,
    0.009757242165505886,
    -0.017398588359355927,
    -0.009917646646499634,
    0.0018657853361219168,
    -0.04336198419332504,
    0.015598870813846588,
    0.007529182825237513,
    0.04940815642476082,
    0.09283898770809174,
    0.06942620873451233,
    -0.037236474454402924,
    0.016228748485445976,
    0.10017683357000351,
    0.02161521650850773,
    -0.03224226087331772,
    0.06810885667800903,
    -0.025132186710834503,
    -0.09195678681135178,
    0.027562331408262253,
    0.04399898275732994,
    0.03131222352385521,
    0.024061085656285286,
    -0.046148285269737244,
    0.0010107576381415129,
    -0.031180119141936302,
    0.05918301269412041,
    0.0410907007753849,
    -0.03185278922319412,
    0.011714848689734936,
    0.0934445932507515,
    -0.04249965399503708,
    -0.015069649554789066,
    -0.022668883204460144,
    -0.030194826424121857,
    0.06903664022684097,
    -0.059361230581998825,
    0.06437775492668152,
    0.004239141009747982,
    0.013567251153290272,
    -0.05381075292825699,
    -0.004974012728780508,
    0.008794435299932957,
    -0.05072496458888054,
    -0.031840089708566666,
    -0.027148649096488953,
    0.010249605402350426,
    -0.024131551384925842,
    -0.07759340852499008,
    0.07576884329319,
    0.02369498834013939,
    0.0027467049658298492,
    -0.059471383690834045,
    -0.05356511473655701,
    0.02543274685740471,
    -0.028247108682990074,
    0.01607520505785942,
    -0.05769692733883858,
    -0.10793548822402954,
    0.019514406099915504,
    0.06639347225427628,
    0.020686736330389977,
    0.023601671680808067,
    -0.0433865562081337,
    0.07432728260755539,
    0.0486772395670414,
    -0.03487958014011383,
    -0.06340909004211426,
    0.011633239686489105,
    0.017028501257300377,
    0.03236197680234909,
    0.09376892447471619,
    0.05135089531540871,
    -2.1020148839101866e-32,
    -0.002438009949401021,
    -0.0018203507643193007,
    -0.09034576267004013,
    0.032656215131282806,
    0.05219769850373268,
    0.02015959843993187,
    -0.0670330747961998,
    -0.10849754512310028,
    0.06726986914873123,
    -0.01358376070857048,
    -0.05782461538910866,
    -0.05871697515249252,
    0.04368000850081444,
    0.013145007193088531,
    -0.04120601713657379,
    -0.058560218662023544,
    -0.08161088079214096,
    -0.01899999938905239,
    -0.013314963318407536,
    0.06520858407020569,
    0.0663846954703331,
    0.009717699140310287,
    -0.007408485747873783,
    0.08553919941186905,
    -0.03889528289437294,
    0.0216840747743845,
    -0.03832060098648071,
    -0.0697879046201706,
    0.006165164988487959,
    0.02406943030655384,
    -0.012565035372972488,
    -0.04611664265394211,
    -0.041442859917879105,
    0.050801362842321396,
    -0.08634790033102036,
    -0.16562099754810333,
    0.0776333212852478,
    -0.07697705179452896,
    -0.020278707146644592,
    -0.012769478373229504,
    0.03575119748711586,
    0.05799693614244461,
    -0.02315986156463623,
    -0.0033112531527876854,
    0.02812134101986885,
    -0.0676933154463768,
    0.035286061465740204,
    -0.06663931161165237,
    0.016632605344057083,
    -0.029098978266119957,
    0.045099761337041855,
    -0.052472278475761414,
    0.0027446618769317865,
    0.05074146389961243,
    -0.019357744604349136,
    0.0544961541891098,
    0.08536317944526672,
    -0.06577782332897186,
    -0.025580845773220062,
    0.03342924267053604,
    0.027362637221813202,
    0.08306818455457687,
    -0.02175050973892212,
    0.02938329428434372,
    0.0709909126162529,
    -0.0023577420506626368,
    -0.06102694198489189,
    -0.08054200559854507,
    0.0023938410449773073,
    -0.03341274335980415,
    -0.0631149634718895,
    -0.056317560374736786,
    -0.021354148164391518,
    -0.0366063192486763,
    0.06812237948179245,
    -0.03403310477733612,
    0.0064692567102611065,
    -0.06178072467446327,
    -0.08219622820615768,
    0.06519269943237305,
    0.034611403942108154,
    0.01360499206930399,
    0.018063506111502647,
    0.06434745341539383,
    -0.1026710495352745,
    0.07214664667844772,
    0.059145085513591766,
    -0.03330995514988899,
    0.06057395040988922,
    0.06437034159898758,
    -0.08189067989587784,
    -0.022501083090901375,
    0.021450817584991455,
    -0.0029393844306468964,
    -0.05145033448934555,
    -6.186303380673053e-08,
    -0.07061897963285446,
    0.008709648624062538,
    -0.07540848106145859,
    0.019620636478066444,
    -0.04073891416192055,
    0.01210358552634716,
    -0.05284514278173447,
    -0.021572567522525787,
    -0.060523971915245056,
    -0.09396252781152725,
    0.06648742407560349,
    0.04787561297416687,
    0.019030708819627762,
    -0.017335081472992897,
    0.03545689955353737,
    -0.038406986743211746,
    -0.02091754414141178,
    0.059926435351371765,
    -0.08551055192947388,
    0.1210644543170929,
    -0.039741698652505875,
    -0.0009106925572268665,
    -0.07196985185146332,
    -0.029245568439364433,
    0.03466837480664253,
    -0.010984934866428375,
    -0.0009439352434128523,
    0.13108456134796143,
    0.07178272306919098,
    0.05889899283647537,
    -0.022319698706269264,
    0.0016036992892622948,
    0.03464110940694809,
    -0.05911006033420563,
    -0.09560907632112503,
    -0.013065109960734844,
    -0.01245428342372179,
    0.020950090140104294,
    0.0675927996635437,
    0.018923521041870117,
    0.007364040706306696,
    0.01813131384551525,
    0.03005804680287838,
    0.09356243163347244,
    0.05861838161945343,
    -0.047993309795856476,
    -0.08757100254297256,
    0.009295652620494366,
    0.024026133120059967,
    -0.0754721388220787,
    -0.0005312603898346424,
    -0.05809527635574341,
    0.04196944832801819,
    0.0034299574326723814,
    0.008236868306994438,
    0.015081205405294895,
    0.058181483298540115,
    0.025417551398277283,
    -0.0442831888794899,
    -0.006730740424245596,
    0.09991607069969177,
    0.048807334154844284,
    0.049509357661008835,
    -0.06354609876871109
]