[
    0.0008201766759157181,
    0.004689437802881002,
    -0.044167034327983856,
    -0.08624287694692612,
    -0.04710877314209938,
    0.02358832024037838,
    -0.05084460601210594,
    -0.07045213133096695,
    -0.02380983531475067,
    0.017556801438331604,
    0.01872224174439907,
    -0.04130273684859276,
    0.03436075896024704,
    -0.045995697379112244,
    0.11672426015138626,
    -0.04346458241343498,
    0.03763642907142639,
    0.021404998376965523,
    -0.10722504556179047,
    0.09459742158651352,
    0.032077789306640625,
    0.07618062198162079,
    -0.052805300801992416,
    -0.020788276568055153,
    -0.12306907773017883,
    0.031830232590436935,
    -0.0015831991331651807,
    -0.05656616389751434,
    -0.01399231143295765,
    -0.08249793201684952,
    0.02827155403792858,
    0.011213320307433605,
    0.040769029408693314,
    0.08947582542896271,
    -0.03565257042646408,
    -0.014545710757374763,
    0.012923608534038067,
    0.0550045520067215,
    -0.021681388840079308,
    0.024774974212050438,
    -0.037143927067518234,
    -0.0636722519993782,
    -0.03887028247117996,
    -0.004765067249536514,
    0.04903646931052208,
    0.013209954835474491,
    -0.08205671608448029,
    -0.05644361674785614,
    0.0072560482658445835,
    0.014667774550616741,
    -0.05685792863368988,
    -0.007272563874721527,
    -0.0029617915861308575,
    0.10181467980146408,
    -0.03602439537644386,
    -0.08668828010559082,
    -0.009391509927809238,
    0.014724633656442165,
    -0.09503037482500076,
    -0.014160850085318089,
    -0.007227532099932432,
    0.008081824518740177,
    -0.0048943012952804565,
    0.07523247599601746,
    -0.06185144931077957,
    0.0044378479942679405,
    -0.032943591475486755,
    0.025162553414702415,
    -0.0012193415313959122,
    -0.03449700027704239,
    -0.12266425043344498,
    -0.013900915160775185,
    -0.030344529077410698,
    0.06789854913949966,
    -0.020202113315463066,
    -0.0037148662377148867,
    -0.025425007566809654,
    0.01938839629292488,
    0.07065939903259277,
    -0.10836410522460938,
    -0.031545646488666534,
    0.008178958669304848,
    0.019581058993935585,
    0.06777909398078918,
    -0.028080103918910027,
    0.006147271022200584,
    -0.056064069271087646,
    0.001658036489970982,
    -0.07792707532644272,
    -0.07186441868543625,
    0.023251594975590706,
    -0.012960107065737247,
    0.10970350354909897,
    -0.03980882093310356,
    0.07424439489841461,
    -0.02734288014471531,
    -0.010995694436132908,
    -0.04429195076227188,
    0.06740661710500717,
    -0.03497069329023361,
    -0.04620805382728577,
    0.0424383282661438,
    0.0030088177882134914,
    0.0066452110186219215,
    -0.05082208663225174,
    -0.11281117051839828,
    0.03213551267981529,
    0.017257429659366608,
    0.008562733419239521,
    0.05100252851843834,
    0.028447994962334633,
    0.005945640616118908,
    -0.08582726120948792,
    -0.13861609995365143,
    0.04258144646883011,
    -0.03049854375422001,
    -0.053311772644519806,
    -0.004660771228373051,
    -0.0157732255756855,
    0.00987186562269926,
    -0.06280863285064697,
    -0.027109434828162193,
    -0.04333249852061272,
    -0.08044394105672836,
    0.003814541269093752,
    0.05722124129533768,
    -0.00863793957978487,
    2.553399718774954e-32,
    -0.043051622807979584,
    -0.010696126148104668,
    -0.019832834601402283,
    0.019193215295672417,
    0.008720613084733486,
    -0.030211251229047775,
    -0.009428603574633598,
    -0.009391769766807556,
    -0.02093060128390789,
    0.10423805564641953,
    0.005654134321957827,
    0.05312368646264076,
    -0.042772386223077774,
    0.008486620150506496,
    -0.017215188592672348,
    0.02128293737769127,
    -0.009658249095082283,
    0.06691738218069077,
    0.007032731547951698,
    0.07193838059902191,
    0.017501303926110268,
    -0.012305361218750477,
    0.034337084740400314,
    0.034336164593696594,
    0.01033246610313654,
    0.0074692401103675365,
    -0.015033988282084465,
    -0.010671289637684822,
    0.045910075306892395,
    -0.008946949616074562,
    0.029663750901818275,
    -0.014119207859039307,
    0.023479534313082695,
    -0.05575576424598694,
    0.007514310069382191,
    0.09643761068582535,
    0.05940400809049606,
    -0.03991219028830528,
    0.07313574105501175,
    -0.05347331985831261,
    -0.004073846619576216,
    -0.012727451510727406,
    0.02165735699236393,
    0.044710561633110046,
    0.03570175915956497,
    0.019880367442965508,
    0.045279234647750854,
    -0.017137199640274048,
    0.03154822811484337,
    0.03280210494995117,
    -0.016049200668931007,
    -0.008161433041095734,
    -0.007970216684043407,
    -0.029973210766911507,
    -0.006493285298347473,
    -0.00380536075681448,
    -0.023464767262339592,
    0.008627924136817455,
    -0.0600457526743412,
    0.0635562539100647,
    -0.04841063171625137,
    0.00710702920332551,
    -0.009593026712536812,
    -0.017477504909038544,
    0.04945221170783043,
    -0.029889393597841263,
    0.007128068245947361,
    -0.08053985238075256,
    0.03451238572597504,
    0.017815522849559784,
    -0.009464848786592484,
    0.04431123659014702,
    -0.05576750636100769,
    0.06608068943023682,
    0.036218058317899704,
    -0.019768262282013893,
    0.009933865629136562,
    -0.008611905388534069,
    0.05934479460120201,
    0.01856318861246109,
    -0.09557630121707916,
    0.04367605969309807,
    0.0177171528339386,
    0.07828423380851746,
    -0.004590805619955063,
    0.010398183949291706,
    0.03754442185163498,
    0.024791348725557327,
    -0.07485734671354294,
    -0.035257596522569656,
    -0.04073729366064072,
    0.040921978652477264,
    0.027986876666545868,
    0.04249780625104904,
    0.025249484926462173,
    -2.5532057622070684e-32,
    -0.027541128918528557,
    -0.010626277886331081,
    -0.06131398305296898,
    0.02689524181187153,
    0.06083587557077408,
    0.005583078134804964,
    -0.03385055437684059,
    -0.1154884546995163,
    0.1417791247367859,
    0.03312787786126137,
    0.040119659155607224,
    -0.05419723689556122,
    0.014179044403135777,
    -0.026060044765472412,
    -0.023695696145296097,
    -0.0453701876103878,
    -0.1069621816277504,
    -0.025834083557128906,
    -0.04184601828455925,
    0.09496982395648956,
    -0.0024053629022091627,
    0.00671585975214839,
    -0.018191713839769363,
    0.10337579995393753,
    0.04053278639912605,
    0.057912349700927734,
    -0.07576139271259308,
    -0.026935264468193054,
    0.13102488219738007,
    -0.0627044066786766,
    -0.053028590977191925,
    -0.0869051069021225,
    0.000570876756682992,
    0.01267709955573082,
    -0.12028910964727402,
    -0.20288971066474915,
    0.0443766750395298,
    -0.03350646793842316,
    -0.041465889662504196,
    -0.029575617983937263,
    0.03626558184623718,
    0.0180393997579813,
    -0.0629289448261261,
    0.02936377376317978,
    -0.01028402615338564,
    -0.07666333764791489,
    -0.0017705466598272324,
    0.002414268907159567,
    -0.005862640216946602,
    -0.03174358978867531,
    0.03551548719406128,
    -0.009925349615514278,
    -0.03810249641537666,
    0.022591641172766685,
    -0.0355781726539135,
    0.07811155170202255,
    0.055293165147304535,
    -0.02631998062133789,
    -0.09479238092899323,
    -0.03496382012963295,
    0.055245690047740936,
    0.057272687554359436,
    -0.04655498266220093,
    0.07771435379981995,
    0.05804457142949104,
    -0.03533918038010597,
    0.024944236502051353,
    -0.10066033899784088,
    -0.06940614432096481,
    -0.06768052279949188,
    -0.07822103798389435,
    -0.10317882895469666,
    -0.06206802278757095,
    -0.0878707617521286,
    0.08043988794088364,
    -0.09076352417469025,
    -0.045770980417728424,
    -0.07891657948493958,
    -0.01799102872610092,
    0.05237032473087311,
    0.027265656739473343,
    -0.0030454068910330534,
    -0.026959910988807678,
    0.04632892087101936,
    0.016480673104524612,
    0.022694135084748268,
    0.043515633791685104,
    -0.08679317682981491,
    0.009923132136464119,
    0.08674070239067078,
    -0.09548906981945038,
    -0.033140700310468674,
    -0.06020243093371391,
    0.04182486981153488,
    -0.0922924354672432,
    -6.632541271756054e-08,
    -0.017264937981963158,
    0.03961123898625374,
    0.019142670556902885,
    -0.0172407329082489,
    -0.04021873325109482,
    -0.01014985516667366,
    -0.07975888252258301,
    -0.0035279076546430588,
    -0.02431119978427887,
    -0.018999086692929268,
    0.05148002877831459,
    0.07710786163806915,
    -0.03795432299375534,
    -0.047209132462739944,
    0.08021719753742218,
    -0.0256912000477314,
    -0.03412654995918274,
    -0.03288840129971504,
    -0.06716548651456833,
    0.05060907453298569,
    -0.049684036523103714,
    -0.03210483118891716,
    -0.06754971295595169,
    0.0020836263429373503,
    0.056223295629024506,
    0.027301691472530365,
    -0.00726731400936842,
    0.043623823672533035,
    0.08166129142045975,
    0.055667538195848465,
    0.022418037056922913,
    -0.012845751829445362,
    0.028879519551992416,
    -0.008214975707232952,
    -0.03488137573003769,
    -0.07344212383031845,
    0.09542075544595718,
    0.018685681745409966,
    0.019900429993867874,
    0.02760901302099228,
    0.01948496140539646,
    0.021579565480351448,
    -0.029697231948375702,
    0.0693645179271698,
    -0.02983294241130352,
    -0.027627192437648773,
    -0.042695946991443634,
    0.06258410215377808,
    0.039828188717365265,
    -0.08811069279909134,
    -0.00921852421015501,
    -0.028460079804062843,
    0.057782553136348724,
    -0.015161657705903053,
    -0.040037184953689575,
    0.08246057480573654,
    -0.0006049913354218006,
    0.018833521753549576,
    0.018633823841810226,
    0.022622644901275635,
    0.13933584094047546,
    0.03592035546898842,
    0.059771593660116196,
    -0.011837577447295189
]