[
    0.0086187943816185,
    0.04593762010335922,
    -0.011951165273785591,
    -0.03254101797938347,
    0.026377040892839432,
    0.12720398604869843,
    -0.032005827873945236,
    -0.0639461874961853,
    -0.04044998064637184,
    -0.015167076140642166,
    0.020916497334837914,
    -0.03645006939768791,
    -0.02784966118633747,
    -0.07175366580486298,
    0.11956888437271118,
    -0.04134185612201691,
    0.05381392687559128,
    0.011541188694536686,
    -0.08555828034877777,
    0.05264614522457123,
    0.0342937670648098,
    0.08794096112251282,
    -0.029188528656959534,
    0.026478487998247147,
    -0.05376805365085602,
    -0.028101425617933273,
    -0.04019302502274513,
    -0.0791156068444252,
    0.06698285788297653,
    0.0021899573039263487,
    0.08734876662492752,
    0.036381326615810394,
    -0.01594921573996544,
    0.07769680768251419,
    0.033559925854206085,
    -0.00043391165672801435,
    -0.018842531368136406,
    0.08405833691358566,
    -0.04928724095225334,
    0.009226258844137192,
    -0.047683633863925934,
    -0.05313502624630928,
    -0.014612900093197823,
    0.013619308359920979,
    0.06828231364488602,
    -0.016819586977362633,
    -0.09109767526388168,
    -0.021942302584648132,
    0.00887724943459034,
    -0.04574257880449295,
    -0.011122636497020721,
    -0.025388497859239578,
    0.0008164338651113212,
    0.1080717220902443,
    -0.04089922085404396,
    -0.07210803031921387,
    -0.01424351241439581,
    -0.0014403705717995763,
    -0.08272978663444519,
    -0.021456612274050713,
    0.0262752678245306,
    -0.02301931008696556,
    -0.03369254618883133,
    0.025440996512770653,
    -0.0646262988448143,
    0.04646115005016327,
    -0.01766248047351837,
    -0.012409597635269165,
    0.014484670013189316,
    -0.050384338945150375,
    -0.05828358232975006,
    -0.023886706680059433,
    0.027633851394057274,
    0.04920853674411774,
    0.04666364565491676,
    0.021022910252213478,
    0.007264557760208845,
    0.04112072288990021,
    0.105523981153965,
    -0.144272118806839,
    -0.039406005293130875,
    0.016425689682364464,
    0.03510519862174988,
    0.06965386867523193,
    -0.08342587947845459,
    0.008625456131994724,
    -0.043954938650131226,
    -0.04078017920255661,
    -0.010952894575893879,
    -0.02935958281159401,
    -0.006176607217639685,
    -0.02538665570318699,
    0.12017065286636353,
    -0.021072449162602425,
    0.051288265734910965,
    -0.012931075878441334,
    0.012288529425859451,
    -0.13614888489246368,
    -0.007472803350538015,
    -0.0012085768394172192,
    -0.015218730084598064,
    -0.04443584010004997,
    0.036596763879060745,
    -0.00973749440163374,
    -0.0031662271358072758,
    -0.07655658572912216,
    -0.0057669333182275295,
    -0.01550085935741663,
    0.030699580907821655,
    0.03254034370183945,
    0.041487500071525574,
    -0.009949085302650928,
    -0.0005457455408759415,
    -0.07647465914487839,
    0.01925784721970558,
    -0.02078133262693882,
    0.013474552892148495,
    -0.018477318808436394,
    0.08150962740182877,
    -0.02563849464058876,
    -0.048969294875860214,
    0.007115455344319344,
    -0.0022152338642627,
    -0.11783316731452942,
    -0.006890070624649525,
    -0.01612582802772522,
    -0.07768580317497253,
    2.2520369096234995e-32,
    -0.045049965381622314,
    -0.03076012432575226,
    -0.016270726919174194,
    0.018529925495386124,
    0.044358428567647934,
    -0.06042571738362312,
    0.02333158440887928,
    -0.09070391952991486,
    -0.054838117212057114,
    0.04114260897040367,
    -0.04448479041457176,
    0.006653597578406334,
    -0.002220361027866602,
    0.07785383611917496,
    -0.047258976846933365,
    -0.04269658774137497,
    0.029967384412884712,
    0.08690457046031952,
    0.006252198480069637,
    0.07278884202241898,
    0.013447017408907413,
    0.009759915061295033,
    0.010448637418448925,
    0.028760233893990517,
    -0.003345985198393464,
    0.03671671822667122,
    -0.0180924441665411,
    -0.019570844247937202,
    0.05038177967071533,
    0.028748909011483192,
    0.03929632529616356,
    0.06758885085582733,
    0.010386299341917038,
    -0.1052318662405014,
    0.006949353963136673,
    0.08466007560491562,
    0.028659552335739136,
    -0.09085019677877426,
    0.045598357915878296,
    -0.094812773168087,
    -0.06089577451348305,
    -3.9102927985368297e-05,
    0.020847277715802193,
    0.034935347735881805,
    0.09524744749069214,
    -0.009282021783292294,
    0.032788049429655075,
    -0.057110801339149475,
    0.041830722242593765,
    0.057780321687459946,
    -0.04398457705974579,
    0.01032224390655756,
    0.0023675744887441397,
    -0.04652867838740349,
    -0.007268163841217756,
    -0.077177494764328,
    -0.07319959253072739,
    0.04793429747223854,
    -0.03751567006111145,
    0.009723100811243057,
    0.024254143238067627,
    -0.045043591409921646,
    -0.027408383786678314,
    0.002917880192399025,
    0.00943110790103674,
    -0.06920523941516876,
    -0.0027806293219327927,
    -0.10727126151323318,
    0.04125772789120674,
    0.01721656136214733,
    -0.013965087942779064,
    0.06260745972394943,
    -0.022951697930693626,
    0.05015487223863602,
    -0.024864742532372475,
    -0.028099223971366882,
    0.00476350262761116,
    -0.0010337794665247202,
    0.03646308556199074,
    0.03166591376066208,
    -0.05183737352490425,
    0.028360355645418167,
    -0.015729837119579315,
    0.05990618094801903,
    0.034626711159944534,
    0.032409824430942535,
    0.037238605320453644,
    0.034890782088041306,
    -0.034558337181806564,
    -0.12992334365844727,
    -0.04484245926141739,
    0.032099753618240356,
    0.01291252113878727,
    0.013745048083364964,
    -0.007224814034998417,
    -2.2840575226766925e-32,
    -0.031306132674217224,
    0.004599969834089279,
    -0.017836207523941994,
    -0.014530381187796593,
    0.06479065120220184,
    0.00655932305380702,
    -0.03699292615056038,
    -0.12857875227928162,
    0.12719739973545074,
    0.019942427054047585,
    0.010782824829220772,
    -0.06945044547319412,
    0.044590093195438385,
    -0.01736745610833168,
    -0.10775138437747955,
    0.006521791219711304,
    -0.09144781529903412,
    -0.07183784246444702,
    -0.021555423736572266,
    0.12032558768987656,
    0.004843793343752623,
    0.013455808162689209,
    -0.006744604557752609,
    0.1008562222123146,
    0.03668232634663582,
    0.016875166445970535,
    -0.07201320677995682,
    -0.019184866920113564,
    0.06368441879749298,
    -0.08482295274734497,
    -0.027225475758314133,
    0.0010876739397644997,
    -0.05847856402397156,
    -0.017389940097928047,
    -0.10620281845331192,
    -0.1276964247226715,
    0.054940372705459595,
    -0.054924167692661285,
    -0.07862848788499832,
    -0.035341788083314896,
    0.11245907098054886,
    -0.03678424283862114,
    0.01115200761705637,
    -0.0018554686103016138,
    -0.02439814992249012,
    0.051135361194610596,
    0.057850345969200134,
    -0.014409861527383327,
    -0.012390135787427425,
    -0.021990319713950157,
    0.005107520613819361,
    -0.046922989189624786,
    0.0155504010617733,
    0.09340270608663559,
    -0.0027275187894701958,
    -0.0035647444892674685,
    0.06640797108411789,
    -0.05196767672896385,
    -0.07989417016506195,
    -0.023712623864412308,
    0.05501560866832733,
    0.015253167599439621,
    -0.08955595642328262,
    0.040022123605012894,
    0.024575402960181236,
    -0.06697479635477066,
    -0.010395800694823265,
    -0.07182382047176361,
    -0.02032446302473545,
    -0.09693434089422226,
    -0.08493407815694809,
    -0.09397028386592865,
    -0.021382227540016174,
    -0.13342919945716858,
    0.008817016147077084,
    0.006580675486475229,
    -0.004675303120166063,
    -0.03057442046701908,
    -0.05064189434051514,
    -0.008971990086138248,
    0.04254568740725517,
    -0.039080552756786346,
    -0.06289965659379959,
    0.02450290322303772,
    0.005535931792110205,
    0.009852983057498932,
    0.03807951509952545,
    -0.05380433425307274,
    0.0032645349856466055,
    0.11688372492790222,
    -0.14801813662052155,
    0.05311085283756256,
    0.023431183770298958,
    0.05875363200902939,
    -0.05938148498535156,
    -6.295298504710445e-08,
    0.08760425448417664,
    0.05681725591421127,
    -0.03988386690616608,
    -0.058543283492326736,
    -0.02199873887002468,
    0.019592002034187317,
    -0.0902944952249527,
    -0.011103264056146145,
    -0.007278562523424625,
    0.022457502782344818,
    0.009611837565898895,
    0.10207495838403702,
    0.007049020379781723,
    0.009317328222095966,
    0.028149878606200218,
    -0.04047563299536705,
    -0.03292720764875412,
    0.03162601962685585,
    -0.050241343677043915,
    0.04398254305124283,
    -0.055393368005752563,
    -0.021276423707604408,
    -0.038894567638635635,
    -5.8514837292023e-05,
    0.051260825246572495,
    0.05590483918786049,
    -0.03318410366773605,
    0.015448789112269878,
    0.04851437360048294,
    -0.0017524318536743522,
    0.033971983939409256,
    0.019590020179748535,
    -0.018625857308506966,
    0.013419359922409058,
    -0.012436246499419212,
    -0.006776154041290283,
    -0.026232151314616203,
    0.01144489273428917,
    0.04537241533398628,
    0.00039014729554764926,
    0.018211664631962776,
    0.006573426071554422,
    -0.012404843233525753,
    0.05103720352053642,
    -0.01893056370317936,
    0.016485540196299553,
    -0.04738204926252365,
    0.012003157287836075,
    -0.010288530960679054,
    -0.09955789893865585,
    -0.0803789496421814,
    -0.04177209734916687,
    0.08088860660791397,
    -0.03384240344166756,
    -0.01342928595840931,
    0.09160735458135605,
    0.03419654071331024,
    0.030199579894542694,
    0.03784435614943504,
    -0.017400259152054787,
    0.11244288086891174,
    0.004393474198877811,
    0.04141988605260849,
    0.004526583943516016
]