[
    -0.0660538300871849,
    0.0589950755238533,
    -0.032589517533779144,
    -0.0990653783082962,
    -0.02446945570409298,
    0.059222735464572906,
    -0.01843048818409443,
    -0.02890268713235855,
    -0.02356349490582943,
    -0.005380620248615742,
    0.01784873567521572,
    0.012961970642209053,
    -0.003272141795605421,
    -0.033305179327726364,
    0.07286148518323898,
    -0.05686703696846962,
    0.041418157517910004,
    0.04176332801580429,
    -0.08478134125471115,
    0.10241551697254181,
    0.02839765138924122,
    0.07258385419845581,
    -0.039128296077251434,
    0.007427492178976536,
    -0.16176185011863708,
    -0.005737816449254751,
    0.02853945456445217,
    -0.07269495725631714,
    0.028241965919733047,
    -0.02419717237353325,
    0.05993267148733139,
    -0.0427667610347271,
    0.0654735341668129,
    0.053719304502010345,
    -0.04644168168306351,
    -0.02806658111512661,
    0.017249079421162605,
    0.011978100053966045,
    -0.05238428711891174,
    0.024016890674829483,
    -0.026368889957666397,
    -0.05385589227080345,
    -0.06433933973312378,
    0.023148952051997185,
    0.042925965040922165,
    0.034606561064720154,
    -0.05039726942777634,
    -0.006998950615525246,
    -0.014773131348192692,
    0.020760508254170418,
    -0.05605477839708328,
    -0.02005622908473015,
    -0.028283685445785522,
    0.05196388438344002,
    -0.03574562817811966,
    -0.0473705492913723,
    -0.04556867480278015,
    -0.01290632039308548,
    -0.0597868338227272,
    0.007208741270005703,
    0.03859666362404823,
    0.003558492287993431,
    -0.016286615282297134,
    0.059175051748752594,
    -0.018523341044783592,
    0.06414370983839035,
    0.00803250540047884,
    -0.02481549233198166,
    0.02394622191786766,
    -0.025768492370843887,
    -0.0950721800327301,
    -0.03894732519984245,
    -0.013725289143621922,
    0.05329720675945282,
    -0.016568677499890327,
    0.007876576855778694,
    -0.04843459650874138,
    0.019641388207674026,
    0.05892779678106308,
    -0.0999167189002037,
    -0.06202699989080429,
    -0.04900135099887848,
    0.009541751816868782,
    0.062115997076034546,
    -0.045514509081840515,
    0.015921391546726227,
    -0.030137401074171066,
    -0.026468850672245026,
    -0.04335135594010353,
    -0.03127509355545044,
    0.0737650915980339,
    -0.07132012397050858,
    0.09482979774475098,
    -0.021524177864193916,
    0.09956196695566177,
    -0.022315630689263344,
    -0.006157504860311747,
    -0.084518201649189,
    0.008056104183197021,
    -0.031371209770441055,
    -0.015186366625130177,
    0.01905565895140171,
    -0.0017101627308875322,
    0.011731145903468132,
    -0.01714353635907173,
    -0.05355774983763695,
    0.024038178846240044,
    -0.016838913783431053,
    0.04526225104928017,
    0.055105701088905334,
    0.013607161119580269,
    -0.013007142581045628,
    -0.06569494307041168,
    -0.13245585560798645,
    0.04789191856980324,
    -0.02563287690281868,
    -0.02899746596813202,
    0.04930541291832924,
    0.03482809290289879,
    -0.020584026351571083,
    -0.02849195897579193,
    -0.04331892356276512,
    -0.04046085849404335,
    -0.0993022471666336,
    0.007810974959284067,
    -0.01200928632169962,
    -0.027952274307608604,
    1.7483245029214964e-32,
    -0.02986646443605423,
    0.022521262988448143,
    -0.07772810012102127,
    0.014218202792108059,
    -0.004408028442412615,
    0.0012996679870411754,
    -0.007086636498570442,
    -0.019944120198488235,
    -0.05085589364171028,
    0.07891836017370224,
    0.0322423130273819,
    0.04558265209197998,
    -0.042452115565538406,
    -0.028291264548897743,
    -0.04164765402674675,
    0.10030154883861542,
    -0.004375428427010775,
    0.06319881975650787,
    0.03176385164260864,
    0.061612315475940704,
    0.04917575418949127,
    -0.035550761967897415,
    -0.009998941794037819,
    0.027831941843032837,
    0.014795814640820026,
    0.06071799620985985,
    0.02294103614985943,
    -0.011401290073990822,
    0.026635561138391495,
    0.011534641496837139,
    0.03708110749721527,
    0.005691729951649904,
    0.05422589182853699,
    -0.07955663651227951,
    0.0640297532081604,
    0.10697676986455917,
    0.06426947563886642,
    -0.04374285787343979,
    0.08060586452484131,
    -0.10718750953674316,
    0.005896849557757378,
    -0.02895229309797287,
    0.03355047106742859,
    0.05488603562116623,
    0.0680893212556839,
    0.009349389933049679,
    -0.006401843391358852,
    0.011586696840822697,
    0.040867868810892105,
    0.037689052522182465,
    -0.0590997040271759,
    0.01291236188262701,
    0.008037875406444073,
    -0.029539333656430244,
    -0.0033481752034276724,
    -0.06652533262968063,
    -0.08353956043720245,
    0.05158253759145737,
    -0.06931278854608536,
    0.051423780620098114,
    -0.009883703663945198,
    0.052897654473781586,
    -0.015496354550123215,
    -0.016016138717532158,
    -0.010813510045409203,
    -0.07478777319192886,
    -0.025939341634511948,
    -0.061793792992830276,
    0.02600693702697754,
    -0.0001500755752203986,
    -0.020406449213624,
    0.07247617840766907,
    -0.04576430469751358,
    0.041735436767339706,
    -0.021476222202181816,
    -0.05643865093588829,
    0.027426308020949364,
    -0.02714311145246029,
    0.039640139788389206,
    -0.014871611259877682,
    -0.13195590674877167,
    0.061047445982694626,
    0.030237186700105667,
    0.06790094077587128,
    -0.007845042273402214,
    0.00537579832598567,
    0.040634531527757645,
    0.07309500128030777,
    -0.04314140975475311,
    -0.05520036071538925,
    0.016049649566411972,
    0.03237283229827881,
    0.054229483008384705,
    0.06923870742321014,
    -0.00767983915284276,
    -1.855134327741025e-32,
    -0.01470952108502388,
    -0.051180656999349594,
    -0.07497771084308624,
    0.02354389801621437,
    0.05014567822217941,
    -0.0026391874998807907,
    -0.009514502249658108,
    -0.037287935614585876,
    0.09220346063375473,
    0.04890193045139313,
    0.056848522275686264,
    -0.06741351634263992,
    0.024440545588731766,
    -0.03853445500135422,
    -0.029659805819392204,
    0.01115110982209444,
    -0.08347899466753006,
    -0.06336531043052673,
    -0.055047787725925446,
    0.08741181343793869,
    0.022332685068249702,
    -0.0054672155529260635,
    0.005338145885616541,
    0.13515755534172058,
    0.03839428722858429,
    0.032644107937812805,
    -0.0504089891910553,
    -0.006401716731488705,
    0.054150767624378204,
    -0.05596637353301048,
    -0.04092777147889137,
    -0.033007893711328506,
    -0.024512773379683495,
    0.015745345503091812,
    -0.1189659833908081,
    -0.18816615641117096,
    0.08038952201604843,
    -0.006246135104447603,
    -0.03139342740178108,
    -0.04229044169187546,
    0.09798859804868698,
    0.007553732022643089,
    -0.039718542248010635,
    0.013653961010277271,
    0.019402945414185524,
    -0.040408819913864136,
    0.10190490633249283,
    -0.025805292651057243,
    -0.006676232907921076,
    -0.012803652323782444,
    0.07868032902479172,
    -0.056120775640010834,
    0.007115046959370375,
    0.028153767809271812,
    -0.053827572613954544,
    0.07104556262493134,
    -0.009014634415507317,
    0.005402395036071539,
    -0.0481124073266983,
    -0.031078429892659187,
    0.08206883072853088,
    0.027294544503092766,
    -0.053885284811258316,
    0.10276320576667786,
    0.03518630936741829,
    -0.04352634772658348,
    -0.018921853974461555,
    -0.03463183715939522,
    -0.022766975685954094,
    -0.062471456825733185,
    -0.11765473335981369,
    -0.11728222668170929,
    -0.04861650988459587,
    -0.07426729053258896,
    0.02845308743417263,
    -0.06958930194377899,
    -0.046796590089797974,
    -0.08942337334156036,
    -0.039437487721443176,
    0.024833308532834053,
    0.07449469715356827,
    0.032440248876810074,
    -0.07131671905517578,
    0.03744436800479889,
    0.019585005939006805,
    0.032118119299411774,
    0.07659904658794403,
    -0.058829352259635925,
    -0.030689716339111328,
    0.07811286300420761,
    -0.11103229224681854,
    0.0020837844349443913,
    -0.07760992646217346,
    0.03288620710372925,
    -0.08209296315908432,
    -5.3776915365233435e-08,
    0.014847799204289913,
    0.08611474931240082,
    -0.0007060900679789484,
    -0.020755132660269737,
    -0.03942268714308739,
    -0.017418865114450455,
    -0.06164863705635071,
    -0.0411292165517807,
    -0.02387215569615364,
    -0.05422443151473999,
    0.026235489174723625,
    0.08095214515924454,
    -0.05009116604924202,
    0.007086365018039942,
    0.0636710524559021,
    -0.041579779237508774,
    -0.08322033286094666,
    -0.026066448539495468,
    -0.06165749952197075,
    0.03519215062260628,
    -0.038524333387613297,
    -0.03885028883814812,
    -0.0393390990793705,
    0.02111731842160225,
    0.027887145057320595,
    0.055437613278627396,
    0.002064196392893791,
    0.044216543436050415,
    0.06034081429243088,
    0.06799062341451645,
    -0.003698901506140828,
    -0.02082729898393154,
    0.001971276244148612,
    -0.009822903200984001,
    -0.0964002013206482,
    -0.06418011337518692,
    0.011108485981822014,
    -0.01261015422642231,
    0.0651019737124443,
    -0.018970554694533348,
    0.025810716673731804,
    0.018084991723299026,
    -0.0018168524838984013,
    0.08119708299636841,
    -0.03296623006463051,
    -0.049978528171777725,
    0.007979875430464745,
    0.007416209671646357,
    0.020194724202156067,
    -0.06520111858844757,
    -0.03521186113357544,
    -0.059505727142095566,
    0.09624454379081726,
    -0.011982242576777935,
    -0.022891134023666382,
    0.04926514998078346,
    0.015631621703505516,
    0.028439154848456383,
    -0.038462501019239426,
    -0.012777225114405155,
    0.12584498524665833,
    0.053459446877241135,
    0.059965696185827255,
    0.012779030948877335
]