[
    -0.056761134415864944,
    -0.012981335632503033,
    -0.019348908215761185,
    -0.06905298680067062,
    -0.07313495874404907,
    0.010488927364349365,
    0.007727416232228279,
    -0.04625570401549339,
    -0.01580042392015457,
    0.03835690766572952,
    -0.013450615108013153,
    -0.059007078409194946,
    0.004340838640928268,
    -0.016596199944615364,
    0.08032360672950745,
    0.05236080661416054,
    0.05634736642241478,
    0.051802948117256165,
    -0.08114264905452728,
    0.007848403416574001,
    0.06872446835041046,
    0.02314131148159504,
    -0.048017073422670364,
    0.003907559439539909,
    -0.10997413843870163,
    -0.02390137128531933,
    -0.01018144004046917,
    -0.0651630237698555,
    0.03980674594640732,
    -0.10747897624969482,
    0.01254893746227026,
    0.011871262453496456,
    0.06400585919618607,
    0.01233724970370531,
    -0.0055196029134094715,
    -0.052212193608284,
    0.033909209072589874,
    -0.02698112465441227,
    0.049953609704971313,
    -0.06113782897591591,
    -0.026594677940011024,
    -0.03534078598022461,
    -0.02462954632937908,
    -0.03264167904853821,
    -0.02820678986608982,
    0.009417520835995674,
    -0.021554281935095787,
    -0.011831441894173622,
    -0.01342738140374422,
    0.008117979392409325,
    -0.05868438258767128,
    -0.04613497853279114,
    -0.015667708590626717,
    0.08435027301311493,
    -0.051019638776779175,
    -0.03707378730177879,
    0.036359019577503204,
    0.050803765654563904,
    -0.026348860934376717,
    -0.0162214208394289,
    -0.023690512403845787,
    0.020383615046739578,
    -0.053706757724285126,
    0.09420840442180634,
    -0.03900983929634094,
    0.027769971638917923,
    -0.0303210262209177,
    -0.06626569479703903,
    0.029682179912924767,
    -0.010820787400007248,
    -0.05870680510997772,
    0.023019472137093544,
    0.07377973943948746,
    0.014155554585158825,
    -0.08773236721754074,
    -0.037739794701337814,
    -0.03845244646072388,
    -0.030918408185243607,
    0.04357992857694626,
    -0.05467328056693077,
    -0.08631421625614166,
    0.04123041033744812,
    -0.02141888067126274,
    0.019177952781319618,
    -0.09528462588787079,
    -0.035071730613708496,
    -0.01964753493666649,
    -0.04862360283732414,
    -0.003408573567867279,
    0.03682877868413925,
    0.07891920953989029,
    -0.06167023256421089,
    0.03525702282786369,
    -0.07525432109832764,
    0.0346892774105072,
    0.001942700007930398,
    0.031613849103450775,
    -0.0009345011785626411,
    0.036099955439567566,
    -0.0004781915922649205,
    0.024097610265016556,
    0.03998054563999176,
    -0.03629613667726517,
    -0.04352719709277153,
    -0.005666467826813459,
    -0.03730539605021477,
    -0.01566702499985695,
    -0.06440924108028412,
    -0.0027335090562701225,
    -0.0020777920726686716,
    -0.014352855272591114,
    -0.020075688138604164,
    -0.04385688900947571,
    -0.07571804523468018,
    0.08585222065448761,
    0.006225426681339741,
    -0.03931412845849991,
    0.09961885213851929,
    -0.0337815098464489,
    -0.01819245144724846,
    -0.02437777630984783,
    0.024341996759176254,
    -0.0043144566006958485,
    -0.05211146920919418,
    0.03117617778480053,
    0.0058662062510848045,
    -0.0056780679151415825,
    1.594468161572595e-32,
    -0.03981812298297882,
    -0.03213803842663765,
    -0.09930405020713806,
    0.05333178862929344,
    0.04402080923318863,
    0.0017629790818318725,
    -0.014339991845190525,
    0.006564263720065355,
    -0.08160743862390518,
    0.032177574932575226,
    -0.019497793167829514,
    0.04740807041525841,
    -0.01992306113243103,
    -0.08725447207689285,
    -0.020404186099767685,
    0.02958446368575096,
    -0.05503164976835251,
    0.03418562933802605,
    -0.025670891627669334,
    0.01888122409582138,
    0.048500996083021164,
    -0.0212085023522377,
    0.025729404762387276,
    0.026745108887553215,
    -0.012297529727220535,
    -0.017350196838378906,
    0.08616436272859573,
    -0.01113359909504652,
    -0.013589583337306976,
    0.01752535067498684,
    0.036273565143346786,
    -0.04051954671740532,
    0.028236372396349907,
    0.0212485883384943,
    0.07065337896347046,
    0.10155034065246582,
    0.04470440000295639,
    -0.028122419491410255,
    0.10069415718317032,
    -0.14777007699012756,
    -0.06060054898262024,
    -0.022471867501735687,
    0.030352042987942696,
    -0.006624461151659489,
    0.017225874587893486,
    0.010718448087573051,
    -0.05413638800382614,
    -0.024973154067993164,
    0.12368132919073105,
    0.06315019726753235,
    0.03768035024404526,
    -0.03933857008814812,
    0.06593084335327148,
    0.006599104963243008,
    0.03748660907149315,
    -0.013601180166006088,
    -0.040537573397159576,
    0.031027885153889656,
    -0.030026694759726524,
    0.0592808872461319,
    -0.021404126659035683,
    0.02294543944299221,
    -0.03367314115166664,
    0.05136444419622421,
    -0.06614838540554047,
    -0.07815979421138763,
    -0.048532500863075256,
    -0.06835535913705826,
    0.06003193557262421,
    -0.026159880682826042,
    -0.037012968212366104,
    0.027473801746964455,
    0.01005570963025093,
    0.04314325377345085,
    -0.052389707416296005,
    0.0011408417485654354,
    0.0035974245984107256,
    -0.027658451348543167,
    -0.01401183195412159,
    0.007761670276522636,
    -0.10673978179693222,
    0.014222629368305206,
    0.02910279482603073,
    0.039214447140693665,
    0.08719466626644135,
    -0.042276766151189804,
    -0.012544023804366589,
    -0.0012495297705754638,
    0.029234573245048523,
    0.029253924265503883,
    0.02693798765540123,
    0.022608207538723946,
    0.017920179292559624,
    0.061232246458530426,
    -0.0015710643492639065,
    -1.635011843353219e-32,
    0.02282755821943283,
    -0.02047017402946949,
    -0.06288701295852661,
    0.10282567888498306,
    0.057413581758737564,
    0.05443807318806648,
    -0.07464168220758438,
    -0.047247886657714844,
    0.06689854711294174,
    -0.05080755427479744,
    -0.023595741018652916,
    -0.015499924309551716,
    0.010869373567402363,
    0.02745571918785572,
    -0.060860760509967804,
    -0.0816323533654213,
    -0.013709344901144505,
    -0.0034231068566441536,
    0.036815088242292404,
    0.08151132613420486,
    0.035549845546483994,
    0.05434296652674675,
    -0.05915443226695061,
    0.07770948857069016,
    -0.008532737381756306,
    -0.04110376164317131,
    -0.06117359176278114,
    -0.0409257598221302,
    0.06821996718645096,
    0.06970986723899841,
    -0.0018776108045130968,
    -0.03329770639538765,
    -0.09556897729635239,
    0.08075959235429764,
    -0.08184802532196045,
    -0.15577055513858795,
    0.18448065221309662,
    -0.03275081142783165,
    -0.05256013199687004,
    -0.010031693615019321,
    0.030601955950260162,
    0.08416615426540375,
    0.0238812193274498,
    -0.052622467279434204,
    -0.0016087645199149847,
    -0.06462878733873367,
    0.0014309464022517204,
    -0.034527264535427094,
    -0.05838735029101372,
    -0.051686618477106094,
    0.0172017402946949,
    -0.07507046312093735,
    -0.018862135708332062,
    0.015589614398777485,
    0.0006628042319789529,
    0.05061598867177963,
    -0.004993641283363104,
    -0.016035882756114006,
    0.005051999818533659,
    0.011498837731778622,
    0.04734279587864876,
    0.06169048696756363,
    -0.02473573572933674,
    0.04686500504612923,
    0.04577259719371796,
    -0.000671215180773288,
    -0.042242392897605896,
    0.05777621269226074,
    -0.04531972110271454,
    -0.03475181758403778,
    0.04507169499993324,
    -0.16146279871463776,
    -0.09613741189241409,
    -0.02086528018116951,
    0.0972067341208458,
    0.02110280469059944,
    -0.013293193653225899,
    -0.11592748016119003,
    -0.09631583839654922,
    -0.012899894267320633,
    0.024449706077575684,
    0.020959870889782906,
    -0.06472493708133698,
    0.03626372665166855,
    0.0020908270962536335,
    0.11140463501214981,
    0.08003764599561691,
    -0.048666249960660934,
    0.027392182499170303,
    0.10167724639177322,
    -0.05405867472290993,
    0.013449537567794323,
    0.03647197410464287,
    0.024160906672477722,
    -0.042525917291641235,
    -4.816541476770908e-08,
    -0.03737541660666466,
    -0.00330300722271204,
    0.03591302037239075,
    -0.012855843640863895,
    -0.02144073322415352,
    -0.020586056634783745,
    -0.008188252337276936,
    -0.011861992999911308,
    -0.05429321154952049,
    -0.09103848040103912,
    0.06654731184244156,
    -0.01722334884107113,
    -0.03620700165629387,
    0.006222919095307589,
    0.05442998930811882,
    0.009070471860468388,
    -0.059308361262083054,
    0.027431003749370575,
    -0.049577247351408005,
    -0.012377846986055374,
    -0.008744733408093452,
    -0.03130170702934265,
    -0.0357300341129303,
    0.08765652030706406,
    0.02817377820611,
    0.0005474428762681782,
    -0.006214032880961895,
    0.07876329123973846,
    -0.026824839413166046,
    0.1156693622469902,
    -0.02224692702293396,
    0.04794711247086525,
    0.03741024062037468,
    -0.08118405193090439,
    0.0011163835879415274,
    0.006595022976398468,
    -0.04046621546149254,
    0.012034093961119652,
    0.07891618460416794,
    0.025368288159370422,
    -0.08830475062131882,
    -0.00876501202583313,
    0.08835206925868988,
    0.022896109148859978,
    0.00540699390694499,
    0.01148769911378622,
    -0.03382979333400726,
    0.043428730219602585,
    0.03197338804602623,
    -0.07648264616727829,
    -0.011281678453087807,
    -0.05030135437846184,
    -0.004711435176432133,
    -0.010433043353259563,
    0.010071192868053913,
    0.0741722509264946,
    0.09640631824731827,
    0.06828974932432175,
    -0.01780788227915764,
    -0.07599961757659912,
    0.16365350782871246,
    0.09366501122713089,
    0.07987958937883377,
    -0.030975202098488808
]