[
    -0.03553347662091255,
    0.05730291083455086,
    -0.017127785831689835,
    -0.06299310177564621,
    -0.06270865350961685,
    0.06839904189109802,
    -0.0495048463344574,
    -0.0458860844373703,
    0.023969383910298347,
    0.0363658107817173,
    0.046618420630693436,
    0.022668953984975815,
    -0.015564943663775921,
    0.027268437668681145,
    -0.004426592029631138,
    0.01751815713942051,
    0.06376205384731293,
    0.0717688798904419,
    -0.10071852058172226,
    0.0065170167945325375,
    0.01306227222084999,
    0.0418672040104866,
    -0.038487765938043594,
    0.0010149541776627302,
    -0.104734867811203,
    -0.03730335086584091,
    -0.05736687406897545,
    -0.028820594772696495,
    0.0722801461815834,
    -0.1087336614727974,
    -0.031784407794475555,
    0.03761577233672142,
    0.025752145797014236,
    0.07910023629665375,
    -0.020323103293776512,
    -0.011166336946189404,
    0.05622656270861626,
    -0.11315920948982239,
    0.008680877275764942,
    -0.036163654178380966,
    0.007002431433647871,
    -0.011398735456168652,
    -0.04612841457128525,
    0.0018688217969611287,
    -0.02476317062973976,
    -0.024569863453507423,
    0.015646785497665405,
    -0.047060877084732056,
    -0.09603265672922134,
    -0.01966618187725544,
    -0.07368064671754837,
    -0.026625147089362144,
    -0.03020518645644188,
    0.07132642716169357,
    -0.02106151357293129,
    -0.03746284916996956,
    0.017765454947948456,
    0.058025870472192764,
    -0.009923812001943588,
    -0.016181940212845802,
    0.012953845784068108,
    -0.022574450820684433,
    -0.09972504526376724,
    0.039952415972948074,
    -0.015095802955329418,
    0.016298513859510422,
    0.027235841378569603,
    -0.007147729862481356,
    0.01933939754962921,
    0.06829550862312317,
    -0.042609985917806625,
    -0.03839607536792755,
    0.02776305377483368,
    -0.029043177142739296,
    -0.03757675364613533,
    0.014060397632420063,
    0.0013948319246992469,
    0.032070524990558624,
    0.015120902098715305,
    -0.09956718981266022,
    -0.08331826329231262,
    -0.024812942370772362,
    -0.03731738030910492,
    0.031541600823402405,
    -0.02616415172815323,
    -0.114602230489254,
    -0.016154324635863304,
    -0.019513385370373726,
    0.06771218776702881,
    0.0049657332710921764,
    0.05660250037908554,
    -0.06139720603823662,
    0.10772962123155594,
    -0.07654593884944916,
    0.024996507912874222,
    0.018611356616020203,
    0.01591360941529274,
    -0.03964817523956299,
    0.052643727511167526,
    0.00582688394933939,
    0.06586121022701263,
    0.04713163524866104,
    -0.09860680252313614,
    -0.02999482862651348,
    0.03800556808710098,
    -0.05241045728325844,
    -0.03260837122797966,
    -0.03926222398877144,
    -0.046180032193660736,
    0.012458067387342453,
    -0.001982416259124875,
    -0.005270028952509165,
    0.008141476660966873,
    -0.08053437620401382,
    0.0427878238260746,
    0.08642599731683731,
    -0.005225065629929304,
    0.09887510538101196,
    -0.006596220191568136,
    -0.10438225418329239,
    -0.0192873552441597,
    0.024175044149160385,
    -0.03179178759455681,
    -0.05208618566393852,
    -0.025762608274817467,
    -0.01077590323984623,
    -0.049683187156915665,
    1.6609104818273294e-32,
    -0.004907021764665842,
    -0.06443507224321365,
    -0.14567548036575317,
    -0.03919437900185585,
    0.025689153000712395,
    0.0027100988663733006,
    0.013199775479733944,
    0.011955427937209606,
    -0.0722784548997879,
    0.07026667147874832,
    0.01803017593920231,
    0.019620873034000397,
    -0.005031610373407602,
    -0.03549150377511978,
    -0.054697662591934204,
    0.04926416650414467,
    -0.03544552996754646,
    0.07053448259830475,
    -0.000777293520513922,
    0.04153198003768921,
    0.048197176307439804,
    -0.025098441168665886,
    0.01993895135819912,
    0.01919739320874214,
    -0.04167858511209488,
    -0.018944257870316505,
    0.023173008114099503,
    -0.03446246683597565,
    -0.052443016320466995,
    0.01012785267084837,
    0.061216846108436584,
    0.026358237490057945,
    0.09176746755838394,
    0.019610321149230003,
    0.071086585521698,
    0.1264767348766327,
    -0.050550706684589386,
    -0.005063239019364119,
    0.0801355317234993,
    -0.01193294022232294,
    -0.06727183610200882,
    -0.006233725696802139,
    -0.018274657428264618,
    -0.04232830926775932,
    0.03436807543039322,
    -0.02135194092988968,
    -0.02532070502638817,
    -0.02675020694732666,
    0.08558838069438934,
    0.012116403318941593,
    0.008573799394071102,
    -0.0007322560413740575,
    0.12510254979133606,
    -0.006725972518324852,
    -0.01119404286146164,
    0.04418986663222313,
    -0.04602229595184326,
    0.0712931901216507,
    -0.041451405733823776,
    0.015909496694803238,
    -0.021373668685555458,
    0.009538635611534119,
    -0.05676659196615219,
    0.05441562086343765,
    -0.00687649380415678,
    -0.03205757588148117,
    -0.06201043725013733,
    -0.030503220856189728,
    0.026477031409740448,
    -0.04331396520137787,
    -0.021733146160840988,
    0.06629693508148193,
    0.024764440953731537,
    0.0011767679825425148,
    -0.024149253964424133,
    -0.019485145807266235,
    0.024956632405519485,
    -0.027013737708330154,
    0.04450384899973869,
    -0.07223719358444214,
    -0.08452165126800537,
    -0.02718202956020832,
    0.06894751638174057,
    0.01951448805630207,
    0.018424345180392265,
    -0.009406739845871925,
    0.02178318239748478,
    -0.0003988374664913863,
    0.025376789271831512,
    0.00441217515617609,
    0.046953991055488586,
    0.0032731592655181885,
    0.00945359282195568,
    0.060266077518463135,
    0.056818995624780655,
    -1.652518774593603e-32,
    -0.005730931647121906,
    -0.014062955044209957,
    -0.07268781214952469,
    0.035989198833703995,
    0.02810252644121647,
    0.01725916936993599,
    -0.07730980217456818,
    -0.0813637226819992,
    0.017729543149471283,
    -0.03433944657444954,
    -0.028799796476960182,
    -0.05450383201241493,
    0.013841422274708748,
    0.00902436301112175,
    -0.014300540089607239,
    -0.030010316520929337,
    -0.004146106541156769,
    -0.012454410083591938,
    0.02023412100970745,
    0.0513373501598835,
    0.15686309337615967,
    0.016664234921336174,
    -0.05082102492451668,
    0.08841723948717117,
    -0.05058230087161064,
    -0.0279595535248518,
    0.017044108361005783,
    -0.1412208080291748,
    0.018140524625778198,
    0.06782117486000061,
    0.010291852056980133,
    -0.0221527349203825,
    -0.07661842554807663,
    0.05869258940219879,
    -0.012302969582378864,
    -0.15326085686683655,
    0.08838151395320892,
    -0.03740191459655762,
    -0.062348321080207825,
    -0.038570959120988846,
    0.013382486999034882,
    0.11576362699270248,
    -0.032120417803525925,
    -0.05186113342642784,
    0.01031157560646534,
    -0.056362442672252655,
    0.03780141845345497,
    0.00048306884127669036,
    0.014706597663462162,
    -0.06657326221466064,
    0.039364803582429886,
    -0.03112645260989666,
    -0.0039785392582416534,
    0.06181100383400917,
    -0.003902135416865349,
    0.0696575790643692,
    0.057660382241010666,
    -0.06294117122888565,
    -0.005477949045598507,
    0.06783077865839005,
    0.02923683263361454,
    0.051862046122550964,
    -0.028426827862858772,
    -0.007647238206118345,
    0.08843666315078735,
    0.04479511082172394,
    -0.08630406856536865,
    -0.030986154451966286,
    0.0065342821180820465,
    -0.0014107057359069586,
    0.01678457111120224,
    -0.05734797194600105,
    -0.039338067173957825,
    -0.06358078122138977,
    0.09309389442205429,
    0.0066499263048172,
    -0.03921156004071236,
    -0.030912701040506363,
    -0.11270976811647415,
    0.07244143635034561,
    0.07734083384275436,
    0.03943992033600807,
    0.004207618534564972,
    0.0658041462302208,
    -0.03086637333035469,
    0.08601213246583939,
    0.044150400906801224,
    -0.01855732686817646,
    0.06015178561210632,
    0.07209140807390213,
    -0.01945609226822853,
    -0.008925667963922024,
    0.01911075972020626,
    0.0014863297110423446,
    -0.015238662250339985,
    -5.0249937544322165e-08,
    -0.08689241111278534,
    -0.0362834706902504,
    -0.06006810441613197,
    0.049188606441020966,
    -0.07680626213550568,
    0.02137139067053795,
    -0.014712470583617687,
    0.025499116629362106,
    -0.09586213529109955,
    -0.050554756075143814,
    0.01588963344693184,
    -0.01301883440464735,
    -0.04120144993066788,
    -0.001965123228728771,
    0.024192318320274353,
    -0.01928754895925522,
    0.030195679515600204,
    0.014460690319538116,
    -0.09891241788864136,
    0.005780566018074751,
    -0.022858355194330215,
    -0.016859030351042747,
    0.004628149326890707,
    -0.00555703230202198,
    0.014982488006353378,
    -0.02246006950736046,
    0.0062503390945494175,
    0.13323596119880676,
    0.05824922025203705,
    0.02334817871451378,
    -0.022322801873087883,
    0.027357453480362892,
    -0.0012104954803362489,
    -0.09531883895397186,
    -0.05213549733161926,
    0.011219355277717113,
    -0.020172210410237312,
    0.014167587272822857,
    0.059295881539583206,
    0.0400843545794487,
    -0.015449211932718754,
    0.0680670514702797,
    0.05333390086889267,
    0.0946749821305275,
    0.010988309979438782,
    -0.05541049689054489,
    -0.12968675792217255,
    0.024802401661872864,
    0.003157923696562648,
    -0.0542939156293869,
    0.01590653695166111,
    -0.06067891791462898,
    -0.01272498443722725,
    -0.015866847708821297,
    0.02810731530189514,
    0.06967495381832123,
    0.08424778282642365,
    0.010112617164850235,
    -0.07181128859519958,
    -0.024074913933873177,
    0.16970939934253693,
    0.05493156611919403,
    0.08587098121643066,
    -0.07383831590414047
]