[
    -0.028246326372027397,
    0.008947319351136684,
    0.0066634733229875565,
    -0.045462384819984436,
    -0.009873439557850361,
    0.03868713602423668,
    -0.01495608314871788,
    -0.005246967077255249,
    -0.004295282531529665,
    0.05686838924884796,
    0.007897136732935905,
    -0.027883397415280342,
    0.04036736860871315,
    -0.006367978174239397,
    0.05310584977269173,
    0.03889716789126396,
    0.0762895941734314,
    0.04966248944401741,
    -0.0660688653588295,
    0.030284103006124496,
    -0.014270666055381298,
    -0.005443519912660122,
    -0.045194968581199646,
    0.020244259387254715,
    -0.08473746478557587,
    -0.028898494318127632,
    -0.023319486528635025,
    -0.021332575008273125,
    0.10474056750535965,
    -0.0874841958284378,
    0.012233620509505272,
    0.07670492678880692,
    0.002345841145142913,
    0.029564980417490005,
    -0.008368546143174171,
    -0.026729460805654526,
    0.007676543667912483,
    -0.0669993907213211,
    0.006641496438533068,
    -0.02395935170352459,
    -0.018621934577822685,
    -0.04504877328872681,
    -0.047631192952394485,
    -0.015152582898736,
    -0.019214501604437828,
    0.059776756912469864,
    -0.00480356439948082,
    0.017354343086481094,
    -0.08865682780742645,
    0.022865258157253265,
    -0.06654084473848343,
    -0.039766546338796616,
    -0.010700345039367676,
    0.05343881621956825,
    -0.00606501754373312,
    -0.06482724845409393,
    -0.014969516545534134,
    0.031356584280729294,
    -0.01918121986091137,
    -0.029616951942443848,
    0.004427689593285322,
    0.024289239197969437,
    -0.08037938177585602,
    0.039007849991321564,
    -0.019318271428346634,
    0.030575118958950043,
    -0.0033611967228353024,
    -0.02414058707654476,
    0.03983944281935692,
    0.017781173810362816,
    -0.042272232472896576,
    0.02734646201133728,
    0.004470150452107191,
    0.024841904640197754,
    -0.07311491668224335,
    -0.04729819670319557,
    -0.01612153835594654,
    0.029506126418709755,
    0.011956357397139072,
    -0.04833022877573967,
    -0.11315753310918808,
    0.008189553394913673,
    -0.05247694253921509,
    -0.017414426431059837,
    -0.010006209835410118,
    -0.062396008521318436,
    -0.019841505214571953,
    0.032319050282239914,
    0.011596008203923702,
    0.032667726278305054,
    0.06535618007183075,
    -0.06132860109210014,
    0.0912526473402977,
    -0.08149354159832001,
    0.09297389537096024,
    0.012601537629961967,
    0.017144473269581795,
    -0.04570532962679863,
    0.09059165418148041,
    0.027282221242785454,
    0.060203917324543,
    0.08661767095327377,
    -0.06292331963777542,
    0.005841150414198637,
    0.015121002681553364,
    -0.0163523331284523,
    -0.0491536483168602,
    -0.03447416424751282,
    0.02821977809071541,
    -0.009754703380167484,
    -0.013235362246632576,
    -0.008025435730814934,
    -0.024668985977768898,
    -0.12770546972751617,
    0.014268974773585796,
    0.040389515459537506,
    -0.04767918214201927,
    0.1372135877609253,
    0.01911267638206482,
    -0.06275143474340439,
    -0.031134508550167084,
    0.012743514031171799,
    -0.0488162524998188,
    -0.041970714926719666,
    0.05145414173603058,
    0.012007319368422031,
    0.013797039166092873,
    1.8946670843799417e-32,
    0.004493082407861948,
    -0.00869564525783062,
    -0.11176638305187225,
    0.009631138294935226,
    0.026129722595214844,
    0.007174663245677948,
    -0.03768734633922577,
    -0.017200905829668045,
    -0.055996574461460114,
    0.015687914565205574,
    0.034045301377773285,
    0.022709477692842484,
    0.00981367751955986,
    -0.06377483904361725,
    -0.06355545669794083,
    -0.0067456383258104324,
    -0.02296590432524681,
    0.048931483179330826,
    -0.019344648346304893,
    0.00044574460480362177,
    0.054698701947927475,
    -0.060559798032045364,
    0.02303728275001049,
    0.026236118748784065,
    -0.0228023212403059,
    0.013897981494665146,
    0.0686747282743454,
    0.018552396446466446,
    -0.032185398042201996,
    -0.004381392616778612,
    0.10291311144828796,
    -0.027078038081526756,
    0.03697531670331955,
    0.04235504940152168,
    0.05391651764512062,
    0.06694964319467545,
    -0.012338918633759022,
    -0.07229229807853699,
    0.10897377133369446,
    -0.07250329852104187,
    -0.05892488732933998,
    -0.017691943794488907,
    -0.03555252030491829,
    -0.035963062196969986,
    -0.009979519993066788,
    -0.03336246684193611,
    -0.046494122594594955,
    -0.009994475170969963,
    0.10463540256023407,
    0.01574956811964512,
    0.05183228850364685,
    -0.011443871073424816,
    0.0713120698928833,
    -0.03572268784046173,
    -0.010486884042620659,
    0.021638423204421997,
    -0.08951409161090851,
    0.06926925480365753,
    -0.060238923877477646,
    0.07431250810623169,
    -0.049897465854883194,
    0.06456241756677628,
    -0.02727084420621395,
    0.07603893429040909,
    -0.0022987755946815014,
    -0.03399375081062317,
    -0.05373383313417435,
    -0.003179159015417099,
    0.07288327068090439,
    -0.05122598633170128,
    0.00017899696831591427,
    0.02933129295706749,
    0.009762503206729889,
    0.008884265087544918,
    -0.0020367095712572336,
    -0.0634177029132843,
    0.0013609747402369976,
    -0.055009931325912476,
    0.03632902726531029,
    -0.007867179811000824,
    -0.10632569342851639,
    -0.00038943186518736184,
    0.025420518592000008,
    0.026248157024383545,
    0.06695840507745743,
    0.009623757563531399,
    -0.013182206079363823,
    -0.02339136227965355,
    -0.023610571399331093,
    -0.003011592198163271,
    0.03284301608800888,
    0.019146215170621872,
    0.0019833077676594257,
    0.0413643904030323,
    0.02386145107448101,
    -1.9439470401758768e-32,
    0.003007033374160528,
    -0.03365445137023926,
    -0.08189098536968231,
    0.04460655152797699,
    0.006184870842844248,
    0.04245689883828163,
    -0.0941322073340416,
    -0.10140298306941986,
    0.055610787123441696,
    -0.03323910012841225,
    -0.07228327542543411,
    -0.05547704920172691,
    -0.0244535431265831,
    -0.04341557249426842,
    -0.05977517366409302,
    -0.0627933070063591,
    -0.01012470480054617,
    -0.0023347337264567614,
    -0.003301604650914669,
    0.12071798741817474,
    0.03178032487630844,
    -0.021245479583740234,
    -0.05996047705411911,
    0.08070925623178482,
    0.007177213206887245,
    -0.01283495593816042,
    -0.026664379984140396,
    -0.03406154364347458,
    0.029172755777835846,
    0.0409332700073719,
    -0.04026100039482117,
    -0.04971696808934212,
    -0.09807761758565903,
    0.01161256618797779,
    -0.047418348491191864,
    -0.1586272418498993,
    0.1395827680826187,
    -0.02237045392394066,
    -0.0714227557182312,
    0.04069864749908447,
    0.03212790936231613,
    0.10826549679040909,
    0.04539090022444725,
    -0.042850375175476074,
    -0.03659997880458832,
    -0.010653658770024776,
    -0.005770202726125717,
    0.016197428107261658,
    -0.03433125838637352,
    -0.04552095755934715,
    0.03397384285926819,
    -0.014159363694489002,
    -0.029446939006447792,
    0.0370844230055809,
    -0.049455590546131134,
    0.05122161656618118,
    -0.02015996351838112,
    0.0013762852177023888,
    -0.032466333359479904,
    0.022997461259365082,
    0.055615413933992386,
    0.06110589951276779,
    -0.04205579683184624,
    0.03416037559509277,
    0.09452785551548004,
    -0.013847662135958672,
    -0.04911217838525772,
    0.0046064117923378944,
    0.02258027344942093,
    -0.07850951701402664,
    0.008347845636308193,
    -0.08774279057979584,
    -0.10027872771024704,
    -0.05995836853981018,
    0.15146949887275696,
    0.02129271812736988,
    0.009908455424010754,
    -0.09129561483860016,
    -0.10823327302932739,
    -0.004439780954271555,
    0.05313633382320404,
    0.032251954078674316,
    -0.04105325788259506,
    0.022207604721188545,
    -0.006242409814149141,
    0.07525087147951126,
    0.005597707349807024,
    -0.050272732973098755,
    0.04637095332145691,
    0.09511755406856537,
    -0.04459076747298241,
    0.00750593701377511,
    0.00828678347170353,
    0.07471951842308044,
    -0.027157997712492943,
    -5.617773268795645e-08,
    -0.029922889545559883,
    0.023344360291957855,
    -0.011060228571295738,
    -0.043518949300050735,
    -0.013462107628583908,
    -0.03021043911576271,
    -0.022476058453321457,
    0.028113465756177902,
    -0.07960037142038345,
    -0.14957886934280396,
    0.029786888509988785,
    -0.026690375059843063,
    -0.06352219730615616,
    -0.055489517748355865,
    0.04776013642549515,
    -0.026344148442149162,
    -0.04974941164255142,
    0.0076667629182338715,
    -0.10679765045642853,
    0.0035246731713414192,
    -0.009236165322363377,
    -0.06284356117248535,
    -0.03164773806929588,
    0.037134941667318344,
    -0.006016939878463745,
    -0.014830196276307106,
    0.020862959325313568,
    0.1140250638127327,
    0.03558095172047615,
    0.026734909042716026,
    -0.028667746111750603,
    0.041733063757419586,
    0.048934292048215866,
    -0.11019174009561539,
    0.034742530435323715,
    0.02499718964099884,
    0.011315977200865746,
    -0.00022410116798710078,
    0.07922061532735825,
    0.04071985185146332,
    -0.06324595957994461,
    0.06594720482826233,
    0.014134200289845467,
    0.07814650237560272,
    -0.007372813764959574,
    0.009884107857942581,
    -0.06183503568172455,
    -0.006739257834851742,
    -0.025087032467126846,
    -0.10669557005167007,
    0.019892489537596703,
    -0.09059251844882965,
    0.007170948199927807,
    0.023829340934753418,
    -0.02554374374449253,
    0.1094958633184433,
    0.08701768517494202,
    0.04695841297507286,
    -0.0019738180562853813,
    -0.08413432538509369,
    0.15164601802825928,
    0.09868191182613373,
    0.08110755681991577,
    -0.0052437493577599525
]