[
    -0.0065660928376019,
    0.024658283218741417,
    -0.016079353168606758,
    -0.05400719866156578,
    -0.0070553673431277275,
    0.06171106547117233,
    -0.08170068264007568,
    -0.04311082512140274,
    -0.05797117203474045,
    0.03242473676800728,
    0.01162317767739296,
    -0.018396060913801193,
    -0.01123027689754963,
    -0.018171513453125954,
    0.050578221678733826,
    -0.04043320566415787,
    0.08107202500104904,
    0.048665959388017654,
    -0.08528455346822739,
    0.10385623574256897,
    0.0798909142613411,
    0.08745013177394867,
    -0.04507096856832504,
    0.020096300169825554,
    -0.14397455751895905,
    0.024572059512138367,
    -0.029822707176208496,
    -0.08560453355312347,
    0.016511399298906326,
    -0.04263566806912422,
    0.006722350604832172,
    -0.008486197330057621,
    0.05749876797199249,
    0.03838752955198288,
    -0.013149004429578781,
    -0.03147033601999283,
    0.06981680542230606,
    -0.01940840668976307,
    -0.0033164212945848703,
    0.012491133064031601,
    -0.06386006623506546,
    -0.026714395731687546,
    -0.0023470886517316103,
    -0.007244994398206472,
    0.025116661563515663,
    0.023942358791828156,
    -0.06716571003198624,
    -0.028252607211470604,
    0.02730564773082733,
    -0.029741918668150902,
    -0.05912744626402855,
    -0.00565494317561388,
    -0.0019950587302446365,
    0.07735878974199295,
    0.0039718556217849255,
    -0.0712931677699089,
    -0.03398113697767258,
    0.018688630312681198,
    -0.09251106530427933,
    0.015024209395051003,
    0.021199751645326614,
    -0.004264453891664743,
    -0.02960856445133686,
    0.05262640491127968,
    0.004280488472431898,
    0.02642243728041649,
    -0.015567411668598652,
    -0.018241683021187782,
    0.01876993104815483,
    -0.010798889212310314,
    -0.12069955468177795,
    0.01656402088701725,
    0.0035613132640719414,
    0.06263887137174606,
    -0.009436612948775291,
    0.01849929243326187,
    -0.02865084446966648,
    0.04413340613245964,
    0.06003083661198616,
    -0.1222563236951828,
    -0.04652070626616478,
    0.011102458462119102,
    0.07535316795110703,
    0.0641036406159401,
    -0.018440233543515205,
    -0.008756348863244057,
    -0.05272006243467331,
    -0.01550966314971447,
    -0.01608925871551037,
    -0.03401719033718109,
    0.008901073597371578,
    -0.07087559998035431,
    0.12195277214050293,
    -0.03410682827234268,
    0.04557054862380028,
    0.054863229393959045,
    -0.004521599505096674,
    -0.0966397300362587,
    0.06251902878284454,
    -0.01975061185657978,
    0.006847640965133905,
    -0.05366143956780434,
    -0.023216480389237404,
    0.045283809304237366,
    -0.012328963726758957,
    -0.05731916427612305,
    -0.047161150723695755,
    -0.023673634976148605,
    0.004703348968178034,
    0.10175018757581711,
    0.06762183457612991,
    0.04379073902964592,
    -0.01856536790728569,
    -0.11543580889701843,
    0.0642259493470192,
    0.0010229089530184865,
    0.003517376957461238,
    0.028783554211258888,
    0.024522582069039345,
    -0.06602780520915985,
    -0.08337748050689697,
    -0.061232224106788635,
    -0.05328778550028801,
    -0.07092905789613724,
    0.09648918360471725,
    0.016926048323512077,
    -0.046443428844213486,
    1.522009073483177e-32,
    -0.010826822370290756,
    -0.03896329179406166,
    -0.005357452668249607,
    0.017699426040053368,
    0.0489666722714901,
    0.03230098634958267,
    0.014078115113079548,
    -0.06718218326568604,
    -0.02669389359652996,
    0.03295722231268883,
    0.023861905559897423,
    0.07607954740524292,
    -0.01782645657658577,
    -0.04205472022294998,
    -0.046182673424482346,
    0.0027436905074864626,
    0.002342202700674534,
    0.06823080778121948,
    0.009697729721665382,
    0.04296936094760895,
    -0.00012726080603897572,
    -0.06912625581026077,
    0.00821986235678196,
    0.025779984891414642,
    -0.03624184429645538,
    0.06326604634523392,
    0.003137868596240878,
    -0.009886842221021652,
    -0.012580979615449905,
    -0.004694236908107996,
    0.0202117208391428,
    0.007619011681526899,
    0.0656336098909378,
    -0.030919944867491722,
    -0.0039657666347920895,
    0.10530423372983932,
    0.06432773172855377,
    -0.048174887895584106,
    0.01714600995182991,
    -0.10439853370189667,
    -0.012270469218492508,
    0.026210954412817955,
    -0.021720511838793755,
    0.05076449736952782,
    0.08398083597421646,
    -0.021700242534279823,
    -0.041228361427783966,
    -0.006622629705816507,
    0.04984676465392113,
    0.015304886735975742,
    -0.03521408513188362,
    -0.0006228869897313416,
    0.014688950031995773,
    -0.06301351636648178,
    -0.012872039340436459,
    -0.03014475852251053,
    -0.05192279443144798,
    0.009534601122140884,
    -0.048469796776771545,
    0.07111653685569763,
    -0.018422622233629227,
    0.0751786008477211,
    -0.012731715105473995,
    -0.015673650428652763,
    -0.010011999867856503,
    -0.09058210253715515,
    0.006817469839006662,
    -0.0397530272603035,
    0.017485029995441437,
    0.011574654839932919,
    -0.040046870708465576,
    0.052072927355766296,
    -0.04070835933089256,
    0.033869512379169464,
    0.018807264044880867,
    0.01415103767067194,
    0.002689952729269862,
    -0.05687857046723366,
    0.03572330251336098,
    -0.03333395719528198,
    -0.1108301430940628,
    0.03157810866832733,
    0.04080451652407646,
    0.07532452046871185,
    -0.008259069174528122,
    -0.018673310056328773,
    0.02528626099228859,
    0.04400553181767464,
    -0.02583882585167885,
    -0.037479713559150696,
    -0.03896370530128479,
    0.02332606166601181,
    0.09242269396781921,
    0.0664670467376709,
    0.001782572828233242,
    -1.6831875691433503e-32,
    0.026269497349858284,
    -0.04877253249287605,
    -0.04896840825676918,
    0.009142945520579815,
    0.057426534593105316,
    0.006601057481020689,
    -0.06889510154724121,
    -0.13516704738140106,
    0.06553881615400314,
    -0.038354210555553436,
    0.0438910536468029,
    -0.10259954631328583,
    -0.00019700232951436192,
    0.013899486511945724,
    -0.04935614392161369,
    -0.000605200242716819,
    -0.07463093101978302,
    -0.051835350692272186,
    -0.04609757661819458,
    0.08181153237819672,
    -0.01601656712591648,
    0.017616260796785355,
    -0.0401306226849556,
    0.1257115602493286,
    -0.0441095232963562,
    0.026333637535572052,
    -0.050555940717458725,
    -0.04183503985404968,
    0.0684400275349617,
    -0.050821833312511444,
    -0.045762453228235245,
    -0.06512728333473206,
    -0.005105762276798487,
    0.06235157698392868,
    -0.11992978304624557,
    -0.1329767107963562,
    0.052794430404901505,
    -0.0900609940290451,
    -0.00496981106698513,
    -0.03527652844786644,
    0.0891198217868805,
    0.029908545315265656,
    -0.016457097604870796,
    0.02754400670528412,
    -0.046111345291137695,
    -0.02483399398624897,
    0.013332980684936047,
    0.03876396641135216,
    -0.02826102077960968,
    -0.022362180054187775,
    -0.018891600891947746,
    -0.05418432131409645,
    -0.037068672478199005,
    -0.0034849578514695168,
    -0.02860104851424694,
    0.03858305513858795,
    -0.010883870534598827,
    -0.0037449123337864876,
    -0.06734375655651093,
    0.026523785665631294,
    0.05454414710402489,
    0.06461186707019806,
    -0.08315505087375641,
    0.08090544492006302,
    0.05590437725186348,
    -0.05216004699468613,
    -0.02150174416601658,
    -0.03526929020881653,
    0.03668944537639618,
    -0.056206703186035156,
    -0.09774462878704071,
    -0.05861090123653412,
    -0.07706637680530548,
    -0.048513878136873245,
    0.07424513250589371,
    -0.037099845707416534,
    0.015356519259512424,
    -0.010712314397096634,
    -0.049870651215314865,
    0.026844950392842293,
    0.036364443600177765,
    0.0054546017199754715,
    -0.08671513944864273,
    0.048849478363990784,
    -0.03028269112110138,
    0.13018859922885895,
    0.055133070796728134,
    -0.07687917351722717,
    0.06309153884649277,
    0.10968279093503952,
    -0.11949212104082108,
    0.032304588705301285,
    -0.00844542682170868,
    0.013308431021869183,
    -0.016143184155225754,
    -4.710457446321925e-08,
    -0.007714979816228151,
    0.06327447295188904,
    -0.024328280240297318,
    -0.010327527299523354,
    -0.030416524037718773,
    0.006981219630688429,
    -0.017047960311174393,
    -0.0068604107946157455,
    -0.018542513251304626,
    -0.049125801771879196,
    -0.008339609950780869,
    0.0894445925951004,
    0.01290665753185749,
    -0.02666090987622738,
    0.05328621715307236,
    -0.08619029074907303,
    -0.07543114572763443,
    -0.005511789582669735,
    -0.07280772924423218,
    0.05780132859945297,
    -0.05662756785750389,
    -0.0529361292719841,
    -0.01314854621887207,
    0.006886168383061886,
    0.029842138290405273,
    -0.03455149009823799,
    -0.011522962711751461,
    0.03245747834444046,
    0.06083767116069794,
    0.1218605637550354,
    -0.013785227201879025,
    0.022045718505978584,
    -0.018366750329732895,
    -0.008385821245610714,
    0.012617364525794983,
    -0.09016382694244385,
    -0.02726702205836773,
    0.021923333406448364,
    0.07707909494638443,
    -0.020421551540493965,
    -0.01731806807219982,
    0.054230399429798126,
    0.017407776787877083,
    0.07736074924468994,
    -0.04620085284113884,
    -0.03822964057326317,
    -0.007391894701868296,
    0.027835913002490997,
    0.04239710420370102,
    -0.11420506983995438,
    -0.050617434084415436,
    -0.04145677387714386,
    0.06749361008405685,
    -0.016748150810599327,
    -0.04504213482141495,
    0.10869517177343369,
    0.03782327100634575,
    0.037291254848241806,
    -0.02914837934076786,
    -0.03865501284599304,
    0.14209069311618805,
    0.028117585927248,
    0.033581893891096115,
    0.02736678533256054
]