[
    -0.03307091444730759,
    0.012067523784935474,
    -0.020905304700136185,
    -0.03905513882637024,
    0.029763877391815186,
    0.07467342913150787,
    -0.06049153208732605,
    -0.049928244203329086,
    -0.05026145651936531,
    0.013720455579459667,
    0.009022088721394539,
    -0.0071596261113882065,
    0.01826954446732998,
    -0.027388323098421097,
    0.08094179630279541,
    -0.003976915497332811,
    0.07537705451250076,
    0.065719835460186,
    -0.11944025009870529,
    0.10410821437835693,
    0.08403133600950241,
    0.0840202122926712,
    -0.046426787972450256,
    0.004506506025791168,
    -0.13594353199005127,
    0.046299971640110016,
    -0.03444995358586311,
    -0.08926401287317276,
    0.0045043183490633965,
    -0.06838368624448776,
    0.002907293848693371,
    -0.03369459882378578,
    0.03723308444023132,
    0.07411569356918335,
    -0.051334839314222336,
    -0.07503840327262878,
    0.051732003688812256,
    0.014090883545577526,
    0.014428437687456608,
    -0.01301549281924963,
    -0.08597204834222794,
    -0.04253803566098213,
    -0.02583109214901924,
    0.03659524768590927,
    0.005492496769875288,
    0.011083991266787052,
    -0.037635453045368195,
    -0.025330407544970512,
    0.017867838963866234,
    -0.025144992396235466,
    -0.02344116009771824,
    -0.0001018470647977665,
    0.0007064536330290139,
    0.11001735925674438,
    -0.012301288545131683,
    -0.06544221192598343,
    -0.058020103722810745,
    0.02294626459479332,
    -0.0928855612874031,
    0.012793011032044888,
    0.03575307875871658,
    -0.021350745111703873,
    0.012548611499369144,
    0.06640136241912842,
    0.0009806534508243203,
    0.05055014789104462,
    -0.028700169175863266,
    -0.030242174863815308,
    0.022141223773360252,
    -0.031127462163567543,
    -0.09281669557094574,
    0.04144475981593132,
    -0.017713172361254692,
    0.055292967706918716,
    0.016895918175578117,
    0.015648813918232918,
    -0.03847920149564743,
    0.03712020441889763,
    0.09015092998743057,
    -0.12606999278068542,
    -0.05057564377784729,
    0.01179578434675932,
    0.08786458522081375,
    0.028867755085229874,
    -0.04317154362797737,
    0.005311225540935993,
    -0.030795034021139145,
    -0.014964672736823559,
    -0.05102699249982834,
    -0.03387713432312012,
    0.0018752733012661338,
    -0.05891849845647812,
    0.09656448662281036,
    -0.032447997480630875,
    0.025297505781054497,
    0.02104099653661251,
    -0.007480334956198931,
    -0.11303708702325821,
    0.036215946078300476,
    -0.007949328050017357,
    -0.005005789455026388,
    -0.035692788660526276,
    -0.014463665895164013,
    0.01986868493258953,
    -0.0022358493879437447,
    -0.05870611220598221,
    -0.020209597423672676,
    -0.013205242343246937,
    -0.01949802227318287,
    0.12110281735658646,
    0.08110865950584412,
    0.031048426404595375,
    -0.013442386873066425,
    -0.07605895400047302,
    0.04398135095834732,
    -0.04447007551789284,
    0.014403739012777805,
    0.0362972691655159,
    0.04271935671567917,
    -0.058283720165491104,
    -0.05352425202727318,
    -0.057249534875154495,
    -0.0304364375770092,
    -0.04892763867974281,
    0.05966923385858536,
    0.018095331266522408,
    -0.08939265459775925,
    1.8544249169003038e-32,
    -0.018996845930814743,
    -0.02352636121213436,
    -0.008819962851703167,
    -0.004034847021102905,
    0.01456670556217432,
    -0.00995775405317545,
    0.008223998360335827,
    -0.06678091734647751,
    -0.05210096389055252,
    0.053595997393131256,
    0.0010161405662074685,
    0.04175988584756851,
    0.006878118496388197,
    0.02215092070400715,
    -0.022225888445973396,
    0.004877335857599974,
    0.028674127534031868,
    0.04853108525276184,
    0.04315117001533508,
    0.009268813766539097,
    0.024607256054878235,
    -0.029339341446757317,
    0.011534159071743488,
    0.02675698511302471,
    -0.001401941291987896,
    0.0026901529636234045,
    0.0034284894354641438,
    -0.025155983865261078,
    -0.004834552761167288,
    0.0034578265622258186,
    -0.011281538754701614,
    0.007649825885891914,
    0.05523351952433586,
    -0.03237222507596016,
    0.032997868955135345,
    0.11194300651550293,
    0.08118627965450287,
    -0.05101389065384865,
    0.014391282573342323,
    -0.10144511610269547,
    -0.004782760050147772,
    0.012623750604689121,
    0.018969440832734108,
    0.02736482582986355,
    0.054223041981458664,
    -0.03505866229534149,
    -0.03935140743851662,
    0.005237080156803131,
    0.014036871492862701,
    0.0027245539240539074,
    -0.02308734506368637,
    0.016139019280672073,
    -0.00985291413962841,
    -0.07884509116411209,
    -0.029752517119050026,
    -0.030308958142995834,
    -0.07276950776576996,
    0.012059430591762066,
    -0.05469322204589844,
    0.08546405285596848,
    -0.04642285779118538,
    0.03516658395528793,
    0.0022082424256950617,
    -0.013593224808573723,
    -0.03316671401262283,
    -0.08417239785194397,
    0.032993827015161514,
    -0.049544256180524826,
    0.01187232043594122,
    0.03579955920577049,
    -0.04386460408568382,
    0.040733154863119125,
    -0.03713158890604973,
    0.03829609230160713,
    0.013057266362011433,
    0.003627615049481392,
    0.041679747402668,
    -0.05302625522017479,
    0.06483030319213867,
    -0.05322642996907234,
    -0.09267348051071167,
    9.506105016043875e-06,
    0.011443940922617912,
    0.07634922116994858,
    -0.03745723143219948,
    -0.012354973703622818,
    0.01199540589004755,
    0.04143942520022392,
    -0.05706333369016647,
    -0.051551952958106995,
    -0.03322459012269974,
    0.006847765296697617,
    0.06497426331043243,
    0.04159992188215256,
    -0.02604498714208603,
    -1.9320154786414428e-32,
    -0.002146832412108779,
    -0.058209341019392014,
    -0.04497095197439194,
    0.003160842228680849,
    0.021165942773222923,
    0.006035228259861469,
    -0.04712291806936264,
    -0.1325635313987732,
    0.06369366496801376,
    -0.02620660699903965,
    0.024205438792705536,
    -0.046936001628637314,
    0.008455181494355202,
    0.006904406938701868,
    -0.06062330678105354,
    -0.005701796151697636,
    -0.09724214673042297,
    -0.025266671553254128,
    -0.027979671955108643,
    0.09779087454080582,
    -0.04152078554034233,
    0.02234874852001667,
    -0.02900642901659012,
    0.1431153267621994,
    -0.0036465609446167946,
    0.0436432808637619,
    -0.09000246226787567,
    -0.02041115239262581,
    0.10299529135227203,
    -0.04687602445483208,
    -0.03330393135547638,
    -0.08790016174316406,
    0.0063624391332268715,
    0.032084088772535324,
    -0.12895254790782928,
    -0.14568611979484558,
    0.08802635222673416,
    -0.07568328827619553,
    -0.021624291315674782,
    -0.05941271036863327,
    0.061505481600761414,
    0.04713694378733635,
    -0.024083711206912994,
    0.04013271629810333,
    -0.013688403181731701,
    -0.011171259917318821,
    0.014924691058695316,
    0.025247281417250633,
    -0.05859312415122986,
    0.014762071892619133,
    -0.017821956425905228,
    -0.03912625461816788,
    -0.01672496274113655,
    0.019143955782055855,
    -0.02160492353141308,
    0.036658260971307755,
    0.03566097468137741,
    -0.00011024254490621388,
    -0.07249429821968079,
    0.021987302228808403,
    0.040233246982097626,
    0.06407816708087921,
    -0.08320978283882141,
    0.06688892096281052,
    0.07019003480672836,
    -0.08175898343324661,
    -0.04862502962350845,
    -0.0492774099111557,
    0.016080399975180626,
    -0.04580725356936455,
    -0.009746248833835125,
    -0.08603204041719437,
    -0.066196508705616,
    -0.062348976731300354,
    0.07673231512308121,
    -0.04237639904022217,
    0.03069407492876053,
    -0.04196828603744507,
    -0.07892658561468124,
    0.0780884176492691,
    0.07046005129814148,
    -0.0038675155956298113,
    -0.06589221209287643,
    0.02616511844098568,
    0.0034460341557860374,
    0.09604976326227188,
    0.06126683950424194,
    -0.05594952777028084,
    0.06045198068022728,
    0.0981268659234047,
    -0.13626089692115784,
    0.016784535720944405,
    -0.04736476019024849,
    -0.011382527649402618,
    -0.041818633675575256,
    -5.362256061403059e-08,
    0.02380215935409069,
    0.07532847672700882,
    -0.05509165674448013,
    -0.01879938691854477,
    -0.03034011833369732,
    0.009739376604557037,
    -0.008408606052398682,
    -0.02454610913991928,
    -0.059605784714221954,
    -0.08901409804821014,
    0.02176399528980255,
    0.06274665147066116,
    -0.01302448008209467,
    -0.029409663751721382,
    0.05690770968794823,
    -0.05380355566740036,
    -0.06425946205854416,
    -0.03475257754325867,
    -0.04604187607765198,
    0.05718007683753967,
    -0.05590394139289856,
    -0.04158267006278038,
    -0.05616571381688118,
    0.022775543853640556,
    0.04297759756445885,
    0.013515324331820011,
    -0.005581845063716173,
    0.016028782352805138,
    0.07303903251886368,
    0.12388907372951508,
    0.01943301409482956,
    -0.0067846281453967094,
    -0.01367331761866808,
    0.022396454587578773,
    -0.004599263425916433,
    -0.06669595092535019,
    -0.03514237329363823,
    0.005428103730082512,
    0.06523188203573227,
    0.002484091091901064,
    0.02494572475552559,
    0.06275732815265656,
    0.038090165704488754,
    0.08607401698827744,
    -0.0090279346331954,
    -0.0430494099855423,
    -0.0010224608704447746,
    0.010903256013989449,
    0.05968112871050835,
    -0.11498133838176727,
    -0.037133120000362396,
    -0.0663532018661499,
    0.040661051869392395,
    0.0058729080483317375,
    -0.03149120509624481,
    0.10277726501226425,
    0.016010042279958725,
    0.04894685372710228,
    -0.013883503153920174,
    -0.03694411367177963,
    0.1546521633863449,
    0.022720826789736748,
    0.023497410118579865,
    -0.000936277094297111
]