[
    -0.03588806465268135,
    0.04617040231823921,
    -0.011533343233168125,
    -0.03898603096604347,
    0.004169137682765722,
    0.05740440636873245,
    -0.04805292189121246,
    0.013171038590371609,
    0.034386780112981796,
    0.07577962428331375,
    0.016763359308242798,
    -0.08860094845294952,
    0.024890229105949402,
    -0.037888601422309875,
    0.045059096068143845,
    0.0010535945184528828,
    0.06428267061710358,
    0.06248077377676964,
    -0.061985913664102554,
    -0.03091495670378208,
    0.033057913184165955,
    0.013163561001420021,
    -0.043426577001810074,
    -0.009264214895665646,
    -0.06367506831884384,
    -0.03822479024529457,
    -0.0200644638389349,
    -0.025121934711933136,
    0.08908296376466751,
    -0.047905270010232925,
    -0.0004508894926402718,
    0.08217565715312958,
    0.017683546990156174,
    0.055216122418642044,
    -0.03374398127198219,
    -0.04090549051761627,
    0.02417191118001938,
    -0.027120454236865044,
    -0.003718958469107747,
    0.03630605712532997,
    -0.04247352480888367,
    -0.06458181142807007,
    -0.00906037911772728,
    -0.03487425670027733,
    0.0014121319400146604,
    0.03121151588857174,
    -0.010853009298443794,
    0.027404699474573135,
    -0.06715600192546844,
    0.012967578135430813,
    -0.09760293364524841,
    0.03869641572237015,
    0.02654387801885605,
    0.08767376840114594,
    -0.02325071021914482,
    -0.08369816839694977,
    0.03277808800339699,
    0.012585903517901897,
    -0.017525631934404373,
    -0.02410781756043434,
    0.015159504488110542,
    0.023548224940896034,
    -0.048376549035310745,
    0.024975549429655075,
    0.0020546386949718,
    0.04068289324641228,
    -0.03071962483227253,
    0.02339731715619564,
    0.052006762474775314,
    0.019888602197170258,
    -0.08406040817499161,
    0.03961551561951637,
    -0.02974270097911358,
    0.06840592622756958,
    -0.024288637563586235,
    0.027443891391158104,
    -0.07888404279947281,
    0.02668248675763607,
    0.09298121929168701,
    -0.15610770881175995,
    -0.019955476745963097,
    -0.0010304677998647094,
    -0.0016165799461305141,
    0.0771493911743164,
    0.015957003459334373,
    -0.02836168371140957,
    0.02245333418250084,
    0.020032860338687897,
    0.016714826226234436,
    -0.004942925181239843,
    0.1166732907295227,
    0.02808765135705471,
    0.10127124935388565,
    -0.06789384037256241,
    -0.00927657075226307,
    -0.005673248320817947,
    -0.07032432407140732,
    -0.015596906654536724,
    0.10228858888149261,
    -0.016944216564297676,
    0.012509377673268318,
    0.01912291906774044,
    -0.07222826033830643,
    -0.052996985614299774,
    -0.006979531608521938,
    -0.06784064322710037,
    0.00855621974915266,
    -0.04133419692516327,
    -0.0032587621826678514,
    -0.03365438058972359,
    0.025297679007053375,
    0.05014554038643837,
    -0.09281637519598007,
    -0.09600091725587845,
    0.09737535566091537,
    -0.037548765540122986,
    -0.06101631745696068,
    0.09374033659696579,
    -0.08791521936655045,
    -0.05072183907032013,
    -0.01732831820845604,
    -0.01039136853069067,
    -0.0805983915925026,
    -0.0847092866897583,
    0.0526374988257885,
    0.019584843888878822,
    -0.07533803582191467,
    1.7661984822729247e-32,
    0.02911689691245556,
    -0.03448351100087166,
    -0.08564439415931702,
    -0.03649686276912689,
    0.0016624286072328687,
    -0.021450474858283997,
    -0.02933693304657936,
    0.03393270820379257,
    0.004736212082207203,
    0.10437814891338348,
    0.015668077394366264,
    0.05060923099517822,
    0.02073301561176777,
    -0.03829502314329147,
    -0.013260850682854652,
    0.0639483779668808,
    -0.07091604173183441,
    0.07983484119176865,
    -0.044575128704309464,
    0.002548536751419306,
    0.07760517299175262,
    -0.05924113467335701,
    0.08597646653652191,
    0.03561397269368172,
    0.022684423252940178,
    0.01611899584531784,
    0.020005518570542336,
    0.007056768052279949,
    -0.008487001992762089,
    -0.0012566113146021962,
    0.06076966971158981,
    -0.011473039165139198,
    0.025423334911465645,
    0.015831617638468742,
    0.06380496174097061,
    0.05311887711286545,
    0.055545322597026825,
    -0.029074130579829216,
    -0.001035416265949607,
    0.025981884449720383,
    -0.07370039075613022,
    0.01911712996661663,
    0.11247321963310242,
    0.02244233526289463,
    -0.008793690241873264,
    -0.028143588453531265,
    -0.03880150616168976,
    -0.05512739345431328,
    0.04916374012827873,
    0.006741150747984648,
    0.013526840135455132,
    -0.031451135873794556,
    0.11917877942323685,
    -0.0067309183068573475,
    -0.01683744415640831,
    0.0735025629401207,
    -0.09483355283737183,
    0.00791731383651495,
    -0.02679368108510971,
    0.06190188601613045,
    -0.020327316597104073,
    0.007704595103859901,
    -0.06684942543506622,
    0.018565332517027855,
    -0.01875099167227745,
    0.007809219416230917,
    -0.05900685489177704,
    -0.018329540267586708,
    0.06646323204040527,
    -0.017364075407385826,
    0.05466790124773979,
    0.0538443848490715,
    -0.016770610585808754,
    0.009931507520377636,
    -0.03337075933814049,
    -0.09836646914482117,
    0.06051409989595413,
    0.029760172590613365,
    0.02273724228143692,
    -0.0056275189854204655,
    -0.021955149248242378,
    -0.041880376636981964,
    0.04504892975091934,
    -0.026501238346099854,
    -0.004933247808367014,
    0.007160232402384281,
    0.06941351294517517,
    -0.019691655412316322,
    -0.006124764680862427,
    -0.03053717315196991,
    -0.025975218042731285,
    -0.04902312159538269,
    -0.05128714442253113,
    0.020649448037147522,
    0.041725870221853256,
    -1.682353408964648e-32,
    -0.039088115096092224,
    -0.022261474281549454,
    -0.05276133492588997,
    0.04796808585524559,
    -0.0036111234221607447,
    0.02045813761651516,
    -0.03695666790008545,
    -0.1156935766339302,
    0.09570572525262833,
    -0.03775603324174881,
    -0.05814889445900917,
    -0.08334241062402725,
    -0.0005185502814128995,
    -0.02735920250415802,
    -0.03160262480378151,
    -0.060551717877388,
    -0.04522766172885895,
    -0.05193118005990982,
    -0.05020180344581604,
    0.043759800493717194,
    0.021439220756292343,
    -0.000722320401109755,
    0.007072171662002802,
    0.02317069098353386,
    -0.007033172994852066,
    -0.021607551723718643,
    0.010881099849939346,
    -0.04736188054084778,
    0.09159757941961288,
    0.009477830491960049,
    0.0007210554904304445,
    -0.0834185779094696,
    -0.05005541071295738,
    0.032527655363082886,
    -0.09954724460840225,
    -0.14898906648159027,
    0.17218579351902008,
    -0.049312565475702286,
    -0.02388155646622181,
    -0.04603295400738716,
    0.03831597417593002,
    0.08545750379562378,
    0.004931608680635691,
    -0.05027608200907707,
    -0.033299654722213745,
    -0.01258541364222765,
    -0.05369909107685089,
    0.045417699962854385,
    0.02043808251619339,
    -0.07122142612934113,
    0.04307069256901741,
    -0.03151613846421242,
    -0.05566023290157318,
    0.08677449822425842,
    -0.012215773575007915,
    0.028154736384749413,
    -0.004185516387224197,
    -0.003003110643476248,
    -0.05801631137728691,
    0.05058102309703827,
    0.009444066323339939,
    0.09264378994703293,
    -0.07034577429294586,
    0.03220754861831665,
    0.09466675668954849,
    -0.01744931749999523,
    -0.05235994979739189,
    -0.061720460653305054,
    -0.004598176572471857,
    -0.04339345917105675,
    -0.04206366837024689,
    -0.06958187371492386,
    -0.004124529659748077,
    -0.05357976630330086,
    0.048455171287059784,
    -0.004651303868740797,
    -0.06457047164440155,
    -0.0635424330830574,
    -0.06365279108285904,
    0.0752284973859787,
    0.051069475710392,
    -0.05272674933075905,
    0.01594388484954834,
    0.03715381398797035,
    -0.05292373523116112,
    0.06527426838874817,
    0.07186831533908844,
    -0.007328485604375601,
    0.05296001210808754,
    0.06228967756032944,
    -0.059391722083091736,
    -0.06753772497177124,
    0.009207132272422314,
    0.06227227300405502,
    -0.02404358983039856,
    -5.164895000575598e-08,
    0.00736469030380249,
    0.014972121454775333,
    0.04286416620016098,
    0.021231206133961678,
    -0.022445155307650566,
    0.013452391140162945,
    -0.03043786622583866,
    0.006760784424841404,
    -0.05862394720315933,
    -0.1253085881471634,
    0.05061423033475876,
    -0.00030919836717657745,
    -0.05288613587617874,
    -0.06647558510303497,
    0.026375262066721916,
    -0.06568846851587296,
    -0.01700935699045658,
    0.010621543973684311,
    -0.0792984589934349,
    0.053884219378232956,
    -0.02417232096195221,
    -0.028725014999508858,
    -0.07275905460119247,
    0.003987553529441357,
    0.053050361573696136,
    0.013287927955389023,
    0.019949380308389664,
    0.0706595852971077,
    0.07497909665107727,
    0.005539153702557087,
    -0.03173302486538887,
    0.01294672954827547,
    0.03069799579679966,
    -0.080910824239254,
    0.04245942085981369,
    0.003174350131303072,
    -0.0081234872341156,
    0.05090876296162605,
    0.06574058532714844,
    -0.0075902086682617664,
    -0.018529433757066727,
    0.043141964823007584,
    0.010922826826572418,
    0.07432826608419418,
    0.0693228617310524,
    -0.0310150608420372,
    -0.12617504596710205,
    0.00699147954583168,
    0.08738411217927933,
    -0.0882173553109169,
    0.008525575511157513,
    -0.10609651356935501,
    0.014114854857325554,
    0.020818345248699188,
    0.020116087049245834,
    0.05831817910075188,
    0.06943048536777496,
    0.010220260359346867,
    -0.020191917195916176,
    -0.04437710717320442,
    0.13929061591625214,
    0.017049241811037064,
    0.01953701116144657,
    -0.019664403051137924
]