[
    0.015047146007418633,
    0.006710768211632967,
    -0.0391891673207283,
    -0.05519229173660278,
    -0.039517246186733246,
    0.0537838488817215,
    -0.06805222481489182,
    -0.04291290044784546,
    -0.017753368243575096,
    -0.0027402197010815144,
    -0.005880689714103937,
    0.009769227355718613,
    0.002962552709504962,
    -0.02183394692838192,
    0.08268202096223831,
    -0.051275983452796936,
    0.07235454767942429,
    0.0188328567892313,
    -0.12915880978107452,
    0.047385167330503464,
    0.018677663058042526,
    0.022863732650876045,
    0.002364716026932001,
    -0.008824298158288002,
    -0.10254520177841187,
    -0.05183923617005348,
    -0.060662295669317245,
    -0.08640032261610031,
    0.004959315061569214,
    -0.029644932597875595,
    0.029307326301932335,
    -0.006223937962204218,
    0.005359317176043987,
    0.0485631600022316,
    -0.04555029049515724,
    0.006520010996609926,
    -0.04122269153594971,
    0.05852345749735832,
    -0.03266090154647827,
    0.0565745085477829,
    -0.06794586032629013,
    -0.01024571806192398,
    -0.04597282409667969,
    -0.0033936360850930214,
    0.04389173910021782,
    0.0031124495435506105,
    -0.10743039101362228,
    -0.04666229337453842,
    0.0030872661154717207,
    0.045065321028232574,
    -0.04904273897409439,
    -0.04997473582625389,
    -0.0032611361239105463,
    0.05540628358721733,
    -0.0007514786557294428,
    -0.046292390674352646,
    -0.022306423634290695,
    -0.03615185618400574,
    -0.0991944968700409,
    -0.030106278136372566,
    -0.002297870349138975,
    -0.008886944502592087,
    -0.0011431756429374218,
    0.06022363156080246,
    -0.07435744255781174,
    0.028233109042048454,
    0.01941211335361004,
    -0.008653798140585423,
    -0.013468779623508453,
    -0.03129538521170616,
    -0.07587171345949173,
    -0.008156528696417809,
    0.014553423039615154,
    0.07455480843782425,
    -0.012239541858434677,
    0.034891895949840546,
    0.013244922272861004,
    0.013263626955449581,
    0.0725744441151619,
    -0.1338597685098648,
    -0.038454022258520126,
    0.03987627476453781,
    0.022458136081695557,
    0.06283312290906906,
    -0.02910764515399933,
    -0.021204112097620964,
    -0.024228960275650024,
    0.00533439964056015,
    -0.05030635744333267,
    -0.07398238033056259,
    0.008416160009801388,
    0.01690809614956379,
    0.061586394906044006,
    -0.08861519396305084,
    0.08710534125566483,
    -0.0006885407492518425,
    -0.03295794129371643,
    -0.05410078540444374,
    -0.007984298281371593,
    -0.03011973202228546,
    0.005458255298435688,
    -0.01325025875121355,
    0.022522399201989174,
    -0.017868543043732643,
    -0.045066382735967636,
    -0.07858943194150925,
    0.020515047013759613,
    0.03830072656273842,
    0.021093226969242096,
    0.04563327133655548,
    0.015592705458402634,
    0.03251180797815323,
    -0.036227524280548096,
    -0.1058240756392479,
    0.038469310849905014,
    -0.0010366629576310515,
    0.02479429915547371,
    0.031727034598588943,
    0.04617858678102493,
    0.013461175374686718,
    -0.06569073349237442,
    -0.04762275516986847,
    -0.01326268631964922,
    -0.08522441983222961,
    0.006276926025748253,
    0.05543317273259163,
    -0.02013128250837326,
    2.249756744456492e-32,
    -0.013482997193932533,
    -0.022152919322252274,
    -0.032094914466142654,
    0.045585084706544876,
    0.008635365404188633,
    -0.03392573818564415,
    0.02931169979274273,
    5.570384018938057e-05,
    -0.062219154089689255,
    0.006186243146657944,
    -0.03841535001993179,
    0.05247388780117035,
    0.004310418851673603,
    0.012955556623637676,
    -0.04784543812274933,
    -0.0344667062163353,
    -0.004814195912331343,
    0.10862667113542557,
    -0.063832126557827,
    0.0585111640393734,
    -0.024628259241580963,
    -0.02844475395977497,
    0.03434136137366295,
    0.020850520581007004,
    -0.015043782070279121,
    -0.021034633740782738,
    0.0025913275312632322,
    -0.007162635680288076,
    0.007818479090929031,
    -0.001701253466308117,
    0.04132389649748802,
    0.028524596244096756,
    0.0008392994641326368,
    -0.08000122755765915,
    -0.031425632536411285,
    0.1107412800192833,
    0.0029320393223315477,
    -0.014398365281522274,
    0.08135242760181427,
    -0.07852651178836823,
    -0.05247166380286217,
    -0.028051214292645454,
    0.007241370156407356,
    0.03096381574869156,
    0.03756588697433472,
    -0.022145595401525497,
    0.00048622750909999013,
    -0.047784771770238876,
    0.030914239585399628,
    0.0076170735992491245,
    -0.030463548377156258,
    -0.01433134451508522,
    0.07933715730905533,
    -0.01850200444459915,
    0.017404871061444283,
    -0.007292210124433041,
    -0.02140527032315731,
    0.048706527799367905,
    -0.02130093052983284,
    0.08641719073057175,
    0.007906323298811913,
    0.03523751720786095,
    -0.04486536979675293,
    0.024149693548679352,
    0.030713262036442757,
    -0.028748244047164917,
    -0.0006481893360614777,
    -0.05936461687088013,
    0.06950041651725769,
    0.02311004139482975,
    -0.03141239657998085,
    0.06442436575889587,
    -0.030566062778234482,
    0.03590025752782822,
    0.016804592683911324,
    -0.04119481146335602,
    -0.03179119899868965,
    -0.04839585721492767,
    0.01597220078110695,
    0.03595505282282829,
    -0.08632222563028336,
    0.022924724966287613,
    0.010137693025171757,
    0.05073653161525726,
    0.012553030624985695,
    -0.02462943084537983,
    0.02794206514954567,
    0.06361889094114304,
    -0.08145015686750412,
    -0.062255859375,
    -0.049904439598321915,
    0.05778263881802559,
    0.06487778574228287,
    0.06461648643016815,
    0.03867766633629799,
    -2.443877440740903e-32,
    0.03738794103264809,
    -0.00011235933197895065,
    -0.00891110859811306,
    -0.00775182293727994,
    0.09912914037704468,
    0.00013003232015762478,
    -0.10380455106496811,
    -0.17542023956775665,
    0.09689205139875412,
    -0.0040399543941020966,
    0.020329933613538742,
    -0.07430782914161682,
    -0.022218026220798492,
    -0.019749946892261505,
    -0.0362875834107399,
    -0.025050804018974304,
    -0.11842009425163269,
    -0.08254726976156235,
    -0.004850620403885841,
    0.10390496999025345,
    0.01927952654659748,
    0.005528790410608053,
    0.00983844418078661,
    0.11258526891469955,
    -0.0117735480889678,
    0.06261897087097168,
    -0.037286240607500076,
    -0.058538418263196945,
    0.0928395539522171,
    -0.08240904659032822,
    -0.07580901682376862,
    -0.08744557201862335,
    0.0572899766266346,
    0.04701310023665428,
    -0.08058301359415054,
    -0.13575415313243866,
    0.026595531031489372,
    -0.07469889521598816,
    -0.027398303151130676,
    0.010360730811953545,
    0.06604123115539551,
    -0.024563226848840714,
    -0.02667543664574623,
    0.023013580590486526,
    -0.009127870202064514,
    -0.057374365627765656,
    0.00847390666604042,
    -0.03338466212153435,
    -0.04045868292450905,
    -0.018325041979551315,
    0.0077583747915923595,
    -0.032522402703762054,
    -0.06575240939855576,
    0.0447157546877861,
    -0.05606336146593094,
    0.035721540451049805,
    0.0057500735856592655,
    -0.044710662215948105,
    -0.04422011971473694,
    -0.02900789864361286,
    0.06038586422801018,
    0.056253597140312195,
    -0.04810349643230438,
    0.06586725264787674,
    0.020839612931013107,
    -0.02048284374177456,
    0.031511373817920685,
    -0.10965749621391296,
    -0.025016214698553085,
    -0.03613558039069176,
    -0.14131104946136475,
    -0.09005367010831833,
    -0.0764893889427185,
    -0.07273148000240326,
    0.07977498322725296,
    -0.030313845723867416,
    0.011999331414699554,
    -0.09000671654939651,
    -0.0855225995182991,
    0.031977638602256775,
    0.04730900004506111,
    -0.06483698636293411,
    -0.020358700305223465,
    0.04901553690433502,
    -0.05666738376021385,
    0.048385340720415115,
    0.06708421558141708,
    -0.05212787538766861,
    -0.00832134485244751,
    0.09274865686893463,
    -0.08389970660209656,
    -0.01736755482852459,
    -0.004798593930900097,
    0.02027772180736065,
    -0.06559086591005325,
    -6.799537999313543e-08,
    -0.01232741679996252,
    0.08317134529352188,
    0.050726842135190964,
    -0.0012083881301805377,
    -0.04847694933414459,
    -0.06427175551652908,
    -0.07469946146011353,
    0.06475017219781876,
    -0.030536726117134094,
    -0.002216390334069729,
    0.02555442973971367,
    0.09582361578941345,
    -0.04532163590192795,
    -0.04941777139902115,
    0.08240487426519394,
    -0.06937668472528458,
    -0.10695460438728333,
    0.06937503069639206,
    -0.06594272702932358,
    0.04013432562351227,
    -0.07924509048461914,
    -0.04918397590517998,
    -0.0694570392370224,
    0.01440862100571394,
    0.021793127059936523,
    0.05082355812191963,
    -0.011255421675741673,
    0.020883945748209953,
    0.049775075167417526,
    0.016418656334280968,
    0.03609773889183998,
    0.015716711059212685,
    0.016706543043255806,
    -0.013302789069712162,
    -0.05013477802276611,
    -0.03743542730808258,
    -0.016006039455533028,
    0.004724920727312565,
    0.06077560409903526,
    -0.012979616411030293,
    0.017938554286956787,
    0.08091028779745102,
    -0.004998857155442238,
    0.10627138614654541,
    -0.016855884343385696,
    -0.023261241614818573,
    -0.04646455869078636,
    0.03403450548648834,
    0.0029934216290712357,
    -0.13563917577266693,
    -0.006696790456771851,
    -0.04300929978489876,
    0.0701436996459961,
    -0.03923473507165909,
    -0.05382160469889641,
    0.10358946025371552,
    0.023816758766770363,
    -0.009322427213191986,
    0.0223347470164299,
    0.052759815007448196,
    0.11391700804233551,
    0.021325035020709038,
    0.06067909672856331,
    -0.0011248026276007295
]