[
    -0.02083325758576393,
    0.008646143600344658,
    -0.009279894642531872,
    -0.012891855090856552,
    -0.006548267789185047,
    0.01077619381248951,
    0.04816381633281708,
    -0.01931372471153736,
    -0.005150164011865854,
    -0.0063839019276201725,
    0.012625104747712612,
    0.04070093482732773,
    0.0077003492042422295,
    -0.012907001189887524,
    0.04227842018008232,
    0.042517390102148056,
    0.07474274933338165,
    0.023537011817097664,
    -0.10154876857995987,
    0.011763622052967548,
    0.033961568027734756,
    0.08252944052219391,
    -0.045468129217624664,
    0.010330290533602238,
    -0.05612267926335335,
    -0.034862421452999115,
    -0.04299337789416313,
    -0.035935305058956146,
    0.035022083669900894,
    -0.035821858793497086,
    0.03529784828424454,
    0.059941280633211136,
    0.059763722121715546,
    0.014965352602303028,
    -0.03314746543765068,
    -0.04204156994819641,
    0.00991793442517519,
    -0.03601580113172531,
    0.001945875701494515,
    -0.03347307816147804,
    -0.007900068536400795,
    0.018280336633324623,
    -0.028720054775476456,
    -0.05685371533036232,
    -0.05857333913445473,
    0.03343609347939491,
    -0.08373643457889557,
    -0.055280063301324844,
    -0.036147717386484146,
    0.03332040086388588,
    -0.014742150902748108,
    -0.04616948962211609,
    0.016595114022493362,
    0.1674598902463913,
    -0.04437233880162239,
    0.025961479172110558,
    0.027462776750326157,
    0.03206394985318184,
    -0.022832589223980904,
    0.0030608701054006815,
    0.001737657468765974,
    -0.03876572847366333,
    -0.05966417118906975,
    -0.003178736660629511,
    0.0018469322239980102,
    0.027430566027760506,
    0.045657236129045486,
    -0.054838068783283234,
    0.04888589680194855,
    0.029943708330392838,
    -0.020001403987407684,
    0.029885046184062958,
    -0.01988113299012184,
    -0.007611608132719994,
    -0.040643490850925446,
    0.001039569964632392,
    0.028304116800427437,
    -0.02008703537285328,
    0.030662698671221733,
    -0.0410102941095829,
    -0.0887712687253952,
    -0.034226976335048676,
    -0.06302069872617722,
    -0.009785015136003494,
    -0.08308088034391403,
    -0.05184353515505791,
    -0.0597190298140049,
    -0.020429274067282677,
    0.025669386610388756,
    0.012546077370643616,
    0.03416423127055168,
    0.018543211743235588,
    -0.004870322532951832,
    0.006330106873065233,
    0.08077796548604965,
    0.0019091808935627341,
    0.05061978101730347,
    0.005309348925948143,
    0.01710628531873226,
    0.024885255843400955,
    0.04678100720047951,
    -0.005957222543656826,
    -0.06535790860652924,
    -0.10473769158124924,
    0.026124248281121254,
    -0.07599993050098419,
    -0.06283686310052872,
    -0.018298828974366188,
    -0.02221762016415596,
    0.0035719203297048807,
    -0.03493037447333336,
    -0.07881496101617813,
    -0.02124178037047386,
    -0.05455717444419861,
    0.045897338539361954,
    0.11711607128381729,
    -0.000374669732991606,
    0.05966100096702576,
    -0.014248098246753216,
    -0.060573726892471313,
    0.009266103617846966,
    0.06433705240488052,
    -0.030530957505106926,
    -0.0742059201002121,
    0.0002497004170436412,
    -0.016005218029022217,
    -0.03649843484163284,
    1.7468132579967205e-32,
    -0.07060609012842178,
    -0.08244656771421432,
    -0.10769329965114594,
    -0.01667577028274536,
    0.07375793159008026,
    -0.08329637348651886,
    -0.019817572087049484,
    -0.004989171400666237,
    0.005298265255987644,
    -0.040743470191955566,
    -0.021468322724103928,
    0.05589580535888672,
    0.04215269908308983,
    -0.1457776427268982,
    -0.028551211580634117,
    -0.03294803574681282,
    0.07073535770177841,
    0.10461792349815369,
    -0.031092215329408646,
    0.0143149234354496,
    0.0804448276758194,
    0.0709318146109581,
    -0.005435876548290253,
    0.06380267441272736,
    0.01424650102853775,
    0.007418724708259106,
    0.010501757264137268,
    -0.006109089124947786,
    -0.03436211496591568,
    0.0024673971347510815,
    0.029770996421575546,
    0.029298152774572372,
    -0.014897600747644901,
    -0.04673368111252785,
    0.06047062948346138,
    0.016649004071950912,
    0.02321476861834526,
    0.011681015603244305,
    0.06199069321155548,
    -0.1135149672627449,
    -0.027748115360736847,
    0.01783042959868908,
    -0.03521623834967613,
    -0.05966529622673988,
    0.014263859950006008,
    -0.045868922024965286,
    0.015083198435604572,
    -0.029992183670401573,
    0.07379253208637238,
    0.07318679243326187,
    0.027816126123070717,
    0.005429650656878948,
    0.09009028226137161,
    0.015556225553154945,
    0.008620033040642738,
    -0.01778303273022175,
    -0.09653990715742111,
    0.052088361233472824,
    -0.015241376124322414,
    -0.013639410026371479,
    0.04732910916209221,
    0.06910862773656845,
    -0.030887778848409653,
    0.0575345903635025,
    0.012460463680326939,
    -0.05305105075240135,
    -0.0441909022629261,
    -0.05391475558280945,
    0.010109382681548595,
    -0.12967157363891602,
    -0.0032768798992037773,
    0.057378966361284256,
    -0.0007491693249903619,
    0.02528318576514721,
    -0.0031272803898900747,
    -0.03264183923602104,
    0.022007232531905174,
    -0.011756380088627338,
    0.08262823522090912,
    -0.041513677686452866,
    -0.046719588339328766,
    -0.006024606060236692,
    -0.025090523064136505,
    0.02107805758714676,
    0.09612669795751572,
    0.009904495440423489,
    -0.005307416897267103,
    -0.10722515732049942,
    -0.01694508269429207,
    -0.007751202676445246,
    0.007323334459215403,
    0.047205597162246704,
    -0.1040157824754715,
    0.06467921286821365,
    0.07288524508476257,
    -1.610416240366995e-32,
    0.005706315860152245,
    -0.021906325593590736,
    -0.09721163660287857,
    0.0444197878241539,
    0.054913584142923355,
    0.06597848236560822,
    -0.053489238023757935,
    -0.07775074243545532,
    0.041028521955013275,
    -0.01878778077661991,
    -0.025397568941116333,
    -0.053865060210227966,
    -0.014713870361447334,
    0.07523123919963837,
    -0.10506028681993484,
    -0.0912456139922142,
    0.012609899044036865,
    -0.06037034094333649,
    0.001019306480884552,
    0.0834784209728241,
    0.07066038250923157,
    0.026247616857290268,
    -0.07518922537565231,
    0.01904546283185482,
    -0.0408664233982563,
    -0.04186573252081871,
    -0.04497941583395004,
    -0.03637964650988579,
    0.028171973302960396,
    -0.031662970781326294,
    -0.04132281243801117,
    -0.09932909160852432,
    -0.05631008744239807,
    0.031667228788137436,
    0.004707340616732836,
    -0.10047359019517899,
    0.06208081915974617,
    0.022596383467316628,
    -0.06955620646476746,
    0.03158146142959595,
    0.054840825498104095,
    0.09417299926280975,
    0.07452350854873657,
    -0.07990776002407074,
    0.0019446064252406359,
    0.0199887752532959,
    0.10883834213018417,
    -0.010075793601572514,
    -0.050209153443574905,
    -0.07653214037418365,
    0.05962470918893814,
    -0.009827857837080956,
    0.04959866777062416,
    0.0587039589881897,
    -0.03176690265536308,
    0.030228879302740097,
    0.06605319678783417,
    -0.03605961427092552,
    -0.0761287659406662,
    -0.0012234020978212357,
    0.09776662290096283,
    0.03551698476076126,
    0.005032014101743698,
    -0.012399096041917801,
    0.052334584295749664,
    0.011123090982437134,
    -0.03078479692339897,
    -0.006962019018828869,
    -0.002668025903403759,
    -0.06350389122962952,
    0.057695187628269196,
    -0.07663007825613022,
    -0.05126793310046196,
    -0.013418184593319893,
    0.14108511805534363,
    0.043092675507068634,
    -0.06312629580497742,
    -0.1147180125117302,
    -0.11773067712783813,
    -0.047197841107845306,
    -0.005834043957293034,
    0.024836059659719467,
    -0.052774250507354736,
    0.034700360149145126,
    0.005788939539343119,
    0.03849906474351883,
    0.007952049374580383,
    -0.02373870462179184,
    0.053770724684000015,
    0.05737251415848732,
    0.05179080739617348,
    -0.013222714886069298,
    0.061024218797683716,
    0.07769982516765594,
    -0.11340229958295822,
    -4.7767155564315544e-08,
    -0.034560784697532654,
    0.05538390576839447,
    0.01488307025283575,
    -0.06359530985355377,
    0.02969733439385891,
    -0.008395654149353504,
    0.06297323852777481,
    -0.0001875723246484995,
    -0.03448421135544777,
    -0.05225800722837448,
    0.006926999427378178,
    -0.033056411892175674,
    -0.021973127499222755,
    0.013402639888226986,
    0.02819841168820858,
    -0.006532480474561453,
    0.05337696149945259,
    -0.011697898618876934,
    -0.05003698542714119,
    -0.04143080860376358,
    -0.021387064829468727,
    -0.05111774802207947,
    -0.046665407717227936,
    0.043031901121139526,
    0.019121604040265083,
    0.03234405443072319,
    0.05953299626708031,
    0.09766446799039841,
    -0.011034517548978329,
    -0.016506729647517204,
    -0.036901090294122696,
    0.10708732157945633,
    0.01708228327333927,
    -0.04827434942126274,
    -0.02769760601222515,
    0.033813901245594025,
    -0.01242032740265131,
    0.019413618370890617,
    -0.013035861775279045,
    0.026745514944195747,
    -0.02563776634633541,
    0.036421146243810654,
    0.0022807009518146515,
    0.05597151815891266,
    0.08245684206485748,
    0.01837281510233879,
    -0.01990521140396595,
    -0.02150796912610531,
    -0.030713824555277824,
    -0.06286881119012833,
    -0.02622860111296177,
    -0.06707999855279922,
    0.013844787143170834,
    0.0027598377782851458,
    0.020714744925498962,
    0.12052027136087418,
    0.09377551078796387,
    0.03914942219853401,
    -0.10325131565332413,
    -0.05102474242448807,
    0.15255187451839447,
    0.07688970118761063,
    0.0009823264554142952,
    0.06475646793842316
]