[
    -0.0007376783178187907,
    0.016172969713807106,
    -0.028599761426448822,
    -0.07456272840499878,
    -0.0477876216173172,
    0.042260345071554184,
    -0.06004093214869499,
    -0.06323212385177612,
    -0.04148365929722786,
    0.0011617057025432587,
    0.025637347251176834,
    -0.03900184854865074,
    0.009399786591529846,
    -0.0578402541577816,
    0.1072448343038559,
    -0.05662606656551361,
    0.043387457728385925,
    0.04343675076961517,
    -0.11340685188770294,
    0.08125504106283188,
    0.007688594050705433,
    0.05345869064331055,
    -0.024756016209721565,
    -0.004217356443405151,
    -0.11105747520923615,
    0.020137518644332886,
    0.012820310890674591,
    -0.05661221966147423,
    0.018246686086058617,
    -0.08248811215162277,
    0.043959442526102066,
    -0.016658294945955276,
    0.05123104527592659,
    0.07479360699653625,
    -0.0014522296842187643,
    -0.010196530260145664,
    0.016552181914448738,
    0.034532882273197174,
    -0.010577191598713398,
    0.029606584459543228,
    -0.04707486927509308,
    -0.08823366463184357,
    -0.07849123328924179,
    -0.019073661416769028,
    0.039853036403656006,
    0.05041119456291199,
    -0.06261736899614334,
    -0.020825739949941635,
    0.027655521407723427,
    0.014707637950778008,
    -0.03936975076794624,
    -0.005662983749061823,
    -0.0267475713044405,
    0.06299605965614319,
    -0.022229725494980812,
    -0.07275383174419403,
    -0.02006625197827816,
    0.013545069843530655,
    -0.0945502370595932,
    -0.011087688617408276,
    -0.012295817956328392,
    -0.006442975252866745,
    -0.03199203684926033,
    0.09399387985467911,
    -0.03343965485692024,
    0.008114063180983067,
    -0.026437750086188316,
    0.024217579513788223,
    0.003605537349358201,
    -0.06585058569908142,
    -0.11386385560035706,
    -0.009847837500274181,
    0.0052863433957099915,
    0.06953810900449753,
    -0.03337925300002098,
    -0.009490844793617725,
    -0.03143121674656868,
    0.004871190059930086,
    0.05162612721323967,
    -0.09055349975824356,
    -0.03551868349313736,
    0.009156470187008381,
    0.008732127957046032,
    0.10104449838399887,
    -0.05635133385658264,
    -0.012324578128755093,
    -0.026922885328531265,
    0.0021183493081480265,
    -0.0366971418261528,
    -0.07462676614522934,
    0.04190721735358238,
    -0.0043848236091434956,
    0.06356669962406158,
    -0.03240032121539116,
    0.07391916960477829,
    0.000213275954592973,
    -0.035579364746809006,
    -0.04723500460386276,
    0.04950876533985138,
    -0.0557570643723011,
    -0.018714159727096558,
    0.02334430441260338,
    0.01375907938927412,
    0.01847795769572258,
    -0.04044418781995773,
    -0.09785347431898117,
    0.009203245863318443,
    0.04300868883728981,
    0.021829374134540558,
    0.035047292709350586,
    -0.001871993881650269,
    -0.031229602172970772,
    -0.09326350688934326,
    -0.11730283498764038,
    0.05723782628774643,
    -0.03650389239192009,
    -0.03665754199028015,
    -0.006799903232604265,
    -0.016409941017627716,
    -0.013543474487960339,
    -0.03899769484996796,
    -0.029246432706713676,
    -0.05662311241030693,
    -0.09001818299293518,
    -0.003881982993334532,
    0.06047067791223526,
    -0.007418548222631216,
    2.09610479218784e-32,
    -0.048400480300188065,
    -0.005553119350224733,
    -0.007223755121231079,
    0.03665594011545181,
    0.030806321650743484,
    -0.019163910299539566,
    0.0023993137292563915,
    0.014061466790735722,
    -0.04477491229772568,
    0.09963400661945343,
    0.008226736448705196,
    0.05284273996949196,
    -0.0627925917506218,
    -0.010291624814271927,
    -0.021765226498246193,
    0.011062514036893845,
    -0.010672342032194138,
    0.08876124769449234,
    -0.039585087448358536,
    0.08206726610660553,
    0.039689794182777405,
    -0.006873001344501972,
    0.04507635906338692,
    0.009731746278703213,
    -0.019477542489767075,
    0.006343041080981493,
    0.014538033865392208,
    -0.014531722292304039,
    0.06357520073652267,
    -0.01888982206583023,
    0.03415811434388161,
    -0.009319980628788471,
    0.026672525331377983,
    -0.06252673268318176,
    -0.014955088496208191,
    0.13092072308063507,
    0.053613606840372086,
    -0.06891816109418869,
    0.0698200985789299,
    -0.08219704777002335,
    -0.01860307902097702,
    0.0032959377858787775,
    0.033828817307949066,
    0.06247694790363312,
    0.04208843782544136,
    0.010750450193881989,
    0.031144367530941963,
    -0.02766404300928116,
    0.035363540053367615,
    0.023579509928822517,
    -0.028087731450796127,
    0.0007812678813934326,
    -0.011679461225867271,
    -0.013284563086926937,
    0.005492233671247959,
    -0.041754819452762604,
    -0.01293522771447897,
    -0.00039396327338181436,
    -0.0738457590341568,
    0.05922498553991318,
    -0.029492869973182678,
    0.023728692904114723,
    -0.032450322061777115,
    -0.026518085971474648,
    0.025622231885790825,
    -0.050815802067518234,
    0.022778529673814774,
    -0.04843767359852791,
    0.03843691572546959,
    0.024468157440423965,
    -0.0017663856269791722,
    0.06360704451799393,
    -0.043211355805397034,
    0.04159853234887123,
    0.034181635826826096,
    -0.025738922879099846,
    -0.030837560072541237,
    -0.039149150252342224,
    0.04684474691748619,
    0.030783236026763916,
    -0.0512540340423584,
    0.03478279709815979,
    0.006991847418248653,
    0.0700608491897583,
    0.00905265286564827,
    -0.0062380521558225155,
    0.05597371235489845,
    0.04835391044616699,
    -0.04730258882045746,
    -0.04037267714738846,
    -0.04165969789028168,
    0.03339296206831932,
    0.06401655822992325,
    0.05790654197335243,
    -0.02025555819272995,
    -2.124768487248672e-32,
    -0.024558842182159424,
    -0.020007627084851265,
    -0.06094729155302048,
    0.07680501788854599,
    0.07654329389333725,
    0.032577864825725555,
    -0.06330269575119019,
    -0.10202691704034805,
    0.13744868338108063,
    0.04777063801884651,
    0.05789404734969139,
    -0.034277141094207764,
    0.02012116275727749,
    -0.009773889556527138,
    -0.052610479295253754,
    -0.006375483237206936,
    -0.08701013028621674,
    -0.04996328800916672,
    -0.034637998789548874,
    0.07801615446805954,
    -0.018036505207419395,
    0.037562042474746704,
    -0.02460513450205326,
    0.14772407710552216,
    0.024703500792384148,
    0.05544433742761612,
    -0.0592314787209034,
    -0.03821151703596115,
    0.1398523598909378,
    -0.07125072926282883,
    -0.062228914350271225,
    -0.09246573597192764,
    -0.0005765929818153381,
    0.027613986283540726,
    -0.10628418624401093,
    -0.17250309884548187,
    0.06543504446744919,
    -0.04147620126605034,
    -0.014033106155693531,
    0.0037822574377059937,
    0.06717783212661743,
    0.005698686931282282,
    -0.07276623696088791,
    0.010080483742058277,
    -0.00857008807361126,
    -0.07835526764392853,
    -0.00849966611713171,
    -0.01093740202486515,
    -0.010988904163241386,
    -0.013574847020208836,
    0.03610284626483917,
    0.006855781655758619,
    -0.05718124657869339,
    0.036001235246658325,
    -0.05643870681524277,
    0.07038601487874985,
    0.020636338740587234,
    0.0014781920472159982,
    -0.09797673672437668,
    -0.04098941758275032,
    0.05973031744360924,
    0.05543797090649605,
    -0.045478254556655884,
    0.10479924827814102,
    0.03593685105443001,
    -0.037612900137901306,
    0.013941073790192604,
    -0.0750809982419014,
    -0.06843263655900955,
    -0.08839737623929977,
    -0.13301260769367218,
    -0.1260146051645279,
    -0.06433406472206116,
    -0.10186430811882019,
    0.07248321920633316,
    -0.08629414439201355,
    -0.018662147223949432,
    -0.07982531189918518,
    -0.026424236595630646,
    0.039971258491277695,
    0.049414489418268204,
    -0.02038617804646492,
    -0.03264196217060089,
    0.049109891057014465,
    -0.022069957107305527,
    0.03151797875761986,
    0.05095610395073891,
    -0.07073875516653061,
    0.010633956640958786,
    0.0993579849600792,
    -0.11016438156366348,
    -0.02665777876973152,
    -0.04094012826681137,
    0.04170818626880646,
    -0.07224367558956146,
    -5.649058110179794e-08,
    -0.013382045552134514,
    0.03835431486368179,
    0.03396952897310257,
    0.014667821116745472,
    -0.04437124356627464,
    -0.017900200560688972,
    -0.05167446285486221,
    0.016588129103183746,
    -0.007251077331602573,
    -0.010765218175947666,
    0.04341483116149902,
    0.08371730893850327,
    -0.053967420011758804,
    -0.055352188646793365,
    0.05275361239910126,
    -0.042994849383831024,
    -0.07826773822307587,
    -0.000910613511223346,
    -0.03904861956834793,
    0.07097885757684708,
    -0.04699179157614708,
    -0.004012315068393946,
    -0.06048453599214554,
    -0.00021766051941085607,
    0.026594657450914383,
    0.04427419230341911,
    -0.011805144138634205,
    0.03571058809757233,
    0.06500568240880966,
    0.07205571234226227,
    0.027130944654345512,
    -0.02348649688065052,
    0.038252055644989014,
    0.0010732164373621345,
    -0.03514233976602554,
    -0.04959029704332352,
    0.03346382826566696,
    0.029353458434343338,
    0.04250592738389969,
    0.009355882182717323,
    -0.0032549144234508276,
    0.03992587700486183,
    -0.03331246227025986,
    0.06765878945589066,
    -0.014503497630357742,
    -0.040264688432216644,
    -0.030872076749801636,
    0.047217972576618195,
    0.03896035999059677,
    -0.10511704534292221,
    -0.008328387513756752,
    -0.0033714715391397476,
    0.07635180652141571,
    -0.02663276717066765,
    -0.03824413940310478,
    0.06459953635931015,
    -0.006587150972336531,
    0.027346914634108543,
    0.006995490752160549,
    0.04607729613780975,
    0.11779078096151352,
    0.015178192406892776,
    0.045044127851724625,
    0.010835323482751846
]