[
    -0.09131395816802979,
    0.0005559136625379324,
    0.02463340200483799,
    -0.1035008504986763,
    -0.07693903893232346,
    -0.00044013586011715233,
    -0.043000228703022,
    -0.004356849007308483,
    0.05961695685982704,
    0.016512209549546242,
    -0.0021216804161667824,
    0.023581665009260178,
    0.03484129533171654,
    0.0005626092315651476,
    0.06337738037109375,
    0.023290110751986504,
    0.12460014224052429,
    0.015445328317582607,
    -0.04562895745038986,
    0.024417849257588387,
    0.05071457847952843,
    -0.006345940288156271,
    -0.057826023548841476,
    -0.002657284028828144,
    -0.09665738791227341,
    -0.02431674487888813,
    -0.053584348410367966,
    -0.032258279621601105,
    0.0881805494427681,
    -0.04447503760457039,
    0.05654380843043327,
    0.045788902789354324,
    0.02994866855442524,
    0.03712959587574005,
    -0.005959940608590841,
    -0.024362005293369293,
    0.03839711472392082,
    -0.08123239874839783,
    0.05562412366271019,
    0.041428327560424805,
    -0.01873212307691574,
    -0.06510084867477417,
    -0.03692493215203285,
    -0.005496483761817217,
    -0.006766557227820158,
    0.04459603130817413,
    -0.005120879504829645,
    0.0010899832705035806,
    -0.05915136635303497,
    0.0063489084132015705,
    -0.08815749734640121,
    -0.06518059968948364,
    -0.04769894480705261,
    0.1011846512556076,
    -0.03373279795050621,
    -0.057164233177900314,
    0.04433765634894371,
    0.032952435314655304,
    -0.010283147916197777,
    -0.02977726422250271,
    -0.028634734451770782,
    0.02254609763622284,
    -0.06423871219158173,
    0.02093574032187462,
    -0.008397002704441547,
    0.06056611239910126,
    -0.012424111366271973,
    0.02419215999543667,
    0.038171857595443726,
    0.03192150965332985,
    -0.006808230187743902,
    0.06689256429672241,
    0.02424471266567707,
    0.02175566926598549,
    -0.11061156541109085,
    -0.022394459694623947,
    -0.0018201356288045645,
    -0.014665133319795132,
    -0.005357735324651003,
    -0.13869309425354004,
    -0.03315003216266632,
    -0.010838939808309078,
    -0.021180883049964905,
    -0.0068795508705079556,
    -0.05038037896156311,
    -0.08185119926929474,
    -0.026447642594575882,
    -0.030245933681726456,
    -0.037561677396297455,
    0.03827587142586708,
    0.05281271040439606,
    -0.06663372367620468,
    0.05749700963497162,
    -0.0788356363773346,
    0.012494673021137714,
    0.019206957891583443,
    0.03370773419737816,
    -0.04918556660413742,
    0.06812132894992828,
    0.0006379967671819031,
    0.028534704819321632,
    0.09345518797636032,
    -0.01187685877084732,
    -0.041911784559488297,
    0.010623081587255001,
    -0.046879034489393234,
    -0.058015089482069016,
    -0.015045593492686749,
    0.03575703501701355,
    0.03720935061573982,
    0.02309749461710453,
    -0.02131287008523941,
    -0.04337560012936592,
    -0.04971706494688988,
    0.0758550837635994,
    0.03657153621315956,
    0.030225394293665886,
    0.1463237702846527,
    0.006493332330137491,
    -0.07511579245328903,
    -0.03228530287742615,
    0.02700006775557995,
    -0.02949526533484459,
    -0.0638057142496109,
    0.025410166010260582,
    -0.038930367678403854,
    0.007891527377068996,
    1.8407578848936746e-32,
    -0.010054908692836761,
    -0.00839398056268692,
    -0.10363463312387466,
    0.04676663130521774,
    0.07610838860273361,
    -0.021262509748339653,
    0.002566311042755842,
    -0.0006022913730703294,
    -0.055877670645713806,
    0.05688975006341934,
    -0.029113909229636192,
    0.0092239361256361,
    0.01631231978535652,
    -0.07715370506048203,
    -0.08761695772409439,
    0.01635686308145523,
    -0.049456849694252014,
    0.05736320838332176,
    -0.06495024263858795,
    0.022056888788938522,
    0.050743430852890015,
    -0.06047818437218666,
    0.03743388503789902,
    0.05643149092793465,
    -0.025483116507530212,
    0.0008982123690657318,
    0.05272562429308891,
    -0.0026186080649495125,
    -0.00629399111494422,
    -0.010402929969131947,
    0.027461839839816093,
    0.04711194708943367,
    0.08924364298582077,
    0.018968990072607994,
    0.07141468673944473,
    0.10419340431690216,
    0.013424888253211975,
    -0.09189565479755402,
    0.06158222258090973,
    -0.09596464037895203,
    -0.105765700340271,
    -0.0038632929790765047,
    -0.015622006729245186,
    -0.018264442682266235,
    -0.005540715530514717,
    -0.041176315397024155,
    -0.015150423161685467,
    -0.019338948652148247,
    0.06893474608659744,
    0.06763147562742233,
    0.010712051764130592,
    -0.01835077628493309,
    0.045545630156993866,
    -0.02626057341694832,
    0.01961466297507286,
    -0.002062953310087323,
    -0.06943856179714203,
    0.039585862308740616,
    -0.026565855368971825,
    0.02024519070982933,
    -0.013082577846944332,
    -0.017869073897600174,
    -0.021632829681038857,
    0.033112309873104095,
    0.013710126280784607,
    -0.08762442320585251,
    -0.056493014097213745,
    -0.045474108308553696,
    0.10040078312158585,
    -0.06872796267271042,
    -0.0031119443010538816,
    0.07328915596008301,
    -0.022810526192188263,
    0.029725851491093636,
    -0.01643747091293335,
    0.022781478241086006,
    0.03651735186576843,
    -0.04863489419221878,
    0.04116000607609749,
    -0.008337038569152355,
    -0.11602999269962311,
    -0.014049521647393703,
    0.06992105394601822,
    0.05871676653623581,
    0.028195448219776154,
    0.02260546013712883,
    0.01685124635696411,
    -0.014915239065885544,
    -0.019492410123348236,
    -0.008257804438471794,
    0.0662008747458458,
    -0.025458117946982384,
    0.012985777109861374,
    0.021329142153263092,
    0.07130850106477737,
    -1.6876260888752614e-32,
    -0.01733817160129547,
    -0.07598307728767395,
    -0.15305352210998535,
    0.08437597006559372,
    0.05329990014433861,
    0.006968175992369652,
    -0.06764953583478928,
    -0.0848151370882988,
    0.027173645794391632,
    0.05364426225423813,
    -0.06218557059764862,
    -0.004699360579252243,
    0.03419802337884903,
    -0.013756684958934784,
    -0.08156595379114151,
    -0.061437882483005524,
    0.045971620827913284,
    -0.03221694752573967,
    0.036564551293849945,
    0.05871900916099548,
    0.031696099787950516,
    0.004718002397567034,
    0.028217609971761703,
    0.09123066067695618,
    0.08354742079973221,
    0.0037308416794985533,
    -0.01175388228148222,
    -0.06297148019075394,
    0.04362098500132561,
    0.028179744258522987,
    -0.020439157262444496,
    -0.04397646710276604,
    -0.031160471960902214,
    0.026103230193257332,
    -0.029299935325980186,
    -0.12366098165512085,
    0.13681359589099884,
    0.04367250204086304,
    -0.03344002366065979,
    -0.029877886176109314,
    0.015496646985411644,
    0.09928862005472183,
    0.04166780784726143,
    -0.0692652240395546,
    -0.02558218501508236,
    -0.040354810655117035,
    0.05921433866024017,
    0.010408461093902588,
    0.03417421877384186,
    -0.029699737206101418,
    0.011597653850913048,
    -0.060303110629320145,
    0.022846447303891182,
    0.0038187564350664616,
    -0.04273566976189613,
    0.007632726337760687,
    -0.032914526760578156,
    -0.007173484191298485,
    -0.025922292843461037,
    0.0051894886419177055,
    0.06695503741502762,
    0.07405009120702744,
    -0.016302872449159622,
    -0.007168618496507406,
    0.08950060606002808,
    -0.003899761475622654,
    -0.07098529487848282,
    -0.01387234590947628,
    -0.024021359160542488,
    -0.06484507024288177,
    -0.019390787929296494,
    -0.14599953591823578,
    -0.004857983440160751,
    -0.05988669767975807,
    0.11168476939201355,
    -0.043579503893852234,
    0.012171362526714802,
    -0.0753447413444519,
    -0.10245317220687866,
    -0.029565446078777313,
    0.07698989659547806,
    0.04863399267196655,
    -0.09811864793300629,
    0.03587260842323303,
    -0.062027428299188614,
    0.07368124276399612,
    0.06343656033277512,
    -0.003269398119300604,
    0.01818045787513256,
    0.05504312366247177,
    -0.061879727989435196,
    0.0512847863137722,
    0.028399178758263588,
    0.019649121910333633,
    -0.021277155727148056,
    -4.943471410001621e-08,
    -0.025821199640631676,
    0.06359247118234634,
    0.015139683149755001,
    -0.044970761984586716,
    -0.003750693751499057,
    -0.010779866948723793,
    -0.01848742924630642,
    -0.0026350971311330795,
    -0.045186903327703476,
    -0.07029932737350464,
    0.014889292418956757,
    -0.05457326024770737,
    0.040048714727163315,
    -0.05980685353279114,
    0.028639797121286392,
    -0.024036424234509468,
    0.03895297646522522,
    -0.06436476111412048,
    -0.11180238425731659,
    0.024088101461529732,
    -0.0029967583250254393,
    -0.04650699347257614,
    -0.052897825837135315,
    0.027984948828816414,
    0.026708828285336494,
    -0.009834278374910355,
    -0.021180741488933563,
    0.04444742947816849,
    0.028877029195427895,
    0.011382143013179302,
    -0.06896194815635681,
    0.06563925743103027,
    0.03611113131046295,
    -0.07053297758102417,
    -0.026845956221222878,
    0.0418100543320179,
    0.004191698506474495,
    0.024242445826530457,
    0.06234539672732353,
    0.024560632184147835,
    -0.026666192337870598,
    -0.012996062636375427,
    0.0275797788053751,
    0.04612847790122032,
    -0.010641816072165966,
    0.005491042975336313,
    -0.05850577726960182,
    0.033078622072935104,
    -0.04456881061196327,
    -0.015048845671117306,
    -0.032703641802072525,
    -0.09524360299110413,
    0.02963825687766075,
    0.006370421964675188,
    0.03774002194404602,
    0.07541031390428543,
    0.12338346242904663,
    0.04349691420793533,
    0.055202681571245193,
    -0.03068692795932293,
    0.11197973787784576,
    0.10009628534317017,
    0.07151678949594498,
    -0.01694035716354847
]