[
    -0.060289666056632996,
    0.0438556931912899,
    -0.020840248093008995,
    -0.073118194937706,
    -0.029789060354232788,
    0.030596010386943817,
    -0.025253230705857277,
    -0.02259415201842785,
    0.00793625507503748,
    0.0695318952202797,
    -0.026195866987109184,
    -0.01396327093243599,
    -0.002940711798146367,
    0.0239709559828043,
    0.019952910020947456,
    0.04541013017296791,
    0.057765454053878784,
    -0.0010712689254432917,
    -0.044311363250017166,
    0.041733406484127045,
    0.01980806328356266,
    0.048968106508255005,
    -0.047272734344005585,
    -0.014092661440372467,
    -0.07538111507892609,
    -0.04776947572827339,
    -0.02513529546558857,
    -0.0889466181397438,
    0.09239511936903,
    -0.07722574472427368,
    0.040205635130405426,
    0.12580861151218414,
    -0.033541031181812286,
    0.06777012348175049,
    -0.01844562403857708,
    -0.018763527274131775,
    -0.005045845173299313,
    -0.04357709735631943,
    0.0002650851383805275,
    -0.030192969366908073,
    -0.02743441052734852,
    0.007427650038152933,
    -0.03569294139742851,
    -0.010477232746779919,
    -0.03352660313248634,
    0.00785111915320158,
    0.009583571925759315,
    0.013346809893846512,
    -0.022559896111488342,
    0.010880611836910248,
    -0.08101718127727509,
    -0.03001827746629715,
    -0.025147918611764908,
    0.05370251461863518,
    -0.01487407274544239,
    -0.07360532879829407,
    -0.0016140377847477794,
    0.026675578206777573,
    -0.013498506508767605,
    -0.0179823599755764,
    0.020401818677783012,
    -0.013681255280971527,
    -0.06515029817819595,
    -0.003221210092306137,
    -0.01472137775272131,
    0.03263835236430168,
    0.0219896100461483,
    0.03437846153974533,
    0.010219896212220192,
    0.006293838378041983,
    0.008795907720923424,
    0.06541232764720917,
    0.02348620817065239,
    0.004569808952510357,
    -0.0006261793314479291,
    0.018092690035700798,
    -0.001866986625827849,
    0.009431383572518826,
    0.07989437878131866,
    -0.11007890105247498,
    -0.057482894510030746,
    0.048658739775419235,
    -0.04456936940550804,
    -0.011763868853449821,
    -0.061837710440158844,
    -0.06561016291379929,
    -0.004662211053073406,
    0.008761277422308922,
    0.05428188666701317,
    0.015353064984083176,
    0.0537484809756279,
    -0.10180144011974335,
    0.06393373012542725,
    -0.06410661339759827,
    -0.0012588320532813668,
    -0.004085917957127094,
    0.022126642987132072,
    -0.029778990894556046,
    0.10271070897579193,
    0.0004992490285076201,
    0.03200424090027809,
    0.02964533120393753,
    0.0006466061458922923,
    -0.06355279684066772,
    -0.050828926265239716,
    -0.03521854430437088,
    -0.032239995896816254,
    -0.011863152496516705,
    0.01804409734904766,
    0.026397695764899254,
    -0.0014254054985940456,
    -0.01196959801018238,
    -0.012907519936561584,
    -0.09289119392633438,
    0.05209224671125412,
    0.03915159031748772,
    -0.0146946394816041,
    0.09302401542663574,
    -0.016329145058989525,
    -0.04841795936226845,
    -0.013640981167554855,
    0.028155889362096786,
    -0.025138307362794876,
    -0.09280405938625336,
    0.004077584948390722,
    0.010539686307311058,
    -0.08415956050157547,
    2.233673043001366e-32,
    0.004645340144634247,
    -0.04479378089308739,
    -0.13046793639659882,
    0.06828614324331284,
    0.039826128631830215,
    -0.0072614047676324844,
    0.03205506131052971,
    0.0032014946918934584,
    -0.10224563628435135,
    0.032903607934713364,
    0.001047508092597127,
    0.06077565997838974,
    -0.011499674059450626,
    -0.05204768478870392,
    -0.040039896965026855,
    -0.0208284929394722,
    -0.062465913593769073,
    0.08406011760234833,
    -0.057313110679388046,
    -0.022983919829130173,
    0.03606591746211052,
    -0.062486957758665085,
    0.06997628509998322,
    0.027055732905864716,
    -0.003704986535012722,
    -0.01956915110349655,
    0.0418083518743515,
    -0.042410366237163544,
    -0.02469652332365513,
    0.016623321920633316,
    0.04445065185427666,
    0.04191078245639801,
    0.03414203226566315,
    0.060865290462970734,
    0.06214788556098938,
    0.154660165309906,
    0.002901128027588129,
    -0.10266494750976562,
    0.08313246816396713,
    -0.03298831358551979,
    -0.06523982435464859,
    -0.008278987370431423,
    0.012116974219679832,
    -0.0377119816839695,
    -0.001599096111021936,
    -0.0553053617477417,
    -0.0742124542593956,
    -0.023981476202607155,
    0.017829053103923798,
    0.025378737598657608,
    0.02610856667160988,
    -0.021007688716053963,
    0.10650190711021423,
    -0.061589911580085754,
    0.024175157770514488,
    0.04368598014116287,
    -0.12867730855941772,
    0.014790345914661884,
    -0.016941262409090996,
    0.05995336174964905,
    -0.00010255016968585551,
    0.024055855348706245,
    -0.06043948978185654,
    0.08131122589111328,
    -0.08519942313432693,
    -0.03511602431535721,
    -0.042351920157670975,
    -0.03950809687376022,
    0.0804450511932373,
    -0.05125006288290024,
    0.012700854800641537,
    0.05111248418688774,
    0.06826893985271454,
    0.013582545332610607,
    -0.01694810390472412,
    -0.06560088694095612,
    0.01136381272226572,
    -0.026819735765457153,
    0.0303791593760252,
    0.0015370596665889025,
    -0.11306894570589066,
    0.009132931008934975,
    0.03206229954957962,
    0.05158806964755058,
    -0.009837302379310131,
    -0.04577147215604782,
    0.006973242852836847,
    -0.0013802889734506607,
    -0.04970582574605942,
    -0.00498876441270113,
    -0.04465407133102417,
    0.029168562963604927,
    -0.01850230246782303,
    0.06677141785621643,
    0.05155331641435623,
    -2.1644871189318125e-32,
    -0.026866579428315163,
    -0.1133444532752037,
    -0.03534514456987381,
    0.01669507659971714,
    0.04582756757736206,
    -0.0007721632136963308,
    -0.06874387711286545,
    -0.09698163717985153,
    0.09425674378871918,
    -0.031136376783251762,
    -0.031054580584168434,
    -0.05890536680817604,
    -0.0013450852129608393,
    -0.04658638685941696,
    -0.051374971866607666,
    -0.05880240723490715,
    -0.016397656872868538,
    -0.04345393180847168,
    0.038017768412828445,
    0.07548303157091141,
    0.04018588736653328,
    -0.034283556044101715,
    -0.08570506423711777,
    0.07336115092039108,
    0.03837496414780617,
    -0.03228819742798805,
    -0.03247712552547455,
    -0.10736282914876938,
    0.07306648045778275,
    0.04050226882100105,
    -0.044169265776872635,
    -0.07577084749937057,
    -0.07095456123352051,
    -0.008746747858822346,
    -0.07372627407312393,
    -0.12709937989711761,
    0.1511952430009842,
    -0.0686618834733963,
    -0.014897576533257961,
    -0.05413560941815376,
    0.05067988857626915,
    0.08463059365749359,
    0.018804632127285004,
    0.01629462093114853,
    -0.008461101911962032,
    -0.0514695942401886,
    0.004826848860830069,
    0.044396184384822845,
    0.06821077316999435,
    -0.0697416439652443,
    0.05883987620472908,
    -0.00721012381836772,
    0.009910240769386292,
    -0.01556768175214529,
    -0.02266046591103077,
    0.05019652470946312,
    -0.00916194636374712,
    -0.024434847757220268,
    -0.019453873857855797,
    0.06155691295862198,
    0.0444643571972847,
    0.039163313806056976,
    -0.043338675051927567,
    0.03263533487915993,
    0.08477672934532166,
    -0.03238891065120697,
    -0.08041515201330185,
    -0.006777268368750811,
    -0.013129313476383686,
    -0.02773263305425644,
    -0.007119141519069672,
    -0.06763549894094467,
    -0.05877236649394035,
    -0.07847222685813904,
    0.11283533275127411,
    -0.014023784548044205,
    -0.023417465388774872,
    -0.06004101410508156,
    -0.0634646862745285,
    0.040627170354127884,
    0.055471181869506836,
    0.0609319843351841,
    -0.05245312303304672,
    0.0493311770260334,
    0.01753656193614006,
    0.09162333607673645,
    0.04743382707238197,
    0.024684004485607147,
    0.023567890748381615,
    0.04472300037741661,
    -0.07328767329454422,
    -0.05576484650373459,
    0.03636034578084946,
    0.03010616824030876,
    -0.041066866368055344,
    -5.999589802740957e-08,
    -0.04632868245244026,
    0.01696811243891716,
    -0.03088073618710041,
    -0.02856386825442314,
    -0.021948345005512238,
    0.013034259900450706,
    -0.000546275929082185,
    0.08509442955255508,
    -0.07633119821548462,
    -0.07636900991201401,
    0.07442739605903625,
    -0.017745422199368477,
    -0.023357126861810684,
    -0.04865803197026253,
    0.03926471248269081,
    -0.07166601717472076,
    -0.005857424344867468,
    -0.015304610133171082,
    -0.11029858887195587,
    -0.00019908769172616303,
    0.022787360474467278,
    -0.0548347607254982,
    -0.03159775584936142,
    0.04520382732152939,
    0.011040344834327698,
    -0.008525288663804531,
    0.028226777911186218,
    0.06844527274370193,
    -0.00522384000942111,
    0.028613006696105003,
    -0.0807218849658966,
    0.030794866383075714,
    -0.021439198404550552,
    -0.06053287163376808,
    0.013029858469963074,
    0.03616730496287346,
    0.004731873981654644,
    0.04176316782832146,
    0.04602685570716858,
    0.029712552204728127,
    -0.05191256105899811,
    0.03983820974826813,
    0.07025404274463654,
    0.04883104935288429,
    -0.010990329086780548,
    0.0005534025840461254,
    -0.07641508430242538,
    0.04825558513402939,
    0.02827894315123558,
    -0.06928516924381256,
    -0.0074653588235378265,
    -0.061666090041399,
    0.02573593333363533,
    -0.024651119485497475,
    0.024017104879021645,
    0.15575088560581207,
    0.0956747904419899,
    0.057726986706256866,
    0.029941657558083534,
    -0.05314796045422554,
    0.15373042225837708,
    0.042424947023391724,
    0.01181910838931799,
    0.04495871067047119
]