[
    -0.02237694524228573,
    0.0019492513965815306,
    -0.015793316066265106,
    -0.050807248800992966,
    -0.06706137210130692,
    0.0648759976029396,
    -0.03621683269739151,
    -0.027756836265325546,
    -0.00469411863014102,
    0.04816287383437157,
    -0.0308865737169981,
    -0.008471671491861343,
    -0.010404672473669052,
    -0.01970100775361061,
    0.05634854733943939,
    0.03481801599264145,
    0.06705018132925034,
    0.029105082154273987,
    -0.08710120618343353,
    -0.002851983532309532,
    -0.025863641873002052,
    0.01582949236035347,
    -0.012169786728918552,
    -0.008794696070253849,
    -0.07834440469741821,
    -0.02865947224199772,
    -0.062289316207170486,
    -0.06316832453012466,
    0.04656155779957771,
    -0.08298077434301376,
    0.03273589164018631,
    0.052141062915325165,
    0.061850979924201965,
    0.050355181097984314,
    -0.01270951796323061,
    -0.0022274060174822807,
    0.03292211890220642,
    -0.045965492725372314,
    0.02778763137757778,
    -0.03228800743818283,
    -0.03594384342432022,
    -0.0160040445625782,
    -0.02507539466023445,
    -0.033882301300764084,
    0.0021377159282565117,
    0.012308522127568722,
    -0.045354824513196945,
    -0.01663420908153057,
    -0.04043332859873772,
    0.03068031556904316,
    -0.03754125162959099,
    -0.043483540415763855,
    -0.02068614587187767,
    0.09742071479558945,
    -0.016840940341353416,
    0.04899563267827034,
    -0.014284199103713036,
    0.03533197566866875,
    -0.010043269023299217,
    -0.007785609923303127,
    -0.0348614938557148,
    -0.008009562268853188,
    -0.09537459909915924,
    0.06397474557161331,
    -0.04867944121360779,
    0.03140981122851372,
    -0.003396970685571432,
    0.012347971089184284,
    0.029865287244319916,
    0.02589840069413185,
    -0.026063771918416023,
    0.06019078567624092,
    0.05395914241671562,
    -0.008146912790834904,
    -0.03715301677584648,
    0.017727049067616463,
    -0.006733173970133066,
    -0.02272535301744938,
    0.06815596669912338,
    -0.05741727724671364,
    -0.06968659162521362,
    0.03343859687447548,
    -0.04061170667409897,
    -0.049465879797935486,
    -0.029125340282917023,
    -0.07027333974838257,
    -0.0029371061827987432,
    -0.003531763330101967,
    -0.013477102853357792,
    0.022751299664378166,
    0.02926315926015377,
    -0.0823449045419693,
    0.06605944782495499,
    -0.05679769441485405,
    0.028025247156620026,
    0.012602899223566055,
    0.04329454526305199,
    0.017901958897709846,
    0.09881898760795593,
    0.018742524087429047,
    0.053155142813920975,
    0.0341527983546257,
    -0.017629051581025124,
    -0.08141480386257172,
    -0.06035657599568367,
    -0.04950958862900734,
    -0.05817163363099098,
    -0.003819927340373397,
    -0.025601666420698166,
    -0.0059832981787621975,
    -0.035106074064970016,
    -0.027408773079514503,
    -0.02485041692852974,
    -0.10185528546571732,
    0.06168413907289505,
    0.05050517991185188,
    -0.019302697852253914,
    0.10711709409952164,
    0.014294230379164219,
    -0.03962453454732895,
    -0.022358229383826256,
    0.022376101464033127,
    -0.03861914575099945,
    -0.05130941420793533,
    -0.015125831589102745,
    0.006384389009326696,
    -0.023640181869268417,
    1.7419296667162293e-32,
    -0.009416858665645123,
    -0.07644305378198624,
    -0.12456628680229187,
    0.04120107367634773,
    0.08894836902618408,
    0.005699839908629656,
    -0.008133597671985626,
    -0.008968360722064972,
    -0.08437119424343109,
    0.04023754969239235,
    0.0024375326465815306,
    0.07139933854341507,
    -0.00251833931542933,
    -0.09352512657642365,
    -0.03369194641709328,
    -0.03615853562951088,
    -0.08409494906663895,
    0.12544158101081848,
    -0.09003718197345734,
    -0.005515790078788996,
    0.007717715110629797,
    -0.043073367327451706,
    0.011617925018072128,
    0.05664484202861786,
    0.05250508338212967,
    0.01102508045732975,
    0.07069160044193268,
    -0.014879665337502956,
    -0.01320725493133068,
    0.013557763770222664,
    0.01890365593135357,
    0.004607202019542456,
    0.024849317967891693,
    0.024142611771821976,
    0.061272021383047104,
    0.13272929191589355,
    0.001183412387035787,
    -0.044980600476264954,
    0.08498423546552658,
    -0.10198228806257248,
    -0.0506075955927372,
    -0.005082127638161182,
    -0.03153163939714432,
    -0.04591142386198044,
    0.03188733756542206,
    -0.0003354695800226182,
    -0.06395205855369568,
    -0.012449859641492367,
    0.09314075112342834,
    0.025103377178311348,
    0.01913917064666748,
    -0.034022051841020584,
    0.06670910865068436,
    -0.012260598130524158,
    0.06074782833456993,
    -0.009016071446239948,
    -0.04578651115298271,
    0.024183044210076332,
    -0.03138092905282974,
    0.05358767881989479,
    -0.0006466940394602716,
    0.07574870437383652,
    -0.05450701341032982,
    0.06960652023553848,
    -0.03212769329547882,
    -0.06540141999721527,
    -0.05543798580765724,
    -0.05386273190379143,
    0.0876072347164154,
    -0.09651893377304077,
    -0.028550757095217705,
    0.05461308732628822,
    0.030018387362360954,
    0.025937246158719063,
    -0.029431618750095367,
    -0.013672667555510998,
    -0.00961401779204607,
    -0.04614918306469917,
    0.02277853526175022,
    0.009919323027133942,
    -0.1221887469291687,
    0.04406338557600975,
    0.025463392958045006,
    0.0895623192191124,
    0.04918087646365166,
    -0.02833072654902935,
    -0.013453158549964428,
    0.02179737575352192,
    -0.0270196832716465,
    -0.0010735340183600783,
    0.027689151465892792,
    0.03534405678510666,
    -0.012734032236039639,
    0.05626412481069565,
    0.03820538520812988,
    -1.714528599524974e-32,
    0.05650768429040909,
    -0.03136485442519188,
    -0.08160936087369919,
    0.04400542750954628,
    0.04608447104692459,
    0.060384176671504974,
    -0.06777989864349365,
    -0.0794842317700386,
    0.06600998342037201,
    -0.06495828926563263,
    -0.029320934787392616,
    -0.021088451147079468,
    -0.02782083861529827,
    -0.01467211451381445,
    -0.03053681179881096,
    -0.11976846307516098,
    -0.003724260488525033,
    -0.02810750901699066,
    0.06152934953570366,
    0.09424366801977158,
    0.06484964489936829,
    -0.022234855219721794,
    -0.046472229063510895,
    0.0788583979010582,
    -0.0045315842144191265,
    -0.03126315027475357,
    -0.013631252571940422,
    -0.08588982373476028,
    0.05365558713674545,
    0.0417201891541481,
    -0.033342067152261734,
    -0.09537344425916672,
    -0.09496819972991943,
    0.04142274335026741,
    -0.013399269431829453,
    -0.1494569182395935,
    0.1528063863515854,
    -0.06441488116979599,
    -0.022547494620084763,
    -0.003113241633400321,
    0.048318106681108475,
    0.07555291801691055,
    0.013280682265758514,
    -0.0036971429362893105,
    -0.007695126347243786,
    -0.04942150041460991,
    0.026237061247229576,
    -0.01764608360826969,
    -0.05643577128648758,
    -0.07350253313779831,
    -0.009193239733576775,
    -0.03920227289199829,
    -0.02191891521215439,
    -0.02183428592979908,
    -0.03863527625799179,
    0.060380227863788605,
    -0.0013888721587136388,
    -0.07939331233501434,
    -0.024255668744444847,
    0.01779685914516449,
    0.04445025697350502,
    0.06836770474910736,
    -0.004405423067510128,
    0.019993865862488747,
    0.07754933834075928,
    0.01025678962469101,
    -0.09947169572114944,
    0.005761357489973307,
    -0.04819370061159134,
    -0.016807282343506813,
    0.011321748606860638,
    -0.09802103787660599,
    -0.08101756870746613,
    -0.0289288517087698,
    0.12956228852272034,
    -0.019138416275382042,
    -0.037178732454776764,
    -0.05575871095061302,
    -0.06573252379894257,
    0.020713776350021362,
    0.00663145212456584,
    0.06460025906562805,
    -0.04893331602215767,
    0.05028260126709938,
    0.011354590766131878,
    0.10427985340356827,
    0.0674109160900116,
    -0.03275316208600998,
    0.031127875670790672,
    0.07433746010065079,
    -0.03907880187034607,
    -0.013086119666695595,
    0.08025484532117844,
    0.04613390564918518,
    -0.05124111473560333,
    -4.8159119359070246e-08,
    -0.09528055042028427,
    0.0404258631169796,
    -0.029306763783097267,
    -0.023307863622903824,
    -0.00026318384334445,
    -0.02321987971663475,
    0.004971241112798452,
    0.04324942082166672,
    -0.035107579082250595,
    -0.04691152647137642,
    0.052541811019182205,
    0.0015041603473946452,
    -0.03627106174826622,
    -0.020404214039444923,
    0.033067721873521805,
    -0.02884744293987751,
    -0.01662692055106163,
    0.032531119883060455,
    -0.1032356321811676,
    -0.01961144246160984,
    -0.0004883733345195651,
    -0.023138834163546562,
    -0.04330644756555557,
    0.02670237235724926,
    0.014054866507649422,
    -0.018114537000656128,
    0.019167011603713036,
    0.10644470900297165,
    -0.004372347611933947,
    0.03920634463429451,
    -0.049592599272727966,
    0.05026066675782204,
    -0.03462032601237297,
    -0.0859975814819336,
    0.009807669557631016,
    0.01321610901504755,
    -0.019473327323794365,
    0.006436728872358799,
    0.08111590147018433,
    0.0408722460269928,
    -0.087947778403759,
    0.029332779347896576,
    0.05584843084216118,
    0.06057519093155861,
    0.0117639796808362,
    0.00060034089256078,
    -0.06497669965028763,
    0.024528713896870613,
    -0.022567186504602432,
    -0.09658297151327133,
    -0.028138553723692894,
    -0.02847643382847309,
    0.020817669108510017,
    -0.04531385004520416,
    -0.000689402804709971,
    0.1415347158908844,
    0.14618578553199768,
    0.03977577015757561,
    0.013604630716145039,
    -0.020456448197364807,
    0.08654026687145233,
    0.08473967760801315,
    0.017206870019435883,
    0.05051831528544426
]