[
    -0.03586166724562645,
    0.02305516228079796,
    -0.03295427933335304,
    -0.10698933899402618,
    -0.06234471872448921,
    0.054544512182474136,
    0.03353174775838852,
    -0.00499957799911499,
    0.002972534392029047,
    0.00197910750284791,
    0.007193173281848431,
    -0.01404416374862194,
    0.010501752607524395,
    0.031007274985313416,
    0.09855083376169205,
    -0.0061031002551317215,
    0.025904405862092972,
    0.007490965072065592,
    -0.11399678885936737,
    0.07475539296865463,
    0.01130570750683546,
    0.011197378858923912,
    -0.06155886501073837,
    -0.028075655922293663,
    -0.1005401685833931,
    -0.03427743539214134,
    -0.011416459456086159,
    -0.06607957184314728,
    0.009572376497089863,
    -0.05318788066506386,
    0.015884477645158768,
    0.02945674955844879,
    0.06760716438293457,
    0.08292023092508316,
    -0.029086332768201828,
    -0.0518709197640419,
    0.03250328451395035,
    -0.03229469433426857,
    -0.01366595458239317,
    -0.032682865858078,
    -0.024569064378738403,
    -0.023389343172311783,
    -0.04769055172801018,
    -0.019281582906842232,
    0.056364934891462326,
    0.0030197841115295887,
    -0.022787917405366898,
    -0.03656644746661186,
    -0.0370197668671608,
    0.0028329002670943737,
    -0.06571996212005615,
    -0.01807529106736183,
    -0.05956601724028587,
    0.060810912400484085,
    -0.019467638805508614,
    0.007429118268191814,
    0.028860637918114662,
    -0.011660049669444561,
    -0.02937380224466324,
    -0.009603632614016533,
    0.05870235711336136,
    0.0067485300824046135,
    -0.008369319140911102,
    0.06482585519552231,
    -0.0632576048374176,
    -0.00022407749202102423,
    0.04707838222384453,
    -0.014985964633524418,
    -0.0654650330543518,
    0.03440461307764053,
    -0.14463047683238983,
    -0.05602307245135307,
    -0.041716743260622025,
    0.029343698173761368,
    -0.02512427605688572,
    -0.02077876217663288,
    -0.011124882847070694,
    0.015111759305000305,
    0.05229198932647705,
    -0.12381848692893982,
    -0.06566616892814636,
    0.043984074145555496,
    -0.021977873519062996,
    -0.0009500184678472579,
    -0.07619722932577133,
    -0.030895205214619637,
    -0.03430129215121269,
    -0.010960140265524387,
    -0.006564835552126169,
    -0.024082742631435394,
    0.028405046090483665,
    -0.08947493880987167,
    0.09135250747203827,
    -0.040854014456272125,
    0.03634334355592728,
    0.009732184000313282,
    -0.007525009568780661,
    -0.05014747753739357,
    0.0058024730533361435,
    -0.02842644974589348,
    -0.0032265048939734697,
    0.06803722679615021,
    -0.05216849222779274,
    -0.01969875581562519,
    -0.07052414864301682,
    -0.030570928007364273,
    0.02850019372999668,
    -0.014762653037905693,
    0.027777215465903282,
    0.034342098981142044,
    -0.014206085354089737,
    0.005318477749824524,
    -0.06508338451385498,
    -0.08882096409797668,
    -0.003108140779659152,
    0.04703111574053764,
    -0.050792060792446136,
    0.08147835731506348,
    0.08648411184549332,
    -0.03863374888896942,
    -0.03276708722114563,
    0.0026870688889175653,
    -0.0707925483584404,
    -0.05358671024441719,
    -0.01243561040610075,
    -0.04072688892483711,
    0.014426227658987045,
    1.997421894499515e-32,
    -0.03646589070558548,
    -0.0030267350375652313,
    -0.13958774507045746,
    0.08186881989240646,
    0.07318203896284103,
    0.05661540478467941,
    0.02911481261253357,
    -0.010349223390221596,
    -0.10810644179582596,
    0.05051643028855324,
    0.0007923874072730541,
    0.06140989065170288,
    0.0023901204112917185,
    0.03590132296085358,
    -0.06130964308977127,
    0.03968286141753197,
    -0.031087471172213554,
    0.08479133248329163,
    0.024441268295049667,
    0.031373001635074615,
    0.04787023738026619,
    -0.01143112313002348,
    0.04474807530641556,
    0.05751293897628784,
    0.02079729735851288,
    -0.006023218389600515,
    -0.014034535735845566,
    0.002107379725202918,
    0.08625587075948715,
    0.007983345538377762,
    0.06073407456278801,
    0.004015155602246523,
    0.04563814401626587,
    0.005568394903093576,
    0.04555090144276619,
    0.13708378374576569,
    0.013697902671992779,
    -0.07503761351108551,
    0.08071167021989822,
    -0.04779801517724991,
    -0.05451519414782524,
    0.009659409523010254,
    -0.03700161725282669,
    0.018237337470054626,
    -0.03256509080529213,
    -0.002858232008293271,
    -0.00848828349262476,
    0.03148060292005539,
    0.09638192504644394,
    0.06813468039035797,
    -0.051963768899440765,
    0.014102471061050892,
    0.0337790809571743,
    -0.061675090342760086,
    -0.039055440574884415,
    0.005785695277154446,
    -0.06247067451477051,
    0.030826488509774208,
    -0.06800858676433563,
    0.06358350813388824,
    -0.03945688158273697,
    0.05080350860953331,
    -0.010264089331030846,
    0.012169349007308483,
    0.017373155802488327,
    -0.010447162203490734,
    -0.00398588739335537,
    -0.05193623900413513,
    0.0034030405804514885,
    -0.05970682576298714,
    -0.04743453860282898,
    0.055974945425987244,
    0.04202360659837723,
    -0.0065476978197693825,
    0.012905636802315712,
    -0.05119332671165466,
    0.009130437858402729,
    -0.04287965968251228,
    0.05508161336183548,
    0.03160256892442703,
    -0.13587892055511475,
    0.027999941259622574,
    0.07726845145225525,
    0.0479021891951561,
    -0.03911571577191353,
    -0.016763124614953995,
    0.0003575729497242719,
    0.06635082513093948,
    -0.024744780734181404,
    0.0419497974216938,
    -0.0036922243889421225,
    0.016824569553136826,
    0.02904478833079338,
    0.0892309918999672,
    0.10581063479185104,
    -2.0884383649685708e-32,
    0.020598776638507843,
    -0.017949538305401802,
    -0.05325585603713989,
    0.019499212503433228,
    0.029291566461324692,
    0.02661803364753723,
    -0.058171071112155914,
    -0.09702043235301971,
    0.08493886888027191,
    0.04111411049962044,
    0.04391997307538986,
    -0.056677721440792084,
    0.010469305329024792,
    -0.06299607455730438,
    -0.002401211531832814,
    -0.07354425638914108,
    -0.1089802160859108,
    -0.037238653749227524,
    0.02372313104569912,
    0.07516904920339584,
    0.0622711218893528,
    -0.03806350752711296,
    0.002437604358419776,
    0.12184857577085495,
    0.05560370162129402,
    0.02874148078262806,
    -0.059263233095407486,
    -0.042058125138282776,
    0.04562598094344139,
    -0.03463047370314598,
    -0.024484645575284958,
    -0.05155326426029205,
    -0.049675095826387405,
    0.029469285160303116,
    -0.09915658086538315,
    -0.14196807146072388,
    0.05750416964292526,
    -0.046751148998737335,
    0.008913899771869183,
    -0.05772559344768524,
    0.06742650270462036,
    0.03313203528523445,
    -0.0554906390607357,
    0.0499655120074749,
    -0.0027064080350100994,
    -0.04379911720752716,
    0.017295747995376587,
    -0.013466107659041882,
    0.07087749242782593,
    -0.01885875314474106,
    0.0849052146077156,
    0.02368304319679737,
    -0.009245785884559155,
    -0.026031233370304108,
    -0.04166966304183006,
    0.10664410144090652,
    0.051281824707984924,
    0.0038784067146480083,
    -0.031813398003578186,
    -0.033447425812482834,
    0.07477858662605286,
    0.0467662513256073,
    0.00857474934309721,
    0.0854078084230423,
    0.06893850862979889,
    -0.0016028392128646374,
    -0.0007186080911196768,
    -0.008508152328431606,
    -0.01354162860661745,
    -0.046177320182323456,
    -0.03181641548871994,
    -0.11455824226140976,
    -0.0794491171836853,
    -0.07483287155628204,
    0.0995837152004242,
    -0.07228328287601471,
    -0.03768407925963402,
    -0.14798131585121155,
    -0.06666343659162521,
    0.044169094413518906,
    0.06940855830907822,
    0.054967645555734634,
    -0.006253373809158802,
    0.05574548989534378,
    0.0019103426020592451,
    0.024283409118652344,
    -0.005778657738119364,
    -0.021826734766364098,
    0.01976814866065979,
    0.055635061115026474,
    -0.07100941985845566,
    -0.05482975393533707,
    -0.026372939348220825,
    -0.014735076576471329,
    -0.07171168923377991,
    -5.798094449005475e-08,
    -0.03703663870692253,
    0.05601445212960243,
    -0.014329619705677032,
    -0.0496794618666172,
    -0.056503307074308395,
    -0.015484114177525043,
    0.003037909744307399,
    0.006672864779829979,
    -0.017141178250312805,
    -0.009666983969509602,
    0.03959262743592262,
    0.0046075196005403996,
    -0.06964869797229767,
    -0.01848691888153553,
    0.05585794150829315,
    -0.05240585654973984,
    -0.04949693754315376,
    -0.041718289256095886,
    -0.07691091299057007,
    0.0712561160326004,
    -0.034518517553806305,
    -0.03570639714598656,
    -0.051333654671907425,
    0.00766637921333313,
    0.03874731436371803,
    0.007713688537478447,
    0.0597565621137619,
    0.156180739402771,
    0.034722696989774704,
    0.03869960084557533,
    -0.04501476138830185,
    -0.00711063900962472,
    -0.011567766778171062,
    -0.02907833829522133,
    -0.08609826117753983,
    -0.07362660020589828,
    0.04010704532265663,
    0.018992936238646507,
    0.03184748440980911,
    -0.017138907685875893,
    -0.06771170347929001,
    0.021638670936226845,
    -0.007963219657540321,
    0.042495936155319214,
    -0.007605481892824173,
    -0.014881323091685772,
    -0.08787985891103745,
    0.015049041248857975,
    0.023787587881088257,
    -0.08445359021425247,
    -0.05450744926929474,
    -0.04368932917714119,
    0.05105936527252197,
    0.016092531383037567,
    -0.07164705544710159,
    0.05470629781484604,
    0.007603120990097523,
    -0.00031226049759425223,
    0.05007271096110344,
    -0.023418808355927467,
    0.07325295358896255,
    0.04900950565934181,
    0.03362053260207176,
    -0.06895449012517929
]