[
    -0.05062778666615486,
    0.02577320486307144,
    -0.04277249798178673,
    -0.07824432104825974,
    -0.049661099910736084,
    0.05067242309451103,
    0.004552078898996115,
    -0.0655064657330513,
    0.015009831637144089,
    -0.0188905019313097,
    -0.01961401104927063,
    -0.017066016793251038,
    0.018001653254032135,
    -0.032940998673439026,
    0.08780895173549652,
    0.014921832829713821,
    0.04263012483716011,
    0.06859606504440308,
    -0.09511898458003998,
    0.0330691859126091,
    -0.0035876405891031027,
    0.08075276017189026,
    -0.026068342849612236,
    -0.023936059325933456,
    -0.13091610372066498,
    -0.032069407403469086,
    0.016646677628159523,
    -0.07769934087991714,
    0.011691984720528126,
    -0.04612208530306816,
    0.027791710570454597,
    -0.0059027825482189655,
    0.05131630599498749,
    0.07021067291498184,
    -0.01883913204073906,
    -0.009718368761241436,
    -0.01812172308564186,
    0.042352091521024704,
    -0.007712684106081724,
    0.05941474437713623,
    -0.05479174852371216,
    -0.05104638263583183,
    -0.03639260306954384,
    -0.021115781739354134,
    0.020784175023436546,
    -0.005666257813572884,
    -0.08052560687065125,
    -0.05431259423494339,
    0.02547486498951912,
    0.05209053307771683,
    -0.03869319334626198,
    -0.02193807251751423,
    -0.06192559376358986,
    0.10062582790851593,
    -0.0774865448474884,
    -0.018257038667798042,
    -0.053789764642715454,
    -0.004063674248754978,
    -0.07540123164653778,
    0.013818599283695221,
    -0.014936988241970539,
    0.03667758032679558,
    0.031855110079050064,
    0.07479268312454224,
    -0.02197931706905365,
    0.06326361000537872,
    -0.0391177237033844,
    -0.013960671611130238,
    -0.02345820888876915,
    -0.009653948247432709,
    -0.07826055586338043,
    -0.0184702817350626,
    -0.03334600850939751,
    0.047045182436704636,
    -0.024647096171975136,
    0.010004089213907719,
    -0.03824111074209213,
    0.021776685491204262,
    0.08266819268465042,
    -0.14162151515483856,
    -0.03075714409351349,
    0.03512810543179512,
    -0.0329430066049099,
    0.06694334000349045,
    -0.0682625025510788,
    0.006368169095367193,
    -0.0028608161956071854,
    -0.01851884089410305,
    -0.06007911264896393,
    -0.01880132406949997,
    0.058243561536073685,
    -0.061004120856523514,
    0.1106700748205185,
    -0.05973808467388153,
    0.07204778492450714,
    -0.01796504482626915,
    -0.04128464683890343,
    -0.08707645535469055,
    0.035306863486766815,
    -0.027970237657427788,
    -0.07232017070055008,
    0.03199654445052147,
    0.06311143934726715,
    0.005960109177976847,
    -0.07180274277925491,
    -0.07040941715240479,
    0.043274179100990295,
    -0.005054345820099115,
    0.004778564907610416,
    0.04669628292322159,
    0.05033653602004051,
    0.05161496251821518,
    -0.0935635194182396,
    -0.15265747904777527,
    0.03889114782214165,
    -0.032861463725566864,
    -0.04083670303225517,
    0.04490186646580696,
    0.029386315494775772,
    -0.04046665132045746,
    -0.03189902380108833,
    0.0014899825910106301,
    -0.04231086000800133,
    -0.0767662525177002,
    -0.012517666444182396,
    -0.005371238104999065,
    -0.0445064939558506,
    2.1058208407445615e-32,
    0.0038048033602535725,
    0.014757681638002396,
    -0.036425214260816574,
    0.046782709658145905,
    -0.0028930078260600567,
    0.0224237572401762,
    -0.00016308462363667786,
    -0.021765785291790962,
    -0.042032964527606964,
    0.10683730244636536,
    -0.03176417201757431,
    0.1065739169716835,
    -0.015436592511832714,
    -0.046975407749414444,
    -0.015051580965518951,
    0.07431033253669739,
    0.011327972635626793,
    0.0940866470336914,
    -0.010536319576203823,
    0.0632733628153801,
    0.020174166187644005,
    -0.0032704488839954138,
    -0.004163889680057764,
    0.057848088443279266,
    -0.03208557516336441,
    0.034536391496658325,
    0.029697878286242485,
    -0.009474371559917927,
    0.01197106298059225,
    0.008584418334066868,
    0.053136907517910004,
    0.01101621426641941,
    0.01678111031651497,
    -0.024760806933045387,
    0.05617386847734451,
    0.10380347818136215,
    0.0389656163752079,
    -0.02971077337861061,
    0.08515383303165436,
    -0.06542453169822693,
    -0.01026326697319746,
    -0.013693549670279026,
    0.07578623294830322,
    0.018400361761450768,
    0.023629091680049896,
    0.0020687757059931755,
    0.02478179894387722,
    -0.00410919263958931,
    0.027899419888854027,
    0.06108665093779564,
    -0.02223171293735504,
    0.010471457615494728,
    -0.01163052674382925,
    -0.02269192412495613,
    0.01233529020100832,
    -0.019827209413051605,
    -0.04909147694706917,
    0.04385405778884888,
    -0.040969397872686386,
    0.07180590182542801,
    0.0021873079240322113,
    0.07617516815662384,
    -0.03527010232210159,
    -0.0082215815782547,
    -0.03765843063592911,
    -0.07402180880308151,
    -0.017625592648983,
    -0.07869802415370941,
    0.05902270972728729,
    -0.032534509897232056,
    0.009249094873666763,
    0.06604212522506714,
    -0.015729760751128197,
    0.04718508571386337,
    -0.01653927005827427,
    -0.03195059299468994,
    -0.020053982734680176,
    -0.03555276617407799,
    0.040976203978061676,
    0.0016053521540015936,
    -0.0794147253036499,
    0.022388676181435585,
    0.030679337680339813,
    0.0875651091337204,
    -0.02560560405254364,
    0.012385736219584942,
    0.05297347158193588,
    -0.010810856707394123,
    -0.09041590243577957,
    -0.020744197070598602,
    -0.02006162516772747,
    0.0646064355969429,
    0.04356031119823456,
    0.08910483866930008,
    0.006878468673676252,
    -2.1113195094441205e-32,
    -0.0009165286319330335,
    -0.04891885444521904,
    -0.05837684124708176,
    -0.02386724390089512,
    0.05849425122141838,
    -0.021002542227506638,
    0.021330025047063828,
    -0.0771905705332756,
    0.035643771290779114,
    0.0625406950712204,
    0.041192684322595596,
    -0.06574556976556778,
    -0.04829555004835129,
    -0.034223128110170364,
    0.00905258022248745,
    -0.02579158917069435,
    -0.07201258838176727,
    -0.04410994425415993,
    -0.029505407437682152,
    0.09240786731243134,
    -0.019734609872102737,
    0.04019777849316597,
    0.030196987092494965,
    0.10284923762083054,
    0.057341068983078,
    0.0691414549946785,
    -0.027633052319288254,
    0.0021510079968720675,
    0.0932919904589653,
    -0.051021456718444824,
    -0.04449848830699921,
    -0.023013345897197723,
    -0.0476592481136322,
    0.009989951737225056,
    -0.1190931424498558,
    -0.195795938372612,
    0.06757906079292297,
    -0.07903113216161728,
    -0.015923110768198967,
    -0.1013098880648613,
    0.07340613752603531,
    0.0205263439565897,
    -0.02476573921740055,
    0.013422197662293911,
    0.05282342806458473,
    -0.05896680802106857,
    0.08054044097661972,
    -0.02280944585800171,
    0.0008560963324271142,
    -0.00037364879972301424,
    0.007061097305268049,
    -0.06083791330456734,
    -0.015487100929021835,
    0.008641885593533516,
    -0.018665922805666924,
    0.07709357887506485,
    0.031899724155664444,
    -0.056250471621751785,
    -0.022217484191060066,
    -0.03430861607193947,
    0.08206430822610855,
    0.06524133682250977,
    -0.015731865540146828,
    0.11764316260814667,
    0.03718561679124832,
    -0.03039712645113468,
    0.00341385742649436,
    -0.03334223851561546,
    -0.07164084166288376,
    -0.06574007868766785,
    -0.07323743402957916,
    -0.08412045240402222,
    -0.043063629418611526,
    -0.13055668771266937,
    0.026356929913163185,
    -0.046519652009010315,
    -0.03899356722831726,
    -0.13937881588935852,
    -0.05754948779940605,
    -0.0065389396622776985,
    0.05110177770256996,
    -0.02350001223385334,
    -0.07259707897901535,
    0.08704881370067596,
    -0.029004614800214767,
    0.011929089203476906,
    0.07585687190294266,
    -0.0560772679746151,
    -0.010947871953248978,
    0.09313689917325974,
    -0.10537150502204895,
    -0.006511904299259186,
    -0.05657171830534935,
    0.03598829358816147,
    -0.07281342893838882,
    -5.749153331180423e-08,
    -0.04816921800374985,
    0.10697141289710999,
    -0.00607422785833478,
    -0.04268423095345497,
    -0.005973355378955603,
    -0.06111147999763489,
    -0.04941348358988762,
    0.010096746496856213,
    -0.00047352619003504515,
    -0.03844575211405754,
    0.026179594919085503,
    0.05038641393184662,
    -0.03703546151518822,
    0.008719634264707565,
    0.07887644320726395,
    -0.011148706078529358,
    -0.06334701180458069,
    -0.05700711905956268,
    -0.046507928520441055,
    0.03108014538884163,
    -0.027825845405459404,
    -0.007102921139448881,
    -0.044114526361227036,
    0.017342187464237213,
    0.029779987409710884,
    0.009417313151061535,
    -0.032202236354351044,
    0.021691009402275085,
    0.09817542880773544,
    0.04181212559342384,
    -0.01570865325629711,
    0.018005425110459328,
    -0.00624872138723731,
    -0.006014838349074125,
    -0.03474563732743263,
    -0.07097630202770233,
    0.049518465995788574,
    -0.0027194619178771973,
    0.04761151969432831,
    -0.0005279851029627025,
    0.00028295445372350514,
    0.0010699275881052017,
    0.014918152242898941,
    0.08788993954658508,
    -0.0010996696073561907,
    -0.05640013888478279,
    -0.03386665880680084,
    0.018493197858333588,
    0.00046072519035078585,
    -0.05988318473100662,
    -0.05176589637994766,
    -0.061252277344465256,
    0.06411772221326828,
    -0.03428873047232628,
    -0.040626123547554016,
    0.048824649304151535,
    0.04192541539669037,
    0.016834627836942673,
    -0.012526716105639935,
    0.0017454606713727117,
    0.07620109617710114,
    0.026645604521036148,
    0.03881602734327316,
    -0.008386299014091492
]