[
    0.010309111326932907,
    -0.027649100869894028,
    -0.018222296610474586,
    -0.04682598263025284,
    -0.028718501329421997,
    0.06281287968158722,
    -0.09273731708526611,
    -0.020036663860082626,
    -0.1033984124660492,
    -0.00325932283885777,
    0.023961998522281647,
    -0.05371624603867531,
    -0.03012360818684101,
    -0.01003825943917036,
    0.03129912167787552,
    0.011415868066251278,
    0.0356006994843483,
    0.048289794474840164,
    -0.07173509895801544,
    0.005499705206602812,
    0.025897612795233727,
    0.04078210890293121,
    -0.04940859228372574,
    0.018900901079177856,
    -0.1574113816022873,
    -0.0005016394425183535,
    -0.0311097651720047,
    -0.023242482915520668,
    0.03407866135239601,
    -0.060973573476076126,
    -0.02461102046072483,
    0.049305617809295654,
    0.05046221986413002,
    0.029416127130389214,
    0.02476378343999386,
    0.022367948666214943,
    0.031357940286397934,
    0.00044663139851763844,
    0.035245105624198914,
    -0.006148966029286385,
    -0.07438132911920547,
    -0.06958606839179993,
    -0.06979280710220337,
    -0.05447227135300636,
    -0.01035533007234335,
    -0.007802431937307119,
    0.009145905263721943,
    -0.06755480170249939,
    -0.026377884671092033,
    -0.0034051714465022087,
    -0.018021199852228165,
    -0.032702937722206116,
    -7.259794801939279e-05,
    -0.026207303628325462,
    -0.02769823744893074,
    -0.06078097224235535,
    -0.01682954467833042,
    0.048390403389930725,
    -0.014549832791090012,
    -0.02293263003230095,
    0.06708560138940811,
    -0.015480655245482922,
    -0.06325658410787582,
    0.07306992262601852,
    -0.03389475494623184,
    0.0317453034222126,
    -0.041308533400297165,
    -0.025558890774846077,
    0.011679433286190033,
    -0.032665058970451355,
    -0.13398629426956177,
    -0.019322216510772705,
    -0.054511699825525284,
    0.01955943927168846,
    -0.02150159887969494,
    0.05002928525209427,
    -0.0037268088199198246,
    0.037861619144678116,
    0.07254461199045181,
    -0.11634400486946106,
    -0.055153410881757736,
    0.039156608283519745,
    -0.00120808114297688,
    0.03750485181808472,
    -0.04541745036840439,
    -0.04572814330458641,
    -0.01355858612805605,
    0.024295516312122345,
    0.020761828869581223,
    0.030009862035512924,
    0.10781659930944443,
    -0.06512424349784851,
    0.13968892395496368,
    -0.036448780447244644,
    -0.0014757427852600813,
    -0.009989434853196144,
    -0.009258771315217018,
    -0.04387936368584633,
    0.03459296002984047,
    -0.033002324402332306,
    0.03179575130343437,
    0.026799986138939857,
    -0.0815780982375145,
    0.036432553082704544,
    -0.07984674721956253,
    -0.03713541477918625,
    0.013315645046532154,
    -0.018409807235002518,
    0.02181386761367321,
    0.01921369694173336,
    0.00963335856795311,
    0.03478037938475609,
    -0.044705744832754135,
    -0.1450972557067871,
    -0.00267611350864172,
    -0.04819001629948616,
    -0.08476153016090393,
    0.05037834122776985,
    -0.0014694001292809844,
    0.01761598512530327,
    -0.0016616053180769086,
    0.00955221801996231,
    -0.02518039382994175,
    -0.1077248826622963,
    0.039954766631126404,
    0.059334248304367065,
    0.0003249016881454736,
    1.575224437428871e-32,
    0.009709127247333527,
    0.016095750033855438,
    -0.09888128936290741,
    0.0760362297296524,
    0.05449194833636284,
    -0.05276741087436676,
    0.04952847212553024,
    0.009401115588843822,
    -0.05641613528132439,
    0.019617324694991112,
    0.07523707300424576,
    0.05467090755701065,
    -0.10618386417627335,
    -0.04554145038127899,
    -0.005586880724877119,
    0.02008609101176262,
    0.027203351259231567,
    0.06718376278877258,
    0.029750162735581398,
    0.016138162463903427,
    -0.002457341644912958,
    -0.08091753721237183,
    0.014818092808127403,
    0.0014988873153924942,
    0.07003571093082428,
    -0.009882207028567791,
    0.006057601422071457,
    0.06625504791736603,
    0.017727108672261238,
    0.035676173865795135,
    0.09930771589279175,
    0.028106870129704475,
    0.038381051272153854,
    -0.049897484481334686,
    0.010199451819062233,
    0.0834909975528717,
    0.06133555248379707,
    -0.09182325005531311,
    0.0982118621468544,
    -0.0791609138250351,
    -0.07520883530378342,
    -0.0001726471964502707,
    0.014559146948158741,
    0.011557447724044323,
    0.07255789637565613,
    -0.020438997074961662,
    0.04151551052927971,
    0.015212714672088623,
    0.06288708746433258,
    0.04590911790728569,
    -0.0585908479988575,
    0.003687456715852022,
    0.028880441561341286,
    -0.06595862656831741,
    -0.012544715777039528,
    -0.018850332126021385,
    -0.011806541122496128,
    0.015649640932679176,
    -0.07931510359048843,
    0.0693407729268074,
    -0.03711187094449997,
    0.06747347116470337,
    -0.0190767552703619,
    0.035771265625953674,
    0.00609737541526556,
    -0.02603265643119812,
    0.01808285154402256,
    -0.04007953777909279,
    0.01439106184989214,
    0.03425202518701553,
    -0.05916626751422882,
    0.012067325413227081,
    -0.028206732124090195,
    0.023268315941095352,
    -0.033652618527412415,
    -0.07277955859899521,
    -0.012870565988123417,
    0.009375697001814842,
    0.045997243374586105,
    0.026135975494980812,
    -0.1053759828209877,
    0.0836213007569313,
    0.043298251926898956,
    0.05210861191153526,
    0.06463341414928436,
    -0.05472409725189209,
    0.08188631385564804,
    0.055222287774086,
    -0.0032977077644318342,
    -0.0017998182447627187,
    0.014656294137239456,
    -0.012947529554367065,
    0.04823626950383186,
    0.08341941982507706,
    0.05452220141887665,
    -1.5481359047981408e-32,
    0.050088364630937576,
    -0.03025045245885849,
    -0.023328663781285286,
    0.03404686972498894,
    0.029236529022455215,
    0.009087990038096905,
    -0.09087180346250534,
    -0.03926737606525421,
    0.06892895698547363,
    -0.013058284297585487,
    0.04237725958228111,
    -0.06327846646308899,
    0.003696558764204383,
    -0.035106584429740906,
    -0.09181557595729828,
    -0.030880266800522804,
    -0.1071714535355568,
    0.004233167506754398,
    0.002653614617884159,
    0.05574346333742142,
    0.030695240944623947,
    -0.04153210297226906,
    -8.883744158083573e-05,
    0.09290321916341782,
    -0.005763727240264416,
    0.016978958621621132,
    -0.06678405404090881,
    -0.05549738556146622,
    0.04417868331074715,
    -0.021341022104024887,
    -0.0563812218606472,
    -0.09730593115091324,
    -0.04402810335159302,
    0.07162060588598251,
    -0.06661466509103775,
    -0.14361906051635742,
    0.012906813994050026,
    -0.0731348767876625,
    -0.031158464029431343,
    0.010637341998517513,
    0.03889364004135132,
    0.04831555485725403,
    0.0029764906503260136,
    0.019700104370713234,
    -0.031094186007976532,
    -0.07957752794027328,
    0.07672750949859619,
    -0.06478884071111679,
    0.017746148630976677,
    -0.06576073169708252,
    0.04303022846579552,
    -0.020308049395680428,
    -0.0031301386188715696,
    -0.007089534774422646,
    -0.009373823180794716,
    0.08216791599988937,
    0.04264523833990097,
    0.015129756182432175,
    -0.041643738746643066,
    0.015912143513560295,
    0.03411562740802765,
    0.09921414405107498,
    0.02293512038886547,
    0.05596606433391571,
    0.08436036109924316,
    -0.03401484712958336,
    -0.044655755162239075,
    -0.047677669674158096,
    -0.0431566946208477,
    -0.04720959812402725,
    -0.008300015702843666,
    -0.1268574297428131,
    -0.06776567548513412,
    -0.046360354870557785,
    0.028676491230726242,
    -0.0748923048377037,
    -0.047116875648498535,
    -0.10814552009105682,
    -0.0667937695980072,
    0.03323141857981682,
    -0.018354440107941628,
    0.08297712355852127,
    -0.04572378098964691,
    0.11056500673294067,
    -0.0034141053911298513,
    0.07626218348741531,
    0.04603885859251022,
    -0.006693752482533455,
    0.07589299976825714,
    0.08300941437482834,
    -0.07033784687519073,
    0.011043583042919636,
    -0.027528638020157814,
    0.06927350163459778,
    -0.04211010783910751,
    -4.7906386413387736e-08,
    -0.06114747375249863,
    0.06554744392633438,
    -0.06502296775579453,
    0.00780626991763711,
    0.007684328127652407,
    0.009707225486636162,
    -0.028313100337982178,
    -0.05500556901097298,
    -0.03022647649049759,
    -0.0607319138944149,
    0.038370270282030106,
    0.01786169968545437,
    -0.023261550813913345,
    0.0006715321214869618,
    0.04276763275265694,
    -0.025758447125554085,
    -0.07034508883953094,
    0.04461400583386421,
    -0.08952762186527252,
    0.06768372654914856,
    -0.03580806404352188,
    -0.003426182549446821,
    0.018064402043819427,
    -0.0057805683463811874,
    0.04253314435482025,
    -0.036194462329149246,
    -0.054701417684555054,
    0.08982902020215988,
    0.04436465725302696,
    0.08946748822927475,
    0.022204836830496788,
    -0.014624089002609253,
    0.032347384840250015,
    -0.04237280786037445,
    -0.03991526737809181,
    -0.02790648117661476,
    -0.008641928434371948,
    0.013799083419144154,
    0.03899577260017395,
    0.04472945258021355,
    -0.04084458574652672,
    0.04084371402859688,
    0.04632861539721489,
    0.12013787031173706,
    -0.027073746547102928,
    -0.017950138077139854,
    -0.08965890854597092,
    0.04390877112746239,
    0.003775504417717457,
    -0.08866655081510544,
    0.023454224690794945,
    -0.06534994393587112,
    0.061458006501197815,
    0.0072975377552211285,
    -0.027840323746204376,
    0.04879085347056389,
    0.03089221380650997,
    0.05146489292383194,
    -0.010434132069349289,
    -0.020540008321404457,
    0.06639150530099869,
    0.0358029343187809,
    0.05975913256406784,
    -0.019585473462939262
]