[
    -0.04336585849523544,
    0.04278522729873657,
    -0.009870712645351887,
    -0.04066866263747215,
    -0.020919743925333023,
    0.03251237794756889,
    -0.022008541971445084,
    -0.02642606943845749,
    -0.01685573160648346,
    0.016830354928970337,
    0.026931067928671837,
    -0.06215684860944748,
    -0.0019715421367436647,
    -0.009091080166399479,
    0.06733731180429459,
    -0.01208018884062767,
    0.05684296786785126,
    0.05354933440685272,
    -0.08145841211080551,
    0.04836325719952583,
    0.04237719997763634,
    0.06505867838859558,
    -0.041981037706136703,
    0.027875592932105064,
    -0.15205605328083038,
    0.007856415584683418,
    -0.02133364789187908,
    -0.03658903390169144,
    0.05341152101755142,
    -0.08123145252466202,
    0.017394034191966057,
    -0.0129461120814085,
    0.05782020837068558,
    0.06269791722297668,
    -0.02233707159757614,
    -0.0019971574656665325,
    0.018187586218118668,
    -0.033615220338106155,
    -0.08684314042329788,
    0.012500666081905365,
    -0.00015230078133754432,
    -0.028476638719439507,
    -0.05856141448020935,
    -0.007142430171370506,
    0.04497790336608887,
    0.05335066840052605,
    -0.0011878138175234199,
    0.0063128601759672165,
    -0.047480903565883636,
    -0.032340023666620255,
    -0.08672494441270828,
    -0.07059148699045181,
    -0.030497146770358086,
    0.05865605175495148,
    -0.0593639612197876,
    -0.06318513303995132,
    0.010885758325457573,
    -0.005450939293950796,
    -0.06266576796770096,
    -0.015089723281562328,
    0.019022081047296524,
    0.013002785854041576,
    -0.019927604123950005,
    0.05939044803380966,
    0.002575090155005455,
    0.05292642116546631,
    -0.010192942805588245,
    -0.0022882723715156317,
    0.04681634530425072,
    0.04737897589802742,
    -0.07055151462554932,
    0.023502785712480545,
    0.0355556420981884,
    0.057737722992897034,
    -0.04614716023206711,
    -0.016595620661973953,
    -0.0800095945596695,
    0.05591107904911041,
    0.02258438616991043,
    -0.06954432278871536,
    -0.059068094938993454,
    -0.003077548462897539,
    0.00076521240407601,
    0.09174506366252899,
    -0.025693239644169807,
    -0.035922061651945114,
    -0.008351262658834457,
    -0.025491662323474884,
    -0.08415766805410385,
    -0.041499145328998566,
    0.06834357231855392,
    -0.06435781717300415,
    0.13280652463436127,
    -0.0969802588224411,
    0.028793971985578537,
    -0.03314594551920891,
    -0.017382202669978142,
    -0.04881975054740906,
    0.03431544080376625,
    -0.047045979648828506,
    -0.022045021876692772,
    0.01024184562265873,
    -0.013574794866144657,
    -0.0031042902264744043,
    0.0005123006994836032,
    -0.06626203656196594,
    0.009059412404894829,
    -0.022908702492713928,
    -0.017697349190711975,
    0.03454278036952019,
    0.0002462782140355557,
    -0.01381903700530529,
    -0.08433856815099716,
    -0.13377238810062408,
    0.12750796973705292,
    0.00530975591391325,
    0.0016397929284721613,
    0.04770967736840248,
    0.0025694561190903187,
    -0.05784093588590622,
    -0.04351727291941643,
    -0.0113750034943223,
    -0.07516470551490784,
    -0.06364665925502777,
    0.0019941178616136312,
    0.07381676882505417,
    -0.05030328780412674,
    1.7324850104177538e-32,
    -0.016170036047697067,
    0.07280392944812775,
    -0.11236841976642609,
    0.026978731155395508,
    0.03199600428342819,
    0.01668757013976574,
    -0.012188112363219261,
    0.0266227126121521,
    0.013387113809585571,
    0.06039990484714508,
    -0.028255099430680275,
    0.035091646015644073,
    0.01914290152490139,
    -0.03490433469414711,
    -0.05538276210427284,
    0.04794912040233612,
    -0.01257616188377142,
    0.11003030836582184,
    -0.040206488221883774,
    0.08131890743970871,
    0.03153494745492935,
    -0.00943467766046524,
    0.011839184910058975,
    0.03814133629202843,
    -0.007676204666495323,
    0.003241579979658127,
    0.035991400480270386,
    -0.03868080675601959,
    -0.007281272206455469,
    -0.04152153432369232,
    0.07771388441324234,
    -0.002590092597529292,
    0.07965230196714401,
    0.01932082138955593,
    0.044254325330257416,
    0.08206499367952347,
    0.01931556686758995,
    -0.0487472303211689,
    0.06937503814697266,
    -0.06733483821153641,
    -0.06684703379869461,
    0.013679142110049725,
    -0.03813477233052254,
    0.03186463937163353,
    0.06462768465280533,
    0.019339583814144135,
    0.002136607887223363,
    -0.06734486669301987,
    0.03132112696766853,
    0.04775527864694595,
    0.009873664006590843,
    -1.5487257769564167e-05,
    0.07020850479602814,
    0.04259705916047096,
    0.03822072967886925,
    -0.0005487435264512897,
    -0.015178816393017769,
    -0.0017896981444209814,
    -0.06445101648569107,
    0.06758477538824081,
    0.05301164090633392,
    -0.00038210314232856035,
    -0.020195046439766884,
    0.015489322133362293,
    0.020501703023910522,
    -0.06601855158805847,
    0.0012525736819952726,
    -0.01374369952827692,
    0.04582105576992035,
    -0.05554001405835152,
    -0.07170930504798889,
    0.06626317650079727,
    0.014026371762156487,
    0.037566158920526505,
    -0.015139303170144558,
    -0.015986589714884758,
    -0.017823031172156334,
    -0.10708563774824142,
    0.0005244972417131066,
    -0.0008879054803401232,
    -0.13701596856117249,
    0.01582912914454937,
    0.06148715317249298,
    0.027351686730980873,
    -0.05192730575799942,
    -0.01766413450241089,
    0.05740821361541748,
    0.022925641387701035,
    -0.03979385644197464,
    -0.03677355498075485,
    -0.011928635649383068,
    0.006842921953648329,
    -0.0016619316302239895,
    0.12773732841014862,
    0.018976692110300064,
    -1.7320788771195447e-32,
    0.021315449848771095,
    -0.046080365777015686,
    -0.0683305487036705,
    0.042013347148895264,
    0.024035872891545296,
    0.04601629450917244,
    -0.07191592454910278,
    -0.06443215161561966,
    0.10430963337421417,
    0.013172424398362637,
    -0.012478752061724663,
    -0.07454847544431686,
    -0.033831942826509476,
    -0.025468947365880013,
    -0.027751492336392403,
    -0.017005644738674164,
    -0.04904116690158844,
    -0.060454193502664566,
    0.016072247177362442,
    0.02642316371202469,
    0.033337097615003586,
    0.019682833924889565,
    -0.025744304060935974,
    0.0499783419072628,
    -0.026329219341278076,
    0.016882505267858505,
    0.010674236342310905,
    -0.088240846991539,
    0.1050734892487526,
    -0.026032958179712296,
    -0.015108734369277954,
    -0.03541339561343193,
    -0.021250726655125618,
    0.022388217970728874,
    -0.07682102918624878,
    -0.1488187164068222,
    0.10757871717214584,
    -0.04302925243973732,
    -0.026085956022143364,
    -0.026451069861650467,
    0.07163438200950623,
    0.041847486048936844,
    -0.036851730197668076,
    0.035895273089408875,
    -0.0034970715641975403,
    -0.058942537754774094,
    0.0234043151140213,
    -0.05152358114719391,
    0.0015016432153061032,
    -0.05577501654624939,
    0.028189990669488907,
    -0.1404077112674713,
    -0.03172420710325241,
    0.04760081321001053,
    -0.05638067424297333,
    0.047511518001556396,
    0.025654897093772888,
    -0.015993816778063774,
    -0.04019848629832268,
    0.002144080586731434,
    0.09140436351299286,
    0.04490130394697189,
    -0.06370373070240021,
    0.06104849651455879,
    0.03620549291372299,
    -0.06438736617565155,
    0.027479926124215126,
    -0.04702728986740112,
    -0.023047685623168945,
    -0.056607481092214584,
    -0.11230558156967163,
    -0.11729224771261215,
    -0.05054236203432083,
    -0.04718868061900139,
    0.08085846155881882,
    -0.04009623825550079,
    -0.05193533003330231,
    -0.11333495378494263,
    -0.12002565711736679,
    0.01225407887250185,
    0.044831763952970505,
    0.010512032546103,
    -0.04413885623216629,
    0.06746233254671097,
    0.0008533283835276961,
    0.048442292958498,
    0.12499825656414032,
    -0.011603214778006077,
    0.02016349323093891,
    0.06773345172405243,
    -0.030806949362158775,
    -0.010020523332059383,
    -0.02928181178867817,
    0.023897135630249977,
    -0.06247236952185631,
    -5.2548404738672616e-08,
    -0.04061775654554367,
    0.013883889652788639,
    0.005797374062240124,
    -0.027257459238171577,
    -0.019330201670527458,
    -0.025573620572686195,
    -0.009692979976534843,
    0.0730963796377182,
    -0.04189093038439751,
    -0.038618285208940506,
    0.02926718443632126,
    0.05037470534443855,
    -0.05033852532505989,
    -0.008196301758289337,
    0.07826750725507736,
    -0.027871202677488327,
    -0.0806034654378891,
    0.034201979637145996,
    -0.04347529262304306,
    0.06479993462562561,
    -0.0645436942577362,
    -0.041809964925050735,
    -0.06935954093933105,
    -0.02727174013853073,
    0.05781695619225502,
    -0.024024801328778267,
    0.025110092014074326,
    0.09647104889154434,
    0.033031340688467026,
    0.04804862663149834,
    -0.03308464214205742,
    0.023253073915839195,
    0.0934397503733635,
    -0.01929030567407608,
    -0.04532131925225258,
    -0.004076733719557524,
    0.022553065791726112,
    0.031089916825294495,
    0.047753989696502686,
    -0.07737325876951218,
    -0.05076885595917702,
    0.024674532935023308,
    0.04983271658420563,
    0.06620027124881744,
    0.05430431291460991,
    -0.031989794224500656,
    -0.03427136316895485,
    0.025393476709723473,
    0.009033887647092342,
    -0.1004381850361824,
    -0.016268130391836166,
    -0.02166660688817501,
    0.04400945082306862,
    0.05266531929373741,
    -0.015504466369748116,
    0.06420914828777313,
    0.06681422889232635,
    0.007387698162347078,
    0.00739041855558753,
    -0.028406452387571335,
    0.1303209811449051,
    0.07593023031949997,
    0.06388317793607712,
    -0.009732124395668507
]