[
    -0.022557174786925316,
    0.013646485283970833,
    -0.037252843379974365,
    -0.0637233555316925,
    -0.028859524056315422,
    0.009474984370172024,
    -0.008393293246626854,
    -0.04591327905654907,
    -0.04689977690577507,
    0.045326411724090576,
    0.008595059625804424,
    -0.03919510170817375,
    0.022183699533343315,
    -0.011715597473084927,
    0.054227858781814575,
    0.09174274653196335,
    0.09187337011098862,
    0.03421379253268242,
    -0.10224457830190659,
    0.00703223655000329,
    0.040987223386764526,
    0.029570356011390686,
    -0.03257068246603012,
    -0.021612534299492836,
    -0.10952050238847733,
    -0.030692731961607933,
    -0.06001077964901924,
    -0.05356705188751221,
    0.04618776962161064,
    -0.09618746489286423,
    0.017064685001969337,
    0.010797294788062572,
    0.06923077255487442,
    0.03806639090180397,
    -0.006222918163985014,
    -0.014546694234013557,
    0.013472226448357105,
    -0.055268630385398865,
    0.04965995252132416,
    -0.017021458595991135,
    -0.005075961351394653,
    -0.006140442099422216,
    -0.058915890753269196,
    -0.054064225405454636,
    -0.031079327687621117,
    0.02050750143826008,
    -0.015839876607060432,
    -0.02429024502635002,
    -0.03604719787836075,
    0.013017971999943256,
    -0.06833724677562714,
    -0.042668238282203674,
    -0.024188658222556114,
    0.08335153013467789,
    -0.03008957952260971,
    -0.01005167979747057,
    0.013031193055212498,
    0.028651783242821693,
    -0.0250179935246706,
    -0.045987069606781006,
    -0.03648989647626877,
    0.02197459153831005,
    -0.08078689128160477,
    0.04394090920686722,
    -0.010692819021642208,
    0.0006550120888277888,
    -0.017357822507619858,
    -0.04879240691661835,
    -0.004874305333942175,
    0.019156791269779205,
    -0.008005490526556969,
    0.026433996856212616,
    0.05319906771183014,
    0.009055640548467636,
    -0.054378993809223175,
    0.0013722969451919198,
    -0.02629445679485798,
    0.001440669409930706,
    0.05643124878406525,
    -0.06965698301792145,
    -0.05875110998749733,
    0.032425183802843094,
    -0.07369300723075867,
    -0.0005497785750776529,
    -0.07844261825084686,
    -0.04167943447828293,
    -0.04479341208934784,
    -0.04259619116783142,
    0.007917086593806744,
    0.05043414235115051,
    0.08557441830635071,
    -0.051068104803562164,
    0.07746036350727081,
    -0.06542754173278809,
    0.06069260835647583,
    -0.030544497072696686,
    0.027344074100255966,
    0.013661899603903294,
    0.0483304001390934,
    -0.011272578500211239,
    0.031902290880680084,
    0.028050854802131653,
    -0.03555235639214516,
    -0.06551660597324371,
    -0.03875407576560974,
    -0.06291656941175461,
    -0.00467692082747817,
    0.007889550179243088,
    -0.004224827513098717,
    0.0007961199153214693,
    -0.0024356127250939608,
    -0.011661370284855366,
    -0.05916355550289154,
    -0.09304210543632507,
    0.043341875076293945,
    0.034096609801054,
    -0.033258162438869476,
    0.0719333216547966,
    -0.03330998122692108,
    -0.05928264930844307,
    -0.029731422662734985,
    0.0366845540702343,
    -0.0023770492989569902,
    -0.04750633239746094,
    0.04603100195527077,
    0.0009176126914098859,
    -0.036488067358732224,
    1.834551274721333e-32,
    -0.05586126446723938,
    -0.07548872381448746,
    -0.11507616937160492,
    6.543855124618858e-05,
    0.06508225202560425,
    -0.006882521323859692,
    -0.05042232200503349,
    -0.020746977999806404,
    -0.08009237051010132,
    0.04518292471766472,
    -0.01261497288942337,
    0.060214295983314514,
    -0.0047717588022351265,
    -0.12725552916526794,
    -0.006697712931782007,
    0.014505963772535324,
    -0.029092449694871902,
    0.0859513208270073,
    -0.026136495172977448,
    0.01899169385433197,
    0.03545491769909859,
    -0.01822695881128311,
    -0.014118005521595478,
    0.04234793037176132,
    -0.012548740021884441,
    -0.01764640212059021,
    0.04615495353937149,
    -0.031631309539079666,
    0.01230683270841837,
    0.015401205979287624,
    0.03999897465109825,
    -0.022508226335048676,
    0.0189073383808136,
    0.0014944133581593633,
    0.05542149394750595,
    0.11618350446224213,
    -0.016775891184806824,
    -0.03642180562019348,
    0.11112473905086517,
    -0.08703279495239258,
    -0.05360887944698334,
    -0.016686012968420982,
    0.04520241543650627,
    -0.03312801197171211,
    -0.014097300358116627,
    -0.005179374944418669,
    -0.05777673050761223,
    -0.008224462158977985,
    0.07559668272733688,
    0.07385169714689255,
    0.03798817843198776,
    -0.039148591458797455,
    0.08641695976257324,
    -0.007221222389489412,
    0.03915911167860031,
    -0.009266667999327183,
    -0.03774832561612129,
    0.08659210801124573,
    -0.023116804659366608,
    0.04821221902966499,
    0.004637342412024736,
    0.042920179665088654,
    -0.06597251445055008,
    0.08463405817747116,
    -0.05548873543739319,
    -0.08825616538524628,
    -0.056672368198633194,
    -0.08506252616643906,
    0.10163077712059021,
    -0.07975248992443085,
    -0.03743362054228783,
    0.02716275304555893,
    0.042241357266902924,
    0.07245586812496185,
    -0.04661819711327553,
    -0.04118972271680832,
    -0.01004416961222887,
    -0.0345473513007164,
    0.016912125051021576,
    -0.023949474096298218,
    -0.131389781832695,
    0.0097660506144166,
    0.02725747413933277,
    0.029094556346535683,
    0.07858024537563324,
    -0.036286644637584686,
    -0.018589532002806664,
    0.00045835706987418234,
    0.0014092109631747007,
    0.0043011317029595375,
    0.0429522767663002,
    0.006360048893839121,
    -0.037124041467905045,
    0.03777565062046051,
    0.0252012237906456,
    -1.883112709595328e-32,
    0.010864373296499252,
    -0.055238496512174606,
    -0.045722413808107376,
    0.025462551042437553,
    0.039624348282814026,
    0.07607132196426392,
    -0.060256268829107285,
    -0.10176676511764526,
    0.059403277933597565,
    -0.0521797277033329,
    -0.03739351034164429,
    -0.033814024180173874,
    0.022035248577594757,
    0.007373093161731958,
    -0.04503631219267845,
    -0.05486440286040306,
    -0.019984427839517593,
    -0.04681309312582016,
    0.03850637003779411,
    0.08614789694547653,
    0.042928311973810196,
    0.02902832254767418,
    -0.00029372714925557375,
    0.10353956371545792,
    -0.023736119270324707,
    -0.044681333005428314,
    -0.040799885988235474,
    -0.04424237832427025,
    0.0840153768658638,
    0.054262153804302216,
    -0.02957228384912014,
    -0.08630780130624771,
    -0.09249389171600342,
    0.02773280441761017,
    -0.06921067833900452,
    -0.1680627316236496,
    0.1445302814245224,
    -0.03331131488084793,
    -0.04655110836029053,
    0.021601367741823196,
    0.02842186763882637,
    0.08549252897500992,
    0.0065753101371228695,
    -0.040404144674539566,
    -0.016670236364006996,
    -0.02174290269613266,
    0.023272087797522545,
    -0.03230975195765495,
    -0.03790932148694992,
    -0.08829808235168457,
    0.03320659324526787,
    -0.0313207171857357,
    0.04763619229197502,
    0.018754785880446434,
    -0.013555444777011871,
    0.0749610960483551,
    0.02274632453918457,
    -0.04207446053624153,
    -0.01182745210826397,
    0.003994395025074482,
    0.07753801345825195,
    0.08045804500579834,
    -0.030039815232157707,
    0.021936137229204178,
    0.041797369718551636,
    0.018080266192555428,
    -0.06986233592033386,
    0.02219933085143566,
    -0.04797503352165222,
    -0.041617315262556076,
    0.00965852290391922,
    -0.12941066920757294,
    -0.08586148172616959,
    -0.02355383150279522,
    0.09653796255588531,
    0.037774458527565,
    -0.02209443598985672,
    -0.09769436717033386,
    -0.08446858078241348,
    -0.010529393330216408,
    0.01452238205820322,
    0.040026601403951645,
    -0.049884647130966187,
    0.050572969019412994,
    0.005208554677665234,
    0.1108812615275383,
    0.05339682102203369,
    -0.057707104831933975,
    0.029991723597049713,
    0.07964258641004562,
    -0.036562878638505936,
    -0.02512921206653118,
    0.027351243421435356,
    0.034732919186353683,
    -0.05582107976078987,
    -5.245021128530425e-08,
    -0.06102396175265312,
    0.01795262284576893,
    0.02461085096001625,
    -0.007966638542711735,
    0.0010632057674229145,
    -0.01758175902068615,
    -0.0010825147619470954,
    0.0017918396042659879,
    -0.04051210358738899,
    -0.05094524472951889,
    0.07119390368461609,
    -0.01830708049237728,
    -0.039782024919986725,
    -0.010028318502008915,
    0.06030772253870964,
    0.013392148539423943,
    -0.033921774476766586,
    0.038005612790584564,
    -0.0646432638168335,
    -0.004473071079701185,
    -0.0057227276265621185,
    -0.04375489056110382,
    -0.0628373771905899,
    0.08133325725793839,
    0.04042340815067291,
    -0.008486735634505749,
    0.008440186269581318,
    0.08166828006505966,
    0.013421067036688328,
    0.06387747079133987,
    -0.03735845908522606,
    0.0570041686296463,
    -0.009562739171087742,
    -0.07293453812599182,
    0.008273354731500149,
    0.0010822747135534883,
    -0.008879706263542175,
    0.02905590645968914,
    0.05124984309077263,
    0.047412242740392685,
    -0.07354512065649033,
    -0.012771657668054104,
    0.07313533127307892,
    0.06465421617031097,
    0.012235544621944427,
    0.019002636894583702,
    -0.0639665499329567,
    0.006688419263809919,
    0.02607608027756214,
    -0.08791103959083557,
    -0.011530953459441662,
    -0.05368053540587425,
    0.031247712671756744,
    -0.02659301459789276,
    -0.0069890571758151054,
    0.09974992275238037,
    0.10338369756937027,
    0.06614387780427933,
    -0.0525641068816185,
    -0.042085468769073486,
    0.16345684230327606,
    0.11368974298238754,
    0.08032282441854477,
    0.04207560792565346
]