[
    -0.0230832751840353,
    -0.007288850378245115,
    -0.01247754693031311,
    -0.05673646554350853,
    -0.02604091726243496,
    0.03492598235607147,
    -0.043101705610752106,
    -0.05081645026803017,
    0.008897177875041962,
    0.040133263915777206,
    -0.000601898820605129,
    -0.06274059414863586,
    -0.008460147306323051,
    0.0013519420754164457,
    0.0512898787856102,
    0.004748339299112558,
    0.07553383708000183,
    0.04166737198829651,
    -0.06718646734952927,
    0.015115723945200443,
    0.05933895707130432,
    0.013582861982285976,
    -0.03131376579403877,
    -0.013270746916532516,
    -0.1374424248933792,
    -0.013437175191938877,
    -0.0566520057618618,
    -0.10595916211605072,
    0.050405267626047134,
    -0.06436775624752045,
    0.023534294217824936,
    -0.02111239917576313,
    0.03323127701878548,
    0.06266273558139801,
    0.01910189911723137,
    0.04648430272936821,
    0.04899337887763977,
    -0.015795981511473656,
    0.046318646520376205,
    0.013770584017038345,
    -0.05755046755075455,
    -0.06774836033582687,
    -0.040786031633615494,
    -0.0471181720495224,
    0.011840373277664185,
    -0.015340634621679783,
    -0.014708125963807106,
    -0.038844335824251175,
    -0.0026338165625929832,
    -0.03217437490820885,
    -0.03567332774400711,
    -0.041118938475847244,
    -0.02714095450937748,
    0.07497891783714294,
    -0.06303384900093079,
    -0.05007272958755493,
    0.003700058674439788,
    -0.020262842997908592,
    -0.034519780427217484,
    -0.01465237233787775,
    0.013439200818538666,
    0.0018779835663735867,
    -0.05240100249648094,
    0.0650961697101593,
    -0.028934914618730545,
    0.02247723378241062,
    -0.02792990580201149,
    -0.03208678960800171,
    0.04059625416994095,
    0.043646190315485,
    -0.040418945252895355,
    0.00708762276917696,
    0.012547668069601059,
    0.04040081053972244,
    -0.03177497163414955,
    -0.0030380829703062773,
    -0.05066573619842529,
    -0.006372503004968166,
    0.07014505565166473,
    -0.141751229763031,
    0.024053262546658516,
    0.05568408593535423,
    0.03640757128596306,
    0.06557609140872955,
    -0.042328767478466034,
    -0.040358226746320724,
    -0.025131631642580032,
    -0.06097885221242905,
    -0.06941529363393784,
    -0.004991503898054361,
    0.02855042740702629,
    -0.09386488795280457,
    0.08919481188058853,
    -0.04146666079759598,
    0.062350112944841385,
    -0.039005447179079056,
    0.028854884207248688,
    0.0010690351482480764,
    0.036710213869810104,
    -0.008067461661994457,
    -0.028518887236714363,
    0.036870501935482025,
    -0.07619979232549667,
    -0.018273839727044106,
    -0.08818404376506805,
    -0.077009417116642,
    -0.04804132133722305,
    -0.031862955540418625,
    0.06575039774179459,
    0.06207248568534851,
    -0.00344680855050683,
    0.054308801889419556,
    -0.04746541380882263,
    -0.11243393272161484,
    0.07405076175928116,
    -0.047119397670030594,
    -0.0298837311565876,
    0.08208587020635605,
    -0.008327648043632507,
    0.016357114538550377,
    -0.02221152000129223,
    -0.054155491292476654,
    -0.05790502578020096,
    -0.09877669811248779,
    0.05923546850681305,
    0.011668537743389606,
    -0.02681088261306286,
    2.188034327893897e-32,
    0.028234701603651047,
    0.01989925466477871,
    -0.02370508201420307,
    0.009727399796247482,
    0.004353911150246859,
    0.0033207472879439592,
    0.036479637026786804,
    -0.011152543127536774,
    -0.06214091181755066,
    0.11520926654338837,
    -0.01617114059627056,
    0.02378763258457184,
    -0.03188111260533333,
    -0.03395026922225952,
    -0.011364920996129513,
    -0.02384132891893387,
    0.0013451494742184877,
    0.06015888601541519,
    -0.01481084804981947,
    0.042156606912612915,
    0.020900672301650047,
    -0.056586943566799164,
    0.013225791044533253,
    0.02523493766784668,
    0.042223185300827026,
    -0.06233704835176468,
    0.01414481457322836,
    0.010259837843477726,
    -0.015228832140564919,
    0.05139852315187454,
    0.03541599586606026,
    0.0291390772908926,
    0.006060430780053139,
    0.004912571515887976,
    0.011733410879969597,
    0.05801713839173317,
    0.08412625640630722,
    -0.09766233712434769,
    0.08666463196277618,
    -0.11215096712112427,
    -0.007745801005512476,
    0.01586526446044445,
    0.053556300699710846,
    0.028351305052638054,
    0.006944322492927313,
    -0.01201251894235611,
    0.012640566565096378,
    -0.009368715807795525,
    0.03798758611083031,
    0.06002603471279144,
    0.0006017893902026117,
    0.020744821056723595,
    0.04728759452700615,
    -0.049329690635204315,
    0.03715944290161133,
    0.011726542375981808,
    -0.039130061864852905,
    0.03824921324849129,
    -0.033452823758125305,
    0.058673832565546036,
    -0.02040756121277809,
    0.03863029181957245,
    -0.03393476828932762,
    0.05436944216489792,
    0.012858554720878601,
    -0.0782410129904747,
    -0.023967063054442406,
    -0.08676471561193466,
    0.09510153532028198,
    -0.005943871568888426,
    -0.07434000074863434,
    0.07501823455095291,
    -0.012767118401825428,
    0.027405614033341408,
    -0.04121876880526543,
    -0.030782999470829964,
    -0.014691025950014591,
    -0.010829440318048,
    0.047891948372125626,
    0.027225075289607048,
    -0.11111460626125336,
    -0.015594636090099812,
    0.058884330093860626,
    0.0745236873626709,
    0.04080919176340103,
    -0.016890769824385643,
    0.04762681946158409,
    0.010837147012352943,
    -0.018003374338150024,
    -0.037304896861314774,
    -0.02499798871576786,
    -0.02823568880558014,
    0.04151017218828201,
    0.030338477343320847,
    -0.0041597820818424225,
    -2.1281353969430148e-32,
    0.034508418291807175,
    -0.055926088243722916,
    -0.09694968163967133,
    -0.0005653542466461658,
    0.02715648151934147,
    -0.0010887205135077238,
    -0.05369451642036438,
    -0.13499858975410461,
    0.06607083231210709,
    0.02359110303223133,
    0.010194085538387299,
    0.00806666910648346,
    0.06600119918584824,
    -0.022250741720199585,
    -0.07577165216207504,
    -0.042503874748945236,
    -0.06218290701508522,
    -0.012952686287462711,
    0.026733098551630974,
    0.06199805065989494,
    0.0202625785022974,
    0.00022646841534879059,
    0.01861768774688244,
    0.07753552496433258,
    0.03660590946674347,
    0.023548725992441177,
    -0.04284441098570824,
    -0.03439769893884659,
    0.08919240534305573,
    0.012997432611882687,
    -0.021372832357883453,
    -0.04379956051707268,
    -0.015604803338646889,
    0.015102963894605637,
    -0.11351249366998672,
    -0.145486518740654,
    0.10149303823709488,
    -0.10013881325721741,
    -0.02149418741464615,
    -0.03344494476914406,
    0.038316622376441956,
    0.0748676285147667,
    0.047774191945791245,
    -0.029082220047712326,
    -0.024175381287932396,
    -0.06594367325305939,
    0.013056064955890179,
    0.0158502496778965,
    -0.021047579124569893,
    -0.05717850849032402,
    -0.02074304036796093,
    -0.030235478654503822,
    -0.049363989382982254,
    0.03414061665534973,
    -0.02346652001142502,
    0.06681223958730698,
    -0.04841506853699684,
    0.002302794950082898,
    -0.012492704205214977,
    -0.01284835860133171,
    0.06543313711881638,
    0.11333904415369034,
    -0.03767858445644379,
    0.0786801129579544,
    0.09844443202018738,
    -0.03623891621828079,
    -0.07012879848480225,
    -0.04899474233388901,
    -0.025722015649080276,
    -0.07572124898433685,
    -0.06295344233512878,
    -0.15830183029174805,
    -0.023171687498688698,
    -0.05784165859222412,
    0.06346489489078522,
    -0.06462632864713669,
    -0.05363171547651291,
    -0.1082426905632019,
    -0.05798830837011337,
    0.02435033582150936,
    0.04703359305858612,
    -0.005992332473397255,
    -0.06304313242435455,
    0.048065077513456345,
    0.010513155721127987,
    0.08068875968456268,
    0.0764012485742569,
    -0.0046757059171795845,
    0.016723215579986572,
    0.07232021540403366,
    -0.07349859178066254,
    -0.05929538607597351,
    -0.0034191920422017574,
    0.01103211473673582,
    -0.036683548241853714,
    -5.982451511954423e-08,
    0.00037551679997704923,
    0.05484890937805176,
    0.014376687817275524,
    -0.023063499480485916,
    0.03168779984116554,
    -0.0573543943464756,
    -0.054251883178949356,
    -0.009355799295008183,
    -0.03487343341112137,
    -0.1035933867096901,
    0.05865425989031792,
    0.01951761171221733,
    -0.01952025108039379,
    -0.046104397624731064,
    0.07204398512840271,
    -0.06375500559806824,
    -0.02410815842449665,
    0.022769751027226448,
    -0.10441674292087555,
    0.003293646266683936,
    -0.03500885143876076,
    -0.05193130299448967,
    -0.036371685564517975,
    0.05413364991545677,
    0.05207458883523941,
    0.019377628341317177,
    -0.007140906993299723,
    -0.0300105269998312,
    0.07413476705551147,
    0.096939817070961,
    -0.04189826920628548,
    0.008849184028804302,
    0.008798117749392986,
    -0.028461145237088203,
    -0.03516499698162079,
    0.04777754843235016,
    -0.040073610842227936,
    -0.009072286076843739,
    0.07716767489910126,
    -0.000571304524783045,
    -0.013026082888245583,
    0.023195389658212662,
    0.06821116805076599,
    0.12710508704185486,
    -0.016136713325977325,
    -0.018788184970617294,
    -0.03699108213186264,
    0.058908119797706604,
    0.015528562478721142,
    -0.13696907460689545,
    -0.025737477466464043,
    -0.05141632631421089,
    0.03628230467438698,
    0.01320451870560646,
    -0.0332266241312027,
    0.09159743040800095,
    0.05583743378520012,
    0.0774933397769928,
    0.023429911583662033,
    -0.006571647245436907,
    0.12372662127017975,
    0.06248507648706436,
    0.05723918601870537,
    -0.06724175065755844
]