[
    -0.03025590069591999,
    -0.0018522768514230847,
    -0.047003671526908875,
    -0.11269310861825943,
    -0.04312555119395256,
    0.04550940915942192,
    -0.008383428677916527,
    -0.028462003916502,
    -0.017785798758268356,
    0.030443916097283363,
    0.0028080942574888468,
    -0.029915649443864822,
    0.013159084133803844,
    -0.03391836956143379,
    0.049497149884700775,
    0.045943085104227066,
    0.1051550954580307,
    0.042240533977746964,
    -0.07384542375802994,
    0.024423252791166306,
    0.009924907237291336,
    0.06465306878089905,
    -0.06271114200353622,
    0.008295816369354725,
    -0.12350153177976608,
    -0.011552824638783932,
    -0.0654430091381073,
    -0.06951138377189636,
    0.02774122543632984,
    -0.09658508002758026,
    0.01220626849681139,
    0.005930254235863686,
    0.03634652867913246,
    0.05276578292250633,
    -0.022945508360862732,
    -0.02045542374253273,
    0.014904559589922428,
    -0.028431931510567665,
    0.0303569957613945,
    -0.047201938927173615,
    0.01749417558312416,
    0.019707834348082542,
    -0.03654884174466133,
    -0.03397088870406151,
    -0.009696966968476772,
    0.007994148880243301,
    -0.03147177770733833,
    -0.04737105593085289,
    -0.015403294004499912,
    0.00595859345048666,
    -0.024486159905791283,
    -0.04568525031208992,
    0.01195140928030014,
    0.10545340925455093,
    -0.04916471987962723,
    0.024935737252235413,
    -0.02479482814669609,
    0.07277670502662659,
    -0.012816653586924076,
    -0.006276113912463188,
    0.00874941423535347,
    -0.012658689171075821,
    -0.03558513894677162,
    0.07649706304073334,
    -0.051819901913404465,
    -0.008972845040261745,
    -2.560999564593658e-05,
    -0.049718182533979416,
    0.03415597602725029,
    0.019725143909454346,
    -0.012359747663140297,
    0.042712558060884476,
    0.049246788024902344,
    0.009613681584596634,
    -0.04213794693350792,
    0.041215695440769196,
    -0.03689710050821304,
    0.009931174106895924,
    0.047370895743370056,
    -0.1043023094534874,
    -0.05082622915506363,
    -0.014668118208646774,
    -0.03874295577406883,
    -0.020374275743961334,
    -0.06874702870845795,
    -0.047380995005369186,
    -0.01074816845357418,
    -0.05514980107545853,
    0.0049514747224748135,
    -0.0037073155399411917,
    0.09779200702905655,
    -0.11627744138240814,
    0.08895692229270935,
    -0.028056342154741287,
    0.06562364846467972,
    -0.026016702875494957,
    0.008096923120319843,
    -0.03697723522782326,
    0.08559618890285492,
    0.018127428367733955,
    0.027989018708467484,
    0.050951942801475525,
    -0.03357471525669098,
    -0.041767802089452744,
    0.009185616858303547,
    -0.07061071693897247,
    -0.025430141016840935,
    -0.02491140365600586,
    -0.04590030014514923,
    -0.0025683699641376734,
    0.0029740040190517902,
    -0.03687836602330208,
    0.03493040055036545,
    -0.05084113031625748,
    0.07442206889390945,
    0.046548523008823395,
    -0.0104815773665905,
    0.06188656762242317,
    -0.02386700175702572,
    -0.03577243164181709,
    -0.01387275755405426,
    0.045242879539728165,
    -0.045945364981889725,
    -0.07070393115282059,
    0.033593568950891495,
    0.03781808912754059,
    -0.02619018964469433,
    1.8454022630737735e-32,
    -0.011375894770026207,
    -0.09726914763450623,
    -0.13291963934898376,
    0.006984361447393894,
    0.049882810562849045,
    0.001195684541016817,
    -0.024326525628566742,
    0.006516157649457455,
    -0.0202239491045475,
    0.011077675968408585,
    -0.023494739085435867,
    0.036192815750837326,
    -0.005766337737441063,
    -0.1145365983247757,
    -0.01973864436149597,
    0.031694814562797546,
    -0.0829835832118988,
    0.05617905035614967,
    -0.027814172208309174,
    0.021125124767422676,
    0.0036469714250415564,
    -0.013841058127582073,
    5.975448220851831e-05,
    0.03827645257115364,
    -0.03181413188576698,
    0.0014542826684191823,
    0.07679776847362518,
    -0.020350025966763496,
    -0.005080040544271469,
    0.007107855286449194,
    0.00536371348425746,
    0.030117634683847427,
    0.04954935982823372,
    0.06911271810531616,
    0.09674197435379028,
    0.12805673480033875,
    0.016789404675364494,
    -0.06293892115354538,
    0.10999150574207306,
    -0.07249004393815994,
    -0.060296252369880676,
    0.01367917750030756,
    0.0006144182407297194,
    -0.01502583920955658,
    0.033415671437978745,
    0.01725098490715027,
    -0.08612378686666489,
    -0.01898213103413582,
    0.039528220891952515,
    0.05918761342763901,
    0.024058600887656212,
    -0.030414650216698647,
    0.09493903815746307,
    -0.00022718396212439984,
    -0.0013338022399693727,
    -0.0330292284488678,
    -0.08285025507211685,
    0.057186271995306015,
    -0.03979996219277382,
    0.046535346657037735,
    0.019310979172587395,
    0.0686831846833229,
    0.00024217426835093647,
    0.022214462980628014,
    -0.05402752757072449,
    -0.050403691828250885,
    -0.05193706601858139,
    -0.025532035157084465,
    0.038080647587776184,
    -0.07462259382009506,
    -0.03273925185203552,
    0.05718499794602394,
    0.03187607228755951,
    0.01712797023355961,
    -0.04701439291238785,
    -0.042719289660453796,
    0.0020552517380565405,
    -0.05576366186141968,
    0.00965710449963808,
    -0.04828490689396858,
    -0.11306066066026688,
    0.02218201383948326,
    0.007079031318426132,
    0.08165612071752548,
    0.07253412902355194,
    -0.06775080412626266,
    0.0006651366711594164,
    0.001336192712187767,
    0.0072927470318973064,
    -0.0430157296359539,
    -0.009528043679893017,
    0.040529411286115646,
    -0.013460636138916016,
    0.08689206838607788,
    0.02186598815023899,
    -1.8288178010251972e-32,
    0.020693961530923843,
    -0.05698772147297859,
    -0.07180076837539673,
    0.058403242379426956,
    0.02193566784262657,
    0.056792691349983215,
    -0.093856580555439,
    -0.04014694318175316,
    0.028601251542568207,
    -0.07372207194566727,
    -0.04159344360232353,
    -0.005278712138533592,
    -0.01243862695991993,
    0.017803175374865532,
    -0.05435555428266525,
    -0.10184857249259949,
    -0.034694161266088486,
    -0.01659328304231167,
    0.033894285559654236,
    0.06103400141000748,
    0.07602663338184357,
    0.021897530183196068,
    -0.08529937267303467,
    0.08641618490219116,
    0.017192931845784187,
    -0.0074709136970341206,
    -0.02651616558432579,
    -0.09062230587005615,
    0.06824810802936554,
    0.04025520756840706,
    -0.010458510369062424,
    -0.06555279344320297,
    -0.053512077778577805,
    0.027166087180376053,
    -0.06966011971235275,
    -0.14173072576522827,
    0.18016506731510162,
    -0.0653776302933693,
    -0.027259586378932,
    -0.0547160729765892,
    0.037278689444065094,
    0.0736827626824379,
    0.013055142015218735,
    -0.07803639769554138,
    0.017402753233909607,
    -0.017641263082623482,
    0.044369421899318695,
    -0.0034778686240315437,
    -0.03100389614701271,
    -0.06822272390127182,
    0.044747017323970795,
    -0.07109006494283676,
    0.06877481937408447,
    0.028637276962399483,
    -0.029941800981760025,
    0.041840892285108566,
    0.0523468554019928,
    -0.0249582901597023,
    -0.03312467038631439,
    -0.0017628386849537492,
    0.056999798864126205,
    0.07036036998033524,
    -0.02001824602484703,
    0.00898134708404541,
    0.026341186836361885,
    0.0603194385766983,
    -0.0713319182395935,
    -0.010236488655209541,
    -0.07199810445308685,
    -0.01997257024049759,
    -0.0002901717962231487,
    -0.10942061245441437,
    -0.11089710146188736,
    -0.03501954302191734,
    0.128786101937294,
    0.023066651076078415,
    -0.011535664089024067,
    -0.07452081888914108,
    -0.09456665813922882,
    0.0024717645719647408,
    0.02123863250017166,
    0.02848302572965622,
    -0.03493648022413254,
    0.06549228727817535,
    -0.009700126014649868,
    0.11337151378393173,
    0.0017934832721948624,
    -0.08023466914892197,
    0.03473938629031181,
    0.08548611402511597,
    -0.0519186295568943,
    -0.024818265810608864,
    0.020934367552399635,
    0.026102911680936813,
    -0.055835530161857605,
    -5.2105555425896455e-08,
    -0.05802726000547409,
    0.05631640926003456,
    -0.028922487050294876,
    -0.006419346667826176,
    -0.025382855907082558,
    -0.03876549005508423,
    -0.011669524013996124,
    0.011124158278107643,
    -0.013647756539285183,
    -0.08262631297111511,
    0.059920962899923325,
    0.03730739653110504,
    -0.013226640410721302,
    -0.007246425841003656,
    0.03864210098981857,
    0.005014541558921337,
    -0.03724062442779541,
    0.0014438909711316228,
    -0.06817642599344254,
    0.015202876180410385,
    -0.026763461530208588,
    -0.05203637108206749,
    -0.026975812390446663,
    0.024877235293388367,
    0.024567458778619766,
    -0.0068090627901256084,
    0.011925925500690937,
    0.11325972527265549,
    0.021298490464687347,
    0.07158970087766647,
    -0.032962143421173096,
    0.07132560014724731,
    0.00768766924738884,
    -0.06886208057403564,
    0.005693227984011173,
    0.011928388848900795,
    -0.04464592784643173,
    0.02953074499964714,
    0.0582151934504509,
    0.032452892512083054,
    -0.08842386305332184,
    -0.01993858441710472,
    0.0774511992931366,
    0.04530126601457596,
    0.0790986716747284,
    -0.024525076150894165,
    -0.04945114254951477,
    0.060063716024160385,
    0.02492292784154415,
    -0.07764986902475357,
    -0.02590644173324108,
    -0.03533376753330231,
    0.049831848591566086,
    -0.0015346459113061428,
    0.016867799684405327,
    0.07962963730096817,
    0.09597954899072647,
    0.03615463152527809,
    -0.03619072958827019,
    -0.020515568554401398,
    0.10364693403244019,
    0.07159840315580368,
    0.06667712330818176,
    0.0313132181763649
]