[
    -0.06397072225809097,
    -0.0014989243354648352,
    0.004796914756298065,
    -0.05054522305727005,
    -0.03367173671722412,
    0.04024471342563629,
    -0.056382182985544205,
    -0.022512558847665787,
    0.015421583317220211,
    0.013657825067639351,
    0.025938188657164574,
    -0.051755599677562714,
    -0.022773567587137222,
    -0.032113216817379,
    0.03667570650577545,
    0.019111158326268196,
    0.11788208782672882,
    0.023597657680511475,
    -0.010564276948571205,
    0.010614613071084023,
    0.04199168458580971,
    0.0030320605728775263,
    -0.04636674001812935,
    0.0073244222439825535,
    -0.09558572620153427,
    0.0340425930917263,
    -0.03264724835753441,
    -0.05709471553564072,
    0.06371832638978958,
    -0.062985859811306,
    0.03378612920641899,
    0.00281106261536479,
    0.07210854440927505,
    0.0378352552652359,
    0.05778120458126068,
    0.035546936094760895,
    0.038339026272296906,
    -0.06146121025085449,
    0.05067649483680725,
    0.013631220906972885,
    -0.037445712834596634,
    -0.06378572434186935,
    0.003272654954344034,
    -0.03357075899839401,
    -0.02223876118659973,
    0.00572206312790513,
    -0.0119817228987813,
    0.009152363985776901,
    0.02102447859942913,
    0.02865029126405716,
    -0.03474588319659233,
    -0.03627851605415344,
    -0.0415235236287117,
    0.0921315923333168,
    -0.04041076451539993,
    -0.036575231701135635,
    0.0029514606576412916,
    -0.02853452041745186,
    -0.012069652788341045,
    -0.013146483339369297,
    0.008604982867836952,
    0.048097703605890274,
    -0.035869404673576355,
    0.03521028161048889,
    -0.0382218100130558,
    0.018510298803448677,
    -0.02855369821190834,
    -0.010167744010686874,
    0.03924115374684334,
    0.06741777807474136,
    -0.01684425212442875,
    0.027748143300414085,
    0.014401030726730824,
    0.047580741345882416,
    -0.06482657790184021,
    -0.001882681273855269,
    -0.02673684060573578,
    -0.010615751147270203,
    0.010718000121414661,
    -0.13614648580551147,
    -0.045441631227731705,
    0.04215012863278389,
    -0.006779718212783337,
    0.03798219934105873,
    -0.06402884423732758,
    -0.044382624328136444,
    0.012688400223851204,
    -0.015535634942352772,
    -0.05537766218185425,
    0.03266172483563423,
    0.0614154227077961,
    -0.05341535061597824,
    0.07591845840215683,
    -0.07316593825817108,
    0.056274399161338806,
    -0.03816508129239082,
    0.031269289553165436,
    -0.011398092843592167,
    0.056580983102321625,
    -0.014277978800237179,
    -0.0040986621752381325,
    0.04344085976481438,
    -0.04166746512055397,
    -0.04309389740228653,
    -0.08303873240947723,
    -0.05790680646896362,
    -0.014713644050061703,
    -0.041257116943597794,
    0.04488212615251541,
    0.08176266402006149,
    0.016389882192015648,
    -0.0011586659820750356,
    -0.08815611898899078,
    -0.08494170755147934,
    0.08752581477165222,
    -0.06497829407453537,
    -0.0038855504244565964,
    0.11844620853662491,
    -0.036039385944604874,
    -0.04928257688879967,
    -0.016281012445688248,
    0.0007453745347447693,
    -0.039362430572509766,
    -0.07821441441774368,
    0.05495819076895714,
    -0.02179792709648609,
    -0.03156961873173714,
    1.7656301307543022e-32,
    0.015208357013761997,
    -0.0057403226383030415,
    -0.07637108117341995,
    0.07372741401195526,
    0.03671875223517418,
    0.013558936305344105,
    0.033631205558776855,
    0.017045514658093452,
    -0.039717644453048706,
    0.07426395267248154,
    -0.012552398256957531,
    -0.014599409885704517,
    -0.0131920101121068,
    -0.07610608637332916,
    -0.09080326557159424,
    -0.008523400872945786,
    -0.002212678315117955,
    0.044601935893297195,
    -0.02066388726234436,
    0.049581725150346756,
    0.024273836985230446,
    -0.05555754154920578,
    0.021410571411252022,
    0.06392089277505875,
    -0.03586534038186073,
    -0.026048578321933746,
    0.028145354241132736,
    0.016609366983175278,
    -0.031438373029232025,
    0.021641483530402184,
    0.0485403873026371,
    -0.0023832081351429224,
    0.024884840473532677,
    -0.005951541010290384,
    0.046342067420482635,
    0.09196066856384277,
    0.06746356189250946,
    -0.12382771819829941,
    0.06657885015010834,
    -0.09578324109315872,
    -0.07774689048528671,
    0.03900240734219551,
    0.04310331866145134,
    -0.0062645357102155685,
    0.008708817884325981,
    -0.015027225017547607,
    0.01701393909752369,
    0.02792838029563427,
    0.0672696903347969,
    0.09370838105678558,
    -0.029948575422167778,
    -0.007024574093520641,
    0.023511448875069618,
    -0.0799560621380806,
    0.017352841794490814,
    0.016851631924510002,
    -0.05463160574436188,
    0.05971558019518852,
    -0.009029646404087543,
    0.027847830206155777,
    -0.0074671474285423756,
    0.030419325456023216,
    -0.03231964632868767,
    0.01826106198132038,
    -0.014591576531529427,
    -0.09640086442232132,
    -0.0339471660554409,
    -0.06943440437316895,
    0.09664306044578552,
    -0.048315808176994324,
    -0.045428164303302765,
    0.08570321649312973,
    -0.007083073258399963,
    0.05596909299492836,
    -0.05523091182112694,
    -0.00468810461461544,
    0.012547465972602367,
    -0.013239728286862373,
    0.04913628101348877,
    0.042007941752672195,
    -0.10921472311019897,
    -0.019279835745692253,
    0.0530344620347023,
    0.037169598042964935,
    0.03077004849910736,
    -0.0320693738758564,
    0.05602797120809555,
    -0.03541335463523865,
    -0.020750198513269424,
    -0.012293953448534012,
    0.035068001598119736,
    -0.04219525307416916,
    0.0262519009411335,
    -0.013627615757286549,
    0.034451987594366074,
    -1.7372416483083562e-32,
    -0.005819989833980799,
    -0.09359094500541687,
    -0.11265487223863602,
    0.04421507567167282,
    0.05904657021164894,
    0.015830233693122864,
    -0.05423643812537193,
    -0.058035410940647125,
    0.030783088877797127,
    0.04889903590083122,
    -0.003744167508557439,
    -0.005702510941773653,
    0.05643521994352341,
    -0.0316208153963089,
    -0.08339323848485947,
    -0.04572278633713722,
    0.026675157248973846,
    -0.05531671643257141,
    0.05206719785928726,
    0.039004068821668625,
    0.00561230955645442,
    0.027031663805246353,
    0.07314509898424149,
    0.08195763826370239,
    0.06868346035480499,
    0.029466113075613976,
    -0.017233194783329964,
    -0.0250234417617321,
    0.03743859380483627,
    0.025896307080984116,
    0.026960663497447968,
    -0.059392694383859634,
    -0.057051531970500946,
    0.07029861211776733,
    -0.07653467357158661,
    -0.1581849306821823,
    0.1231837272644043,
    -0.040932949632406235,
    -0.02813410572707653,
    -0.05058811604976654,
    0.04212289676070213,
    0.09139696508646011,
    0.04593069851398468,
    -0.05430050566792488,
    -0.046261802315711975,
    -0.04634103924036026,
    0.040345869958400726,
    0.02375100553035736,
    0.015597024001181126,
    -0.034338824450969696,
    -0.02248011901974678,
    -0.04253915697336197,
    -0.020388208329677582,
    0.0028856201097369194,
    -0.035727497190237045,
    0.012740889564156532,
    -0.021932652220129967,
    -0.006129056680947542,
    0.041245732456445694,
    -0.016068769618868828,
    0.0696093887090683,
    0.0849260464310646,
    -0.033836644142866135,
    0.05835959315299988,
    0.08021952956914902,
    -0.053120117634534836,
    -0.10160142183303833,
    -0.04870069772005081,
    -0.0671466663479805,
    -0.04687867686152458,
    -0.08465205878019333,
    -0.18263190984725952,
    0.0009438772685825825,
    -0.05788332223892212,
    0.06223641335964203,
    -0.05257474258542061,
    -0.0074190557934343815,
    -0.09016243368387222,
    -0.10428301244974136,
    -0.024446353316307068,
    0.07993432879447937,
    0.021288229152560234,
    -0.08737526088953018,
    0.06280992925167084,
    -0.0006272604805417359,
    0.08985104411840439,
    0.08917119354009628,
    -0.010304181836545467,
    0.02174992859363556,
    0.10473532974720001,
    -0.08158176392316818,
    -0.02016659639775753,
    0.01172990445047617,
    0.04663513973355293,
    -0.036295562982559204,
    -4.8085727399893585e-08,
    -0.05219389870762825,
    0.06617388129234314,
    0.03417671099305153,
    -0.04672504588961601,
    0.011389718391001225,
    -0.06789958477020264,
    -0.04627127945423126,
    -0.027259908616542816,
    -0.01981784962117672,
    -0.0906384140253067,
    0.022234218195080757,
    -0.0008941848645918071,
    0.017452050000429153,
    -0.03783802315592766,
    0.04713877663016319,
    -0.05338273569941521,
    0.00702239852398634,
    -0.04498394951224327,
    -0.08099306374788284,
    0.016886159777641296,
    -0.02065129578113556,
    -0.050101686269044876,
    -0.06999971717596054,
    0.018559066578745842,
    0.04095734655857086,
    0.0081253657117486,
    -0.028307722881436348,
    0.00215385970659554,
    0.04579761251807213,
    0.03366730734705925,
    -0.06686394661664963,
    0.05969846621155739,
    0.05096299946308136,
    -0.049319684505462646,
    -0.05008624494075775,
    0.01897367835044861,
    -0.030198413878679276,
    0.03526689484715462,
    0.08045217394828796,
    0.0028536468744277954,
    -0.03175175189971924,
    0.034435003995895386,
    0.03575252741575241,
    0.07219883799552917,
    -0.02483484148979187,
    -0.039731595665216446,
    -0.07561740279197693,
    0.05140417814254761,
    -0.050880126655101776,
    -0.09999445080757141,
    -0.036450427025556564,
    -0.07232806086540222,
    0.048215191811323166,
    0.026349559426307678,
    0.03517170995473862,
    0.056780409067869186,
    0.09361153841018677,
    0.06585637480020523,
    0.035660382360219955,
    -0.051314033567905426,
    0.11061471700668335,
    0.05974782630801201,
    0.028098931536078453,
    -0.016249505802989006
]