[
    -0.03939016908407211,
    0.08472470194101334,
    -0.042010169476270676,
    -0.060905925929546356,
    -0.01993378810584545,
    0.029768403619527817,
    0.02406718209385872,
    0.04247308149933815,
    -0.07113249599933624,
    -0.01263680774718523,
    -0.0011392355663701892,
    -0.05521514266729355,
    0.034191470593214035,
    0.008274455554783344,
    0.029457997530698776,
    0.005515953991562128,
    -0.010245843790471554,
    0.0190226249396801,
    -0.03324182704091072,
    0.06629134714603424,
    -0.012842250987887383,
    0.0996834859251976,
    -0.05816876143217087,
    0.029725736007094383,
    -0.12031672149896622,
    -0.006462003570050001,
    0.07094980031251907,
    -0.03887815773487091,
    0.06509920954704285,
    -0.012957585044205189,
    0.05741295590996742,
    0.06232123076915741,
    0.0070083532482385635,
    0.0847698375582695,
    -0.0007352893589995801,
    -0.02971041202545166,
    -0.03969366103410721,
    0.023490557447075844,
    -0.031138110905885696,
    0.029718145728111267,
    0.011792648583650589,
    -0.04669850692152977,
    -0.003990118391811848,
    0.029382145032286644,
    0.055822085589170456,
    0.03355313092470169,
    -0.0613727942109108,
    0.03794337809085846,
    0.004545180127024651,
    0.041286367923021317,
    -0.11300937086343765,
    -0.03995199874043465,
    0.019157765433192253,
    0.015653427690267563,
    -0.024068603292107582,
    -0.05519109219312668,
    -0.021570932120084763,
    -0.02856479212641716,
    -0.08829329162836075,
    -0.011264010332524776,
    0.07552798092365265,
    0.02811053767800331,
    -0.011770031414926052,
    -0.015305413864552975,
    0.0406683087348938,
    0.02095167338848114,
    0.04055052623152733,
    -0.047237128019332886,
    0.07442473620176315,
    -0.02601616084575653,
    -0.01695556752383709,
    0.0037524031940847635,
    -0.04320746287703514,
    0.11879482120275497,
    -0.04783017188310623,
    -0.002712302142754197,
    0.0015659434720873833,
    0.022801224142313004,
    0.026552217081189156,
    -0.10151360929012299,
    -0.0969793051481247,
    0.03651575371623039,
    0.008887109346687794,
    -0.016133993864059448,
    -0.029055099934339523,
    -0.03423973172903061,
    -0.011750994250178337,
    0.025626761838793755,
    -0.04841161519289017,
    -0.022988855838775635,
    0.01281792763620615,
    -0.0776764526963234,
    0.06008546054363251,
    -0.025485986843705177,
    0.07481084018945694,
    0.014337065629661083,
    -0.004032759927213192,
    -0.06974679976701736,
    0.06804972141981125,
    -0.01819661818444729,
    -0.043410517275333405,
    -0.03253541886806488,
    0.02235957607626915,
    0.06899251788854599,
    -0.07390560954809189,
    -0.04220768064260483,
    0.020814867690205574,
    -0.0030978673603385687,
    0.022098422050476074,
    -0.003302919212728739,
    -0.011812122538685799,
    0.014441295526921749,
    -0.026007581502199173,
    -0.12187311053276062,
    0.010300381109118462,
    0.04910491034388542,
    -0.02449638396501541,
    0.061923183500766754,
    -0.0033703669905662537,
    -0.03640928491950035,
    -0.037919770926237106,
    -0.014302683062851429,
    -0.04444080591201782,
    -0.04726233333349228,
    0.026351863518357277,
    -0.029316496104002,
    -0.08242686837911606,
    1.8925914552299773e-32,
    -0.08720091730356216,
    -0.012706081382930279,
    -0.05290620028972626,
    0.036564528942108154,
    0.006595115177333355,
    0.009224928915500641,
    0.01947591081261635,
    -0.01094239391386509,
    0.001582818920724094,
    -0.011705969460308552,
    -0.00587900634855032,
    0.026891814544796944,
    0.024079060181975365,
    -0.005563609767705202,
    -0.06636304408311844,
    0.051222559064626694,
    0.004920979030430317,
    0.03682001680135727,
    -0.06984259188175201,
    0.07293224334716797,
    0.05244625732302666,
    -0.011017809621989727,
    -5.647462785418611e-06,
    0.01397189311683178,
    -0.08181727677583694,
    0.05534062907099724,
    0.019449681043624878,
    -0.03668160364031792,
    0.07388994097709656,
    -0.007019376847893,
    0.08752349764108658,
    -0.021330710500478745,
    0.01623537205159664,
    -0.09052174538373947,
    0.014610743150115013,
    0.10308834165334702,
    0.027665654197335243,
    -0.04095853120088577,
    0.07113056629896164,
    -0.030419474467635155,
    -0.054086700081825256,
    -0.017526067793369293,
    0.014488352462649345,
    0.03058352880179882,
    0.03563438728451729,
    -0.015241301618516445,
    -0.009898675605654716,
    -0.021216394379734993,
    -0.04672964662313461,
    0.04187353700399399,
    -0.007480400148779154,
    -0.05758645012974739,
    0.06394001841545105,
    -0.07851700484752655,
    0.03867867961525917,
    -0.0038293481338769197,
    -0.12299760431051254,
    0.07286679744720459,
    -0.03495684266090393,
    0.07489579170942307,
    0.06967342644929886,
    0.02893335558474064,
    -0.030500657856464386,
    0.008020810782909393,
    -0.05356113240122795,
    -0.14900560677051544,
    0.00586274778470397,
    -0.06096438318490982,
    0.0676024854183197,
    -0.0033265191596001387,
    0.0018622709903866053,
    0.043973375111818314,
    -0.024183480069041252,
    0.030444879084825516,
    -0.05360681936144829,
    -0.06965388357639313,
    -0.0010156792122870684,
    -0.04212220013141632,
    -0.012557442300021648,
    0.025162573903799057,
    -0.12245555222034454,
    0.04201599210500717,
    0.009630520828068256,
    0.028619760647416115,
    -0.0036612015683203936,
    -0.02014990895986557,
    0.018644986674189568,
    0.05864521861076355,
    -0.08789072930812836,
    -0.03558782860636711,
    0.02677738294005394,
    0.026284294202923775,
    0.03610244020819664,
    0.10200037062168121,
    0.02365431934595108,
    -2.0287981897116635e-32,
    -0.05771060287952423,
    -0.04213467985391617,
    -0.08714316040277481,
    -0.02489614300429821,
    0.026562079787254333,
    0.009075436741113663,
    -0.032847099006175995,
    -0.06258310377597809,
    0.017025716602802277,
    0.0155743807554245,
    0.0365648977458477,
    -0.10928501188755035,
    -0.02899998426437378,
    -0.022006969898939133,
    -0.09925221651792526,
    0.06409530341625214,
    -0.1101013720035553,
    -0.05941913649439812,
    -0.041763026267290115,
    0.12587034702301025,
    -0.0018649657722562551,
    0.09554678201675415,
    -0.053902316838502884,
    0.04640047624707222,
    0.0006022119778208435,
    0.04325393959879875,
    -0.0014900844544172287,
    0.034543637186288834,
    0.017460143193602562,
    -0.012718689627945423,
    -0.0575920045375824,
    -0.009082488715648651,
    -0.06360653042793274,
    0.005660407245159149,
    -0.056723758578300476,
    -0.1350456029176712,
    0.10852205008268356,
    -0.03817518800497055,
    -0.027960265055298805,
    -0.006639240309596062,
    0.0757974162697792,
    0.04875565320253372,
    -0.03182816877961159,
    0.016442986205220222,
    0.001399287604726851,
    -0.024918457493185997,
    0.11746694147586823,
    0.0008272104896605015,
    0.10084010660648346,
    -0.0375809483230114,
    0.11528439819812775,
    -0.022636983543634415,
    0.041696663945913315,
    0.013697240501642227,
    -0.04678935185074806,
    -0.024534089490771294,
    -0.031323906034231186,
    -0.005216686055064201,
    -0.11964869499206543,
    -0.014270934276282787,
    0.07628244161605835,
    -0.01719374768435955,
    -0.03623143211007118,
    0.10735496878623962,
    0.012679364532232285,
    -0.03551848232746124,
    -0.048356793820858,
    -0.005982878152281046,
    0.036832045763731,
    -0.06566770374774933,
    -0.12371588498353958,
    -0.1135442852973938,
    -0.055469416081905365,
    -0.06105367839336395,
    0.09849060326814651,
    -0.022528667002916336,
    -0.02199147641658783,
    -0.007214643526822329,
    -0.05802110582590103,
    -0.007106809876859188,
    0.008583060465753078,
    -0.04963067173957825,
    -0.03068937547504902,
    0.03561882674694061,
    -0.023916203528642654,
    -0.00831588078290224,
    0.022129254415631294,
    -0.02361450344324112,
    0.039685118943452835,
    0.06807173788547516,
    -0.036782898008823395,
    0.035350847989320755,
    -0.06730944663286209,
    0.013018641620874405,
    -0.07343348115682602,
    -5.811310899161981e-08,
    -0.024225283414125443,
    -0.029192402958869934,
    -0.005250302143394947,
    -0.08957602083683014,
    -0.041564323008060455,
    0.013262299820780754,
    -0.10031725466251373,
    -0.03424586355686188,
    -0.015138723887503147,
    -0.021027881652116776,
    -0.04849664494395256,
    0.030534910038113594,
    -0.038051679730415344,
    -0.024410106241703033,
    0.07930343598127365,
    -0.0635686069726944,
    -0.0588865652680397,
    0.057040683925151825,
    -0.052618496119976044,
    0.08442187309265137,
    -0.04154079034924507,
    -0.044951073825359344,
    -0.05627669766545296,
    0.04386857524514198,
    -0.018481915816664696,
    -0.01039077714085579,
    0.020808348432183266,
    0.013243509456515312,
    0.02928742580115795,
    -0.002140458906069398,
    -0.04506843164563179,
    0.06319724023342133,
    -0.0016307684127241373,
    -0.01769181527197361,
    -0.00209317565895617,
    -0.05350728705525398,
    0.026096750050783157,
    0.021911511197686195,
    0.018721912056207657,
    0.014988156035542488,
    0.02419210411608219,
    0.05087636411190033,
    0.008552868850529194,
    0.046416107565164566,
    -0.004797313828021288,
    -0.06484989821910858,
    0.06866038590669632,
    0.010555212385952473,
    0.038304924964904785,
    -0.11139059066772461,
    -0.03839258477091789,
    -0.05774911120533943,
    0.05084681883454323,
    -0.0439489521086216,
    -0.08133894205093384,
    0.1407059133052826,
    0.016121819615364075,
    0.04854597523808479,
    -0.035381019115448,
    0.01315466221421957,
    0.11810724437236786,
    0.048738908022642136,
    0.02380758710205555,
    0.034314125776290894
]