[
    -0.007937991060316563,
    0.013843636959791183,
    -0.007453931961208582,
    -0.0859915241599083,
    0.001303941709920764,
    0.03361674025654793,
    -0.0389496386051178,
    -0.02499278634786606,
    -0.05904116481542587,
    -0.016450369730591774,
    -0.05137201398611069,
    0.00961652398109436,
    0.02434956282377243,
    -0.016795312985777855,
    0.08356887102127075,
    -0.026663806289434433,
    0.049866531044244766,
    0.03165121749043465,
    -0.0986618772149086,
    0.1112004816532135,
    0.10610818862915039,
    0.06263202428817749,
    -0.09329415112733841,
    0.021041901782155037,
    -0.06400599330663681,
    0.05497029051184654,
    -0.03163895383477211,
    -0.07856054604053497,
    0.019881360232830048,
    -0.030804000794887543,
    -0.001763564650900662,
    0.031005481258034706,
    0.0042777638882398605,
    0.04504067450761795,
    -0.0002595408586785197,
    -0.04700101912021637,
    0.0014680692693218589,
    0.003549577435478568,
    0.008069268427789211,
    0.011749363504350185,
    -0.06153089180588722,
    0.0449431948363781,
    -0.009617242030799389,
    0.024775994941592216,
    0.05963461101055145,
    0.0042689465917646885,
    -0.040103305131196976,
    -0.016210902482271194,
    -0.00031374223181046546,
    0.0021317293867468834,
    -0.07148442417383194,
    0.015161761082708836,
    -0.028147324919700623,
    0.0902910828590393,
    -0.004766626749187708,
    -0.051227957010269165,
    0.02853338234126568,
    0.06428185105323792,
    -0.08043989539146423,
    0.013206476345658302,
    0.042988330125808716,
    -0.026531288400292397,
    0.027079220861196518,
    0.03919136896729469,
    -0.04213439300656319,
    0.042629361152648926,
    -0.02061753161251545,
    -0.045124415308237076,
    -0.06228172034025192,
    -0.004537970293313265,
    -0.05143735185265541,
    0.001335332402959466,
    -0.035460807383060455,
    0.050235237926244736,
    0.010951639153063297,
    0.028611857444047928,
    -0.005790611729025841,
    0.03615020588040352,
    0.06489960104227066,
    -0.15265533328056335,
    -0.04848926514387131,
    0.0013469457626342773,
    0.04972720146179199,
    -0.009664005599915981,
    -0.06633995473384857,
    -0.023562122136354446,
    -0.029581967741250992,
    -0.012999008409678936,
    -0.04048269987106323,
    -0.026848187670111656,
    0.024562913924455643,
    -0.09739265590906143,
    0.1251201033592224,
    -0.030105311423540115,
    0.07051053643226624,
    0.042833127081394196,
    -0.02117372676730156,
    -0.10652805864810944,
    0.07061465084552765,
    -0.051379427313804626,
    0.0037948202807456255,
    -0.024667086079716682,
    0.006468211766332388,
    0.03567756712436676,
    -0.013056213967502117,
    -0.009670274332165718,
    -0.0059412079863250256,
    0.014376312494277954,
    -0.014152368530631065,
    0.02373296394944191,
    0.054361116141080856,
    0.04379896819591522,
    -0.0019955073948949575,
    -0.0644727423787117,
    0.03155159205198288,
    0.0042927139438688755,
    0.0582660436630249,
    0.03029208444058895,
    0.05835810303688049,
    -0.02042527310550213,
    -0.0979267954826355,
    -0.028670625761151314,
    -0.06642480194568634,
    -0.06805294752120972,
    0.026740683242678642,
    -0.01074795052409172,
    -0.06760593503713608,
    1.8999321235772747e-32,
    -0.03568271920084953,
    -0.09448996186256409,
    -0.058641888201236725,
    0.03583664447069168,
    0.017132166773080826,
    -0.0107264444231987,
    0.07588448375463486,
    -0.034743838012218475,
    -0.05551734194159508,
    0.0652737021446228,
    -0.0041047618724405766,
    0.07086854428052902,
    0.0016548237763345242,
    0.018362389877438545,
    -0.05916215106844902,
    -0.025326214730739594,
    0.022076427936553955,
    0.042651012539863586,
    -0.0120307682082057,
    0.014903389848768711,
    0.0050287130288779736,
    -0.0025483388453722,
    -0.011891857720911503,
    -0.018399028107523918,
    -0.05888894945383072,
    0.022061852738261223,
    0.002035954501479864,
    -0.0015001153806224465,
    -0.05107168108224869,
    -0.003833131631836295,
    -0.008594753220677376,
    0.012250362895429134,
    0.05619373545050621,
    0.004787341225892305,
    -0.002467523794621229,
    0.12623043358325958,
    0.09286021441221237,
    -0.03911563754081726,
    0.021086158230900764,
    -0.13188298046588898,
    -0.03444964066147804,
    0.0035211422946304083,
    -0.00506232725456357,
    0.06839703023433685,
    0.07896152883768082,
    -0.024413911625742912,
    -0.04701383039355278,
    0.024590063840150833,
    0.007791596464812756,
    0.03223711997270584,
    -0.049026839435100555,
    0.008409646339714527,
    0.08594297617673874,
    -0.07871939986944199,
    -0.0031545613892376423,
    -0.05593737214803696,
    -0.10034287720918655,
    0.0323776975274086,
    -0.05219561979174614,
    0.09595972299575806,
    -0.021626031026244164,
    -0.009821705520153046,
    -0.03060615062713623,
    0.0002694886061362922,
    -0.015838293358683586,
    -0.027615832164883614,
    -0.001764849410392344,
    -0.021009080111980438,
    -0.0028163723181933165,
    0.05378338694572449,
    -0.03845217823982239,
    0.06739780306816101,
    0.004449022002518177,
    0.03543812409043312,
    0.049983248114585876,
    -0.03292934596538544,
    0.05435796082019806,
    -0.027455603703856468,
    0.014550391584634781,
    -0.05635928735136986,
    -0.10646737366914749,
    0.029173685237765312,
    0.0061827246099710464,
    0.09014299511909485,
    -0.03836074844002724,
    0.02289588935673237,
    0.021317707374691963,
    0.017578991129994392,
    -0.027264779433608055,
    -0.054483722895383835,
    -0.057704754173755646,
    0.024489035829901695,
    0.10615396499633789,
    0.08279409259557724,
    0.032043538987636566,
    -1.957846526190381e-32,
    0.02716568298637867,
    -0.03218352794647217,
    -0.01415648777037859,
    -0.010358638130128384,
    0.027800487354397774,
    0.005934346932917833,
    -0.03879429027438164,
    -0.1149180680513382,
    0.06314141303300858,
    -0.055629923939704895,
    -0.006540276575833559,
    -0.05659274756908417,
    -0.013835495337843895,
    0.005315101705491543,
    -0.07585883140563965,
    -0.011940553784370422,
    -0.099148228764534,
    -0.060450129210948944,
    0.013576355762779713,
    0.10579120367765427,
    -0.033717866986989975,
    -0.025109974667429924,
    -0.06522014737129211,
    0.08520469814538956,
    -0.00417334446683526,
    0.02538665197789669,
    -0.07813075184822083,
    -0.026516811922192574,
    0.09186873584985733,
    -0.05223003774881363,
    -0.015353892929852009,
    -0.09354138374328613,
    -0.01444645319133997,
    0.033156462013721466,
    -0.11881430447101593,
    -0.1305868923664093,
    0.05726311355829239,
    -0.07745006680488586,
    -0.007282939739525318,
    -0.0628393366932869,
    0.039145804941654205,
    0.0191069133579731,
    0.008258949965238571,
    0.024051804095506668,
    0.0036286849062889814,
    -0.007047108840197325,
    0.07158546149730682,
    -0.014673644676804543,
    -0.03543626889586449,
    -0.00014656926214229316,
    0.013814096339046955,
    -0.031169718131422997,
    0.0038646685425192118,
    0.03699421510100365,
    -0.045217324048280716,
    0.027883285656571388,
    0.04674757644534111,
    0.02126099169254303,
    -0.061011478304862976,
    0.00687870429828763,
    0.07536055892705917,
    0.05353531241416931,
    -0.026538114994764328,
    0.08991251140832901,
    0.012765833176672459,
    -0.028521111235022545,
    -0.06289669126272202,
    -0.0926385447382927,
    0.02446165680885315,
    -0.036350324749946594,
    -0.07854700088500977,
    -0.06806680560112,
    -0.07268314808607101,
    -0.0008810171857476234,
    0.07484954595565796,
    -0.0005921741831116378,
    0.04292496293783188,
    -0.06985437124967575,
    -0.07541275024414062,
    0.036891527473926544,
    0.0887693539261818,
    0.02383873239159584,
    -0.10550877451896667,
    0.06211475655436516,
    -0.05937281250953674,
    0.13466639816761017,
    0.030809665098786354,
    -0.03020145557820797,
    0.03581104055047035,
    0.0811648815870285,
    -0.12410379946231842,
    -0.00021300080697983503,
    -0.005126446019858122,
    -0.004472330212593079,
    -0.03719443082809448,
    -5.3675446309853214e-08,
    -0.006085741333663464,
    0.10928068310022354,
    -0.0519179105758667,
    -0.03015814907848835,
    -0.07047855108976364,
    0.0069453902542591095,
    0.007311870343983173,
    -0.026438521221280098,
    -0.04051223397254944,
    -0.07156721502542496,
    0.021567340940237045,
    0.09923217445611954,
    -0.03826911374926567,
    -0.04421980306506157,
    0.015492856502532959,
    -0.0446237251162529,
    -0.05814230814576149,
    -0.020226409658789635,
    -0.005350491497665644,
    0.09573335200548172,
    -0.07551891356706619,
    -0.03908326104283333,
    -0.04941036179661751,
    0.02503175660967827,
    0.023424169048666954,
    0.040830764919519424,
    0.009951744228601456,
    0.04660436511039734,
    0.09736411273479462,
    0.07463914901018143,
    0.009416795335710049,
    0.027966801077127457,
    -0.02467343769967556,
    -0.03624318540096283,
    -0.02990494668483734,
    -0.07730390131473541,
    -0.03162670508027077,
    0.01434506569057703,
    0.07034246623516083,
    -0.03297248110175133,
    0.015540041029453278,
    0.025710582733154297,
    0.005980977322906256,
    0.035021089017391205,
    0.00045024193241260946,
    -0.0405382476747036,
    0.02007291093468666,
    0.032597873359918594,
    0.05861305445432663,
    -0.08936531841754913,
    -0.08666680753231049,
    -0.04813569039106369,
    0.02895442023873329,
    -0.07462358474731445,
    -0.04955795034766197,
    0.06941290944814682,
    -0.006480999756604433,
    0.01292327605187893,
    -0.021351994946599007,
    -0.030820799991488457,
    0.10426244884729385,
    0.05894307792186737,
    0.057643596082925797,
    -0.02152146026492119
]