[
    -0.002451043576002121,
    0.03813450038433075,
    -0.07491792738437653,
    -0.07526084035634995,
    -0.03339877352118492,
    0.07254061102867126,
    0.028824515640735626,
    -0.03222590684890747,
    -0.012995757162570953,
    0.013722514733672142,
    0.009509427472949028,
    0.015351264737546444,
    -0.00717208394780755,
    -0.0502583384513855,
    0.08929707109928131,
    -0.0360717810690403,
    0.04908082261681557,
    0.019984301179647446,
    -0.10589822381734848,
    0.10976652801036835,
    0.020244264975190163,
    0.06811445206403732,
    -0.04176925867795944,
    0.004684304352849722,
    -0.06526846438646317,
    -0.025499753654003143,
    0.008995580486953259,
    -0.034859903156757355,
    0.06078755110502243,
    -0.03493110090494156,
    0.05709262564778328,
    0.030204568058252335,
    0.033862385898828506,
    0.11252140998840332,
    -0.011641123332083225,
    -0.043661732226610184,
    -0.005734519567340612,
    0.023960117250680923,
    -0.0354924239218235,
    0.010289119556546211,
    -0.0030554053373634815,
    -0.03672664240002632,
    -0.05432131141424179,
    0.009840404614806175,
    0.06260126829147339,
    0.009948271326720715,
    -0.0752822607755661,
    -0.00016344277537427843,
    -0.00913832988590002,
    0.016906222328543663,
    -0.04251524806022644,
    -0.01457997877150774,
    -0.07744499295949936,
    0.08131740242242813,
    -0.04811124876141548,
    -0.04693099111318588,
    0.004896693397313356,
    -0.005280640907585621,
    -0.06096552312374115,
    0.0075243255123496056,
    0.06019050255417824,
    -0.018761729821562767,
    0.011528721079230309,
    0.054208170622587204,
    -0.10507040470838547,
    0.023347819223999977,
    0.023990469053387642,
    -0.009768696501851082,
    0.0280232485383749,
    -0.04405691474676132,
    -0.11141639947891235,
    -0.02913394756615162,
    -0.019253484904766083,
    0.05097173899412155,
    -0.022543637081980705,
    -0.018532592803239822,
    -0.013988285325467587,
    0.02496987394988537,
    0.02044062130153179,
    -0.10905265063047409,
    -0.05221979320049286,
    -0.027337729930877686,
    0.021767763420939445,
    0.03193041309714317,
    -0.08248327672481537,
    0.01665225252509117,
    -0.044202256947755814,
    -0.020456509664654732,
    -0.008908652700483799,
    -0.06685647368431091,
    0.050740279257297516,
    -0.06987981498241425,
    0.0916711688041687,
    -0.09493032842874527,
    0.06947675347328186,
    -0.023196455091238022,
    -0.02272030897438526,
    -0.0793571025133133,
    0.027820631861686707,
    -0.04872841387987137,
    -0.010547436773777008,
    0.006151520647108555,
    -0.009947732090950012,
    -0.002984516089782119,
    -0.033185459673404694,
    -0.05830409750342369,
    0.02213292196393013,
    -0.022095752879977226,
    -0.004862509202212095,
    0.043168533593416214,
    0.002439619740471244,
    0.021349769085645676,
    -0.03178909048438072,
    -0.09194359183311462,
    0.025165345519781113,
    0.04029101878404617,
    -0.036358874291181564,
    0.031500544399023056,
    0.011415657587349415,
    0.01929899863898754,
    -0.035170622169971466,
    0.01985214278101921,
    -0.03685017302632332,
    -0.08528326451778412,
    -0.05293644219636917,
    -0.029298856854438782,
    -0.029316509142518044,
    2.0334303721378726e-32,
    -0.06496328860521317,
    -0.04058993235230446,
    -0.0770987868309021,
    0.04866921529173851,
    0.041347045451402664,
    0.022229546681046486,
    0.043217986822128296,
    -0.03724653273820877,
    -0.03205534815788269,
    0.059123437851667404,
    -0.040931448340415955,
    0.04719490185379982,
    -0.0002962992002721876,
    0.01969369314610958,
    -0.0373380221426487,
    0.04922635853290558,
    -0.02187812328338623,
    0.08667789399623871,
    0.00882060918956995,
    0.11108843982219696,
    0.03583221510052681,
    -0.005051317624747753,
    0.03047437220811844,
    0.0388353131711483,
    -0.04916337504982948,
    0.054984018206596375,
    0.0038666098844259977,
    -0.057863667607307434,
    0.059368785470724106,
    -0.017260288819670677,
    0.003649633377790451,
    0.03944201394915581,
    0.05623180791735649,
    -0.03926515951752663,
    0.04942658171057701,
    0.13426971435546875,
    -0.005436651408672333,
    -0.06483399122953415,
    0.10664518922567368,
    -0.09248632937669754,
    -0.07014894485473633,
    -0.027507105842232704,
    -0.008690966293215752,
    0.051393166184425354,
    0.04492679983377457,
    0.02256154455244541,
    0.004811527673155069,
    0.004537936765700579,
    0.06823911517858505,
    0.06357908993959427,
    -0.03465353697538376,
    -0.009735367260873318,
    0.015803784132003784,
    -0.047512155026197433,
    0.014101124368607998,
    -0.020681578665971756,
    -0.06553050875663757,
    0.05523497611284256,
    -0.0862937644124031,
    0.07850688695907593,
    0.013372222892940044,
    0.005136062856763601,
    4.290298602427356e-05,
    -0.0034983681980520487,
    0.002764733275398612,
    -0.06899809837341309,
    -0.04137036204338074,
    -0.05867559835314751,
    0.011938320472836494,
    -0.019905732944607735,
    -0.03305159881711006,
    0.07642325758934021,
    -0.006807141471654177,
    0.03677867352962494,
    -0.006944921333342791,
    -0.026140661910176277,
    0.02765689603984356,
    -0.026904815807938576,
    0.0277745071798563,
    0.018603885546326637,
    -0.07010947167873383,
    0.010527287609875202,
    0.023493744432926178,
    0.06648477911949158,
    -0.031448230147361755,
    0.02983998879790306,
    0.013368346728384495,
    0.05706177279353142,
    -0.05854957923293114,
    -0.03650515154004097,
    0.001212224829941988,
    0.04708811268210411,
    0.04479658976197243,
    0.051913101226091385,
    0.06534607708454132,
    -2.2218771041276582e-32,
    0.020156752318143845,
    -0.025672996416687965,
    -0.07563511282205582,
    -8.616525155957788e-05,
    0.046459656208753586,
    0.01084120012819767,
    -0.04587249830365181,
    -0.07082054018974304,
    0.0814044401049614,
    0.014116358943283558,
    0.0379200205206871,
    -0.06063961610198021,
    0.01867366023361683,
    -0.04787489399313927,
    -0.04930329695343971,
    -0.05888316035270691,
    -0.08882449567317963,
    -0.05686284974217415,
    0.0015116435242816806,
    0.10474767535924911,
    -0.0051242937333881855,
    9.584308827470522e-06,
    -0.028787996619939804,
    0.09984023123979568,
    0.017075035721063614,
    0.017644556239247322,
    -0.005802439525723457,
    -0.027958521619439125,
    0.05841558054089546,
    -0.043394312262535095,
    -0.05623716861009598,
    -0.025556491687893867,
    -0.034268349409103394,
    0.06583280116319656,
    -0.08122292160987854,
    -0.17380592226982117,
    0.08880177140235901,
    -0.05639578774571419,
    -0.022464362904429436,
    -0.012626467272639275,
    0.08443718403577805,
    -0.013111099600791931,
    -0.0266422089189291,
    0.011106561869382858,
    0.0025736833922564983,
    -0.05378969386219978,
    0.04152330011129379,
    0.011515486985445023,
    0.03645303472876549,
    -0.018994037061929703,
    0.09544388949871063,
    -0.05060698837041855,
    0.022396685555577278,
    0.033175963908433914,
    -0.05794643238186836,
    0.07688263058662415,
    0.031805720180273056,
    -0.06478811800479889,
    -0.05186699330806732,
    -0.025036431849002838,
    0.09712101519107819,
    0.045982856303453445,
    -0.059198036789894104,
    0.07943329960107803,
    0.003981041256338358,
    -0.03318068012595177,
    0.003184216795489192,
    -0.07798193395137787,
    -0.05656685307621956,
    -0.07679858058691025,
    -0.09994269907474518,
    -0.16796931624412537,
    -0.05796593055129051,
    -0.11918923258781433,
    0.08782000839710236,
    -0.055897511541843414,
    -0.05172395333647728,
    -0.1063149943947792,
    -0.07955297082662582,
    0.015592575073242188,
    0.009477078914642334,
    -0.00025907953386195004,
    -0.06062808632850647,
    0.05726917088031769,
    0.0010535209439694881,
    0.011005747132003307,
    0.004609756637364626,
    -0.04795916751027107,
    6.597871833946556e-05,
    0.06739043444395065,
    -0.0735798180103302,
    -0.02060188539326191,
    -0.03399176150560379,
    -0.009260605089366436,
    -0.10107421875,
    -6.060475499225504e-08,
    -0.009477498009800911,
    0.05021519586443901,
    0.021670280024409294,
    -0.04521612823009491,
    -0.047484979033470154,
    -0.027355968952178955,
    -0.07185130566358566,
    -0.03209589794278145,
    -0.026550156995654106,
    -0.020536597818136215,
    0.043332379311323166,
    0.08864904940128326,
    -0.04694678261876106,
    -0.023154402151703835,
    0.04411157965660095,
    -0.02242167666554451,
    -0.08634855598211288,
    -0.02680305205285549,
    -0.039637286216020584,
    0.08404072374105453,
    -0.057381972670555115,
    -0.07028234004974365,
    -0.010895490646362305,
    0.006084319204092026,
    -3.141670094919391e-05,
    0.06233410909771919,
    0.015067179687321186,
    0.12543226778507233,
    0.0784110426902771,
    0.022112011909484863,
    -0.0016483782092109323,
    -0.0024364569690078497,
    0.031679943203926086,
    -0.0018803884740918875,
    -0.09262993186712265,
    -0.06944294273853302,
    0.057469334453344345,
    0.0058351908810436726,
    0.0499303936958313,
    -0.01979130692780018,
    0.010668536648154259,
    -0.0028730803169310093,
    -0.01641223020851612,
    0.05408911779522896,
    -0.026439540088176727,
    0.015861855819821358,
    -0.02942708507180214,
    0.03623316437005997,
    0.04065373167395592,
    -0.0910714864730835,
    -0.04895478114485741,
    -0.02701081708073616,
    0.09280698001384735,
    -0.009310808964073658,
    -0.057751819491386414,
    0.09582887589931488,
    -0.002022647997364402,
    0.019851619377732277,
    -0.005761704873293638,
    0.0052341315895318985,
    0.09633482992649078,
    0.05563122034072876,
    0.046803757548332214,
    -0.034659191966056824
]