[
    -0.026703286916017532,
    0.07841131091117859,
    -0.02963661029934883,
    -0.10653237253427505,
    -0.0010212191846221685,
    0.09592181444168091,
    0.00976020097732544,
    -0.020405082032084465,
    -0.006231310311704874,
    0.03141451254487038,
    0.019467025995254517,
    -0.06492882966995239,
    0.01448780857026577,
    -0.0603674091398716,
    0.09417063742876053,
    -0.04042170196771622,
    -0.01906794123351574,
    -0.011317319236695766,
    -0.10930973291397095,
    0.08657101541757584,
    0.027377424761652946,
    0.07235722243785858,
    -0.03496832028031349,
    0.0352262444794178,
    -0.1047864630818367,
    0.004192632157355547,
    0.01571343094110489,
    -0.027107082307338715,
    0.04292026534676552,
    -0.04831163212656975,
    0.049759261310100555,
    -0.02169029414653778,
    0.03924492001533508,
    0.1053101047873497,
    -0.03608692064881325,
    -0.030385442078113556,
    -0.003969547338783741,
    0.03567901626229286,
    -0.07132469117641449,
    -0.03447461500763893,
    -0.06052406504750252,
    -0.04268024116754532,
    -0.050194963812828064,
    -0.0334198884665966,
    0.09577195346355438,
    0.02479609102010727,
    -0.04915378615260124,
    -0.012899438850581646,
    -0.033566199243068695,
    -0.023122204467654228,
    -0.03793270140886307,
    -0.040546901524066925,
    -1.5407918908749707e-05,
    0.08453932404518127,
    -0.05539998784661293,
    -0.04599842429161072,
    -0.0022417407017201185,
    -0.01133981253951788,
    -0.10954245179891586,
    0.0027044331654906273,
    0.025738803669810295,
    0.006972543429583311,
    -0.002276895334944129,
    0.0658099576830864,
    -0.1064298003911972,
    0.05024547502398491,
    0.006852457299828529,
    -0.04650992155075073,
    0.015613425523042679,
    -0.00014341720088850707,
    -0.1282089352607727,
    -0.024461351335048676,
    0.02614232897758484,
    0.10454314947128296,
    -0.005196720827370882,
    -0.029546912759542465,
    -0.041934579610824585,
    0.012289621867239475,
    0.06376880407333374,
    -0.07243762165307999,
    -0.014496494084596634,
    0.018580790609121323,
    -0.010991190560162067,
    0.03322813659906387,
    -0.06467524915933609,
    -0.006091632414609194,
    -0.02031567692756653,
    -0.0267184991389513,
    -0.018524371087551117,
    -0.04817013442516327,
    0.05320781096816063,
    -0.03188418224453926,
    0.1013394296169281,
    0.024000154808163643,
    0.0781325027346611,
    -0.02324242889881134,
    -0.0117623470723629,
    -0.07780580222606659,
    0.03099103271961212,
    -0.043061867356300354,
    -0.024942202493548393,
    0.04990697652101517,
    -0.03368784114718437,
    0.01931236870586872,
    -0.10891418904066086,
    -0.06819994747638702,
    0.04493510723114014,
    0.022068770602345467,
    0.0337890088558197,
    0.019769052043557167,
    0.012941597029566765,
    -0.00468005845323205,
    -0.05377310514450073,
    -0.11326335370540619,
    0.026146413758397102,
    -0.03581524267792702,
    -0.050790175795555115,
    0.03484222665429115,
    0.06721390783786774,
    -5.635663910652511e-05,
    -0.0497116893529892,
    0.0017671972746029496,
    -0.04543885961174965,
    -0.0760253518819809,
    0.010544908232986927,
    -0.048477645963430405,
    -0.03917601332068443,
    1.7760619084338807e-32,
    -0.04625721648335457,
    0.026433801278471947,
    -0.05539872869849205,
    0.023277023807168007,
    0.03359508886933327,
    0.06630851328372955,
    0.004352948162704706,
    -0.017251823097467422,
    -0.044255271553993225,
    -0.018453752622008324,
    -0.021328888833522797,
    0.02770417556166649,
    -0.001256459392607212,
    -0.004698407370597124,
    -0.022669536992907524,
    0.03479957580566406,
    -0.04045109450817108,
    0.07496756315231323,
    0.022176718339323997,
    0.03647030517458916,
    0.03952306509017944,
    -0.0757450982928276,
    0.022101495414972305,
    0.020674893632531166,
    -0.010938042774796486,
    0.007901469245553017,
    0.040882669389247894,
    -0.009974711574614048,
    0.05382571741938591,
    0.006419519428163767,
    -0.001960666151717305,
    0.00421240646392107,
    0.018208909779787064,
    -0.06529385596513748,
    0.032471343874931335,
    0.10813802480697632,
    0.089375339448452,
    -0.008641405031085014,
    0.07294169068336487,
    -0.07337812334299088,
    0.015104169026017189,
    -0.005406806245446205,
    0.012691276147961617,
    0.042732104659080505,
    0.05503007024526596,
    -0.028801223263144493,
    -0.0018026160541921854,
    0.022970765829086304,
    0.04403981566429138,
    0.03288295865058899,
    -0.03905310854315758,
    -0.02587280422449112,
    -0.014071162790060043,
    -0.022072363644838333,
    -0.024231381714344025,
    0.008486084640026093,
    -0.09119661897420883,
    0.038280583918094635,
    -0.06015229970216751,
    0.02642071060836315,
    -0.014346089214086533,
    0.07032811641693115,
    0.019164837896823883,
    -0.048778995871543884,
    -0.02073858678340912,
    -0.05356142669916153,
    -0.004436295945197344,
    -0.10599460452795029,
    0.021625319495797157,
    0.02937113493680954,
    -0.03833969682455063,
    0.028966721147298813,
    -0.003760610707104206,
    0.020636610686779022,
    -0.012436804361641407,
    -0.026892002671957016,
    -0.051441967487335205,
    0.011733108200132847,
    0.02623077854514122,
    0.06888680905103683,
    -0.10766270011663437,
    0.024105815216898918,
    0.013715739361941814,
    0.07258331030607224,
    0.0017518075183033943,
    -0.0006221641087904572,
    0.043553926050662994,
    0.08618288487195969,
    -0.025307821109890938,
    -0.03131727874279022,
    0.035288695245981216,
    -0.00264708511531353,
    0.07800004631280899,
    0.04822733998298645,
    0.005188375245779753,
    -1.867955150751856e-32,
    0.00035912630846723914,
    -0.0047307563945651054,
    -0.0672040730714798,
    0.03774098679423332,
    0.08382545411586761,
    0.005888689309358597,
    -0.05276401340961456,
    -0.040752261877059937,
    0.07126233726739883,
    -0.0039804354310035706,
    0.05058933049440384,
    -0.06317054480314255,
    -0.0042496914975345135,
    -0.03305533528327942,
    -0.03196422755718231,
    -0.01110250223428011,
    -0.06879843026399612,
    -0.029410474002361298,
    -0.004881592933088541,
    0.11488189548254013,
    -0.0016626325668767095,
    -0.03796206787228584,
    -0.05108914151787758,
    0.13919636607170105,
    0.060450077056884766,
    0.05936615914106369,
    -0.024463871493935585,
    0.015136844478547573,
    0.08788859844207764,
    -0.06782776117324829,
    -0.054950907826423645,
    -0.0838269516825676,
    -0.06611862778663635,
    0.05525550618767738,
    -0.1155528575181961,
    -0.19370362162590027,
    0.09356928616762161,
    -0.08661466836929321,
    -0.0029280867893248796,
    -0.06887351721525192,
    0.08354218304157257,
    0.02522917278110981,
    -0.057097356766462326,
    0.01686648651957512,
    -0.005689698737114668,
    -0.04010460525751114,
    0.024281058460474014,
    0.04477347806096077,
    0.02394448220729828,
    -0.028811432421207428,
    0.07393503934144974,
    -0.037237320095300674,
    -0.0073585715144872665,
    -0.004186927806586027,
    -0.04910235106945038,
    0.03712663799524307,
    0.0021411855705082417,
    -0.0037194984033703804,
    -0.05829876661300659,
    -0.01838473230600357,
    0.07930371910333633,
    0.0285455621778965,
    -0.0709228441119194,
    0.10700539499521255,
    0.026443367823958397,
    -0.09586881846189499,
    0.004050733521580696,
    -0.028345858678221703,
    -0.009295574389398098,
    -0.10498585551977158,
    -0.07439494878053665,
    -0.13463033735752106,
    -0.05687681958079338,
    -0.07670591026544571,
    0.08027227967977524,
    -0.05824403092265129,
    -0.0426517017185688,
    -0.07182697206735611,
    -0.03820409998297691,
    0.024428533390164375,
    0.08016255497932434,
    0.022091394290328026,
    -0.07085668295621872,
    0.05812028795480728,
    0.003998416475951672,
    0.017319541424512863,
    0.0015350424218922853,
    -0.0394444540143013,
    0.0024516957346349955,
    0.07659328728914261,
    -0.09812392294406891,
    -0.016871705651283264,
    -0.05124139413237572,
    0.05650250241160393,
    -0.042762696743011475,
    -5.346410603124241e-08,
    0.05664859339594841,
    0.02880251221358776,
    0.01208210363984108,
    -0.044193629175424576,
    -0.02317020297050476,
    -0.038232967257499695,
    -0.02613094449043274,
    -0.021866772323846817,
    0.0015228318516165018,
    -0.07489369064569473,
    0.06336981058120728,
    0.041361406445503235,
    -0.025343816727399826,
    0.01740776002407074,
    0.055208273231983185,
    -0.03025309555232525,
    -0.056180547922849655,
    -0.011417840607464314,
    -0.03176603838801384,
    0.04014987498521805,
    -0.023214124143123627,
    -0.05472788214683533,
    -0.038952864706516266,
    0.02323567308485508,
    0.06298470497131348,
    0.04656453803181648,
    -0.019958805292844772,
    0.025729695335030556,
    0.004506180062890053,
    0.06004161015152931,
    -0.04786235839128494,
    -0.033279240131378174,
    0.012443823739886284,
    0.024043820798397064,
    -0.03526171296834946,
    -0.016487527638673782,
    0.02186819724738598,
    -0.02065582014620304,
    0.013470848090946674,
    -0.010446508415043354,
    0.01613479293882847,
    0.01893182098865509,
    0.006393425166606903,
    0.0540134571492672,
    -0.020638903602957726,
    -0.05788218230009079,
    -0.0025968372356146574,
    0.018686771392822266,
    0.00281706266105175,
    -0.1319776177406311,
    -0.030534936115145683,
    -0.0197831429541111,
    0.11409231275320053,
    0.014571641571819782,
    -0.08080177009105682,
    0.08915359526872635,
    0.006932595279067755,
    0.0020847106352448463,
    0.012212464585900307,
    -0.0031677749939262867,
    0.14922350645065308,
    0.040164586156606674,
    0.017129937186837196,
    0.010370681993663311
]