[
    -0.019144507125020027,
    -0.0031289439648389816,
    -0.020547743886709213,
    -0.04990261048078537,
    -0.06685943156480789,
    0.057875748723745346,
    -0.06993492692708969,
    -0.040503423660993576,
    0.010911201126873493,
    0.013471301645040512,
    0.03656492382287979,
    -0.02810722403228283,
    -0.008329249918460846,
    -0.008402839303016663,
    0.05848805606365204,
    -0.007095132488757372,
    0.06616763025522232,
    0.0717376247048378,
    -0.08154118806123734,
    0.03600039333105087,
    0.028944220393896103,
    0.05851820111274719,
    -0.04165616258978844,
    0.03196996450424194,
    -0.16929028928279877,
    -0.045896321535110474,
    -0.05507560446858406,
    -0.06426764279603958,
    0.05062653496861458,
    -0.07581938058137894,
    0.002143078949302435,
    0.04933294653892517,
    0.018811063840985298,
    0.08330081403255463,
    -0.004212931264191866,
    0.045383915305137634,
    0.014636053703725338,
    -0.022931072860956192,
    0.014029613696038723,
    -0.03260122239589691,
    -0.0431918203830719,
    -0.04704899713397026,
    -0.06417402625083923,
    -0.06525010615587234,
    0.038143448531627655,
    -0.029581846669316292,
    -0.014928733929991722,
    -0.016798950731754303,
    -0.05038377642631531,
    -0.031801737844944,
    -0.06790388375520706,
    -0.046566855162382126,
    -0.01980203203856945,
    0.03855574131011963,
    -0.04776298627257347,
    -0.023810334503650665,
    -0.006728633772581816,
    0.009215708822011948,
    -0.014370427466928959,
    -0.014808251522481441,
    0.06128775700926781,
    -0.021383512765169144,
    -0.06405040621757507,
    0.09247331321239471,
    -0.03824453055858612,
    0.04890930652618408,
    -0.031568076461553574,
    -0.04027094691991806,
    -0.0034856132697314024,
    0.047317180782556534,
    -0.09592431038618088,
    -0.01708531752228737,
    0.004324488341808319,
    0.07209823280572891,
    0.0052657779306173325,
    0.006949899718165398,
    -0.042326416820287704,
    0.028600573539733887,
    0.09696150571107864,
    -0.12721939384937286,
    -0.04318716377019882,
    0.056772492825984955,
    0.0021763124968856573,
    0.11381363123655319,
    -0.01922020874917507,
    -0.08696534484624863,
    -0.062222130596637726,
    -0.009808095172047615,
    -0.014310851693153381,
    -0.02211962826550007,
    0.06954092532396317,
    -0.05821734666824341,
    0.08520634472370148,
    -0.0871526226401329,
    0.018137933686375618,
    -0.048746272921562195,
    0.027908461168408394,
    -0.015479601919651031,
    0.031618885695934296,
    0.0065791369415819645,
    0.04667704179883003,
    0.050419654697179794,
    -0.10543812811374664,
    -0.04815765097737312,
    -0.04065800458192825,
    -0.03946106508374214,
    0.0031486456282436848,
    -0.019234267994761467,
    0.04559716209769249,
    0.024590736255049706,
    -0.007756121456623077,
    -0.005565966945141554,
    -0.02945432998239994,
    -0.10642170906066895,
    0.06364172697067261,
    -0.00947065930813551,
    -0.038725558668375015,
    0.09820998460054398,
    0.022372009232640266,
    -0.033547498285770416,
    -0.014106790535151958,
    -0.007196404505521059,
    -0.055543676018714905,
    -0.12382111698389053,
    0.03897784277796745,
    0.0607290044426918,
    -0.010693180374801159,
    2.0609893963825195e-32,
    0.008149174973368645,
    0.041582006961107254,
    -0.06989213079214096,
    -0.009519957937300205,
    0.03683631494641304,
    -0.02194952219724655,
    0.014335546642541885,
    0.009067832492291927,
    -0.04154587537050247,
    0.08862819522619247,
    0.01966271549463272,
    0.06077202036976814,
    -0.02208244428038597,
    -0.0229745302349329,
    -0.03498208895325661,
    -0.002532759215682745,
    -0.02719619870185852,
    0.08189423382282257,
    -0.02630368433892727,
    0.0805131196975708,
    0.019052566960453987,
    -0.06357530504465103,
    0.024799613282084465,
    0.025301756337285042,
    0.008829477243125439,
    -0.05167924240231514,
    0.0256970152258873,
    0.009472016245126724,
    0.003492470597848296,
    0.032346516847610474,
    0.07967972010374069,
    0.04677006974816322,
    0.03683076053857803,
    0.002669835928827524,
    0.00791191216558218,
    0.06844884902238846,
    0.07000191509723663,
    -0.061552565544843674,
    0.05816008895635605,
    -0.10441261529922485,
    -0.06212518736720085,
    0.0365854948759079,
    0.007743258494883776,
    -0.00681124534457922,
    0.02396363392472267,
    -0.018233472481369972,
    0.02982914447784424,
    -0.05302180349826813,
    0.05124979466199875,
    0.04477079212665558,
    0.01910753920674324,
    -0.0032838217448443174,
    0.07910492271184921,
    -0.018410198390483856,
    0.020865021273493767,
    -0.012656940147280693,
    -0.049236856400966644,
    0.031615808606147766,
    -0.05871628224849701,
    0.07390131056308746,
    -0.004761555232107639,
    0.001586701488122344,
    -0.05304672196507454,
    0.058737486600875854,
    -0.006556709762662649,
    -0.01945621147751808,
    -0.031030265614390373,
    -0.05590858682990074,
    0.05050616338849068,
    -0.031473126262426376,
    -0.0532081164419651,
    0.09026578813791275,
    -0.0022277196403592825,
    0.012593323364853859,
    -0.04272820055484772,
    -0.05701823905110359,
    -0.008304823189973831,
    0.012554245069622993,
    0.04839172959327698,
    -0.002924934960901737,
    -0.12173879146575928,
    0.0015773874474689364,
    0.03143374249339104,
    0.05985964089632034,
    0.004252100829035044,
    -0.04604611173272133,
    0.06026477366685867,
    0.052601493895053864,
    0.0030722804367542267,
    -0.01838229037821293,
    0.009541426785290241,
    0.010681575164198875,
    0.012080489657819271,
    0.10839428752660751,
    0.055152684450149536,
    -2.0112524671577023e-32,
    0.05298744887113571,
    -0.019118325784802437,
    -0.023081475868821144,
    0.014241226948797703,
    0.008871890604496002,
    0.020845843479037285,
    -0.060496583580970764,
    -0.11322292685508728,
    0.08759971708059311,
    -0.03685987740755081,
    -0.01331646554172039,
    -0.02215506322681904,
    -0.01034703478217125,
    -0.010479613207280636,
    -0.03819744288921356,
    -0.06546035408973694,
    -0.03994467854499817,
    -0.024355560541152954,
    0.013942716643214226,
    0.052814263850450516,
    0.07704862207174301,
    -0.013664490543305874,
    -0.008376691490411758,
    0.07329466938972473,
    0.0183597132563591,
    0.0441143624484539,
    -0.041912004351615906,
    -0.04235981032252312,
    0.07099471241235733,
    -0.02462712861597538,
    0.007667468395084143,
    -0.05956576019525528,
    -0.010197710245847702,
    0.024580270051956177,
    -0.05223250016570091,
    -0.1438503861427307,
    0.0614616721868515,
    -0.07811033725738525,
    -0.04037492349743843,
    -0.021383970975875854,
    0.05959630757570267,
    0.03439345210790634,
    -0.02001062035560608,
    0.028498418629169464,
    0.02044736035168171,
    -0.1019822359085083,
    0.03849752992391586,
    -0.06883944571018219,
    0.004160343669354916,
    -0.05407965928316116,
    0.025629717856645584,
    -0.03742477670311928,
    -0.022335108369588852,
    0.03481946513056755,
    -0.030827952548861504,
    0.0933876559138298,
    0.013935323804616928,
    -0.015825428068637848,
    -0.07528600096702576,
    0.02015090361237526,
    0.07481256872415543,
    0.08931045979261398,
    -0.03224141150712967,
    0.031934816390275955,
    0.08896329253911972,
    -0.02946539781987667,
    -0.03905387595295906,
    -0.01624050922691822,
    0.012432851828634739,
    -0.04566742479801178,
    -0.057233672589063644,
    -0.10525531321763992,
    -0.061999861150979996,
    -0.11090785264968872,
    0.1227390244603157,
    -0.07203183323144913,
    -0.07142899185419083,
    -0.1238957941532135,
    -0.09669861197471619,
    0.04086126759648323,
    0.02414226531982422,
    0.022602668032050133,
    0.0018986784853041172,
    0.06578709930181503,
    -0.01613689213991165,
    0.03928708657622337,
    0.04755363240838051,
    0.00028742844006046653,
    0.04623324051499367,
    0.09682949632406235,
    -0.040250129997730255,
    -0.016064871102571487,
    -0.0048739295452833176,
    -0.0070824045687913895,
    -0.06513561308383942,
    -6.107492822593485e-08,
    -0.06163254752755165,
    0.04163084179162979,
    -0.0015830382471904159,
    -0.03208659961819649,
    -0.004992567468434572,
    0.012219607830047607,
    -0.033260054886341095,
    -0.013009108603000641,
    -0.07504259794950485,
    -0.08195251226425171,
    0.03724503144621849,
    -0.01702379621565342,
    -0.04657840356230736,
    -0.043762195855379105,
    0.06600789725780487,
    -0.06497759371995926,
    -0.02251165173947811,
    0.02846638858318329,
    -0.1161956936120987,
    0.06585858017206192,
    -0.06490541994571686,
    -0.018652169033885002,
    -0.0769634023308754,
    -0.037715841084718704,
    0.003828031476587057,
    -0.02703046053647995,
    -0.029103165492415428,
    0.053000789135694504,
    0.06664946675300598,
    0.06384698301553726,
    -0.01919735036790371,
    0.029991433024406433,
    0.021638115867972374,
    -0.07972679287195206,
    -0.058456555008888245,
    -0.053433775901794434,
    -0.0015014902455732226,
    0.0035170195624232292,
    0.07404973357915878,
    -0.05672823265194893,
    -0.02604070119559765,
    0.05401855334639549,
    0.032587215304374695,
    0.09598670899868011,
    0.0028416982386261225,
    -0.03864453732967377,
    -0.0645938590168953,
    0.028489211574196815,
    0.008745159953832626,
    -0.10017794370651245,
    0.02721252664923668,
    -0.042375847697257996,
    0.03003578446805477,
    0.018857039511203766,
    -0.038483839482069016,
    0.04982826113700867,
    0.07335507124662399,
    0.030061867088079453,
    -0.02825329639017582,
    0.007246415596455336,
    0.11735821515321732,
    0.058144986629486084,
    0.059409745037555695,
    -0.0434536449611187
]