[
    -0.04207458347082138,
    0.028713412582874298,
    -0.012854721397161484,
    -0.022405974566936493,
    -0.05360761657357216,
    0.0702102854847908,
    -0.01148870587348938,
    -0.07531560957431793,
    0.025518100708723068,
    0.020540079101920128,
    0.028917009010910988,
    -0.012713465839624405,
    0.0030691286083310843,
    0.05210935324430466,
    0.02867644838988781,
    0.010786748491227627,
    0.04021291062235832,
    0.06804702430963516,
    -0.119803287088871,
    0.012871693819761276,
    0.04044286906719208,
    0.01834501326084137,
    -0.037553027272224426,
    0.021763885393738747,
    -0.12690448760986328,
    -0.044572748243808746,
    -0.03361484780907631,
    -0.04724258556962013,
    0.05254950746893883,
    -0.06537430733442307,
    -0.04865121841430664,
    -0.019889216870069504,
    -0.005027522332966328,
    0.0933878943324089,
    -0.001042754971422255,
    -0.017547620460391045,
    0.003040558658540249,
    -0.07650352269411087,
    -0.004904405679553747,
    0.005256628151983023,
    0.009729797020554543,
    -0.0038344739004969597,
    -0.050726063549518585,
    0.0016376316780224442,
    -0.04525856301188469,
    -0.031975142657756805,
    -0.01708522066473961,
    -0.018080994486808777,
    -0.13640250265598297,
    -0.03218953683972359,
    -0.08263509720563889,
    -0.04671602323651314,
    -0.028879690915346146,
    0.06536659598350525,
    -0.02530728653073311,
    -0.07289198786020279,
    0.02265109121799469,
    0.02896173484623432,
    0.01348804123699665,
    -0.00871769804507494,
    0.024325691163539886,
    0.0064820898696780205,
    -0.11514623463153839,
    0.04851584881544113,
    -0.04889244958758354,
    0.0027912878431379795,
    0.026907848194241524,
    -0.004533194936811924,
    0.007015033159404993,
    0.0546431690454483,
    -0.031027058139443398,
    -0.022536830976605415,
    0.05039127916097641,
    -0.02679532952606678,
    0.006439250893890858,
    -0.021675026044249535,
    0.014597264118492603,
    0.05318090319633484,
    0.03668991103768349,
    -0.08558293431997299,
    -0.046531517058610916,
    -0.05317487567663193,
    -0.022617395967245102,
    -0.007786857429891825,
    -0.04533719643950462,
    -0.062078822404146194,
    -0.008638325147330761,
    -0.04740980640053749,
    0.0997714176774025,
    0.022966759279370308,
    0.05780550092458725,
    -0.05172107368707657,
    0.10842002928256989,
    -0.06073326617479324,
    0.046111054718494415,
    0.024078765884041786,
    0.04712563008069992,
    -0.05012248456478119,
    0.052437055855989456,
    -0.006848866119980812,
    0.0844394713640213,
    0.05725957825779915,
    -0.07675669342279434,
    -0.010212626308202744,
    0.03783155232667923,
    -0.023098113015294075,
    -0.02417171746492386,
    -0.022369610145688057,
    -0.09560925513505936,
    0.060984719544649124,
    -0.013198094442486763,
    -0.016842622309923172,
    -0.024541174992918968,
    -0.08251472562551498,
    0.046821631491184235,
    0.06958986818790436,
    0.0188897792249918,
    0.0711694061756134,
    0.009054822847247124,
    -0.05888299643993378,
    -0.0240204855799675,
    0.043237075209617615,
    -0.0073006474412977695,
    -0.07562200725078583,
    0.0032839535269886255,
    0.022467778995633125,
    -0.09739268571138382,
    1.4897905365686642e-32,
    -0.03310761973261833,
    -0.0917813777923584,
    -0.18300402164459229,
    -0.07042787969112396,
    -0.0019462029449641705,
    0.020506562665104866,
    -0.013511859811842442,
    0.06018839031457901,
    -0.06771598756313324,
    0.07417536526918411,
    -0.011089102365076542,
    -0.001866805600002408,
    0.014100358821451664,
    -0.030128465965390205,
    -0.006120165344327688,
    0.028554223477840424,
    -0.0016001953044906259,
    0.07166291028261185,
    0.03218905255198479,
    0.025084130465984344,
    0.03298262506723404,
    -0.0034813638776540756,
    0.02471521869301796,
    0.034975815564394,
    -0.0421702079474926,
    -0.023408599197864532,
    0.03279735893011093,
    -0.04804105684161186,
    0.005817716009914875,
    -0.005816767457872629,
    0.04283193126320839,
    0.036386098712682724,
    0.09180290997028351,
    0.0010192611953243613,
    0.07920445501804352,
    0.11059936881065369,
    -0.04263926297426224,
    0.009711408987641335,
    0.07534275949001312,
    -0.030592195689678192,
    -0.027453720569610596,
    0.00803771335631609,
    -0.02268972247838974,
    -0.04801061749458313,
    0.015865439549088478,
    0.02020241506397724,
    0.005830871406942606,
    -0.03962847217917442,
    0.0841796025633812,
    -0.013652359135448933,
    -0.007958988659083843,
    0.024848083034157753,
    0.07447122037410736,
    -0.0005925806472077966,
    0.02945692092180252,
    0.0023314731661230326,
    -0.042639825493097305,
    0.07277795672416687,
    -0.032006390392780304,
    -0.019224200397729874,
    -0.009103095158934593,
    -0.01983494497835636,
    0.011481787078082561,
    0.038015756756067276,
    -0.0036969061475247145,
    -0.060789529234170914,
    -0.05857585743069649,
    0.005444769747555256,
    -0.003764938795939088,
    -0.052666813135147095,
    -0.043374236673116684,
    0.05093806982040405,
    0.06623063236474991,
    0.01804765686392784,
    -0.05546477064490318,
    -0.02759348228573799,
    0.01726902462542057,
    -0.04646819084882736,
    0.03862565755844116,
    -0.04142845794558525,
    -0.09800878167152405,
    -0.025725435465574265,
    0.10312075912952423,
    0.01758185774087906,
    -0.01730441115796566,
    -0.0014300202019512653,
    -0.012522898614406586,
    -0.001669300370849669,
    0.025585714727640152,
    -0.006272315047681332,
    0.03875575587153435,
    0.002092998707666993,
    -0.05703841522336006,
    0.02695048600435257,
    0.05860302597284317,
    -1.6071470436405643e-32,
    -0.03145042434334755,
    -0.04175557196140289,
    -0.0778922587633133,
    0.03170318529009819,
    0.03759215399622917,
    0.023296432569622993,
    -0.07507214695215225,
    -0.04340190812945366,
    0.030125321820378304,
    -0.033712223172187805,
    -0.08409100025892258,
    -0.04759440943598747,
    -0.012661394663155079,
    0.010070094838738441,
    -0.015868989750742912,
    -0.06634283810853958,
    -0.027995074167847633,
    0.016737451776862144,
    0.0381268672645092,
    0.06453663855791092,
    0.09934323281049728,
    0.05145803466439247,
    -0.02633029781281948,
    0.06969907134771347,
    -0.043982211500406265,
    -0.04982155188918114,
    0.04134456440806389,
    -0.10310138016939163,
    0.025305354967713356,
    0.1312778741121292,
    0.022785471752285957,
    -0.019785471260547638,
    -0.10690588504076004,
    0.08153381943702698,
    -0.06231984123587608,
    -0.13713467121124268,
    0.08207836002111435,
    -0.012718220241367817,
    -0.06081675738096237,
    -0.05980844423174858,
    0.024038752540946007,
    0.09422334283590317,
    0.002775648608803749,
    -0.049374889582395554,
    0.03228229284286499,
    -0.026070743799209595,
    0.040418390184640884,
    -0.03926689922809601,
    -0.014333580620586872,
    -0.07492595911026001,
    0.02848462201654911,
    -0.08076534420251846,
    -0.0071903131902217865,
    0.042086027562618256,
    -0.023337243124842644,
    0.056823164224624634,
    0.06199266016483307,
    -0.06757108867168427,
    0.010356421582400799,
    0.03772231936454773,
    0.045804839581251144,
    0.027152052149176598,
    0.003938885405659676,
    -0.012878219597041607,
    0.07941945642232895,
    0.07258731871843338,
    -0.0480007566511631,
    -0.034888140857219696,
    0.03046952374279499,
    0.0009048439096659422,
    0.04056065157055855,
    -0.06040611490607262,
    -0.09943818300962448,
    -0.021572332829236984,
    0.09322712570428848,
    0.03266236558556557,
    -0.04389122873544693,
    -0.05833003669977188,
    -0.11411340534687042,
    0.04493313655257225,
    0.08686240017414093,
    0.03987101465463638,
    -0.0004750579537358135,
    0.041029684245586395,
    -0.005230197682976723,
    0.0384925976395607,
    0.06618141382932663,
    -0.02469845488667488,
    0.023166673257946968,
    0.08705579489469528,
    -0.020922573283314705,
    -0.03203599527478218,
    0.03161777928471565,
    0.02094348520040512,
    0.006275177467614412,
    -4.850863888350432e-08,
    -0.07270772755146027,
    -0.025101004168391228,
    -0.04493292421102524,
    0.036204058676958084,
    -0.07520599663257599,
    0.023718081414699554,
    -0.06473066657781601,
    0.015311883762478828,
    -0.08555155992507935,
    -0.03382916748523712,
    0.03271861374378204,
    -0.03333517163991928,
    -0.02562418207526207,
    0.06070379540324211,
    -0.008282334543764591,
    -0.02013365551829338,
    -0.02199472300708294,
    0.061899419873952866,
    -0.08446630090475082,
    -0.006417789496481419,
    -0.04138581454753876,
    0.009681329131126404,
    -0.026825902983546257,
    0.010804416611790657,
    0.012359034270048141,
    -0.011122630909085274,
    0.004107075743377209,
    0.14628222584724426,
    0.05230380594730377,
    -0.0014236278366297483,
    -0.027179377153515816,
    0.018308911472558975,
    0.017627950757741928,
    -0.09246101975440979,
    -0.023544760420918465,
    0.03819626197218895,
    -0.06056727468967438,
    0.009895813651382923,
    0.014300676062703133,
    0.0732659325003624,
    -0.0190086979418993,
    0.019100425764918327,
    0.06135882809758186,
    0.08225075155496597,
    0.029124338179826736,
    -0.02564147487282753,
    -0.16357651352882385,
    0.027738220989704132,
    0.03157193586230278,
    -0.027204269543290138,
    0.01569448783993721,
    -0.031255315989255905,
    -0.035610564053058624,
    0.004694985691457987,
    0.0386732779443264,
    0.040453385561704636,
    0.08903218805789948,
    0.026725586503744125,
    -0.08335626870393753,
    0.005658958572894335,
    0.136977419257164,
    0.038043223321437836,
    0.08621279150247574,
    -0.06477141380310059
]