[
    -0.06090230494737625,
    0.026879167184233665,
    -0.05485246330499649,
    -0.0933476984500885,
    -0.07735618948936462,
    0.03509588539600372,
    -0.00976449716836214,
    -0.07070236653089523,
    0.0026777058374136686,
    -0.002516884356737137,
    -0.016492780297994614,
    -0.010116791352629662,
    0.04462674632668495,
    -0.03522780165076256,
    0.07477114349603653,
    0.004736683331429958,
    0.045175377279520035,
    0.05491173639893532,
    -0.11456727236509323,
    0.06251507997512817,
    -0.007386225275695324,
    0.07729028165340424,
    -0.037651561200618744,
    -0.04004852473735809,
    -0.13052517175674438,
    -0.024393625557422638,
    -0.0049475268460810184,
    -0.06103621423244476,
    -0.011824127286672592,
    -0.06358062475919724,
    0.019517172127962112,
    0.01640624925494194,
    0.03586803004145622,
    0.0782080888748169,
    -0.017630912363529205,
    0.007577206939458847,
    -0.05270178243517876,
    0.06704624742269516,
    0.012434757314622402,
    0.02021213248372078,
    -0.06411481648683548,
    -0.038880862295627594,
    -0.033615272492170334,
    0.009612254798412323,
    0.023395704105496407,
    -0.04163096845149994,
    -0.0696236863732338,
    -0.06196139380335808,
    0.04793992266058922,
    0.03857292979955673,
    -0.055145371705293655,
    -0.01418469287455082,
    -0.012608794495463371,
    0.09741335362195969,
    -0.08914180845022202,
    -0.04639025777578354,
    -0.032741811126470566,
    -0.012823705561459064,
    -0.09355802834033966,
    0.012276001274585724,
    -0.009509851224720478,
    0.022054551169276237,
    0.02791585959494114,
    0.08858645707368851,
    -0.08014418184757233,
    0.06793173402547836,
    -0.03821038454771042,
    -0.00881495513021946,
    -0.04002247750759125,
    -0.013176986947655678,
    -0.08756467700004578,
    -0.007294151000678539,
    -0.04910290986299515,
    0.05068720504641533,
    -0.014746286906301975,
    0.02263358049094677,
    -0.01865222491323948,
    0.007023002486675978,
    0.07377588003873825,
    -0.12228404730558395,
    -0.0047058542259037495,
    0.015460370108485222,
    -0.0609666146337986,
    0.0680570974946022,
    -0.07421758770942688,
    0.004776170011609793,
    -0.011448176577687263,
    -0.01796499826014042,
    -0.03468032553792,
    -0.048613034188747406,
    0.060557831078767776,
    -0.05891111120581627,
    0.09932535886764526,
    -0.06785985082387924,
    0.08861535787582397,
    -0.03545200824737549,
    -0.015043742023408413,
    -0.08866957575082779,
    0.016381656751036644,
    -0.02383516915142536,
    -0.07063812762498856,
    0.0058958930894732475,
    0.04559857025742531,
    -0.0007433528080582619,
    -0.04954458028078079,
    -0.08823692798614502,
    0.06508037447929382,
    -0.0012341192923486233,
    0.011717597022652626,
    0.04693226143717766,
    0.04672137647867203,
    0.03260573372244835,
    -0.058218490332365036,
    -0.13012981414794922,
    0.021761609241366386,
    -0.037084706127643585,
    -0.026101836934685707,
    0.04096955433487892,
    0.03143439069390297,
    -0.0034019588492810726,
    -0.04154426231980324,
    0.009566429071128368,
    -0.058969978243112564,
    -0.05291259288787842,
    -0.013444843702018261,
    0.00553881423547864,
    -0.03760731592774391,
    2.659431660207826e-32,
    0.0029785665683448315,
    0.017253698781132698,
    -0.020954566076397896,
    0.032012440264225006,
    0.024643510580062866,
    0.00462974701076746,
    0.032118119299411774,
    -0.00959719903767109,
    -0.03254323825240135,
    0.08946557343006134,
    -0.03702208399772644,
    0.07384927570819855,
    -0.007141541689634323,
    -0.022902492433786392,
    -0.05744615197181702,
    0.06890877336263657,
    0.0036768470890820026,
    0.08064351975917816,
    -0.04030792787671089,
    0.060944993048906326,
    0.017583951354026794,
    -0.019036227837204933,
    0.017862126231193542,
    0.035739220678806305,
    -0.04282983019948006,
    0.01632813550531864,
    0.02526642382144928,
    0.004829900339245796,
    0.04281531646847725,
    0.003566399682313204,
    0.013511333614587784,
    0.007446988020092249,
    0.0135843176394701,
    -0.02712935395538807,
    0.04770847409963608,
    0.13730470836162567,
    0.043767645955085754,
    -0.031041482463479042,
    0.1168770119547844,
    -0.06836707144975662,
    -0.02052747830748558,
    -0.020774435251951218,
    0.07661707699298859,
    0.03333262354135513,
    0.02142312191426754,
    -0.020890630781650543,
    0.03785415366292,
    0.0030909862834960222,
    0.001864758087322116,
    0.04448750242590904,
    -0.05151340737938881,
    -0.0004211778286844492,
    -0.017125606536865234,
    -0.0007009420078247786,
    -0.03750251606106758,
    -0.0052007329650223255,
    -0.01699652522802353,
    0.02795582264661789,
    -0.04866506904363632,
    0.09752193838357925,
    -0.049047552049160004,
    0.0625506117939949,
    -0.0298481248319149,
    -0.022229956462979317,
    -0.008162295445799828,
    -0.053411077708005905,
    -0.010321980342268944,
    -0.08918623626232147,
    0.055812768638134,
    0.010673660784959793,
    0.0009354876237921417,
    0.040849488228559494,
    -0.003405978437513113,
    0.032225724309682846,
    0.011719012632966042,
    -0.019569071009755135,
    0.00975195225328207,
    -0.0396781861782074,
    0.05908087641000748,
    0.008724484592676163,
    -0.07734334468841553,
    -0.0065066395327448845,
    0.0201591644436121,
    0.1046684980392456,
    -0.01690104976296425,
    0.013930577784776688,
    0.03919938951730728,
    0.029904529452323914,
    -0.10837350785732269,
    -0.05188291519880295,
    0.007840083912014961,
    0.041834037750959396,
    0.06453845649957657,
    0.07080157101154327,
    -0.009307313710451126,
    -2.575898386776105e-32,
    -0.012549776583909988,
    -0.05270710960030556,
    -0.021418681368231773,
    -0.005561797413975,
    0.07483881711959839,
    -0.03924174606800079,
    0.001258993404917419,
    -0.09569500386714935,
    0.05906462296843529,
    0.04387588053941727,
    0.03967615216970444,
    -0.036956749856472015,
    -0.03468687832355499,
    -0.032611873000860214,
    0.014269467443227768,
    -0.016323739662766457,
    -0.08918880671262741,
    -0.01716882735490799,
    -0.034197330474853516,
    0.09985458105802536,
    -0.011559095233678818,
    0.005284880753606558,
    0.004135083872824907,
    0.11670766025781631,
    0.04940350353717804,
    0.06343929469585419,
    -0.019620900973677635,
    -0.0021853786893188953,
    0.08890215307474136,
    -0.038199540227651596,
    -0.06255147606134415,
    -0.05596626177430153,
    -0.049358293414115906,
    -0.00031711041810922325,
    -0.10664670169353485,
    -0.19432035088539124,
    0.05677628889679909,
    -0.044665880501270294,
    -0.03437065705657005,
    -0.07855137437582016,
    0.06936641037464142,
    0.013112584128975868,
    -0.04007638990879059,
    0.008710550144314766,
    0.0392754003405571,
    -0.09246944636106491,
    0.05130787193775177,
    -0.015001690946519375,
    0.00041027512634173036,
    0.008860806003212929,
    0.0038211906794458628,
    -0.027058036997914314,
    -0.025319717824459076,
    0.04166390746831894,
    -0.009795153513550758,
    0.0728178545832634,
    0.03278707340359688,
    -0.028020739555358887,
    -0.04093262553215027,
    -0.031718187034130096,
    0.08476681262254715,
    0.08758698403835297,
    -0.01712961122393608,
    0.10074234753847122,
    0.06370939314365387,
    -0.02250431664288044,
    -0.019888369366526604,
    -0.06829626858234406,
    -0.05542441084980965,
    -0.05982455983757973,
    -0.049482379108667374,
    -0.09736695885658264,
    -0.033483996987342834,
    -0.13896264135837555,
    0.054929379373788834,
    -0.04877888038754463,
    -0.04350810497999191,
    -0.13155746459960938,
    -0.040844012051820755,
    0.030028171837329865,
    0.055675946176052094,
    -0.02674037031829357,
    -0.05866444483399391,
    0.08280140161514282,
    -0.025263335555791855,
    0.014361351728439331,
    0.0781918466091156,
    -0.047054219990968704,
    -0.0374041385948658,
    0.10248938202857971,
    -0.0873330757021904,
    -0.022190185263752937,
    -0.06193310394883156,
    0.01788346841931343,
    -0.08414682000875473,
    -6.556165033089201e-08,
    -0.04467761889100075,
    0.10699941962957382,
    0.011221623048186302,
    -0.0386844128370285,
    0.014668273739516735,
    -0.05179847031831741,
    -0.045381151139736176,
    0.015000412240624428,
    -0.009328440763056278,
    -0.02657134085893631,
    0.053310781717300415,
    0.06526132673025131,
    -0.030757591128349304,
    -0.0042625656351447105,
    0.08628673106431961,
    0.01349226851016283,
    -0.07098960131406784,
    -0.03743773698806763,
    -0.05650131404399872,
    0.025641674175858498,
    -0.03462240844964981,
    -0.027109025046229362,
    -0.05788608640432358,
    0.04091082140803337,
    0.03683001548051834,
    0.025581946596503258,
    -0.0264463908970356,
    0.012601048685610294,
    0.09939270466566086,
    0.03240096569061279,
    -0.01586812175810337,
    -0.022913416847586632,
    -0.0011890543391928077,
    -0.029673399403691292,
    -0.01983707956969738,
    -0.05185168609023094,
    0.03811214864253998,
    -0.020003952085971832,
    0.03213370963931084,
    0.015036721713840961,
    0.020674245432019234,
    0.017077771946787834,
    0.027153801172971725,
    0.08287813514471054,
    -0.008776830509305,
    -0.043036140501499176,
    -0.03455014526844025,
    0.027156509459018707,
    0.030994679778814316,
    -0.07847054302692413,
    -0.028015313670039177,
    -0.04583676904439926,
    0.042473044246435165,
    -0.03846539556980133,
    -0.07200483232736588,
    0.053050071001052856,
    0.021266868337988853,
    0.02650672011077404,
    -0.006883059162646532,
    0.015271552838385105,
    0.08536496013402939,
    0.023374009877443314,
    0.04512090981006622,
    -0.020872343331575394
]