[
    -0.040725089609622955,
    0.023476198315620422,
    -0.0342898927628994,
    -0.07211638987064362,
    -0.036977555602788925,
    0.034474700689315796,
    -0.045021235942840576,
    -0.051248058676719666,
    0.01202021911740303,
    0.024230141192674637,
    0.023443544283509254,
    -0.050932977348566055,
    -0.006389254238456488,
    -0.0545453205704689,
    0.04708773270249367,
    -0.0002590399526525289,
    0.0628696009516716,
    0.06054370105266571,
    -0.09790010005235672,
    0.02904174104332924,
    0.014325547963380814,
    0.06247337535023689,
    0.004021645989269018,
    0.013846148736774921,
    -0.15809659659862518,
    -0.02872456982731819,
    0.001570052350871265,
    -0.08132076263427734,
    0.05026254057884216,
    -0.05021336302161217,
    0.01296619139611721,
    0.02017934061586857,
    0.012653113342821598,
    0.06781790405511856,
    -0.0016042900970205665,
    0.03253180906176567,
    0.011036194860935211,
    -0.0041918824426829815,
    -0.0036990854423493147,
    0.00034470923128537834,
    -0.03433134779334068,
    -0.043020099401474,
    -0.05893252417445183,
    -0.03540366515517235,
    0.06501621007919312,
    -0.030743727460503578,
    -0.053301285952329636,
    -0.055883824825286865,
    -0.07399657368659973,
    -0.00277482601813972,
    -0.05399760603904724,
    -0.07023583352565765,
    -0.033300209790468216,
    0.05694019794464111,
    -0.06260044127702713,
    -0.041811756789684296,
    -0.02573857642710209,
    0.004138037096709013,
    -0.06577474623918533,
    -0.012580204755067825,
    0.011109146289527416,
    -0.029665101319551468,
    -0.05578486621379852,
    0.1020636111497879,
    -0.02851979061961174,
    0.08541771024465561,
    -0.050508469343185425,
    -0.02551700547337532,
    0.01043311320245266,
    -0.018745802342891693,
    -0.07907777279615402,
    0.0039422232657670975,
    0.02002226933836937,
    0.029044805094599724,
    -0.023509075865149498,
    -0.009967274963855743,
    -0.04901308938860893,
    0.04882815107703209,
    0.05888490751385689,
    -0.08846874535083771,
    -0.016459576785564423,
    0.038712844252586365,
    0.009453987702727318,
    0.11491432040929794,
    -0.01806916482746601,
    -0.059739068150520325,
    -0.021618517115712166,
    -0.013241090811789036,
    -0.05935833975672722,
    -0.028090700507164,
    0.07732027769088745,
    -0.04124993085861206,
    0.09310439229011536,
    -0.06403191387653351,
    0.042941756546497345,
    -0.03988508880138397,
    0.014947752468287945,
    -0.02525632083415985,
    0.05464353784918785,
    -0.0260202307254076,
    -0.008869661018252373,
    0.043034669011831284,
    -0.0617094486951828,
    -0.0321345180273056,
    -0.05800167843699455,
    -0.0625278651714325,
    -0.009583349339663982,
    -0.009249395690858364,
    0.030028169974684715,
    0.026301046833395958,
    0.01830539107322693,
    0.00324471783824265,
    -0.05111866071820259,
    -0.10076752305030823,
    0.058989353477954865,
    -0.004330046940594912,
    -0.021753741428256035,
    0.07206486165523529,
    0.04511873051524162,
    -0.010467546992003918,
    -0.029380152001976967,
    -0.009117432869970798,
    -0.07275610417127609,
    -0.1177273616194725,
    0.032577995210886,
    0.054430197924375534,
    -0.034774936735630035,
    1.8519521175965553e-32,
    0.009858024306595325,
    0.04313216358423233,
    -0.0617942251265049,
    0.005285358056426048,
    0.02954949624836445,
    0.007473981473594904,
    0.023188874125480652,
    -0.02210153266787529,
    -0.013067926280200481,
    0.055129263550043106,
    -0.016134968027472496,
    0.07670872658491135,
    -0.03765038773417473,
    -0.03282810375094414,
    -0.06516407430171967,
    0.004383348394185305,
    -0.026757128536701202,
    0.09800626337528229,
    -0.02989565022289753,
    0.08497291803359985,
    0.023653829470276833,
    -0.03282484784722328,
    0.013916559517383575,
    0.02136729098856449,
    0.013461665250360966,
    -0.02130318246781826,
    0.009352882392704487,
    -0.01574787124991417,
    0.014995691366493702,
    0.021886702626943588,
    0.06722945719957352,
    0.031009256839752197,
    0.0482979491353035,
    -0.013517224229872227,
    0.02273748442530632,
    0.06933195888996124,
    0.030943989753723145,
    -0.04247463494539261,
    0.08582504093647003,
    -0.09458187222480774,
    -0.03305293619632721,
    0.012129506096243858,
    0.03169076889753342,
    -0.018443185836076736,
    0.036421917378902435,
    -0.0024414777290076017,
    0.03447660058736801,
    -0.04656726494431496,
    0.05590953305363655,
    0.0583103783428669,
    0.023636501282453537,
    0.027198240160942078,
    0.04982604458928108,
    -0.033011168241500854,
    0.01818416453897953,
    -0.0187494195997715,
    -0.003714806865900755,
    0.029736338183283806,
    -0.04717319831252098,
    0.07256387919187546,
    0.028811469674110413,
    0.023799298331141472,
    -0.020372388884425163,
    0.04433378577232361,
    -0.001646036165766418,
    -0.02086418680846691,
    -0.004480261355638504,
    -0.06634238362312317,
    0.06147993728518486,
    -0.0349772572517395,
    -0.036382194608449936,
    0.0921173244714737,
    -0.014228866435587406,
    0.036535441875457764,
    -0.029333824291825294,
    -0.03933680057525635,
    -0.03873932734131813,
    0.005126283038407564,
    0.0514940582215786,
    -0.02662745863199234,
    -0.09075330942869186,
    0.0012018379056826234,
    0.018126562237739563,
    0.052747391164302826,
    0.007862995378673077,
    -0.03538032993674278,
    0.0447913333773613,
    0.055918242782354355,
    -0.056668464094400406,
    -0.04261790215969086,
    0.0009988329838961363,
    0.03211081027984619,
    -0.003293743124231696,
    0.1067112609744072,
    0.0498809888958931,
    -1.8389251422639488e-32,
    0.03726593777537346,
    -0.05457441508769989,
    -0.03303622454404831,
    -0.017534570768475533,
    0.022132551297545433,
    0.0016843649791553617,
    -0.04436817020177841,
    -0.1067536473274231,
    0.1264391541481018,
    0.03743702545762062,
    0.019375009462237358,
    -0.025147633627057076,
    0.0006244050455279648,
    -0.007545292377471924,
    -0.05598512664437294,
    -0.03356040269136429,
    -0.03415895625948906,
    -0.01283929031342268,
    0.0012081664754077792,
    0.04034870117902756,
    0.0630587786436081,
    0.013578095473349094,
    0.009981603361666203,
    0.10689365118741989,
    -0.013958342373371124,
    0.07462499290704727,
    0.010131776332855225,
    -0.06152217835187912,
    0.08329953998327255,
    -0.04840385541319847,
    -0.031414151191711426,
    -0.05746317654848099,
    -0.02409752830862999,
    0.05009777471423149,
    -0.07677742093801498,
    -0.17088985443115234,
    0.077354297041893,
    -0.09710002690553665,
    -0.05198783800005913,
    -0.034855298697948456,
    0.05544082075357437,
    0.04848484322428703,
    -0.05505989119410515,
    0.020914226770401,
    0.003593872068449855,
    -0.08343567699193954,
    0.06295707076787949,
    -0.034004807472229004,
    0.015116200782358646,
    -0.05548473447561264,
    0.023042764514684677,
    -0.057066939771175385,
    0.026909319683909416,
    0.0712888315320015,
    -0.044299181550741196,
    0.09642434120178223,
    0.028842974454164505,
    -0.07454825937747955,
    -0.0881253182888031,
    0.006468144245445728,
    0.09350821375846863,
    0.08022123575210571,
    -0.041856978088617325,
    0.0418672189116478,
    0.09238232672214508,
    -0.03579476848244667,
    0.019274579361081123,
    -0.0527510941028595,
    -0.02870994247496128,
    -0.04358464106917381,
    -0.0792718231678009,
    -0.11492419242858887,
    -0.06230751425027847,
    -0.1293574571609497,
    0.0881991907954216,
    -0.04703560471534729,
    -0.07561425119638443,
    -0.13751226663589478,
    -0.11256243288516998,
    0.03911172226071358,
    0.007450907491147518,
    -0.024159075692296028,
    -0.008488115854561329,
    0.06872843950986862,
    0.006261673290282488,
    0.021972768008708954,
    0.07922165095806122,
    -0.04262809082865715,
    0.01617765799164772,
    0.08234856277704239,
    -0.07446587830781937,
    -0.014937912113964558,
    -0.029681257903575897,
    0.01126412395387888,
    -0.052776750177145004,
    -5.394398172597903e-08,
    -0.06473890691995621,
    0.01533088181167841,
    -0.015332015231251717,
    -0.028772791847586632,
    -0.010086116380989552,
    -0.017097754403948784,
    -0.08984341472387314,
    0.020353680476546288,
    -0.04448476806282997,
    -0.05367880314588547,
    0.0029513598419725895,
    0.009259350597858429,
    -0.06001369282603264,
    -0.015024730935692787,
    0.09734939783811569,
    -0.04200680926442146,
    -0.045811112970113754,
    0.007313044276088476,
    -0.07877452671527863,
    0.03467532619833946,
    -0.04363536462187767,
    -0.020525097846984863,
    -0.047710537910461426,
    -0.04301786050200462,
    0.02623823471367359,
    0.017602693289518356,
    -0.02212769165635109,
    0.058504462242126465,
    0.08527296036481857,
    0.03970037028193474,
    -0.02793581411242485,
    0.015778422355651855,
    0.04408213123679161,
    -0.0516069270670414,
    -0.08940166980028152,
    -0.04137832298874855,
    0.06921990215778351,
    0.0065035768784582615,
    0.06641609221696854,
    -0.009457692503929138,
    0.004147482104599476,
    0.026196660473942757,
    0.030184458941221237,
    0.10946902632713318,
    -0.011536306701600552,
    -0.04697725549340248,
    -0.057834114879369736,
    0.03693543002009392,
    -0.0395662859082222,
    -0.09507288038730621,
    0.01981266774237156,
    -0.05685662478208542,
    0.07429643720388412,
    0.019621843472123146,
    -0.037565018981695175,
    0.05537845939397812,
    0.0551961287856102,
    0.03397274762392044,
    -0.007697084918618202,
    0.039225880056619644,
    0.11907131224870682,
    0.03387054055929184,
    0.07847213000059128,
    0.0034009336959570646
]