[
    -0.09909065812826157,
    0.04721164330840111,
    -0.022349731996655464,
    -0.03403167799115181,
    -0.01639462262392044,
    0.07128062844276428,
    -0.07233786582946777,
    -0.037421416491270065,
    -0.004175454378128052,
    0.013231365941464901,
    0.0211421437561512,
    0.006861425470560789,
    -0.058784183114767075,
    0.0027344946283847094,
    0.01597738079726696,
    0.03039727173745632,
    0.0235579926520586,
    0.047872595489025116,
    -0.047167982906103134,
    0.015394221059978008,
    -0.002089431509375572,
    -0.00573775777593255,
    -0.0338323675096035,
    0.02742103300988674,
    -0.06328793615102768,
    -0.02671278454363346,
    -0.05355101451277733,
    -0.05518558993935585,
    0.1047787144780159,
    -0.05421736463904381,
    0.004981106147170067,
    0.010570328682661057,
    0.015390725806355476,
    0.02850419096648693,
    -0.028186826035380363,
    -0.01593189314007759,
    0.0007332115201279521,
    -0.03141943737864494,
    0.022088874131441116,
    -0.02803410030901432,
    -0.022830652073025703,
    -0.04240700975060463,
    -0.05277169868350029,
    -0.0010824669152498245,
    -0.04005064815282822,
    0.06894806027412415,
    0.0092330202460289,
    0.01750863902270794,
    -0.044191788882017136,
    0.00747682387009263,
    -0.10438521206378937,
    -0.0022090733982622623,
    0.020533492788672447,
    0.007094740867614746,
    -0.08577684313058853,
    0.01585923507809639,
    0.03229512646794319,
    0.04651729762554169,
    -0.010270124301314354,
    0.014066819101572037,
    0.023826751857995987,
    0.024972692131996155,
    -0.06897334009408951,
    0.031427282840013504,
    -0.022573797032237053,
    0.038633063435554504,
    0.01592673920094967,
    0.02939111925661564,
    0.06315770745277405,
    0.03345341980457306,
    -0.04319297894835472,
    0.031195100396871567,
    0.06258884072303772,
    0.008708723820745945,
    -0.06655228137969971,
    0.0017382139340043068,
    -0.030331065878272057,
    0.012048491276800632,
    0.010987350717186928,
    -0.08823809772729874,
    -0.04828997328877449,
    0.015534504316747189,
    -0.024958502501249313,
    -0.0029468771535903215,
    -0.02634911611676216,
    -0.07997174561023712,
    -0.027551595121622086,
    0.006550491321831942,
    -0.030279550701379776,
    0.05631120130419731,
    0.08477184176445007,
    -0.09530861675739288,
    0.09080188721418381,
    -0.07078320533037186,
    0.04528135061264038,
    0.02456122823059559,
    0.019055522978305817,
    0.04088301584124565,
    0.10341596603393555,
    -0.03917788341641426,
    0.05211224406957626,
    0.07312202453613281,
    -0.06932681053876877,
    -0.0692223310470581,
    0.01197394635528326,
    -0.04992714896798134,
    -0.01507277600467205,
    -0.03679807111620903,
    0.04626680165529251,
    0.017364032566547394,
    0.05799262970685959,
    0.0069855437614023685,
    -0.02836518920958042,
    -0.028226492926478386,
    0.10556840896606445,
    0.08842132985591888,
    -0.0250373687595129,
    0.0832735002040863,
    0.003636201610788703,
    -0.05034792050719261,
    -0.007066438905894756,
    0.02184627577662468,
    -0.026943331584334373,
    -0.07053559273481369,
    0.019433001056313515,
    -0.052602432668209076,
    0.015540681779384613,
    1.456417664201644e-32,
    -0.022371385246515274,
    -0.03897959366440773,
    -0.15656961500644684,
    0.007698494009673595,
    0.026700207963585854,
    0.019814055413007736,
    -0.033003248274326324,
    -0.00142045842949301,
    -0.06821481138467789,
    0.04005483165383339,
    0.00885386485606432,
    -0.017036855220794678,
    -0.0026497445069253445,
    -0.07818779349327087,
    -0.12437044829130173,
    0.07226429879665375,
    -0.12107081711292267,
    0.1318124532699585,
    -0.0626266673207283,
    0.013349730521440506,
    0.05510784685611725,
    -0.10364881902933121,
    0.05552074313163757,
    0.04510049149394035,
    -0.03663322329521179,
    -0.045888543128967285,
    0.0929274633526802,
    0.0021507209166884422,
    -0.03831212595105171,
    -0.011405311524868011,
    0.025450116023421288,
    0.00745090376585722,
    0.07241623103618622,
    0.003894585883244872,
    0.13527262210845947,
    0.06343133747577667,
    0.03737471625208855,
    -0.050302259624004364,
    0.06660959124565125,
    -0.029479753226041794,
    -0.049836140125989914,
    0.014280474744737148,
    -0.008263129740953445,
    -0.027773553505539894,
    0.02411072887480259,
    -0.01931631565093994,
    -0.04877195507287979,
    -0.00995507650077343,
    0.017136288806796074,
    0.06588685512542725,
    0.02087189443409443,
    0.0382862389087677,
    0.012548824772238731,
    -0.038647133857011795,
    0.0197435412555933,
    0.07820256799459457,
    -0.016526952385902405,
    0.0295620895922184,
    -0.05174550414085388,
    0.0072603230364620686,
    0.06299054622650146,
    0.039796315133571625,
    -0.038025256246328354,
    0.018069539219141006,
    -0.06625886261463165,
    0.0020150342024862766,
    -0.03361310809850693,
    -0.05421636998653412,
    0.06795962154865265,
    -0.04334062710404396,
    -0.04701605811715126,
    0.04705457761883736,
    -0.0041844346560537815,
    -0.02477961592376232,
    -0.02567051164805889,
    -0.032966721802949905,
    0.01240283902734518,
    0.013274230994284153,
    0.04618429020047188,
    0.041997265070676804,
    -0.043950386345386505,
    0.01096396241337061,
    -0.03832021728157997,
    0.012556479312479496,
    -0.02750914730131626,
    -0.09619475901126862,
    -0.007077666465193033,
    -0.03092573583126068,
    0.012845038436353207,
    -0.030864054337143898,
    0.06265222281217575,
    -0.027198104187846184,
    0.008823691867291927,
    0.01687764562666416,
    0.02043299935758114,
    -1.447877844679714e-32,
    0.01824737899005413,
    -0.05520334839820862,
    -0.029138628393411636,
    0.0951947495341301,
    0.006888530682772398,
    -0.01163608580827713,
    -0.03072081319987774,
    -0.01830138824880123,
    0.04122837260365486,
    0.00655709020793438,
    -0.0021658912301063538,
    -0.004496067296713591,
    0.0015348643064498901,
    -0.0365123376250267,
    -0.08218558877706528,
    -0.02277950569987297,
    -0.0012493812246248126,
    -0.03670111298561096,
    0.04356144741177559,
    0.05354934558272362,
    0.11762598901987076,
    -0.03430832922458649,
    -0.015426911413669586,
    0.08648669719696045,
    0.046207524836063385,
    -0.019646136090159416,
    -0.027648791670799255,
    -0.053214870393276215,
    0.09480121731758118,
    0.0011865240521728992,
    0.025152865797281265,
    -0.028641076758503914,
    -0.0762174054980278,
    0.011629169806838036,
    -0.01798694208264351,
    -0.1445811688899994,
    0.18566367030143738,
    -0.033010803163051605,
    -0.0315428301692009,
    -0.024572258815169334,
    0.06357081234455109,
    0.09146807342767715,
    -0.04346679523587227,
    -0.033178649842739105,
    -0.025796405971050262,
    -0.001925380085594952,
    -0.012588630430400372,
    0.032191090285778046,
    0.011690724641084671,
    -0.08575862646102905,
    0.03782204911112785,
    -0.05020935833454132,
    0.03415936604142189,
    0.028982605785131454,
    -0.022700926288962364,
    -0.0007281309808604419,
    -0.02307737246155739,
    -0.021463550627231598,
    -0.07878763973712921,
    0.035419173538684845,
    0.03681318089365959,
    0.06726157665252686,
    -0.03068280592560768,
    0.024154232814908028,
    0.05406462401151657,
    -0.030369916930794716,
    -0.018573174253106117,
    0.012459703721106052,
    -0.036974888294935226,
    -0.01715541072189808,
    0.01057299505919218,
    -0.14609076082706451,
    -0.02861287258565426,
    -0.027093607932329178,
    0.07690694183111191,
    -0.011738521978259087,
    -0.019690338522195816,
    -0.12788638472557068,
    -0.1206749826669693,
    0.025034833699464798,
    0.024869026616215706,
    0.009855935350060463,
    -0.019871694967150688,
    0.08881320804357529,
    0.018507741391658783,
    0.08029922842979431,
    0.03905874118208885,
    0.021348873153328896,
    0.06240416690707207,
    0.08250526338815689,
    -0.03195488452911377,
    -0.020128609612584114,
    0.0018019494600594044,
    0.005891953594982624,
    -0.04144718497991562,
    -4.42760033081413e-08,
    -0.05351320281624794,
    -0.0069136349484324455,
    0.0037438725121319294,
    -0.015440884046256542,
    -0.06188561022281647,
    -0.0818292498588562,
    -0.04407854750752449,
    0.010226806625723839,
    -0.04841665178537369,
    -0.07610869407653809,
    0.024237053468823433,
    -0.04770063981413841,
    -0.053027357906103134,
    -0.06682779639959335,
    0.04633051156997681,
    -0.0516279898583889,
    -0.0265693087130785,
    -0.02387446165084839,
    -0.03795483335852623,
    0.013109063729643822,
    -0.011299673467874527,
    -0.06323893368244171,
    -0.012922197580337524,
    0.04562913998961449,
    -0.009734190069139004,
    0.021588286384940147,
    0.02006225660443306,
    0.13238447904586792,
    -0.01710251346230507,
    -0.015659622848033905,
    -0.01967547833919525,
    0.05693862587213516,
    0.08963976055383682,
    -0.06230195239186287,
    -0.0208717193454504,
    -0.0170072503387928,
    0.0031499445904046297,
    0.03906567022204399,
    0.05987166985869408,
    0.0018292262684553862,
    -0.04670571908354759,
    -0.012520992197096348,
    0.025552045553922653,
    0.04465804249048233,
    -0.03454437851905823,
    -0.06600666791200638,
    -0.057689469307661057,
    0.050391774624586105,
    -0.04165349900722504,
    -0.09052839130163193,
    -4.347914909885731e-06,
    -0.06458675116300583,
    -0.011361912824213505,
    0.024529874324798584,
    0.07008922100067139,
    0.11288662254810333,
    0.09829321503639221,
    0.039153169840574265,
    -0.012178323231637478,
    -0.07236278057098389,
    0.15848352015018463,
    0.14029613137245178,
    0.05462464690208435,
    -0.018972929567098618
]