[
    -0.07055522501468658,
    0.0669560506939888,
    -0.02071252465248108,
    -0.02596096694469452,
    -0.03122030198574066,
    0.051811281591653824,
    -0.041841279715299606,
    -0.06277462840080261,
    0.021190719678997993,
    0.035774920135736465,
    0.023399414494633675,
    -0.05841135233640671,
    0.020133856683969498,
    -0.044565681368112564,
    0.06509021669626236,
    0.021496521309018135,
    0.04760879650712013,
    0.02400900050997734,
    -0.09842506051063538,
    0.04688931256532669,
    0.005883454345166683,
    0.017494788393378258,
    -5.239679740043357e-05,
    -2.977573240059428e-05,
    -0.10726907104253769,
    -0.04033591225743294,
    -0.04952523857355118,
    -0.06498921662569046,
    0.08281446993350983,
    -0.0869501605629921,
    0.025763949379324913,
    0.01222686655819416,
    0.053523026406764984,
    0.03985784947872162,
    -0.015665100887417793,
    -0.026803303509950638,
    0.016787519678473473,
    -0.05280457064509392,
    0.017338011413812637,
    -0.0005574063397943974,
    -0.06250804662704468,
    -0.031631678342819214,
    -0.032487936317920685,
    -0.03986955061554909,
    -0.03867324814200401,
    0.03997174650430679,
    0.010383120737969875,
    0.025065897032618523,
    -0.022043580189347267,
    -0.02986176311969757,
    -0.08521294593811035,
    -0.02497898042201996,
    0.007705983705818653,
    0.010538614355027676,
    -0.0335918590426445,
    -0.04746228829026222,
    -0.01721750758588314,
    0.07063997536897659,
    -0.030322209000587463,
    0.020911645144224167,
    0.017408788204193115,
    0.0419461652636528,
    -0.037644386291503906,
    0.10310301929712296,
    -0.0235360786318779,
    0.03073686920106411,
    0.011526742950081825,
    0.001380349276587367,
    0.08002525568008423,
    0.006853471975773573,
    -0.0651705265045166,
    -0.016445143148303032,
    0.051056791096925735,
    0.009044909849762917,
    -0.07853507995605469,
    0.03522176295518875,
    -0.024996250867843628,
    -0.04066856577992439,
    0.02790663205087185,
    -0.054693546146154404,
    -0.024177908897399902,
    -0.02972623147070408,
    -0.035063788294792175,
    0.03957655653357506,
    -0.07516114413738251,
    -0.09040004760026932,
    -0.04585890471935272,
    -0.03338557854294777,
    -0.01942732185125351,
    0.026747683063149452,
    0.0662013441324234,
    -0.06623900681734085,
    0.017004771158099174,
    -0.08931893855333328,
    0.07671686261892319,
    0.008123058825731277,
    -0.013960522599518299,
    0.039216119796037674,
    0.040178947150707245,
    0.005257950164377689,
    0.056271471083164215,
    0.0476541705429554,
    -0.06355869024991989,
    -0.037922877818346024,
    -0.05173977464437485,
    -0.09257856011390686,
    -0.019083887338638306,
    -0.02945820800960064,
    -0.013729579746723175,
    -0.003251344431191683,
    -0.0009132610284723341,
    0.018322596326470375,
    -0.038866590708494186,
    -0.11354896426200867,
    0.08690065145492554,
    0.03940669447183609,
    -0.009630483575165272,
    0.0941246822476387,
    -0.0009180768392980099,
    -0.037640392780303955,
    0.04089829698204994,
    0.003097236156463623,
    -0.019699513912200928,
    -0.03502673655748367,
    0.008296230807900429,
    -0.007822434417903423,
    0.0025008567608892918,
    2.0127615080305704e-32,
    -0.0005197601858526468,
    -0.03243117406964302,
    -0.1388847529888153,
    -0.024707870557904243,
    0.0032985354773700237,
    0.03469507023692131,
    0.006696061696857214,
    0.01183359045535326,
    -0.054256655275821686,
    0.07461905479431152,
    0.02215275727212429,
    -0.023198800161480904,
    0.03387250378727913,
    -0.11285088211297989,
    -0.09198157489299774,
    0.01005740649998188,
    -0.09589968621730804,
    0.09073013067245483,
    -0.059472084045410156,
    -0.011220959946513176,
    0.05406665802001953,
    -0.037842169404029846,
    0.01678497903048992,
    0.04670064151287079,
    -0.0001861618657130748,
    0.0011964398436248302,
    0.09199725091457367,
    0.008263425901532173,
    -0.01867798902094364,
    0.015236903913319111,
    0.005736696533858776,
    0.014181658625602722,
    0.027848495170474052,
    -0.012187907472252846,
    0.09380276501178741,
    0.11707119643688202,
    0.025482187047600746,
    -0.06547614187002182,
    0.06787481904029846,
    -0.042107436805963516,
    -0.06490888446569443,
    0.01758202351629734,
    0.06106846407055855,
    -0.04259346053004265,
    0.007389461621642113,
    0.019343407824635506,
    -0.07910877466201782,
    -0.06200537458062172,
    0.0023968506138771772,
    0.052049245685338974,
    -0.004772210028022528,
    -0.01278070081025362,
    0.06677065044641495,
    -0.029588231816887856,
    0.0481078140437603,
    0.020758982747793198,
    -0.040676288306713104,
    0.06103840097784996,
    -0.05331382900476456,
    0.03384809568524361,
    -0.0437377393245697,
    0.025540314614772797,
    -0.08000028133392334,
    0.045066915452480316,
    -0.010989664122462273,
    -0.054583679884672165,
    -0.051242340356111526,
    -0.0731334388256073,
    0.08076822012662888,
    -0.03929369896650314,
    -0.0451182946562767,
    0.055985234677791595,
    -0.0159524567425251,
    -0.015040934085845947,
    -0.046081557869911194,
    -0.04397346451878548,
    -0.004543439485132694,
    0.004746910650283098,
    0.030903737992048264,
    0.002393862698227167,
    -0.0835503414273262,
    -0.0048753065057098866,
    0.015887035056948662,
    0.04401879385113716,
    0.05871161073446274,
    -0.030678050592541695,
    0.01939532905817032,
    -0.004263301379978657,
    -0.007595167029649019,
    0.01652946136891842,
    0.08240385353565216,
    0.002727108309045434,
    0.03598408401012421,
    0.0019655616488307714,
    0.0024721012450754642,
    -1.967923598449599e-32,
    0.03864874690771103,
    -0.017911195755004883,
    -0.09683123975992203,
    0.03281354159116745,
    0.05462470278143883,
    -0.0015264336252585053,
    -0.0719030424952507,
    -0.04964921623468399,
    0.010267051868140697,
    -0.048589736223220825,
    -0.021052328869700432,
    -0.026670286431908607,
    0.04196866974234581,
    0.006550440099090338,
    -0.05958939716219902,
    -0.019947122782468796,
    -0.0011375718750059605,
    -0.05805984511971474,
    -0.020183952525258064,
    0.07251496613025665,
    0.06367678940296173,
    0.04526679590344429,
    -0.013743129558861256,
    0.035183437168598175,
    0.016507981345057487,
    -0.024003520607948303,
    -0.03230759873986244,
    -0.04444744810461998,
    0.09377093613147736,
    0.024959629401564598,
    -0.02444562315940857,
    -0.050830475986003876,
    -0.07510209083557129,
    0.09801796823740005,
    -0.04362401366233826,
    -0.10533912479877472,
    0.1757950484752655,
    -0.06188155338168144,
    -0.06561776250600815,
    -0.025003153830766678,
    0.026269713416695595,
    0.07417026907205582,
    -0.02237536944448948,
    -0.02963714860379696,
    -0.020454304292798042,
    -0.04012998938560486,
    0.01109806727617979,
    -0.011692246422171593,
    -0.018114201724529266,
    -0.08940321207046509,
    -0.013160385191440582,
    -0.05632403492927551,
    0.00046810423373244703,
    0.018771110102534294,
    -0.027747882530093193,
    0.006450951565057039,
    -0.03732576221227646,
    -0.005237214732915163,
    -0.057094406336545944,
    0.0218400526791811,
    0.08959058672189713,
    0.11738230288028717,
    -0.024149391800165176,
    0.035358939319849014,
    0.09272812306880951,
    0.026218753308057785,
    -0.05185737833380699,
    0.06460528820753098,
    -0.05742313340306282,
    -0.02261204645037651,
    0.01915816217660904,
    -0.11864380538463593,
    -0.03212261199951172,
    -0.035097409039735794,
    0.09716472774744034,
    -0.0010520258219912648,
    -0.034105848520994186,
    -0.08953166753053665,
    -0.10578886419534683,
    0.05357946455478668,
    0.05330445244908333,
    0.0010651748161762953,
    -0.05064825341105461,
    0.09260104596614838,
    0.010692347772419453,
    0.08336013555526733,
    0.04148022085428238,
    0.03552751615643501,
    0.01938842050731182,
    0.08082526177167892,
    -0.07041584700345993,
    -0.05020948126912117,
    0.023323914036154747,
    0.06368321925401688,
    -0.0069044907577335835,
    -5.582649365010184e-08,
    -0.050545986741781235,
    -0.010555599816143513,
    -0.0214251521974802,
    -0.031078003346920013,
    -0.02603926509618759,
    -0.022710036486387253,
    -0.02795235998928547,
    0.0032505991403013468,
    -0.10360293090343475,
    -0.08563622832298279,
    0.05567505210638046,
    -0.020347801968455315,
    -0.004533443599939346,
    -0.0032482491806149483,
    0.03770528733730316,
    -0.07202517241239548,
    -0.016292192041873932,
    -0.013534019701182842,
    -0.06174226105213165,
    -0.03487218916416168,
    0.03344636783003807,
    -0.06635811924934387,
    -0.04994812235236168,
    0.06303530931472778,
    0.014574309810996056,
    0.06718884408473969,
    -0.02423759736120701,
    0.07945992797613144,
    0.01485386211425066,
    0.045670825988054276,
    -0.056559618562459946,
    0.024362104013562202,
    0.015566502697765827,
    -0.0555964820086956,
    -0.013551033101975918,
    0.047375842928886414,
    -0.04239741340279579,
    0.020416241139173508,
    0.08470205962657928,
    0.02820168249309063,
    -0.0590679906308651,
    0.012022034265100956,
    0.07196180522441864,
    0.08264323323965073,
    -0.0020611993968486786,
    -0.025130590423941612,
    -0.06695067882537842,
    0.013208446092903614,
    -0.01071955356746912,
    -0.0900360643863678,
    -0.028544416651129723,
    -0.07214725762605667,
    0.004849459044635296,
    0.03029603324830532,
    0.003468556795269251,
    0.08968743681907654,
    0.12654447555541992,
    0.0839386135339737,
    -0.05839842930436134,
    -0.01633131504058838,
    0.1615619957447052,
    0.10923866927623749,
    0.030802646651864052,
    -0.04152335971593857
]