[
    -0.01618417166173458,
    0.0044672307558357716,
    -0.026973914355039597,
    -0.0953153669834137,
    -0.02715463563799858,
    0.04847514256834984,
    -0.04899929091334343,
    0.023223530501127243,
    -0.06618519872426987,
    0.021322423592209816,
    -0.003766882698982954,
    -0.04339856654405594,
    0.010938928462564945,
    -0.019764306023716927,
    0.09564651548862457,
    -0.03361046686768532,
    0.03966929763555527,
    0.026739846915006638,
    -0.09421500563621521,
    0.0405607633292675,
    0.09084276109933853,
    0.05514208599925041,
    -0.07668734341859818,
    0.02579635940492153,
    -0.0828518196940422,
    0.014023354277014732,
    -0.025014225393533707,
    -0.045773256570100784,
    0.03372674062848091,
    -0.024462949484586716,
    0.04287929832935333,
    -0.01937205158174038,
    0.061127033084630966,
    0.03924749046564102,
    0.06454621255397797,
    0.018039703369140625,
    -0.002756919013336301,
    -0.016622358933091164,
    0.004682385362684727,
    0.03120424784719944,
    -0.04093441739678383,
    -0.037721943110227585,
    -0.06734728813171387,
    0.004648149479180574,
    0.03896782919764519,
    0.06763847917318344,
    -0.05656023323535919,
    -0.04296831041574478,
    -0.02178897149860859,
    0.02918824926018715,
    -0.01713537983596325,
    -0.029196469113230705,
    -0.05246160924434662,
    0.062284067273139954,
    -0.005905150901526213,
    -0.061635058373212814,
    -0.004145077895373106,
    0.02506599761545658,
    -0.04257294908165932,
    -0.02560015581548214,
    0.0002511219645384699,
    0.01820790208876133,
    -0.018484946340322495,
    0.058124784380197525,
    -0.02586875483393669,
    -0.006995805073529482,
    -0.03849330171942711,
    -0.037500642240047455,
    0.0010126433335244656,
    0.034777600318193436,
    -0.07584673911333084,
    0.010122708976268768,
    0.028513003140687943,
    0.06251183897256851,
    -0.037876978516578674,
    -0.021463293582201004,
    -0.029956452548503876,
    0.040350593626499176,
    0.054232481867074966,
    -0.1507447361946106,
    -0.029890626668930054,
    0.055713873356580734,
    -0.008551855571568012,
    0.03546462580561638,
    -0.058057621121406555,
    -0.021188467741012573,
    -0.00752516184002161,
    -0.04923870787024498,
    -0.006134712602943182,
    -0.02387038618326187,
    0.04648580774664879,
    -0.0826047733426094,
    0.11633489280939102,
    -0.07042551040649414,
    0.061218131333589554,
    -0.037887997925281525,
    -0.004424705635756254,
    -0.0699097216129303,
    0.053098127245903015,
    -0.03558462858200073,
    -0.0001221705024363473,
    0.014625240117311478,
    0.030035773292183876,
    -0.039160557091236115,
    -0.10649190098047256,
    -0.055968027561903,
    0.02219970151782036,
    0.03840894624590874,
    0.002874482423067093,
    0.015043909661471844,
    0.014108425006270409,
    -0.009654669091105461,
    -0.044000521302223206,
    -0.1289311945438385,
    0.05091637745499611,
    0.0021145064383745193,
    0.025349915027618408,
    0.026988346129655838,
    0.02042916603386402,
    -0.01718699373304844,
    -0.0520244799554348,
    -0.004676219541579485,
    -0.038814105093479156,
    -0.09739221632480621,
    0.022113651037216187,
    0.013151782564818859,
    -0.0473797433078289,
    1.9058502968232834e-32,
    -0.03613576292991638,
    -0.02274695783853531,
    -0.08917666971683502,
    0.08617126196622849,
    0.03287298604846001,
    -0.004724862985312939,
    0.004995821043848991,
    -0.008856014348566532,
    -0.045770104974508286,
    0.087113156914711,
    0.008492452092468739,
    0.02340073697268963,
    -0.05868111923336983,
    0.03931351378560066,
    -0.008629733696579933,
    -0.035940658301115036,
    -0.005161925684660673,
    0.09360349178314209,
    -0.03235258162021637,
    0.047922540456056595,
    -0.005052747670561075,
    -0.030617529526352882,
    0.017516255378723145,
    0.008936289697885513,
    0.0013958000345155597,
    0.022979972884058952,
    0.016840029507875443,
    -0.02898375131189823,
    0.0011482805712148547,
    -0.0005832658498547971,
    0.05094551295042038,
    0.021400323137640953,
    0.011871583759784698,
    -0.019383586943149567,
    0.013816778548061848,
    0.08907212316989899,
    0.05354217812418938,
    -0.05976984649896622,
    0.06111272796988487,
    -0.06891734898090363,
    -0.061797574162483215,
    -0.02261366881430149,
    0.03905315324664116,
    0.010572702623903751,
    0.09268730133771896,
    0.007296854630112648,
    0.022652776911854744,
    0.007427544798702002,
    0.06674247980117798,
    0.04704391211271286,
    -0.04480460286140442,
    -0.008236146531999111,
    0.07838016748428345,
    -0.06428553909063339,
    0.03160785883665085,
    -0.04400072246789932,
    -0.05291207507252693,
    0.04119560495018959,
    -0.05173155665397644,
    0.06689239293336868,
    -0.009767979383468628,
    0.03585974872112274,
    -0.022507289424538612,
    0.020623639225959778,
    0.0036111262161284685,
    -0.05771631747484207,
    -0.03302754834294319,
    -0.053135525435209274,
    0.08234116435050964,
    0.008910068310797215,
    -0.07416780292987823,
    0.07642244547605515,
    -0.010829167440533638,
    0.05500613525509834,
    -0.02528413198888302,
    -0.03607676923274994,
    0.011391027830541134,
    -0.045052748173475266,
    -0.015110625885426998,
    -0.05327826365828514,
    -0.15289591252803802,
    0.07401358336210251,
    0.025288408622145653,
    0.06442359834909439,
    0.004433910828083754,
    -0.009198736399412155,
    0.0751706138253212,
    0.036448683589696884,
    -0.0520324781537056,
    -0.05847794562578201,
    -0.04046065732836723,
    -0.023496488109230995,
    0.020184408873319626,
    0.04749421030282974,
    0.054577507078647614,
    -2.007036703605272e-32,
    0.005095397122204304,
    0.0050807190127670765,
    -0.05534428730607033,
    0.003643615636974573,
    0.02226507104933262,
    0.027454055845737457,
    -0.02744169719517231,
    -0.0768088698387146,
    0.07719804346561432,
    0.0021834466606378555,
    -0.014217058196663857,
    -0.016592202708125114,
    -0.023851513862609863,
    0.009068555198609829,
    -0.06386974453926086,
    -0.01740601286292076,
    -0.10617895424365997,
    -0.05375200882554054,
    0.05095469579100609,
    0.08258900046348572,
    -0.004852283746004105,
    0.013625716790556908,
    -0.012547740712761879,
    0.07405080646276474,
    0.04323689639568329,
    0.03823114186525345,
    -0.05859438702464104,
    0.012914909981191158,
    0.11773131787776947,
    -0.04038597643375397,
    -0.02982729859650135,
    -0.0989503562450409,
    -0.04964418709278107,
    0.010472569614648819,
    -0.12178240716457367,
    -0.18144533038139343,
    0.09003358334302902,
    -0.06902308762073517,
    -0.011680887080729008,
    -0.0685713067650795,
    0.0813981145620346,
    0.00455576553940773,
    -0.00881572812795639,
    0.014251901768147945,
    0.003898758441209793,
    -0.06417743861675262,
    0.05336368456482887,
    -0.08099810779094696,
    -0.043047260493040085,
    -0.03820338472723961,
    0.00020877804490737617,
    -0.061656832695007324,
    -0.02736675553023815,
    0.017253248021006584,
    -0.05458559840917587,
    0.03462110087275505,
    0.0467899851500988,
    -0.010227966122329235,
    -0.044262174516916275,
    -0.03922408074140549,
    0.0710572898387909,
    0.07555893808603287,
    -0.02879399061203003,
    0.07957635819911957,
    0.04567797854542732,
    -0.06035862863063812,
    -0.006854870356619358,
    -0.08690058439970016,
    -0.038931477814912796,
    -0.03785603120923042,
    -0.12875433266162872,
    -0.1219356432557106,
    -0.06998752057552338,
    -0.06972375512123108,
    0.08309418708086014,
    -0.04901544749736786,
    0.009114018641412258,
    -0.06704605370759964,
    -0.04808923974633217,
    0.023775191977620125,
    0.02788109891116619,
    0.01859094947576523,
    -0.07658679038286209,
    0.040172651410102844,
    -0.014997299760580063,
    0.08773935586214066,
    0.0016114283353090286,
    -0.015387938357889652,
    0.03008294850587845,
    0.10736184567213058,
    -0.14721284806728363,
    -0.0216071680188179,
    0.02306830883026123,
    0.05242583155632019,
    -0.1157805547118187,
    -5.469403774327475e-08,
    -0.04310566559433937,
    0.10877686738967896,
    -0.0350341722369194,
    -0.04044335335493088,
    -0.031113727018237114,
    -0.019143464043736458,
    -0.05433790385723114,
    -0.005881953984498978,
    -0.038326479494571686,
    -0.05386289209127426,
    0.04356689751148224,
    0.0553860180079937,
    0.019015025347471237,
    -0.012470594607293606,
    0.05235719308257103,
    0.01952059008181095,
    -0.07750162482261658,
    0.04622066766023636,
    -0.056375306099653244,
    0.07287655770778656,
    -0.04178750514984131,
    0.008630710653960705,
    -0.10728373378515244,
    -0.0013792592799291015,
    0.018393484875559807,
    0.032345592975616455,
    0.008371038362383842,
    0.11122865974903107,
    0.0447857603430748,
    0.06056560203433037,
    0.015248031355440617,
    0.07505238801240921,
    0.025599895045161247,
    -0.01713692955672741,
    -0.037821751087903976,
    -0.05555911362171173,
    -0.010415920987725258,
    0.06220478564500809,
    0.05981073155999184,
    -0.015819894149899483,
    -0.009935242123901844,
    0.004625204484909773,
    0.027837565168738365,
    0.061731334775686264,
    0.017033109441399574,
    -0.049298245459795,
    -0.044866979122161865,
    0.01686650514602661,
    0.009682794101536274,
    -0.11025920510292053,
    -0.04775812104344368,
    -0.00450754351913929,
    0.03742065653204918,
    0.00471120048314333,
    -0.015299595892429352,
    0.060692984610795975,
    0.035799525678157806,
    -0.00037768486072309315,
    -0.01072837132960558,
    0.007559210527688265,
    0.07397837191820145,
    0.055370595306158066,
    0.02651350200176239,
    -0.01334416400641203
]