[
    -0.03220837935805321,
    0.07109786570072174,
    -0.01808147504925728,
    -0.07999077439308167,
    0.012722892686724663,
    0.03761912137269974,
    -0.0319855734705925,
    -0.06164316087961197,
    0.0025152768939733505,
    -0.009180385619401932,
    0.03409836068749428,
    0.0008335954626090825,
    -0.005167055409401655,
    -0.06729856133460999,
    0.05310927331447601,
    -0.023125968873500824,
    0.009255217388272285,
    0.04511933773756027,
    -0.09345010668039322,
    0.07447174191474915,
    0.03313931077718735,
    0.09429384022951126,
    -0.03977660462260246,
    0.02184627391397953,
    -0.10946580022573471,
    0.02621554397046566,
    0.022073538973927498,
    -0.09633823484182358,
    -0.023524846881628036,
    -0.0357198491692543,
    0.09966441243886948,
    -0.0010194209171459079,
    0.014872580766677856,
    0.09294463694095612,
    -0.04078567773103714,
    -0.05963527783751488,
    -0.01670726016163826,
    0.06802260875701904,
    -0.02728728950023651,
    0.03326434642076492,
    -0.09662850946187973,
    -0.036723315715789795,
    -0.028967857360839844,
    0.045101188123226166,
    0.037775032222270966,
    0.014322640374302864,
    -0.08584694564342499,
    -0.046895865350961685,
    0.02035248838365078,
    0.05217678099870682,
    -0.058002885431051254,
    -0.019669152796268463,
    -0.016315588727593422,
    0.059931110590696335,
    -0.04243101179599762,
    -0.04471550136804581,
    -0.07402461767196655,
    -0.033060748130083084,
    -0.09764473140239716,
    0.011675537563860416,
    0.021736344322562218,
    0.004083584528416395,
    0.026155173778533936,
    0.0643911063671112,
    -0.09055491536855698,
    0.06269313395023346,
    -0.028231048956513405,
    -0.025884589180350304,
    0.06319939345121384,
    0.005596758797764778,
    -0.08098027855157852,
    -0.01139201782643795,
    -0.003951628226786852,
    0.044884420931339264,
    0.01692851446568966,
    0.00419299490749836,
    -0.028538048267364502,
    0.031396105885505676,
    0.07930697500705719,
    -0.08597570657730103,
    -0.05489364638924599,
    0.0036703895311802626,
    -0.012132734060287476,
    0.022774338722229004,
    -0.021972959861159325,
    -0.004814479500055313,
    -0.003013026900589466,
    -0.017705591395497322,
    -0.05110352113842964,
    -0.03911096230149269,
    0.04090472310781479,
    -0.0430159829556942,
    0.08093072474002838,
    0.0012304149568080902,
    0.13402627408504486,
    -0.04709968715906143,
    -0.0044415974989533424,
    -0.10919348895549774,
    0.06710223853588104,
    -0.017161276191473007,
    -0.07435043156147003,
    0.006432720925658941,
    0.013897821307182312,
    0.01228246744722128,
    -0.06064968928694725,
    -0.09596598148345947,
    0.0539153590798378,
    -0.004947432316839695,
    0.019971996545791626,
    0.0761120542883873,
    0.07974888384342194,
    0.012508148327469826,
    -0.06005503237247467,
    -0.10255789011716843,
    0.052492912858724594,
    -0.020480819046497345,
    0.015447279438376427,
    0.03819058835506439,
    0.011022686026990414,
    -0.00042268584365956485,
    -0.05955160781741142,
    -0.04254356771707535,
    -0.015582400374114513,
    -0.10067357867956161,
    -0.02263677679002285,
    -0.05928124487400055,
    -0.09996221214532852,
    2.1626731842117e-32,
    -0.011765792034566402,
    0.022420983761548996,
    -0.06198184937238693,
    0.021163586527109146,
    -0.0007581310346722603,
    -0.01654338650405407,
    0.013520646840333939,
    -0.0249438788741827,
    -0.03604711964726448,
    0.08441092818975449,
    0.01969933696091175,
    0.06054812669754028,
    -0.022400759160518646,
    0.01384581346064806,
    0.010519233532249928,
    0.04187953472137451,
    -0.02059067040681839,
    0.08249285817146301,
    0.007537564728409052,
    0.051616281270980835,
    0.07484672963619232,
    -0.05319403111934662,
    0.0031200756784528494,
    0.023373190313577652,
    -0.041214197874069214,
    0.06638554483652115,
    0.03109193779528141,
    0.0035153760109096766,
    0.029353447258472443,
    -0.0023052741307765245,
    0.007332656532526016,
    -0.004798640497028828,
    -0.011785226874053478,
    -0.08480777591466904,
    0.10309401154518127,
    0.10292898863554001,
    0.06717561930418015,
    -0.0254636462777853,
    0.03442572429776192,
    -0.06526266783475876,
    0.028215041384100914,
    -0.0006506432546302676,
    0.07835930585861206,
    0.04494817927479744,
    0.06412602961063385,
    -0.004109334200620651,
    -0.02314493991434574,
    0.00633629085496068,
    0.007827500812709332,
    0.030204400420188904,
    -0.0720658153295517,
    -0.01990119367837906,
    -0.03235473856329918,
    -0.06980457156896591,
    -0.04520653560757637,
    -0.014707325026392937,
    -0.08446215838193893,
    0.01802455075085163,
    -0.08822275698184967,
    0.04705027863383293,
    -0.03465371951460838,
    0.04537556320428848,
    -0.01889321580529213,
    -0.06234855204820633,
    -0.012415445409715176,
    -0.08579818904399872,
    0.001515288488008082,
    -0.09325089305639267,
    0.0851719081401825,
    -0.042506393045186996,
    -0.022080378606915474,
    0.04369286820292473,
    -0.027855992317199707,
    0.0391889289021492,
    0.014739991165697575,
    -0.01815868355333805,
    -0.0008000130183063447,
    -0.03220435604453087,
    0.0423923134803772,
    -0.011364247649908066,
    -0.028999483212828636,
    -0.014844074845314026,
    0.025336531922221184,
    0.04946335777640343,
    -0.03734587877988815,
    0.03766169399023056,
    0.03857212886214256,
    0.034752994775772095,
    -0.0743924006819725,
    -0.04969866946339607,
    0.00033178876037709415,
    0.02883831597864628,
    -0.004017888568341732,
    0.042830344289541245,
    -0.038401953876018524,
    -2.259078267721719e-32,
    0.008931373246014118,
    -0.06263994425535202,
    -0.06095580384135246,
    -0.004244484473019838,
    0.08654142171144485,
    -0.014753011055290699,
    0.011483876034617424,
    -0.03895239159464836,
    0.060126956552267075,
    -0.01986374892294407,
    0.04060681536793709,
    -0.049533504992723465,
    -0.01622677780687809,
    -0.03476504236459732,
    -0.04368649050593376,
    0.05165446549654007,
    -0.08157630264759064,
    -0.004314974881708622,
    -0.05199345573782921,
    0.09882417321205139,
    -0.04585035517811775,
    0.00882697943598032,
    -0.004966695327311754,
    0.10489204525947571,
    0.04994633048772812,
    0.035343557596206665,
    -0.023993726819753647,
    0.01776200532913208,
    0.10886171460151672,
    -0.011177312582731247,
    -0.02817412093281746,
    -0.061230845749378204,
    -0.02890872023999691,
    -0.026840083301067352,
    -0.13852627575397491,
    -0.17026619613170624,
    0.07703964412212372,
    -0.007424261886626482,
    -0.04197600111365318,
    -0.0036843386478722095,
    0.11798092722892761,
    0.0011670285603031516,
    -0.034203603863716125,
    -0.0027453943621367216,
    0.006747819948941469,
    -0.024694450199604034,
    0.051718175411224365,
    0.041325267404317856,
    -0.02385113574564457,
    0.031160829588770866,
    0.04816069081425667,
    -0.07857762277126312,
    0.01728019490838051,
    0.002943584928289056,
    0.010135182179510593,
    0.059508584439754486,
    0.018060045316815376,
    -0.018220793455839157,
    -0.07563713192939758,
    0.0023843329399824142,
    0.09510679543018341,
    0.022582346573472023,
    -0.056487057358026505,
    0.07892777770757675,
    0.024926751852035522,
    -0.06090691313147545,
    -0.0319518968462944,
    -0.06697665899991989,
    -0.06865908205509186,
    0.00040824204916134477,
    -0.05727234482765198,
    -0.08659148961305618,
    -0.038828857243061066,
    -0.1413898915052414,
    0.060782309621572495,
    -0.06053556129336357,
    -0.0333251953125,
    -0.05398400127887726,
    -0.05847735330462456,
    0.04249123856425285,
    0.0871095061302185,
    -0.02450510859489441,
    -0.05934753268957138,
    0.04823687672615051,
    0.011927603743970394,
    0.007691952399909496,
    0.05853386968374252,
    -0.03383267670869827,
    0.006853910628706217,
    0.06608662009239197,
    -0.09589359164237976,
    0.011486704461276531,
    -0.07868752628564835,
    -0.007548154331743717,
    -0.08785171061754227,
    -5.929067015131295e-08,
    0.0399971641600132,
    0.0724407508969307,
    -0.03573920205235481,
    -0.0033697031904011965,
    -0.01801830343902111,
    -0.003803916508331895,
    -0.056230202317237854,
    -0.019814416766166687,
    -0.004448668099939823,
    -0.04016473889350891,
    0.05555067956447601,
    0.06985530257225037,
    -0.045070163905620575,
    -0.027282169088721275,
    0.055388253182172775,
    0.006121084559708834,
    -0.08502791821956635,
    -0.061268534511327744,
    -0.020344799384474754,
    0.009996159002184868,
    -0.04352744296193123,
    -0.08360100537538528,
    -0.04958023503422737,
    0.07030097395181656,
    0.03584114834666252,
    0.03224923834204674,
    -0.006481827236711979,
    0.030564112588763237,
    0.05103063955903053,
    0.07285594195127487,
    -0.01722448691725731,
    -0.01283508911728859,
    0.011747769080102444,
    -0.02800345979630947,
    -0.03531854599714279,
    -0.06288516521453857,
    -0.003914941102266312,
    -0.05725216865539551,
    0.07016241550445557,
    -0.003962348680943251,
    0.03168017044663429,
    -0.009672199375927448,
    -0.004460175521671772,
    0.09260017424821854,
    0.027646666392683983,
    -0.03882913291454315,
    -0.014923395588994026,
    0.01054384745657444,
    0.03601415827870369,
    -0.04735618829727173,
    -0.040585730224847794,
    -0.04024873673915863,
    0.06834607571363449,
    -0.028789326548576355,
    -0.03366507589817047,
    0.07440872490406036,
    0.01064502727240324,
    0.025302840396761894,
    -0.002496968023478985,
    -0.03796917572617531,
    0.15387676656246185,
    0.010439302772283554,
    -0.0054300581105053425,
    0.00039348690188489854
]