[
    -0.014605388045310974,
    0.057285960763692856,
    -0.011199172586202621,
    -0.04694351181387901,
    0.03521319478750229,
    0.05464232712984085,
    0.013837824575603008,
    -0.07600118219852448,
    -0.029033750295639038,
    -0.0036135774571448565,
    0.0028458537999540567,
    -0.03260672837495804,
    0.0049610198475420475,
    -0.025227073580026627,
    0.10170391947031021,
    -0.04951264709234238,
    0.027232814580202103,
    0.04141092300415039,
    -0.12147114425897598,
    0.03555130958557129,
    -0.001352412742562592,
    0.08074221014976501,
    -0.07404404878616333,
    0.006690247915685177,
    -0.10846396535634995,
    -0.04775647819042206,
    0.01113634929060936,
    -0.035176634788513184,
    0.006726856809109449,
    -0.02816411852836609,
    0.031224265694618225,
    0.011919577606022358,
    0.038415148854255676,
    0.08541344106197357,
    0.012536725029349327,
    -0.05099630355834961,
    -0.03429455682635307,
    -0.007557378150522709,
    -0.03655724599957466,
    0.0071602556854486465,
    -0.02620331384241581,
    -0.00047052960144355893,
    -0.04138864949345589,
    -0.0025634258054196835,
    0.01545245572924614,
    0.012081047520041466,
    -0.04651828482747078,
    -0.010380499996244907,
    0.009063908830285072,
    0.041989266872406006,
    -0.04076177626848221,
    -0.0027303087990731,
    -0.03324168920516968,
    0.010991268791258335,
    -0.030505346134305,
    -0.06029283255338669,
    -0.048905350267887115,
    0.039949096739292145,
    -0.06418798863887787,
    0.014887567609548569,
    0.06018504872918129,
    -0.0036078765988349915,
    0.010402237996459007,
    0.09671669453382492,
    -0.10112925618886948,
    0.047258730977773666,
    -0.0005551520152948797,
    0.03178781270980835,
    -0.0421237014234066,
    -0.04931902512907982,
    -0.08508225530385971,
    -0.05309664458036423,
    -0.0326695442199707,
    0.035028401762247086,
    0.027454093098640442,
    0.004610169213265181,
    -0.028712548315525055,
    0.03451685234904289,
    0.061244990676641464,
    -0.11425138264894485,
    -0.07771646976470947,
    -0.02798992395401001,
    0.017209704965353012,
    0.06422673910856247,
    -0.04342937842011452,
    -0.022711575031280518,
    -0.014725897461175919,
    -0.0206917691975832,
    -0.004959388170391321,
    -0.039232052862644196,
    -0.00731697678565979,
    -0.1057615652680397,
    0.12504641711711884,
    -0.03303514048457146,
    0.09579054266214371,
    0.026767725124955177,
    0.014295180328190327,
    -0.08126953989267349,
    0.035034459084272385,
    -0.05136924237012863,
    -0.007104945369064808,
    -0.043265387415885925,
    -0.009852351620793343,
    0.0325547493994236,
    -0.1274726688861847,
    -0.06469423323869705,
    0.006380327511578798,
    0.010096779093146324,
    0.01777309738099575,
    0.04480171576142311,
    0.036149825900793076,
    0.04620322212576866,
    0.006077984813600779,
    -0.09750372171401978,
    0.06613220274448395,
    -0.03920114412903786,
    -0.014150921255350113,
    0.05227842926979065,
    0.09468197822570801,
    -0.02476632595062256,
    -0.048288553953170776,
    -0.001056470675393939,
    -0.054736826568841934,
    -0.08735103160142899,
    0.04235975816845894,
    0.020880863070487976,
    -0.02852337434887886,
    1.7742513532600267e-32,
    -0.036393146961927414,
    0.000754880893509835,
    -0.05151375010609627,
    0.0601617768406868,
    0.037641383707523346,
    0.016935979947447777,
    0.07647771388292313,
    0.0446859709918499,
    -0.04810173064470291,
    0.09215371310710907,
    -0.028531568124890327,
    0.019457001239061356,
    -0.04119602218270302,
    0.01464120950549841,
    -0.020354170352220535,
    -0.005463677458465099,
    -0.013729461468756199,
    0.07723593711853027,
    -0.046973373740911484,
    0.0455707386136055,
    -0.02906474471092224,
    -0.016220245510339737,
    -0.010037717409431934,
    -0.02453773282468319,
    -0.07217984646558762,
    0.035978853702545166,
    0.027387434616684914,
    -0.055272702127695084,
    0.016561711207032204,
    0.01909598335623741,
    0.028232090175151825,
    0.02922501415014267,
    0.036960579454898834,
    0.00932138878852129,
    -0.007347214967012405,
    0.12530770897865295,
    0.03830743953585625,
    -0.03535977751016617,
    0.01499104592949152,
    -0.12319235503673553,
    -0.06194756180047989,
    -0.038376688957214355,
    -0.009680023416876793,
    0.04445981606841087,
    0.06601502746343613,
    -0.0045028976164758205,
    0.015486572869122028,
    -0.04859408736228943,
    0.02841629460453987,
    0.03922174870967865,
    -0.09943018108606339,
    0.003694012761116028,
    0.06018052250146866,
    -0.0347827672958374,
    0.02819748967885971,
    -0.045358940958976746,
    -0.07063791900873184,
    0.020132187753915787,
    -0.09317963570356369,
    0.06342871487140656,
    -0.03934326767921448,
    0.06955128163099289,
    -0.028932858258485794,
    -0.045184191316366196,
    0.035577017813920975,
    -0.004563504830002785,
    0.016640732064843178,
    -0.04542141780257225,
    0.04851086065173149,
    0.022735822945833206,
    0.01236094068735838,
    0.10053618252277374,
    0.021912414580583572,
    0.024732330814003944,
    0.05305088311433792,
    -0.026570986956357956,
    -0.021446887403726578,
    -0.010605048388242722,
    0.014386738650500774,
    0.03658488020300865,
    -0.05667310953140259,
    -0.0021618835162371397,
    -0.002624060260131955,
    0.03065563552081585,
    -0.042987074702978134,
    0.021278141066432,
    0.059134356677532196,
    0.0471692830324173,
    0.002986077219247818,
    -0.05460744723677635,
    -0.026163771748542786,
    0.019727472215890884,
    0.037094809114933014,
    0.10369320213794708,
    0.0073020621202886105,
    -2.0034958207470076e-32,
    0.009115973487496376,
    -0.03999974951148033,
    0.010238438844680786,
    0.0012049031211063266,
    0.038497116416692734,
    -0.03916816785931587,
    -0.04548707604408264,
    -0.06608716398477554,
    0.1106816828250885,
    -0.029255405068397522,
    0.0205487422645092,
    -0.04955282062292099,
    -0.012565508484840393,
    -0.02409190684556961,
    -0.05420421436429024,
    -0.06318341195583344,
    -0.0887865498661995,
    -0.09086449444293976,
    -0.0018595843575894833,
    0.13348202407360077,
    -0.021965308114886284,
    -0.036069709807634354,
    -0.03267544135451317,
    0.10948621481657028,
    0.016126487404108047,
    0.040731288492679596,
    -0.04365679249167442,
    -0.0050391871482133865,
    0.1234775260090828,
    -0.02447381429374218,
    -0.021940698847174644,
    -0.04420613870024681,
    -0.01844729296863079,
    0.018637748435139656,
    -0.11101578921079636,
    -0.18704572319984436,
    0.03024952858686447,
    -0.03456457331776619,
    -0.051894426345825195,
    -0.06294049322605133,
    0.10180476307868958,
    -0.017596546560525894,
    0.01766021177172661,
    0.03636175021529198,
    0.0235686544328928,
    -0.03957778587937355,
    0.09789888560771942,
    -0.05279750004410744,
    -0.0005915995570831001,
    0.0028016676660627127,
    0.015872905030846596,
    -0.019207926467061043,
    -0.02666572481393814,
    0.02198476344347,
    -0.034556809812784195,
    0.04365844279527664,
    0.027482738718390465,
    -0.0028863693587481976,
    -0.09046977758407593,
    -0.014709229581058025,
    0.06085634231567383,
    0.06641769409179688,
    0.025563279166817665,
    0.10471378266811371,
    0.016889557242393494,
    -0.04081494361162186,
    -0.048195719718933105,
    -0.07706579566001892,
    -0.00837508961558342,
    -0.07038851827383041,
    -0.12512724101543427,
    -0.11254825443029404,
    -0.04363787919282913,
    -0.07132527232170105,
    0.05685954540967941,
    -0.06464266777038574,
    -0.050332602113485336,
    -0.09542067348957062,
    -0.06820537894964218,
    0.054337941110134125,
    0.06816202402114868,
    -0.010143744759261608,
    -0.1028350219130516,
    0.08507996052503586,
    -0.005270842928439379,
    0.04433685913681984,
    0.0035206624306738377,
    -0.025668224319815636,
    0.014471011236310005,
    0.07394970953464508,
    -0.09452717006206512,
    0.02385886386036873,
    -0.019056038931012154,
    0.04018016904592514,
    -0.06953569501638412,
    -5.481959419739724e-08,
    -0.0018155660945922136,
    0.09083101898431778,
    -0.03391573950648308,
    -0.07872501760721207,
    -0.04008127748966217,
    -0.04104697331786156,
    -0.050347842276096344,
    -0.0121592553332448,
    -0.023001980036497116,
    -0.0551920086145401,
    0.05615800991654396,
    0.09013956785202026,
    -0.03538589924573898,
    -0.027769196778535843,
    0.020791567862033844,
    -0.05366775766015053,
    -0.07037414610385895,
    0.015226546674966812,
    -0.004290249664336443,
    0.05616239458322525,
    -0.03378354758024216,
    -0.018329165875911713,
    -0.04329376295208931,
    -0.002255915431305766,
    -0.01781814731657505,
    0.0529409795999527,
    -0.005381231661885977,
    0.0020994339138269424,
    0.09296825528144836,
    0.028253143653273582,
    -0.018218863755464554,
    0.0332476906478405,
    0.019176749512553215,
    0.001413190271705389,
    -0.06641533225774765,
    -0.05239459499716759,
    0.022633377462625504,
    0.024349842220544815,
    0.06552760303020477,
    -0.014135755598545074,
    -0.04030546173453331,
    0.036181919276714325,
    -0.015498155727982521,
    0.07577294111251831,
    -0.04556889832019806,
    -0.061703115701675415,
    0.009003879502415657,
    -0.009862391278147697,
    0.037159234285354614,
    -0.09391181170940399,
    -0.051932476460933685,
    -0.016680026426911354,
    0.059548310935497284,
    -0.03202446550130844,
    -0.06422789394855499,
    0.035818375647068024,
    -0.007499378640204668,
    -0.02394348755478859,
    -0.04383942857384682,
    0.018939539790153503,
    0.07484544068574905,
    0.01972922869026661,
    0.050974518060684204,
    0.014166215434670448
]