[
    -0.04471826180815697,
    0.0204759631305933,
    -0.003322483040392399,
    -0.060588788241147995,
    -0.0034812467638403177,
    0.04766694828867912,
    -0.06307798624038696,
    -0.045432526618242264,
    -0.05210380628705025,
    0.017689453437924385,
    0.00646947929635644,
    0.026456885039806366,
    0.010337736457586288,
    -0.036941252648830414,
    0.09605775773525238,
    -0.011913622729480267,
    0.07777644693851471,
    0.03412012383341789,
    -0.10669667273759842,
    0.12153490632772446,
    0.14145204424858093,
    0.04333196580410004,
    -0.13589607179164886,
    0.03646257147192955,
    -0.0851479172706604,
    0.015009477734565735,
    -0.030096661299467087,
    -0.0761464461684227,
    0.05838409811258316,
    -0.03615516051650047,
    -0.013649686239659786,
    0.023875797167420387,
    0.021679885685443878,
    0.032080236822366714,
    -0.006790305487811565,
    -0.04231568053364754,
    0.03683685138821602,
    -0.03169866278767586,
    0.028243890032172203,
    0.019128547981381416,
    -0.051260773092508316,
    -0.03713817521929741,
    -0.038390662521123886,
    0.0015860844869166613,
    -0.016600744798779488,
    0.024794280529022217,
    -0.010353880003094673,
    -0.00856579840183258,
    -0.029345912858843803,
    -0.032922741025686264,
    -0.08012451976537704,
    0.007212297525256872,
    -0.04035148397088051,
    0.10809950530529022,
    0.011298300698399544,
    -0.05978265777230263,
    0.010531485080718994,
    0.0425395742058754,
    -0.08209478855133057,
    0.000760353053919971,
    0.019975988194346428,
    -0.04218640923500061,
    -0.03841163218021393,
    0.039922937750816345,
    0.03516591340303421,
    0.07754497975111008,
    -0.03506794571876526,
    -0.058460891246795654,
    -0.022970840334892273,
    -0.045783672481775284,
    -0.042059656232595444,
    0.027142681181430817,
    -0.011081180535256863,
    0.04032609611749649,
    0.032907918095588684,
    -0.006984186824411154,
    -0.006565477699041367,
    0.04888714477419853,
    0.03391556814312935,
    -0.11431372165679932,
    -0.061107784509658813,
    0.021854495629668236,
    0.046209000051021576,
    0.02910657785832882,
    -0.030853474512696266,
    -0.018875380977988243,
    -0.08241581916809082,
    -0.03848815709352493,
    -0.012154719792306423,
    -0.02873457968235016,
    0.042057521641254425,
    -0.1118774563074112,
    0.08748166263103485,
    -0.030599672347307205,
    0.03037959896028042,
    0.034369952976703644,
    0.019044585525989532,
    -0.13125208020210266,
    0.036040157079696655,
    -0.028652407228946686,
    0.027274077758193016,
    -0.029020003974437714,
    -0.035427991300821304,
    0.02117263339459896,
    -0.0007820083410479128,
    -0.035801779478788376,
    -0.014608669094741344,
    -0.016869330778717995,
    -0.00032676273258402944,
    0.052171505987644196,
    0.06343980878591537,
    0.002837727777659893,
    -0.005258760415017605,
    -0.08171084523200989,
    0.023471055552363396,
    -0.005200320389121771,
    0.035025324672460556,
    0.05121675133705139,
    0.05687234178185463,
    -0.1042848527431488,
    -0.05054815858602524,
    -0.007546734064817429,
    -0.030240243300795555,
    -0.08203563839197159,
    0.05013541132211685,
    -0.01903587020933628,
    -0.08289042115211487,
    1.924537424391893e-32,
    -0.060316309332847595,
    -0.056587524712085724,
    -0.04965311661362648,
    0.016842273995280266,
    0.04618509113788605,
    -0.0005984781309962273,
    0.02885461412370205,
    -0.05071931332349777,
    -0.05687841400504112,
    0.03653426095843315,
    0.018023353070020676,
    0.1043180525302887,
    0.028774602338671684,
    -0.032825250178575516,
    -0.0446346215903759,
    -0.019931891933083534,
    -0.004397158045321703,
    0.04432184249162674,
    0.06789743900299072,
    0.046616487205028534,
    0.05676078423857689,
    0.014454685151576996,
    0.010191192850470543,
    0.011819743551313877,
    -0.014427807182073593,
    0.03834747150540352,
    -0.021968070417642593,
    -0.03619013726711273,
    -0.022134482860565186,
    0.025177719071507454,
    0.015920385718345642,
    0.028093760833144188,
    0.06521505117416382,
    -0.02646549418568611,
    0.007506968919187784,
    0.11298274248838425,
    0.04894827678799629,
    -0.05281757563352585,
    0.02774600312113762,
    -0.10242348909378052,
    -0.04345019906759262,
    0.024004314094781876,
    0.007418797351419926,
    0.031235547736287117,
    0.017913872376084328,
    -0.03912356495857239,
    -0.030138753354549408,
    0.005938579794019461,
    0.045377105474472046,
    0.06553341448307037,
    -0.026703909039497375,
    0.023815298452973366,
    0.03990102931857109,
    -0.08818455040454865,
    -0.038554251194000244,
    -0.04880329221487045,
    -0.09180331975221634,
    0.015573922544717789,
    -0.06825458258390427,
    0.05288698896765709,
    -0.011057810857892036,
    0.032781511545181274,
    -0.01147304568439722,
    0.0009516041027382016,
    -0.020181303843855858,
    -0.06464403122663498,
    0.003566250205039978,
    -0.05618824437260628,
    0.01948510855436325,
    0.013204933144152164,
    -0.05605705454945564,
    0.04086427018046379,
    -0.01981905847787857,
    0.03089231252670288,
    0.017711224034428596,
    0.008190896362066269,
    0.0629543885588646,
    -0.014756192453205585,
    0.07516889274120331,
    -0.08932472765445709,
    -0.12530197203159332,
    0.013990385457873344,
    0.03793710842728615,
    0.05469208210706711,
    -0.005563325248658657,
    0.004009044263511896,
    0.007251271512359381,
    -0.007001695688813925,
    -0.013045013882219791,
    -0.02542996034026146,
    -0.015890318900346756,
    0.015025511384010315,
    0.0512230321764946,
    0.08185436576604843,
    0.03603183478116989,
    -1.9056034430096107e-32,
    0.04582344368100166,
    -0.08991344273090363,
    -0.07933424413204193,
    0.0300169475376606,
    0.033273208886384964,
    0.014450659975409508,
    -0.044703416526317596,
    -0.107951320707798,
    0.05945505201816559,
    -0.0340782105922699,
    0.0259390976279974,
    -0.04041530564427376,
    0.0052416641265153885,
    0.03379965201020241,
    -0.05907544866204262,
    -0.011278328485786915,
    -0.07970282435417175,
    -0.031230540946125984,
    0.010325094684958458,
    0.07782300561666489,
    -0.008121144026517868,
    0.022048141807317734,
    -0.056610506027936935,
    0.10287780314683914,
    -0.006459115073084831,
    -0.010151777416467667,
    -0.11405633389949799,
    -0.05393362417817116,
    0.09208236634731293,
    -0.053934477269649506,
    -0.05315380543470383,
    -0.10016196966171265,
    -0.01558403018862009,
    0.0616118349134922,
    -0.11630438268184662,
    -0.1227378398180008,
    0.018718890845775604,
    -0.02768254280090332,
    -0.020149871706962585,
    -0.02375938929617405,
    0.0539892353117466,
    0.025350341573357582,
    -0.015934985131025314,
    0.035059958696365356,
    -0.01555290911346674,
    -0.030091989785432816,
    0.05670488625764847,
    0.01648586057126522,
    0.008185887709259987,
    -0.00861706119030714,
    0.028603198006749153,
    -0.044613342732191086,
    0.03375295549631119,
    0.04109562933444977,
    -0.054492730647325516,
    0.04738961532711983,
    0.09802559018135071,
    0.023956701159477234,
    -0.06081689894199371,
    0.07423122227191925,
    0.09336479008197784,
    0.047544725239276886,
    -0.01629488542675972,
    0.013154616579413414,
    0.06295513361692429,
    -0.03317625820636749,
    -0.043306104838848114,
    -0.022865785285830498,
    0.03996090590953827,
    -0.04402932897210121,
    -0.028953343629837036,
    -0.09540119767189026,
    -0.07726167887449265,
    -0.04198780283331871,
    0.07568959146738052,
    0.0003708346630446613,
    0.05307382345199585,
    -0.041378092020750046,
    -0.08487449586391449,
    0.0359373465180397,
    0.02563207596540451,
    0.05205747112631798,
    -0.0938689336180687,
    0.062409598380327225,
    -0.028582092374563217,
    0.1117716133594513,
    0.035558804869651794,
    -0.03689401224255562,
    0.07173290103673935,
    0.06718890368938446,
    -0.0783395990729332,
    0.04119546338915825,
    0.015589045360684395,
    0.0017283722991123796,
    -0.04420722275972366,
    -5.2789857818424935e-08,
    -0.008643906563520432,
    0.056156355887651443,
    -0.0306689515709877,
    0.006699203513562679,
    -0.06534724682569504,
    0.004928113427013159,
    0.04543080925941467,
    -0.05609581619501114,
    -0.08064622431993484,
    -0.09776981920003891,
    0.03359284624457359,
    0.07860727608203888,
    0.0017129797488451004,
    -0.018293894827365875,
    0.018719598650932312,
    -0.047590821981430054,
    -0.03427046537399292,
    -0.021247124299407005,
    -0.06358246505260468,
    0.06379785388708115,
    -0.057287946343421936,
    -0.07197970896959305,
    -0.024696089327335358,
    0.012417295016348362,
    0.042500145733356476,
    0.012664919719099998,
    0.036185018718242645,
    0.08330580592155457,
    0.060219984501600266,
    0.10532928258180618,
    -0.0300288125872612,
    0.04556397721171379,
    -0.03859078884124756,
    -0.023915376514196396,
    -0.03711981326341629,
    -0.04765778407454491,
    -0.03478296101093292,
    0.03536982461810112,
    0.04876475781202316,
    -0.019021911546587944,
    0.004183568060398102,
    0.01484096609055996,
    0.0002892257471103221,
    0.03874293714761734,
    0.013228381983935833,
    -0.03957739099860191,
    -0.025614136829972267,
    -0.015303735621273518,
    0.06643328815698624,
    -0.03499838709831238,
    -0.10437453538179398,
    -0.01895957812666893,
    0.03470104560256004,
    0.009378964081406593,
    -0.022456562146544456,
    0.0817924365401268,
    0.014080126769840717,
    0.041345588862895966,
    -0.05313713848590851,
    -0.051224485039711,
    0.17018644511699677,
    0.043996650725603104,
    0.08215011656284332,
    0.009209693409502506
]