[
    -0.03785104677081108,
    0.021111801266670227,
    -0.038028933107852936,
    -0.05142439901828766,
    0.004813747480511665,
    0.004929800983518362,
    -0.02901640720665455,
    -0.039387524127960205,
    -0.012483369559049606,
    0.061653561890125275,
    0.020039139315485954,
    -0.033710554242134094,
    0.012126739136874676,
    0.005092548206448555,
    0.04778923839330673,
    0.022969840094447136,
    0.053402379155159,
    0.018538452684879303,
    -0.02816774509847164,
    0.035582270473241806,
    0.0390276275575161,
    0.033821951597929,
    -0.020930977538228035,
    0.0012934384867548943,
    -0.06032929569482803,
    -0.010590611957013607,
    -0.006951555609703064,
    -0.04431913048028946,
    0.11465604603290558,
    -0.04235241562128067,
    0.014154511503875256,
    0.10555665194988251,
    0.04007261246442795,
    0.07579585909843445,
    0.019103091210126877,
    -0.004115857649594545,
    0.007398384623229504,
    -0.017237907275557518,
    -0.004888603463768959,
    0.01929674856364727,
    -0.04198763519525528,
    -0.020616963505744934,
    -0.06634996086359024,
    0.00367982336319983,
    -0.005932928062975407,
    0.05545869469642639,
    -0.022072814404964447,
    -0.02286449447274208,
    -0.0846581906080246,
    -0.0016339393332600594,
    -0.06461314857006073,
    -0.05470612645149231,
    -0.05092627555131912,
    0.07596482336521149,
    -0.02832968533039093,
    -0.08102711290121078,
    0.007018477655947208,
    0.011140790767967701,
    -0.020695041865110397,
    -0.019725752994418144,
    0.03926912695169449,
    -0.032741252332925797,
    -0.06699523329734802,
    0.0036090819630771875,
    0.009321420453488827,
    0.03604312986135483,
    -0.007636565715074539,
    -0.016169382259249687,
    0.028263138607144356,
    0.008872411213815212,
    -0.007248263340443373,
    0.03419499099254608,
    0.012678660452365875,
    0.01146638859063387,
    0.012656132690608501,
    0.001006204285658896,
    -0.007634604349732399,
    0.04125367850065231,
    0.02864108793437481,
    -0.1688733696937561,
    -0.08583813905715942,
    0.07750549167394638,
    -0.01351580023765564,
    0.004862241446971893,
    -0.08220535516738892,
    -0.041732482612133026,
    -0.03186937794089317,
    -0.007647593971341848,
    -0.01632256805896759,
    0.026515522971749306,
    0.046880483627319336,
    -0.10839419066905975,
    0.06372126936912537,
    -0.06517447531223297,
    0.02663455717265606,
    -0.010779887437820435,
    -0.016803180798888206,
    -0.05452432110905647,
    0.10557716339826584,
    -0.05607391521334648,
    0.02737468108534813,
    0.06116383522748947,
    -0.0369618684053421,
    -0.06285545974969864,
    -0.04246031120419502,
    -0.019839167594909668,
    -0.032386258244514465,
    -0.04715747758746147,
    0.03971109911799431,
    0.04920775070786476,
    0.00033085793256759644,
    0.004516955930739641,
    -0.012997465208172798,
    -0.08731501549482346,
    0.07078921794891357,
    0.04318883270025253,
    -0.01444608997553587,
    0.0886356309056282,
    -0.011545732617378235,
    -0.038465119898319244,
    -0.012654753401875496,
    0.028994513675570488,
    0.003158626612275839,
    -0.10304689407348633,
    -0.01467106956988573,
    -0.019215727224946022,
    -0.09474845230579376,
    1.6939966805095428e-32,
    -0.014420093037188053,
    -0.02711942233145237,
    -0.13465538620948792,
    0.09558933973312378,
    0.051897455006837845,
    0.002107049338519573,
    0.047168634831905365,
    -0.006100474391132593,
    -0.09065903723239899,
    0.05108930915594101,
    0.0011580423451960087,
    0.06580180674791336,
    -0.04118477925658226,
    -0.05135457590222359,
    -0.02270245924592018,
    0.034202445298433304,
    -0.05044040456414223,
    0.09579665958881378,
    -0.03671833872795105,
    -0.014997240155935287,
    0.03357916325330734,
    -0.07300163060426712,
    0.04070926085114479,
    0.033180635422468185,
    0.007811381947249174,
    0.0011792478617280722,
    0.0342111773788929,
    -0.03158538043498993,
    -0.030691370368003845,
    0.004308358300477266,
    0.02310735546052456,
    0.04797513782978058,
    0.07974912226200104,
    0.045927371829748154,
    0.0686061754822731,
    0.1424993872642517,
    0.0027627721428871155,
    -0.08063000440597534,
    0.049069009721279144,
    -0.0010278464760631323,
    -0.08709093928337097,
    -0.03420740365982056,
    0.01796734891831875,
    -0.06973698735237122,
    -0.007620730437338352,
    -0.04717188701033592,
    -0.033651404082775116,
    -0.01231672428548336,
    0.03496170789003372,
    0.05180217698216438,
    0.0035644143354147673,
    -0.011674469336867332,
    0.10677509009838104,
    -0.08110105991363525,
    0.046402473002672195,
    0.05447575822472572,
    -0.11504776775836945,
    0.04651523754000664,
    -0.0110060079023242,
    0.0471961535513401,
    -0.024044932797551155,
    0.03653145208954811,
    -0.028361288830637932,
    0.09293699264526367,
    -0.06591687351465225,
    0.00041686170152388513,
    -0.0662926435470581,
    -0.043674349784851074,
    0.06600933521986008,
    -0.031062988564372063,
    -0.023584429174661636,
    0.06268291175365448,
    -0.004031888209283352,
    0.025144634768366814,
    -0.033748216927051544,
    -0.050653256475925446,
    0.014166613109409809,
    0.0129650654271245,
    0.037896402180194855,
    -0.019875694066286087,
    -0.1361016482114792,
    -0.01905006542801857,
    0.048785220831632614,
    0.04344366118311882,
    -0.050596386194229126,
    -0.026224801316857338,
    0.029707947745919228,
    -0.019610783085227013,
    -0.0488143153488636,
    0.010910545475780964,
    -0.03428288921713829,
    -0.003499134909361601,
    -0.0472482368350029,
    0.07508750259876251,
    0.06166144087910652,
    -1.7899079094554226e-32,
    0.004976153373718262,
    -0.05901915207505226,
    -0.05326953902840614,
    0.008094407618045807,
    0.0358605682849884,
    0.0063761938363313675,
    -0.06923197209835052,
    -0.07614950090646744,
    0.05942028388381004,
    -0.02179085835814476,
    -0.02718854323029518,
    -0.036792077124118805,
    -0.026992838829755783,
    -0.06604442000389099,
    -0.06332731992006302,
    -0.057733017951250076,
    -0.02318197675049305,
    -0.03313581272959709,
    0.06249476596713066,
    0.11603882908821106,
    0.016809996217489243,
    -0.0462186299264431,
    -0.0806470736861229,
    0.07851503044366837,
    0.03894099220633507,
    -0.02251262217760086,
    -0.004515082575380802,
    -0.08792480081319809,
    0.050218332558870316,
    0.02350296825170517,
    -0.016243457794189453,
    -0.038593750447034836,
    -0.07796932011842728,
    0.020377345383167267,
    -0.08116285502910614,
    -0.14704757928848267,
    0.13442935049533844,
    -0.062440283596515656,
    -0.011354688555002213,
    -0.034120652824640274,
    0.022740628570318222,
    0.10782444477081299,
    -0.013597051613032818,
    -0.013992209918797016,
    -0.011030313558876514,
    -0.06307568401098251,
    0.051058270037174225,
    0.03273609280586243,
    0.06331688165664673,
    -0.06514500826597214,
    0.09740189462900162,
    -0.023177120834589005,
    0.027668343856930733,
    -0.031176747754216194,
    -0.053596142679452896,
    0.09714312106370926,
    0.016637180000543594,
    -0.007266029715538025,
    -0.034532636404037476,
    0.06189969554543495,
    0.06341120600700378,
    0.055969107896089554,
    -0.04929948225617409,
    0.04421952739357948,
    0.04697544500231743,
    -0.03172135725617409,
    -0.052649568766355515,
    0.014913837425410748,
    -0.00965192075818777,
    -0.05461109057068825,
    -0.0441635362803936,
    -0.06090524420142174,
    -0.0479978546500206,
    -0.09596610069274902,
    0.1040186733007431,
    -0.0631413608789444,
    -0.05117246136069298,
    -0.07840608805418015,
    -0.06796714663505554,
    0.020652666687965393,
    0.019926393404603004,
    0.04901707544922829,
    -0.043277282267808914,
    0.06395149976015091,
    0.024695010855793953,
    0.05857183411717415,
    0.02032274194061756,
    0.043473388999700546,
    -0.0008471842738799751,
    0.027869591489434242,
    -0.06371942907571793,
    -0.03958361968398094,
    -0.024230673909187317,
    0.020230693742632866,
    -0.04028574004769325,
    -5.0996256106827786e-08,
    -0.04503010958433151,
    0.026372019201517105,
    -0.030991828069090843,
    -0.02506355568766594,
    -0.007534274365752935,
    0.015704751014709473,
    -0.02726876549422741,
    0.06500761955976486,
    -0.09946099668741226,
    -0.02788190357387066,
    0.02849229983985424,
    -0.0009897041600197554,
    -0.033993832767009735,
    -0.013457434251904488,
    0.028700076043605804,
    -0.04073818027973175,
    0.009015248157083988,
    -0.044534556567668915,
    -0.07592747360467911,
    0.04767780005931854,
    0.02814032882452011,
    -0.06642310321331024,
    -0.002968746004626155,
    0.04057948663830757,
    0.032538849860429764,
    -0.042141880840063095,
    0.003350016660988331,
    0.0793025866150856,
    0.016011128202080727,
    0.011409128084778786,
    -0.05715136229991913,
    0.035767342895269394,
    0.009842472150921822,
    -0.02577936463057995,
    0.03227090463042259,
    -0.01440946664661169,
    0.011576740071177483,
    0.03330550715327263,
    0.04300608113408089,
    0.040410105139017105,
    -0.051016319543123245,
    0.008507910184562206,
    0.058817166835069656,
    0.045716963708400726,
    -0.043309904634952545,
    0.007175421807914972,
    -0.08619049191474915,
    0.06413862854242325,
    -0.006122400052845478,
    -0.0698629766702652,
    -0.015040243975818157,
    -0.033408328890800476,
    0.022350667044520378,
    -0.017005760222673416,
    0.03500919044017792,
    0.15479598939418793,
    0.08311938494443893,
    0.07015560567378998,
    0.020664896816015244,
    -0.07380456477403641,
    0.14604505896568298,
    0.03937538340687752,
    0.04133465513586998,
    0.012676479294896126
]