[
    -0.00965254008769989,
    0.01437175553292036,
    -0.01691989228129387,
    -0.06097296625375748,
    -0.04776270315051079,
    0.04442451894283295,
    -0.07237445563077927,
    -0.06211774796247482,
    0.0011741843773052096,
    -0.037802938371896744,
    -0.013020806945860386,
    0.010419881902635098,
    0.008164690807461739,
    -0.04867331311106682,
    0.10670409351587296,
    -0.05684782564640045,
    0.010538364760577679,
    0.03376682475209236,
    -0.11102817207574844,
    0.06814626604318619,
    -0.0062579005025327206,
    0.068928062915802,
    -0.03729826956987381,
    0.006448360625654459,
    -0.09432904422283173,
    -0.021692190319299698,
    -0.026655210182070732,
    -0.09451490640640259,
    0.018459254875779152,
    -0.037960123270750046,
    0.08471138030290604,
    -0.011724448762834072,
    -0.015301021747291088,
    0.07550851255655289,
    -0.02601289562880993,
    0.00590810552239418,
    -0.05845582112669945,
    0.05824323371052742,
    -0.04255762696266174,
    0.017198268324136734,
    -0.060054123401641846,
    -0.025871844962239265,
    -0.042132418602705,
    0.003875168040394783,
    0.017632177099585533,
    0.00649688858538866,
    -0.09276114404201508,
    -0.03577391058206558,
    0.04139811918139458,
    0.01349906250834465,
    -0.062343619763851166,
    -0.05262155458331108,
    -0.047638989984989166,
    0.08810324221849442,
    -0.03156241402029991,
    -0.03981901332736015,
    -0.051392920315265656,
    -0.00857545342296362,
    -0.11527474969625473,
    -0.03382658585906029,
    0.03630903363227844,
    0.0011537044774740934,
    0.007232884410768747,
    0.06891273707151413,
    -0.034387778490781784,
    0.035626839846372604,
    0.017277801409363747,
    0.031498983502388,
    0.0009291928145103157,
    -0.0785059705376625,
    -0.060895729809999466,
    0.0025189565494656563,
    0.04636501893401146,
    0.05430745333433151,
    -0.052831608802080154,
    0.037687238305807114,
    0.024750666692852974,
    0.026238348335027695,
    0.060132622718811035,
    -0.10986016690731049,
    -0.043998248875141144,
    0.03629724308848381,
    0.045774415135383606,
    0.013613957911729813,
    -0.05723772943019867,
    -0.01751347817480564,
    -0.009361281991004944,
    0.00595987681299448,
    -0.07056160271167755,
    -0.07380207628011703,
    -0.007176024839282036,
    -0.00612533139064908,
    0.0660015344619751,
    -0.05301123857498169,
    0.04387739300727844,
    -0.01719614677131176,
    -0.011077011935412884,
    -0.05319014936685562,
    0.020636603236198425,
    -0.020222706720232964,
    -0.016750460490584373,
    0.007144674193114042,
    0.04616979509592056,
    0.0014584343880414963,
    -0.05230109766125679,
    -0.03170608729124069,
    -0.0015123076736927032,
    -0.00905383937060833,
    0.017507797107100487,
    0.04879510775208473,
    -0.012221411801874638,
    -0.005842089653015137,
    -0.06475435942411423,
    -0.09361142665147781,
    0.007178997155278921,
    0.0027568605728447437,
    0.0038406411185860634,
    0.010823700577020645,
    0.07121079415082932,
    -0.029298853129148483,
    -0.050929319113492966,
    -0.01717059686779976,
    -0.011597618460655212,
    -0.0842522457242012,
    -0.0024613665882498026,
    0.0364849679172039,
    0.024241169914603233,
    2.3288717754338537e-32,
    -0.05144993215799332,
    -0.003082380862906575,
    -0.038708072155714035,
    0.04802481085062027,
    0.019817927852272987,
    -0.0020112835336476564,
    0.03307469189167023,
    -0.012278842739760876,
    -0.08520764112472534,
    0.05215536057949066,
    -0.017460154369473457,
    0.055387381464242935,
    0.021503575146198273,
    0.04386613517999649,
    -0.07609470188617706,
    -0.040584154427051544,
    -0.01899208128452301,
    0.09032905846834183,
    -0.05405872315168381,
    0.04093854874372482,
    0.00412136921659112,
    0.027711233124136925,
    0.004827307537198067,
    0.019244927912950516,
    -0.029425716027617455,
    -0.008154914714396,
    0.027965355664491653,
    -0.02995484694838524,
    0.03948713839054108,
    0.009944773279130459,
    0.024889610707759857,
    0.03129199892282486,
    0.014702989719808102,
    -0.06227545067667961,
    -0.003848095890134573,
    0.13074466586112976,
    0.007295258808881044,
    -0.0468270480632782,
    0.11512190103530884,
    -0.06176437810063362,
    -0.04500038921833038,
    -0.036734845489263535,
    0.014103149063885212,
    0.029648790135979652,
    0.04559178650379181,
    0.021469758823513985,
    0.006173828151077032,
    -0.004735935479402542,
    0.045915234833955765,
    0.03509946167469025,
    -0.033850476145744324,
    -0.016751643270254135,
    -0.02546118013560772,
    -0.019081970676779747,
    0.03777578845620155,
    -0.013121378608047962,
    -0.031189892441034317,
    0.04106314480304718,
    -0.053388845175504684,
    0.08296843618154526,
    0.049824319779872894,
    0.01542772725224495,
    -0.0471959114074707,
    0.006680628750473261,
    0.02137685939669609,
    -0.06077980250120163,
    -0.00908068660646677,
    -0.07130013406276703,
    0.06663309037685394,
    0.010899428278207779,
    -0.04254037141799927,
    0.06706954538822174,
    -0.03654792159795761,
    0.0428081676363945,
    -0.009422045201063156,
    -0.0636763647198677,
    -0.02278522588312626,
    -0.049325257539749146,
    0.01552662905305624,
    0.07014399766921997,
    -0.07811670005321503,
    0.03301488608121872,
    -0.022497372701764107,
    0.08290205150842667,
    -0.008718423545360565,
    0.013106996193528175,
    0.0034387721680104733,
    0.0848468542098999,
    -0.08121424913406372,
    -0.039325814694166183,
    -0.024774963036179543,
    0.0464811809360981,
    0.12037520855665207,
    0.04881540313363075,
    0.02029995433986187,
    -2.4837837107097934e-32,
    -0.003580691758543253,
    -0.010252423584461212,
    -0.017989708110690117,
    0.019972028210759163,
    0.12300259619951248,
    0.008050469681620598,
    -0.07697293162345886,
    -0.13672463595867157,
    0.0911673903465271,
    0.07678790390491486,
    0.01993512362241745,
    -0.010186570696532726,
    0.02831214852631092,
    -0.014548094011843204,
    -0.07902265340089798,
    0.011654018424451351,
    -0.07554201781749725,
    -0.07409132272005081,
    -0.01396994385868311,
    0.10449984669685364,
    0.00037605754914693534,
    0.032285425812006,
    0.017802145332098007,
    0.11448846757411957,
    0.04429075866937637,
    0.052356064319610596,
    -0.02110440656542778,
    -0.044515810906887054,
    0.13618288934230804,
    -0.08569705486297607,
    -0.0789872407913208,
    -0.03540701046586037,
    -0.014270637184381485,
    0.031453609466552734,
    -0.08379839360713959,
    -0.15707240998744965,
    0.024077340960502625,
    -0.09334933012723923,
    -0.021235913038253784,
    -0.015607615001499653,
    0.07506964355707169,
    -0.0427778922021389,
    -0.07350026816129684,
    0.04154849424958229,
    -0.006965794134885073,
    -0.061907749623060226,
    0.0159926675260067,
    -0.03885301575064659,
    -0.025162501260638237,
    0.002721685217693448,
    -0.0016846205107867718,
    -0.009623751044273376,
    -0.050236206501722336,
    0.016707785427570343,
    -0.03854185342788696,
    0.04618096351623535,
    0.021581916138529778,
    -0.035679277032613754,
    -0.05606347694993019,
    -0.03963642567396164,
    0.10996081680059433,
    0.04175969585776329,
    -0.0544295459985733,
    0.06380143016576767,
    0.016809707507491112,
    -0.03459048271179199,
    -0.0018267394043505192,
    -0.0760742798447609,
    -0.016326947137713432,
    -0.04033401608467102,
    -0.11871218681335449,
    -0.1315121352672577,
    -0.08845190703868866,
    -0.10590341687202454,
    0.09391076117753983,
    -0.025241339579224586,
    0.015557733364403248,
    -0.09757386147975922,
    -0.05530066415667534,
    0.024940524250268936,
    0.028214406222105026,
    -0.03600542992353439,
    -0.0036806082352995872,
    0.02733994461596012,
    -0.03035920299589634,
    -0.00028714683139696717,
    0.05522165447473526,
    -0.06812804937362671,
    -0.033541709184646606,
    0.09503345191478729,
    -0.09200935810804367,
    -0.01283030305057764,
    0.02622496709227562,
    0.02440265566110611,
    -0.06178166717290878,
    -6.667224994316712e-08,
    0.024922652170062065,
    0.05339008569717407,
    0.024355340749025345,
    -0.034055452793836594,
    -0.04776337742805481,
    -0.0578814260661602,
    -0.05973388999700546,
    0.01103710662573576,
    -0.04191575571894646,
    0.02683064714074135,
    0.02698381431400776,
    0.09200985729694366,
    -0.030579080805182457,
    -0.016552546992897987,
    0.026958858594298363,
    -0.03880884498357773,
    -0.10788493603467941,
    0.014127771370112896,
    -0.0663774237036705,
    0.062113385647535324,
    -0.08289676904678345,
    -0.031429797410964966,
    -0.09348663687705994,
    0.007088803220540285,
    -0.0009701769449748099,
    0.07949896156787872,
    -0.024588150903582573,
    0.03505231812596321,
    0.0670369416475296,
    0.02579003944993019,
    0.019416922703385353,
    0.012161724269390106,
    0.009627952240407467,
    -0.013599923811852932,
    -0.07616522163152695,
    -0.03125341981649399,
    0.03200118988752365,
    0.023475490510463715,
    0.04458995535969734,
    -0.02315930463373661,
    0.019651778042316437,
    0.0625729188323021,
    -0.020198730751872063,
    0.08231083303689957,
    -0.003093898529186845,
    -0.026685867458581924,
    0.0029246597550809383,
    -0.011437587440013885,
    0.004649166949093342,
    -0.14438064396381378,
    -0.057958949357271194,
    -0.03147833049297333,
    0.05308648571372032,
    -0.02513349987566471,
    -0.05685064196586609,
    0.11100231111049652,
    -0.023729519918560982,
    0.006445594131946564,
    0.03637225925922394,
    0.03454257547855377,
    0.05429046228528023,
    0.012106717564165592,
    0.04804795980453491,
    0.0005404740804806352
]