[
    -0.012449265457689762,
    0.026368243619799614,
    -0.02590280957520008,
    -0.09818743914365768,
    -0.01593795418739319,
    0.06244981288909912,
    0.009544976986944675,
    -0.01239953562617302,
    -0.02399575710296631,
    0.0065578133799135685,
    -0.00916267279535532,
    -0.022787224501371384,
    0.021944966167211533,
    -0.03467395901679993,
    0.09796696156263351,
    -0.05493753030896187,
    0.03702255338430405,
    0.03119026869535446,
    -0.10276676714420319,
    0.06888316571712494,
    0.04091348499059677,
    0.07847373932600021,
    -0.04872956871986389,
    -0.023801187053322792,
    -0.14148086309432983,
    -0.0059331557713449,
    -0.008777626790106297,
    -0.08059383928775787,
    -0.026328541338443756,
    -0.05366899073123932,
    0.01618839241564274,
    -0.010820297524333,
    0.03092382289469242,
    0.09329309314489365,
    -0.0383957177400589,
    -0.04704190418124199,
    -0.01439849566668272,
    0.04687504842877388,
    -0.024517279118299484,
    0.024130482226610184,
    -0.07880505174398422,
    -0.02651362307369709,
    -0.013520630076527596,
    -0.0032792487181723118,
    0.08359784632921219,
    0.0015171249397099018,
    -0.10318036377429962,
    -0.04490815848112106,
    0.040088508278131485,
    0.018702734261751175,
    -0.029446860775351524,
    -0.026936152949929237,
    -0.013589506037533283,
    0.09010274708271027,
    -0.06638537347316742,
    -0.0785679742693901,
    -0.01089071948081255,
    0.015524283982813358,
    -0.1015821024775505,
    0.0019579476211220026,
    0.05062079429626465,
    0.01828121207654476,
    0.03100430779159069,
    0.07754949480295181,
    -0.09571661800146103,
    0.025670122355222702,
    -0.0010725845349952579,
    -0.024186570197343826,
    0.008638300932943821,
    -0.0337599478662014,
    -0.10080710053443909,
    -0.026567326858639717,
    -0.030851518735289574,
    0.04261530190706253,
    -0.027732815593481064,
    0.013367409817874432,
    -0.010317463427782059,
    0.02740306966006756,
    0.049075838178396225,
    -0.13344919681549072,
    -0.0319785475730896,
    0.00862210988998413,
    0.01833205483853817,
    0.016165779903531075,
    -0.05366257578134537,
    0.012354615144431591,
    -0.0027268645353615284,
    0.001862886594608426,
    -0.04901957884430885,
    -0.05962738022208214,
    0.05471288412809372,
    -0.04829300940036774,
    0.08136313408613205,
    -0.030171029269695282,
    0.0690852478146553,
    -0.03432471677660942,
    -0.002041647909209132,
    -0.06723589450120926,
    0.046738117933273315,
    -0.03162804991006851,
    -0.01575489155948162,
    -0.002583020133897662,
    0.04610290378332138,
    0.0390726663172245,
    -0.05236339941620827,
    -0.07961632311344147,
    0.0514005683362484,
    0.0169453676789999,
    -0.010709324851632118,
    0.03899655491113663,
    0.014963658526539803,
    0.03838859871029854,
    -0.07583136111497879,
    -0.11912291496992111,
    0.034552235156297684,
    -0.038874898105859756,
    -0.013190492987632751,
    0.029694436118006706,
    0.03341894596815109,
    0.03455811366438866,
    -0.02897845022380352,
    -0.02806999906897545,
    -0.04428304359316826,
    -0.08282861858606339,
    0.0014413211029022932,
    0.014925473369657993,
    -0.0052487109787762165,
    2.3722550107556826e-32,
    -0.01862296648323536,
    -0.005441596731543541,
    -0.048586685210466385,
    0.046711910516023636,
    0.01981564797461033,
    0.00405881879851222,
    0.04452291131019592,
    -0.0036061096470803022,
    -0.025392994284629822,
    0.07654707133769989,
    -0.05117978900671005,
    0.036368176341056824,
    -0.026110628619790077,
    0.025512980297207832,
    -0.050312310457229614,
    0.006610702723264694,
    0.0047094314359128475,
    0.04898139089345932,
    -0.01770123653113842,
    0.06861873716115952,
    0.04008638486266136,
    -0.03482309728860855,
    0.03152286633849144,
    0.02476375363767147,
    -0.013581326231360435,
    0.02611495740711689,
    0.0012546927900984883,
    -0.031354110687971115,
    0.01198661234229803,
    0.001990123651921749,
    0.018549447879195213,
    0.0003041950985789299,
    0.0023547892924398184,
    -0.03198022395372391,
    -0.02891656756401062,
    0.1329890936613083,
    0.04592277109622955,
    -0.04927073046565056,
    0.0944087877869606,
    -0.08811131864786148,
    -0.034761566668748856,
    -0.02243088185787201,
    0.060021355748176575,
    0.04237757623195648,
    0.03602038696408272,
    -0.01612386479973793,
    0.021897954866290092,
    0.005851426161825657,
    0.012855368666350842,
    0.03653864189982414,
    -0.07052570581436157,
    -0.03524896129965782,
    -0.023146897554397583,
    -0.039480168372392654,
    0.005241638049483299,
    -0.01977400667965412,
    -0.047752153128385544,
    0.04442096874117851,
    -0.07686159014701843,
    0.0958535447716713,
    -0.04201606661081314,
    0.02776009403169155,
    -0.013782951049506664,
    -0.02303807996213436,
    0.022876938804984093,
    -0.050581637769937515,
    -0.002149061067029834,
    -0.11243031919002533,
    0.06612776219844818,
    0.015216486528515816,
    -0.05639350786805153,
    0.07941294461488724,
    0.012599506415426731,
    0.022850295528769493,
    0.011563874781131744,
    -0.019889477640390396,
    0.006726193241775036,
    -0.055639490485191345,
    0.040228452533483505,
    0.060096707195043564,
    -0.10624952614307404,
    0.008210906758904457,
    0.023710280656814575,
    0.06548488140106201,
    -0.01849609613418579,
    0.0031861646566540003,
    0.03288578614592552,
    0.08638815581798553,
    -0.06995000690221786,
    -0.07638959586620331,
    -0.007097187452018261,
    0.03308824449777603,
    0.07668764144182205,
    0.06432631611824036,
    0.020491190254688263,
    -2.4007266594269492e-32,
    -0.0020403198432177305,
    -0.013179400935769081,
    -0.053828198462724686,
    -0.00494827376678586,
    0.03925638273358345,
    0.0037889399100095034,
    -0.06974583864212036,
    -0.0930686742067337,
    0.036678701639175415,
    -0.005794972646981478,
    0.05274486914277077,
    -0.039064206182956696,
    0.004895114339888096,
    -0.015452594496309757,
    -0.05251850187778473,
    -0.018979214131832123,
    -0.13961289823055267,
    -0.057077113538980484,
    -0.022553659975528717,
    0.13315139710903168,
    -0.043489426374435425,
    -0.02018614672124386,
    -0.002600338077172637,
    0.10772319883108139,
    0.042899034917354584,
    0.08180993050336838,
    -0.05975404381752014,
    -0.009229390881955624,
    0.09679951518774033,
    -0.07329446077346802,
    -0.036910608410835266,
    -0.07603489607572556,
    -0.0176459439098835,
    0.028080716729164124,
    -0.081931933760643,
    -0.20569172501564026,
    0.057300157845020294,
    -0.031021272763609886,
    -0.021752668544650078,
    -0.02056717500090599,
    0.0862652063369751,
    0.009402145631611347,
    -0.021913213655352592,
    0.01571795344352722,
    -0.013873140327632427,
    -0.05472717434167862,
    0.028069285675883293,
    -0.016975639387965202,
    0.02838870882987976,
    -0.0018295199843123555,
    0.054099131375551224,
    -0.016226259991526604,
    -0.025096315890550613,
    0.021094292402267456,
    -0.011939349584281445,
    0.043019022792577744,
    0.007479669526219368,
    -0.011536924168467522,
    -0.07724311202764511,
    -0.035441044718027115,
    0.0703539177775383,
    0.06013574078679085,
    0.002767211524769664,
    0.07858189940452576,
    0.017272990196943283,
    -0.0538126640021801,
    -0.036540016531944275,
    -0.07982384413480759,
    -0.027335014194250107,
    -0.061550866812467575,
    -0.10207203030586243,
    -0.0887058675289154,
    -0.046203311532735825,
    -0.0886746421456337,
    0.09119125455617905,
    -0.0890699252486229,
    -0.024749886244535446,
    -0.13584358990192413,
    -0.03877304494380951,
    0.0370977483689785,
    0.06901893019676208,
    -0.015158538706600666,
    -0.07193927466869354,
    0.058082837611436844,
    -0.020971009507775307,
    0.028662184253335,
    0.049278099089860916,
    -0.05603567138314247,
    0.005328035913407803,
    0.05766094848513603,
    -0.090969018638134,
    -0.005575794260948896,
    -0.060284972190856934,
    0.01582534797489643,
    -0.07976707071065903,
    -6.437365129841055e-08,
    0.00818120688199997,
    0.09766948223114014,
    0.013038971461355686,
    -0.032968033105134964,
    -0.03792612627148628,
    -0.04930606484413147,
    -0.04550930857658386,
    -0.01970595493912697,
    -0.024067025631666183,
    -0.053637631237506866,
    0.05011971294879913,
    0.08763935416936874,
    -0.01887880638241768,
    -0.033568985760211945,
    0.08002942055463791,
    -0.030735839158296585,
    -0.0757952407002449,
    -0.03006323240697384,
    -0.04084239900112152,
    0.05690881609916687,
    -0.05447326600551605,
    -0.06961411237716675,
    -0.04638257995247841,
    0.02225113846361637,
    0.040184423327445984,
    0.055551715195178986,
    -0.02157682739198208,
    0.007277346681803465,
    0.10491592437028885,
    0.05326482281088829,
    -0.005530721973627806,
    -0.016075516119599342,
    0.004354837816208601,
    0.007181251421570778,
    -0.03952442482113838,
    -0.04035532847046852,
    0.06794790923595428,
    -0.008809451013803482,
    0.03387776017189026,
    0.019083663821220398,
    0.023122360929846764,
    0.009535507299005985,
    0.014740798622369766,
    0.0690167173743248,
    -0.013874237425625324,
    -0.05073358863592148,
    -0.019926700741052628,
    0.01191075798124075,
    0.028038011863827705,
    -0.09019293636083603,
    -0.023873114958405495,
    -0.02692781575024128,
    0.07614126056432724,
    0.013516592793166637,
    -0.07425785064697266,
    0.09715169668197632,
    0.01528019830584526,
    0.014652877114713192,
    0.01874648407101631,
    0.03515635058283806,
    0.06894060224294662,
    0.01089330855756998,
    0.0483267717063427,
    -0.007193056866526604
]