[
    -0.09221360832452774,
    -0.0031277560628950596,
    0.03167833760380745,
    -0.09153798967599869,
    -0.02721976861357689,
    -0.013891393318772316,
    -0.08168596774339676,
    -0.011214740574359894,
    0.06141069158911705,
    0.0034325977321714163,
    0.011506631970405579,
    -0.009001219645142555,
    0.014936942607164383,
    -0.014704368077218533,
    0.040529150515794754,
    0.021272702142596245,
    0.11595907062292099,
    0.014338879846036434,
    -0.02205556258559227,
    -0.002509146695956588,
    0.06400774419307709,
    -0.017429593950510025,
    -0.007856538519263268,
    -0.019207853823900223,
    -0.06864725053310394,
    -0.010225853882730007,
    -0.05438913404941559,
    -0.021802693605422974,
    0.07581173628568649,
    -0.02234376035630703,
    0.0740470290184021,
    0.01673118583858013,
    0.06614349782466888,
    0.031018968671560287,
    0.003168869763612747,
    -0.04264223575592041,
    0.0015021305298432708,
    -0.0823712944984436,
    0.04458663985133171,
    0.043840255588293076,
    -0.0114753944799304,
    -0.053515978157520294,
    -0.020043110474944115,
    -0.013029288500547409,
    -0.02114281617105007,
    0.05181150138378143,
    -0.007655334193259478,
    -0.0018220915226265788,
    -0.01963295042514801,
    0.0372551754117012,
    -0.060164377093315125,
    -0.04001870006322861,
    -0.0585128515958786,
    0.0812184289097786,
    -0.04068395122885704,
    -0.04274408891797066,
    0.03185272216796875,
    0.0297015942633152,
    0.010884610936045647,
    0.0003964010684285313,
    -0.004547642543911934,
    0.021662941202521324,
    -0.037378013134002686,
    0.031713251024484634,
    0.0010166771244257689,
    0.05020806938409805,
    -0.00030256478930823505,
    0.015156754292547703,
    0.07855385541915894,
    0.0685025006532669,
    -0.01240826491266489,
    0.056550897657871246,
    -0.008409922011196613,
    0.013280815444886684,
    -0.11769804358482361,
    -0.031046157702803612,
    0.0074136811308562756,
    -0.030484911054372787,
    -0.019923750311136246,
    -0.1334046721458435,
    -0.05478104576468468,
    0.011523033492267132,
    -0.000290523050352931,
    -0.018329376354813576,
    -0.03704036772251129,
    -0.0939585492014885,
    -0.02573615498840809,
    -0.007914966903626919,
    -0.05572830140590668,
    0.026082655414938927,
    0.0556173212826252,
    -0.08669745177030563,
    0.00309171574190259,
    -0.05177325755357742,
    0.04570517688989639,
    0.023580610752105713,
    0.001826738240197301,
    0.0007933873566798866,
    0.09526936709880829,
    -3.827526234090328e-05,
    0.02295621670782566,
    0.05441278591752052,
    -0.0022439821623265743,
    -0.022906314581632614,
    0.003078133799135685,
    -0.07161086052656174,
    -0.04802757501602173,
    -0.026975220069289207,
    0.004291255492717028,
    0.08681909739971161,
    0.030720258131623268,
    -0.003465539077296853,
    -0.016966624185442924,
    -0.07158646732568741,
    0.05532955005764961,
    0.05579249933362007,
    0.005871030502021313,
    0.13134178519248962,
    0.030685339123010635,
    -0.0615319199860096,
    0.005991191603243351,
    -0.006209912244230509,
    -0.008379186503589153,
    -0.09821238368749619,
    0.047907497733831406,
    -0.04171004891395569,
    0.026424074545502663,
    1.7784945939929074e-32,
    0.008861768990755081,
    -0.015990443527698517,
    -0.11554206907749176,
    0.061520181596279144,
    0.05574175715446472,
    0.012029826641082764,
    0.01517160702496767,
    -0.007835285738110542,
    -0.06781890988349915,
    0.04872724413871765,
    -0.0049344627186656,
    -0.03574557229876518,
    0.017871003597974777,
    -0.07463334500789642,
    -0.08851052075624466,
    0.007836070843040943,
    -0.02341315522789955,
    0.08359625935554504,
    -0.05975283309817314,
    0.024541616439819336,
    0.06731538474559784,
    -0.08702859282493591,
    0.03576013445854187,
    0.07782381027936935,
    -0.01323484256863594,
    -0.01569530926644802,
    0.07289794087409973,
    -0.010188186541199684,
    -0.05162487551569939,
    -0.018749507144093513,
    0.012892939150333405,
    0.01820520870387554,
    0.07653110474348068,
    0.02941307984292507,
    0.10998671501874924,
    0.09268748015165329,
    0.014112872071564198,
    -0.11940094828605652,
    0.05728469789028168,
    -0.05987022817134857,
    -0.0670798048377037,
    -0.017080159857869148,
    9.229273564415053e-05,
    -0.042415209114551544,
    -0.015737077221274376,
    -0.03582024574279785,
    -0.01782725192606449,
    0.02904035709798336,
    0.05461905524134636,
    0.062476545572280884,
    -0.0016619098605588078,
    0.0017549360636621714,
    0.0428173802793026,
    -0.041658420115709305,
    0.04761103168129921,
    0.02293882705271244,
    -0.0664672926068306,
    0.013251093216240406,
    -0.01336628571152687,
    0.007069245912134647,
    -0.02314402535557747,
    -0.012658224441111088,
    -0.028180379420518875,
    0.047165289521217346,
    -0.007106012664735317,
    -0.07403424382209778,
    -0.06789159029722214,
    -0.037422679364681244,
    0.14163999259471893,
    -0.06356781721115112,
    -0.020120849832892418,
    0.046447765082120895,
    -0.037339676171541214,
    0.045524585992097855,
    -0.01146621536463499,
    0.006516881752759218,
    0.02552962489426136,
    -0.05733531713485718,
    0.04401034116744995,
    -0.025798920542001724,
    -0.10873880237340927,
    -0.024771416559815407,
    0.059488411992788315,
    0.09449490904808044,
    0.031135203316807747,
    0.0036874543875455856,
    0.008283288218080997,
    -0.02884749323129654,
    -0.04947482794523239,
    -0.0575147308409214,
    0.06972943246364594,
    -0.027759669348597527,
    -0.001135560218244791,
    -0.011366783641278744,
    0.0822104886174202,
    -1.620453345818285e-32,
    0.011985911056399345,
    -0.055453188717365265,
    -0.129946768283844,
    0.03609107807278633,
    0.06260780245065689,
    0.017215196043252945,
    -0.06305287778377533,
    -0.06384894996881485,
    0.028781583532691002,
    0.02710830606520176,
    -0.07660449296236038,
    -0.0037313199136406183,
    0.054117605090141296,
    -0.06435410678386688,
    -0.09530232101678848,
    -0.010436942800879478,
    0.06348247081041336,
    -0.058476924896240234,
    0.030603989958763123,
    0.040152546018362045,
    0.08092041313648224,
    -0.036795541644096375,
    0.02297999896109104,
    0.07104893028736115,
    0.03942292556166649,
    -0.01570475660264492,
    -0.02396346628665924,
    -0.04327994957566261,
    0.006832463201135397,
    0.033308107405900955,
    -0.06407159566879272,
    -0.07181990891695023,
    -0.03127792477607727,
    0.029335029423236847,
    -0.038109514862298965,
    -0.10670514404773712,
    0.12372429668903351,
    0.024778427556157112,
    -0.019272122532129288,
    -0.0016116490587592125,
    0.007661402225494385,
    0.12351749837398529,
    0.07789038121700287,
    -0.06749813258647919,
    -0.04035262018442154,
    -0.001422001630999148,
    0.059900540858507156,
    0.047481924295425415,
    0.010082046501338482,
    -0.03655130788683891,
    0.0008692810661159456,
    -0.06736314296722412,
    0.03619689866900444,
    -0.025064876303076744,
    -0.04623256251215935,
    -0.01657246984541416,
    -0.02973310649394989,
    -0.018162792548537254,
    0.03971908614039421,
    -0.00047825861838646233,
    0.04747352749109268,
    0.09307167679071426,
    0.02282256819307804,
    -0.008841934613883495,
    0.0335845984518528,
    0.020234249532222748,
    -0.08867430686950684,
    -0.002243999857455492,
    -0.024807773530483246,
    -0.03460628166794777,
    -0.04313807189464569,
    -0.13410459458827972,
    -0.0005127568729221821,
    -0.053113359957933426,
    0.09424062818288803,
    -0.021222006529569626,
    0.027381954714655876,
    -0.04781098663806915,
    -0.10708662867546082,
    -0.015599582344293594,
    0.04758202284574509,
    0.062314968556165695,
    -0.0878407284617424,
    0.08212645351886749,
    -0.04893607273697853,
    0.06653466075658798,
    0.039280202239751816,
    0.0002019333333009854,
    0.033611029386520386,
    0.055272575467824936,
    -0.02877068892121315,
    0.06594191491603851,
    0.04199253022670746,
    0.07010398805141449,
    -0.03714313358068466,
    -4.6685165955295815e-08,
    -0.04154194891452789,
    0.0375777967274189,
    0.01192330289632082,
    -0.041829872876405716,
    0.009224428795278072,
    -0.014274082146584988,
    0.006524099037051201,
    -0.015369226224720478,
    -0.019320039078593254,
    -0.0691794753074646,
    0.07050164043903351,
    -0.047655943781137466,
    0.03187794238328934,
    -0.06692774593830109,
    0.0021154165733605623,
    -0.027866898104548454,
    0.03432008624076843,
    -0.05314101278781891,
    -0.1294497698545456,
    -0.024071915075182915,
    -0.04281590133905411,
    -0.05301012471318245,
    -0.07145137339830399,
    0.06449684500694275,
    0.0645415186882019,
    0.009304518811404705,
    -0.009766875766217709,
    0.014149269089102745,
    0.004796226508915424,
    0.044158391654491425,
    -0.07524054497480392,
    0.09545493125915527,
    0.03952104225754738,
    -0.055257122963666916,
    -0.06146438419818878,
    0.052503980696201324,
    -0.026331115514039993,
    0.014940626919269562,
    0.03709529712796211,
    0.02947125770151615,
    -0.04991839453577995,
    0.013721087016165257,
    0.020636575296521187,
    0.039664383977651596,
    -0.012048673816025257,
    -0.03760090470314026,
    -0.07807980477809906,
    0.01872827485203743,
    -0.057821061462163925,
    -0.012100142426788807,
    -0.031243164092302322,
    -0.06870439648628235,
    0.025000115856528282,
    0.024727601557970047,
    0.062216147780418396,
    0.10111883282661438,
    0.1093798279762268,
    0.04633389785885811,
    0.05246197059750557,
    -0.04399430751800537,
    0.06529349088668823,
    0.10488823056221008,
    0.05538006126880646,
    -0.011852884665131569
]