[
    0.020304400473833084,
    0.05028136447072029,
    -0.0005769800627604127,
    -0.05327073484659195,
    -0.007948039099574089,
    0.08322214335203171,
    -0.03819763660430908,
    -0.01020569447427988,
    -0.05183788388967514,
    0.013464490883052349,
    0.049211639910936356,
    -0.0061065321788191795,
    -0.0028577663470059633,
    -0.00977633148431778,
    0.060915686190128326,
    0.014728081412613392,
    0.0608559288084507,
    0.04846718907356262,
    -0.10949278622865677,
    0.012521667405962944,
    0.07906082272529602,
    0.0471486896276474,
    -0.12745401263237,
    0.011122915893793106,
    -0.07911135256290436,
    -0.04968713968992233,
    -0.033666763454675674,
    0.00395059073343873,
    0.0821971595287323,
    -0.05692879483103752,
    -0.02488391101360321,
    0.038347549736499786,
    0.00581447733566165,
    0.04098327457904816,
    0.03701792657375336,
    -0.01700673997402191,
    0.023738285526633263,
    -0.02558252029120922,
    0.011103820987045765,
    -0.010585187934339046,
    -0.055182114243507385,
    -0.009572496637701988,
    -0.07880998402833939,
    -0.03655228018760681,
    -0.0014042090624570847,
    -0.045818693935871124,
    -0.014562629163265228,
    -0.0704665258526802,
    -0.05863625928759575,
    -0.002249885117635131,
    -0.019293447956442833,
    -0.0009782398119568825,
    -0.02034534141421318,
    0.05120005086064339,
    -0.035405900329351425,
    -0.05112556368112564,
    -0.0004965925472788513,
    0.033346619457006454,
    -0.026386957615613937,
    -0.01824602484703064,
    0.055582087486982346,
    -0.037892114371061325,
    -0.08983554691076279,
    0.035563454031944275,
    -0.04294586181640625,
    0.016250962391495705,
    -0.05647748336195946,
    -0.07529450953006744,
    0.0385558158159256,
    0.013611842878162861,
    -0.09889110922813416,
    -0.03108103573322296,
    -0.05218493193387985,
    0.04684311896562576,
    -0.020957034081220627,
    0.008386658504605293,
    -0.03829297795891762,
    0.050603996962308884,
    0.028534946963191032,
    -0.13615675270557404,
    -0.03986890986561775,
    0.02137177623808384,
    -0.007765013258904219,
    0.042521338909864426,
    -0.02111007459461689,
    -0.03915714845061302,
    -0.023848630487918854,
    -0.012525977566838264,
    0.036951519548892975,
    0.027550959959626198,
    0.05431779474020004,
    -0.10431020706892014,
    0.13113124668598175,
    -0.027439862489700317,
    0.06542347371578217,
    -0.030081292614340782,
    0.019895054399967194,
    -0.13885526359081268,
    0.01842155121266842,
    -0.032212674617767334,
    0.014860550872981548,
    -0.0056701102294027805,
    -0.08722159266471863,
    -0.043334588408470154,
    -0.021468745544552803,
    -0.08064078539609909,
    0.04159117490053177,
    -0.03623597323894501,
    -0.00473501393571496,
    0.011830287054181099,
    0.005367197562009096,
    0.05562564730644226,
    -0.00987827219069004,
    -0.10797319561243057,
    0.06371458619832993,
    0.016402143985033035,
    -0.021328821778297424,
    0.07946692407131195,
    -0.001850465196184814,
    -0.07750540226697922,
    -0.013585050590336323,
    0.053947459906339645,
    0.02046896331012249,
    -0.09655420482158661,
    0.03565572574734688,
    -0.006771129090338945,
    -0.05463824421167374,
    1.7402528240247813e-32,
    -0.015241130255162716,
    -0.010603329166769981,
    -0.13524939119815826,
    0.04558658227324486,
    0.059598423540592194,
    -0.0009514720877632499,
    -0.007532256189733744,
    -0.007189018651843071,
    -0.03425963222980499,
    0.05935859680175781,
    0.0405961312353611,
    0.05278696492314339,
    -0.040790047496557236,
    -0.02097656950354576,
    0.016471821814775467,
    0.05611995980143547,
    0.037431515753269196,
    0.0866207629442215,
    0.019541598856449127,
    0.039954766631126404,
    0.03145058453083038,
    -0.013741015456616879,
    0.03065233677625656,
    0.038505349308252335,
    -0.005464754067361355,
    -0.009970234706997871,
    0.009165355935692787,
    -0.011837313883006573,
    0.000710552791133523,
    0.03738287091255188,
    0.06623011082410812,
    0.03333212435245514,
    0.08084481954574585,
    -0.01906384900212288,
    0.06415154039859772,
    0.0690750777721405,
    0.021075177937746048,
    -0.030782777816057205,
    0.06776300817728043,
    -0.09245743602514267,
    -0.09990023821592331,
    -0.0024748591240495443,
    0.0026588477194309235,
    0.007715487852692604,
    0.06973826140165329,
    -0.07781136780977249,
    0.0326785072684288,
    -0.027700936421751976,
    0.09277836233377457,
    0.04642089828848839,
    -0.032855719327926636,
    0.020720597356557846,
    0.07955483347177505,
    -0.02992444857954979,
    -0.0007516850018873811,
    -0.05436839163303375,
    -0.06972944736480713,
    0.06138720363378525,
    -0.07773677259683609,
    0.05457460507750511,
    0.010661805048584938,
    0.06543640792369843,
    -0.035402555018663406,
    0.04656092822551727,
    -0.015303023159503937,
    -0.04701612517237663,
    -0.032033517956733704,
    -0.03622535988688469,
    -0.0048490529879927635,
    -0.04113456606864929,
    -0.036388203501701355,
    0.004577220883220434,
    0.04172638803720474,
    0.01733698882162571,
    -0.03280963376164436,
    -0.06294924765825272,
    0.054264262318611145,
    -0.040264617651700974,
    0.06230240315198898,
    -0.06851205974817276,
    -0.10100457817316055,
    0.009456560015678406,
    0.04963630065321922,
    -0.012815357185900211,
    -0.03254375234246254,
    0.0039016457740217447,
    0.0574658066034317,
    -0.0009621644276194274,
    0.023697081953287125,
    0.014776538126170635,
    -0.002381738508120179,
    0.0017798264743760228,
    0.001372070051729679,
    0.08224086463451385,
    0.039815306663513184,
    -1.7567126836721704e-32,
    0.011158415116369724,
    -0.041304513812065125,
    -0.057333022356033325,
    -0.027555540204048157,
    0.012957408092916012,
    0.024024443700909615,
    -0.05797489732503891,
    -0.04359794780611992,
    0.06216686964035034,
    -0.04019665718078613,
    -0.037875767797231674,
    -0.045706722885370255,
    -0.016003010794520378,
    0.013045307248830795,
    -0.08112592995166779,
    -0.08776305615901947,
    -0.13500967621803284,
    -0.046129435300827026,
    0.028118271380662918,
    0.08885002881288528,
    0.06717220693826675,
    -0.019700007513165474,
    0.038574691861867905,
    0.06829098612070084,
    -0.02241113968193531,
    0.026885582134127617,
    -0.0697631984949112,
    -0.03143962100148201,
    0.04298190400004387,
    -0.02701580338180065,
    0.0010008369572460651,
    -0.039735663682222366,
    -0.051516011357307434,
    0.06450555473566055,
    -0.06410328298807144,
    -0.18764550983905792,
    0.027294866740703583,
    -0.06607812643051147,
    -0.07902548462152481,
    -0.00012576750305015594,
    0.03135475516319275,
    0.05525819957256317,
    0.01767602562904358,
    -0.022528236731886864,
    0.00959319993853569,
    -0.04023533686995506,
    0.08879662305116653,
    -0.07455123960971832,
    0.04711514711380005,
    -0.069473497569561,
    0.0710112452507019,
    -0.04988989979028702,
    0.02152939885854721,
    0.07600485533475876,
    -0.026169100776314735,
    0.06917405873537064,
    0.0609687902033329,
    -0.008049501106142998,
    -0.03552648797631264,
    0.08443202823400497,
    0.06626936048269272,
    0.06522918492555618,
    0.01318717934191227,
    0.050065938383340836,
    0.049356818199157715,
    -0.0011266733054071665,
    -0.052698563784360886,
    0.00020648411009460688,
    -0.011720718815922737,
    -0.02496982552111149,
    -0.05374431237578392,
    -0.11801189184188843,
    -0.07632150501012802,
    -0.07596396654844284,
    0.04926144331693649,
    0.006821840535849333,
    -0.039803341031074524,
    -0.09115471690893173,
    -0.05880890414118767,
    0.017544114962220192,
    0.0042159343138337135,
    0.0535251758992672,
    -0.07832438498735428,
    0.068607859313488,
    -0.005781911313533783,
    0.051441747695207596,
    -0.017985250800848007,
    -0.001141882035881281,
    0.07855099439620972,
    0.11527217924594879,
    -0.04572782292962074,
    -0.01102984044700861,
    -0.006714699324220419,
    0.0320127010345459,
    -0.031554415822029114,
    -5.164891447861919e-08,
    -0.04968668147921562,
    0.06066456437110901,
    -0.030126051977276802,
    -0.024613356217741966,
    -0.03749997913837433,
    -0.03474267199635506,
    0.0014703134074807167,
    -0.03449724614620209,
    -0.0649295225739479,
    -0.10250214487314224,
    0.03228437528014183,
    0.03774532675743103,
    -0.06250683218240738,
    0.0062692477367818356,
    0.015237631276249886,
    -0.023188207298517227,
    -0.019444607198238373,
    0.04136540740728378,
    -0.042244378477334976,
    0.09617648273706436,
    -0.01740887761116028,
    -0.045301325619220734,
    -0.01029801182448864,
    0.017467139288783073,
    -0.010072852484881878,
    -0.010124529711902142,
    -0.008709772489964962,
    0.1228487640619278,
    0.029086614027619362,
    0.042081769555807114,
    0.014945296570658684,
    0.055906057357788086,
    0.04769555851817131,
    -0.0210792925208807,
    -0.07883790135383606,
    0.012515440583229065,
    -0.03864769637584686,
    0.02663942240178585,
    0.021759768947958946,
    0.03710633143782616,
    0.002959533827379346,
    0.005397392902523279,
    0.042664289474487305,
    0.09781742841005325,
    0.007014127913862467,
    -0.028283799067139626,
    -0.04170486703515053,
    0.03200936317443848,
    0.017739547416567802,
    -0.08232470601797104,
    -0.060199346393346786,
    -0.057866331189870834,
    -0.00012404874723870307,
    0.007005238439887762,
    -0.006625363137573004,
    0.07352972030639648,
    0.017641838639974594,
    0.03189191594719887,
    -0.05021628737449646,
    -0.050744105130434036,
    0.12267982959747314,
    0.09059615433216095,
    0.05911685526371002,
    -0.02769940160214901
]