[
    0.018146557733416557,
    0.0396711491048336,
    -0.0006544186035171151,
    -0.015564646571874619,
    0.011684078723192215,
    0.10434043407440186,
    -0.03553461283445358,
    0.06681887060403824,
    -0.049104027450084686,
    0.08687884360551834,
    0.10227663815021515,
    -0.06248771771788597,
    -0.008290340192615986,
    0.02860824391245842,
    0.06873532384634018,
    -0.03842690959572792,
    0.06045983359217644,
    0.06758773326873779,
    -0.11544967442750931,
    0.1446090191602707,
    0.07289000600576401,
    0.11619065701961517,
    -0.03130186349153519,
    0.047858916223049164,
    -0.15363426506519318,
    -0.023608366027474403,
    -0.0195899847894907,
    0.01943233236670494,
    0.029166800901293755,
    -0.08557292073965073,
    0.006991689093410969,
    0.0004480671195778996,
    0.042988866567611694,
    0.09978146851062775,
    -0.03464335575699806,
    0.0067115165293216705,
    0.0016519785858690739,
    -0.039272576570510864,
    -0.04326621815562248,
    -0.03312741965055466,
    -0.03112974762916565,
    -0.04059464856982231,
    -0.05409971624612808,
    -0.011500840075314045,
    0.06613339483737946,
    0.03756223991513252,
    -0.009620257653295994,
    -0.04327619820833206,
    6.52837406960316e-05,
    -0.013002416118979454,
    -0.07157846540212631,
    0.02749241329729557,
    -0.01710742898285389,
    0.080601766705513,
    0.00044296588748693466,
    -0.08545201271772385,
    -0.00666674692183733,
    0.02492699585855007,
    -0.06678823381662369,
    -0.024282703176140785,
    0.04317651689052582,
    -0.0070458934642374516,
    0.03730848804116249,
    -0.006720482837408781,
    -0.016068371012806892,
    -0.006065450143069029,
    0.00344293424859643,
    -0.011645739898085594,
    0.014265814796090126,
    0.07041053473949432,
    -0.04741935059428215,
    -0.04327107593417168,
    0.047247521579265594,
    0.03340794891119003,
    0.0069663869217038155,
    0.004124735947698355,
    -0.051073476672172546,
    0.03138257935643196,
    0.029522661119699478,
    -0.06913502514362335,
    -0.08967708051204681,
    -0.00914444588124752,
    0.009527387097477913,
    0.0522271990776062,
    -0.03643356263637543,
    0.024145781993865967,
    -0.026516055688261986,
    0.0026718603912740946,
    0.0023719188757240772,
    0.005075085908174515,
    0.011221547611057758,
    0.0081315403804183,
    0.16962693631649017,
    -0.041190966963768005,
    0.06805945187807083,
    0.018192337825894356,
    -0.0901850238442421,
    -0.11864195019006729,
    0.00803474709391594,
    -0.03941689804196358,
    0.02312522381544113,
    0.010949884541332722,
    -0.08360445499420166,
    -0.008733873255550861,
    0.03284304216504097,
    -0.0936216190457344,
    -0.02842611074447632,
    -0.01668773964047432,
    -0.015550772659480572,
    0.03318026661872864,
    0.08526560664176941,
    0.02770882472395897,
    -0.02624763362109661,
    -0.14426635205745697,
    0.06485717743635178,
    0.032849110662937164,
    -0.05286187678575516,
    0.03461018577218056,
    0.0730871930718422,
    -0.04103073105216026,
    0.016014322638511658,
    -0.03773266822099686,
    -0.025695720687508583,
    -0.01826695166528225,
    -0.05891843140125275,
    -0.014280391857028008,
    -0.044432371854782104,
    1.7912247570019312e-32,
    -0.014737769030034542,
    0.01739061437547207,
    -0.038555193692445755,
    -0.03663792088627815,
    0.018541812896728516,
    -0.06323659420013428,
    0.018590811640024185,
    -0.010218989104032516,
    -0.021737130358815193,
    0.035565756261348724,
    -0.009128005243837833,
    0.009390848688781261,
    0.05530779808759689,
    -0.0009859149577096105,
    -0.05942032113671303,
    0.028673402965068817,
    -0.0462787039577961,
    0.058071862906217575,
    -0.07122545689344406,
    0.03674803301692009,
    0.004290529061108828,
    -0.034544989466667175,
    0.0038293171674013138,
    0.053099099546670914,
    -0.07029902935028076,
    0.028016552329063416,
    -0.006810894701629877,
    -0.01451090443879366,
    -0.015384390018880367,
    -0.01702476292848587,
    0.02572527527809143,
    0.07044636458158493,
    0.024994604289531708,
    -0.05429128184914589,
    -0.004192919936031103,
    0.08332313597202301,
    -0.03239784017205238,
    -0.03909004479646683,
    0.004549558274447918,
    -0.04989508166909218,
    -0.06680106371641159,
    -0.025231339037418365,
    0.03558097034692764,
    0.01635849103331566,
    0.06395398825407028,
    -0.016456423327326775,
    -0.04305865243077278,
    -0.07855945825576782,
    -0.03005598857998848,
    -0.02934027649462223,
    -0.05454811826348305,
    0.0015821651322767138,
    0.13209925591945648,
    -0.053368955850601196,
    -0.02520449459552765,
    0.009372899308800697,
    -0.060270700603723526,
    0.05083117261528969,
    -0.04199996590614319,
    0.0655619353055954,
    -0.031872447580099106,
    0.027453511953353882,
    -0.009790236130356789,
    0.011760205961763859,
    -0.03452342376112938,
    -0.09625323861837387,
    0.0043267677538096905,
    -0.06819940358400345,
    0.01901467703282833,
    -0.03663484379649162,
    -0.03786882013082504,
    0.11168699711561203,
    -0.006857942324131727,
    -0.027859674766659737,
    -0.07177701592445374,
    -0.021573524922132492,
    -0.009236045181751251,
    -0.06239429488778114,
    0.0481242910027504,
    -0.041985802352428436,
    -0.11954604089260101,
    0.014958576299250126,
    0.0571596585214138,
    -0.003585106460377574,
    0.012476418167352676,
    -0.05047565698623657,
    0.03151670843362808,
    0.0008752116118557751,
    -0.06727921962738037,
    -0.05077221617102623,
    0.048024982213974,
    -0.011127566918730736,
    0.02013026550412178,
    0.061097707599401474,
    -0.021381422877311707,
    -1.924455580597717e-32,
    0.014628291130065918,
    0.026958798989653587,
    -0.0652262419462204,
    0.04329837113618851,
    0.044762060046195984,
    -0.044680170714855194,
    -0.06937827169895172,
    -0.09083487838506699,
    0.0062588960863649845,
    0.032147496938705444,
    -0.02124328911304474,
    -0.08700235933065414,
    -0.05722583830356598,
    0.010510498657822609,
    -0.04493013769388199,
    -0.015087666921317577,
    -0.055270966142416,
    -0.0316883847117424,
    -0.01953645423054695,
    0.039490967988967896,
    0.04762937128543854,
    0.023186953738331795,
    0.014569110237061977,
    0.11084216088056564,
    -0.03402084484696388,
    0.0039284974336624146,
    0.03633761405944824,
    -0.060616686940193176,
    0.0281980000436306,
    -0.0075164553709328175,
    0.04180052503943443,
    -0.021873755380511284,
    -0.036723896861076355,
    0.060571614652872086,
    -0.060614101588726044,
    -0.08611223846673965,
    0.08708466589450836,
    -0.07698766887187958,
    -0.037299662828445435,
    -0.06175684183835983,
    0.09533091634511948,
    0.04823681339621544,
    -0.009445873089134693,
    0.008526075631380081,
    0.0109994662925601,
    -0.09671609848737717,
    0.042061418294906616,
    -0.04211410880088806,
    0.01200223620980978,
    -0.014135857112705708,
    0.047578781843185425,
    -0.04896998032927513,
    0.011501933448016644,
    0.013632633723318577,
    -0.005526615772396326,
    0.03566310554742813,
    0.04315049201250076,
    -0.06981272250413895,
    -0.08311991393566132,
    -0.012838978320360184,
    0.055626992136240005,
    0.05161386728286743,
    -0.05341433733701706,
    0.08893212676048279,
    0.018942998722195625,
    -0.027475209906697273,
    -0.07891586422920227,
    -0.0655224472284317,
    0.009952795691788197,
    -0.0908043161034584,
    -0.06548371911048889,
    -0.03540961071848869,
    -0.04090524837374687,
    -0.09047110378742218,
    0.012184662744402885,
    -0.0760713592171669,
    -0.016132766380906105,
    -0.0033324407413601875,
    -0.09921474754810333,
    -0.023295100778341293,
    0.07258427143096924,
    -0.03288130462169647,
    -0.007899233140051365,
    0.09417489171028137,
    -0.0558059923350811,
    0.029590077698230743,
    0.10459187626838684,
    -0.0038497510831803083,
    0.030506718903779984,
    0.09183656424283981,
    -0.09899898618459702,
    0.03637971356511116,
    -0.03817099332809448,
    0.027991395443677902,
    -0.09491807967424393,
    -5.522882062791723e-08,
    -0.054608386009931564,
    0.05121413618326187,
    -0.0515434630215168,
    -0.008737629279494286,
    -0.07364250719547272,
    0.03104766458272934,
    -0.01920207031071186,
    -0.010218972340226173,
    -0.0556054562330246,
    -0.002225687261670828,
    0.024272100999951363,
    0.028627734631299973,
    0.05176827311515808,
    0.018000347539782524,
    0.03594706952571869,
    -0.05699395015835762,
    -0.04609425738453865,
    0.005509543232619762,
    -0.08385767042636871,
    0.061309780925512314,
    -0.027251161634922028,
    -0.01662968099117279,
    -0.04086998105049133,
    0.02170446887612343,
    0.03674349933862686,
    0.01242587435990572,
    -0.06320347636938095,
    0.09003260731697083,
    0.0048818266950547695,
    -0.012879920192062855,
    -0.00017431817832402885,
    0.017750931903719902,
    -0.0024822959676384926,
    -0.017445752397179604,
    -0.02220001257956028,
    -0.023718375712633133,
    0.02865757793188095,
    0.02367592416703701,
    0.02827032282948494,
    0.03112136200070381,
    -0.028791634365916252,
    0.04719293490052223,
    0.06396995484828949,
    0.11741136014461517,
    0.04740707948803902,
    -0.0666491836309433,
    -0.05276946723461151,
    0.002481450792402029,
    0.031187495216727257,
    -0.058369338512420654,
    0.02096303552389145,
    -0.004507026635110378,
    -0.0033003289718180895,
    -0.01590610109269619,
    -0.06002447381615639,
    0.09078415483236313,
    0.05379021540284157,
    0.04406769573688507,
    -0.03462342172861099,
    -0.006064956076443195,
    0.15518398582935333,
    0.0253912303596735,
    0.03397621214389801,
    -0.00841789785772562
]