[
    -0.017172688618302345,
    0.0733027309179306,
    0.022662673145532608,
    -0.04405602067708969,
    0.04078245908021927,
    0.05212048068642616,
    -0.003707069670781493,
    -0.010648743249475956,
    -0.02099410817027092,
    -0.0017657402204349637,
    0.009753231890499592,
    -0.024887828156352043,
    0.009504430927336216,
    -0.08429710566997528,
    0.12699547410011292,
    -0.09837717562913895,
    0.01364672090858221,
    0.007303580641746521,
    -0.08097874373197556,
    0.09173782169818878,
    0.05291846767067909,
    0.10623765736818314,
    -0.08582216501235962,
    0.04052450507879257,
    -0.03742476925253868,
    -0.03176334872841835,
    -0.007605222053825855,
    -0.028627563267946243,
    0.03338102996349335,
    0.037295591086149216,
    0.09848996251821518,
    0.04617808014154434,
    -0.019865233451128006,
    0.07667949050664902,
    0.03571144491434097,
    -0.03415100648999214,
    -0.05931519344449043,
    0.018940193578600883,
    -0.09587273001670837,
    0.0194263756275177,
    -0.0338934063911438,
    -0.012294483371078968,
    -0.06979929655790329,
    0.038639407604932785,
    0.07233695685863495,
    0.0385933481156826,
    -0.10174096375703812,
    0.01966404728591442,
    -0.0107992859557271,
    0.01800830289721489,
    -0.07933281362056732,
    -0.011233617551624775,
    -0.030048314481973648,
    0.07495569437742233,
    -0.0070920842699706554,
    -0.07694823294878006,
    -0.04804451763629913,
    0.002017793944105506,
    -0.06580124795436859,
    -0.016904473304748535,
    0.010705767199397087,
    -0.030853845179080963,
    -0.01370327640324831,
    0.034693941473960876,
    -0.09277159720659256,
    0.07982545346021652,
    -0.00018671690486371517,
    0.016026169061660767,
    -0.015436605550348759,
    -0.005194367840886116,
    -0.08448215574026108,
    -0.015633001923561096,
    0.025055022910237312,
    0.028298351913690567,
    0.03176916390657425,
    -0.0013568360591307282,
    0.02186959981918335,
    0.031153375282883644,
    0.05532662570476532,
    -0.1406720131635666,
    -0.06804938614368439,
    -0.006713951472193003,
    0.01936660148203373,
    0.037694741040468216,
    -0.07304277271032333,
    -0.030430400744080544,
    -0.053479038178920746,
    -0.043381135910749435,
    -0.03082807920873165,
    -0.10322199016809464,
    0.012738554738461971,
    -0.05338194966316223,
    0.10827100276947021,
    -0.03295319527387619,
    0.07140998542308807,
    -0.006469173356890678,
    -0.013211996294558048,
    -0.11915044486522675,
    0.019618038088083267,
    -0.03109528310596943,
    -0.004905949346721172,
    -0.03104264661669731,
    0.026513202115893364,
    0.011159772053360939,
    -0.05870168283581734,
    -0.060567740350961685,
    -0.015651388093829155,
    -0.0026398624759167433,
    0.03702681139111519,
    0.019732583314180374,
    0.02955051325261593,
    -0.015487589873373508,
    0.02330729365348816,
    -0.10029391199350357,
    0.052972834557294846,
    -0.0002274588478030637,
    0.0173617172986269,
    0.01022028736770153,
    0.10199963301420212,
    8.7300970335491e-05,
    -0.05252344161272049,
    -0.006333399098366499,
    -0.018441861495375633,
    -0.10695552825927734,
    -0.016895536333322525,
    -0.013047813437879086,
    0.007032920140773058,
    1.88281912988121e-32,
    -0.076497882604599,
    -0.030601000413298607,
    -0.040495384484529495,
    0.014998402446508408,
    0.04809311404824257,
    -0.037157315760850906,
    0.0527523048222065,
    -0.015979982912540436,
    -0.033913105726242065,
    0.08376885950565338,
    -0.04325474798679352,
    -0.004007597919553518,
    -0.018970804288983345,
    0.08385863900184631,
    -0.043551549315452576,
    -0.021081017330288887,
    0.031660132110118866,
    0.0739138200879097,
    -0.05070174112915993,
    0.09055954217910767,
    -0.027238650247454643,
    0.025173760950565338,
    0.03879320248961449,
    -0.04004600644111633,
    -0.04473680257797241,
    0.01525205746293068,
    -0.0011921796249225736,
    -0.07437010109424591,
    0.042501699179410934,
    0.003379910020157695,
    0.02596663311123848,
    0.049380190670490265,
    0.04117933660745621,
    -0.024173006415367126,
    -0.02899179235100746,
    0.126362606883049,
    -0.017336195334792137,
    -0.04072887450456619,
    0.024133801460266113,
    -0.07671967148780823,
    -0.0325014665722847,
    -0.024134991690516472,
    0.02464337833225727,
    0.0470508448779583,
    0.06514202803373337,
    -0.0009446207550354302,
    -0.012550302781164646,
    -0.06561043113470078,
    0.026080043986439705,
    0.04146922752261162,
    -0.04550812020897865,
    0.012134009972214699,
    0.047331370413303375,
    -0.03314261883497238,
    0.025586629286408424,
    -0.03602348268032074,
    -0.08595634996891022,
    0.02662167139351368,
    -0.05098223686218262,
    0.058262016624212265,
    -0.014590198174118996,
    -0.019715487957000732,
    -0.03235917165875435,
    0.023255424574017525,
    -0.003559311619028449,
    -0.03316643461585045,
    -0.04584098607301712,
    -0.06380440294742584,
    0.04308822378516197,
    0.00717174494639039,
    -0.03375623747706413,
    0.07650857418775558,
    -0.035566482692956924,
    0.03221322223544121,
    0.003615160472691059,
    -0.05143096670508385,
    -0.012870184145867825,
    -0.007774454075843096,
    0.016318803653120995,
    0.024748800322413445,
    -0.054038915783166885,
    0.03976769000291824,
    -0.005081822630017996,
    0.019606878980994225,
    0.00731443427503109,
    0.02773151732981205,
    0.03527451306581497,
    0.05038003250956535,
    -0.032232094556093216,
    -0.12046880275011063,
    -0.03598416596651077,
    0.03393818438053131,
    0.008846187964081764,
    0.03555085137486458,
    0.05406968668103218,
    -2.0193489783725785e-32,
    -0.04041028022766113,
    0.013102971948683262,
    -0.04544217139482498,
    -0.004822105169296265,
    0.057852767407894135,
    -0.003711601486429572,
    -0.021154414862394333,
    -0.0868726596236229,
    0.09557358920574188,
    -0.006719265598803759,
    -0.0009192294673994184,
    -0.05107714980840683,
    -0.026931609958410263,
    -0.03384627401828766,
    -0.09244714677333832,
    -0.022255633026361465,
    -0.06946288049221039,
    -0.13775332272052765,
    -0.0005332038272172213,
    0.11388134956359863,
    -0.05105888471007347,
    -0.023016182705760002,
    -0.02715948410332203,
    0.08800410479307175,
    0.015460287220776081,
    0.025466766208410263,
    -0.022334828972816467,
    0.02572130225598812,
    0.12954941391944885,
    -0.08769215643405914,
    -0.055114779621362686,
    -0.019190067425370216,
    -0.051981277763843536,
    -0.003189286682754755,
    -0.08003433048725128,
    -0.15133962035179138,
    0.04167739301919937,
    0.0017336516175419092,
    -0.05569341778755188,
    -0.027123507112264633,
    0.09988822042942047,
    -0.042220741510391235,
    -0.006933670956641436,
    0.03724243491888046,
    0.003441316308453679,
    0.0157786812633276,
    0.06701294332742691,
    -0.05688497796654701,
    -0.007241147104650736,
    -0.018983129411935806,
    0.008382623083889484,
    -0.015674369409680367,
    -0.000583726679906249,
    0.043439317494630814,
    -0.04031505808234215,
    -0.021083610132336617,
    0.028138522058725357,
    -0.013925685547292233,
    -0.06235305592417717,
    -0.03172486275434494,
    0.104556143283844,
    0.02280813828110695,
    -0.03248191997408867,
    0.03615817427635193,
    0.018245531246066093,
    -0.026133697479963303,
    -0.000552850600797683,
    -0.08915621042251587,
    0.03736066073179245,
    -0.09032135456800461,
    -0.1373864859342575,
    -0.0856376439332962,
    -0.06459713727235794,
    -0.1310555636882782,
    0.05325103923678398,
    -0.029196904972195625,
    -0.043460309505462646,
    -0.0655360147356987,
    -0.055555831640958786,
    0.011798693798482418,
    0.07715320587158203,
    -0.03541288897395134,
    -0.09294010698795319,
    0.08760406821966171,
    -0.007979479618370533,
    -0.020808259025216103,
    0.007733732461929321,
    -0.020795971155166626,
    -0.02387266419827938,
    0.08956536650657654,
    -0.08265423029661179,
    0.033466920256614685,
    -0.0027814735658466816,
    0.07482387125492096,
    -0.06280694156885147,
    -5.702819549924243e-08,
    0.05411110073328018,
    0.08710372447967529,
    0.0030842749401926994,
    -0.0712931752204895,
    -0.01790701039135456,
    -0.0261324942111969,
    -0.02827436849474907,
    -0.022308848798274994,
    -0.018723847344517708,
    -0.010096480138599873,
    0.0224846713244915,
    0.10057137161493301,
    0.020886503159999847,
    0.004547936841845512,
    -0.007262869738042355,
    -0.010399597696959972,
    -0.05478459969162941,
    0.03156937658786774,
    -0.024499135091900826,
    0.09707832336425781,
    -0.06174086779356003,
    0.001905525685288012,
    -0.0710698738694191,
    0.013574953190982342,
    0.04093674570322037,
    0.07246822118759155,
    0.0067053590901196,
    0.03421588987112045,
    0.09507855027914047,
    0.03069944679737091,
    -0.008685397915542126,
    0.03422696888446808,
    0.0189066044986248,
    -0.03347164765000343,
    -0.04776017367839813,
    -0.02658245712518692,
    0.013584385626018047,
    0.028323007747530937,
    0.04522234946489334,
    -0.05730564892292023,
    -0.021036697551608086,
    0.02202567644417286,
    0.007471125107258558,
    0.048081573098897934,
    -0.0008615432889200747,
    -0.04369877278804779,
    0.008179105818271637,
    -0.017367107793688774,
    0.033428117632865906,
    -0.0936962366104126,
    -0.05441936478018761,
    0.013752770610153675,
    0.1288045346736908,
    -0.030991554260253906,
    -0.04645749554038048,
    0.05353790149092674,
    0.004103024955838919,
    -0.004288357216864824,
    -0.011992858722805977,
    0.021444357931613922,
    0.07833802700042725,
    -0.0033687870018184185,
    0.03744220361113548,
    0.05096754804253578
]