[
    -0.07621176540851593,
    0.015069306828081608,
    0.005117203574627638,
    -0.08512699604034424,
    -0.07619767636060715,
    0.003949414473026991,
    -0.04618748649954796,
    0.006815785076469183,
    0.031122468411922455,
    0.025319740176200867,
    0.010872329585254192,
    -0.004249189049005508,
    0.012626771815121174,
    -0.020271502435207367,
    0.04525521397590637,
    0.03760506585240364,
    0.11019883304834366,
    0.022345339879393578,
    -0.018546512350440025,
    0.02421497367322445,
    0.05924504995346069,
    0.005007245112210512,
    -0.049605242908000946,
    0.016325989738106728,
    -0.09883834421634674,
    0.008560420013964176,
    -0.03149363771080971,
    -0.03213341161608696,
    0.09528009593486786,
    -0.06412296742200851,
    0.03794892504811287,
    0.0015155866276472807,
    0.043077416718006134,
    0.05185040831565857,
    0.03554563969373703,
    -0.008576955646276474,
    0.014035282656550407,
    -0.06781793385744095,
    0.05293554812669754,
    0.032745301723480225,
    -0.008769968524575233,
    -0.053873270750045776,
    -0.05290782451629639,
    -0.037983957678079605,
    -0.010596583597362041,
    0.040389806032180786,
    -0.012168707326054573,
    0.024800783023238182,
    -0.01334026176482439,
    0.008018805645406246,
    -0.07432005554437637,
    -0.05004438757896423,
    -0.05199599638581276,
    0.08335673063993454,
    -0.03585613891482353,
    -0.07043895125389099,
    0.016059616580605507,
    0.007342141587287188,
    0.014072991907596588,
    -0.011903047561645508,
    0.01747330091893673,
    0.05631709098815918,
    -0.037788085639476776,
    0.00141889788210392,
    -0.006252139341086149,
    0.021711433306336403,
    -0.012865270487964153,
    0.00871444121003151,
    0.02730654552578926,
    0.07077276706695557,
    0.012819872237741947,
    0.05234949290752411,
    0.010476470924913883,
    0.033899836242198944,
    -0.11213456839323044,
    -0.020098231732845306,
    -0.036405131220817566,
    0.0033514664974063635,
    -0.022144943475723267,
    -0.12576361000537872,
    -0.039944298565387726,
    0.01255805417895317,
    -0.015774250030517578,
    -0.016777176409959793,
    -0.02763262204825878,
    -0.060802508145570755,
    -0.006010658573359251,
    -0.03458716720342636,
    -0.025846444070339203,
    0.0410948283970356,
    0.045561015605926514,
    -0.08813320845365524,
    0.11173702031373978,
    -0.059475358575582504,
    0.04479701817035675,
    -0.0025917689781636,
    0.06008066236972809,
    -0.03676028177142143,
    0.0570349395275116,
    0.00537260202690959,
    0.016550729051232338,
    0.08352045714855194,
    -0.05042904615402222,
    -0.040651265531778336,
    -0.034541111439466476,
    -0.03176894411444664,
    -0.016985667869448662,
    -0.02668784372508526,
    0.04270940646529198,
    0.04855429008603096,
    0.02039208449423313,
    -0.013157741166651249,
    -0.07891020178794861,
    -0.07417336851358414,
    0.08466169983148575,
    -0.0026574016083031893,
    0.02477184124290943,
    0.15534119307994843,
    -0.022699596360325813,
    -0.0727897360920906,
    -0.028890335932374,
    -0.002219986170530319,
    -0.03155507519841194,
    -0.07004878669977188,
    0.04392404854297638,
    -0.02548198029398918,
    -0.015085311606526375,
    2.0987664052716893e-32,
    -0.002935555996373296,
    -0.008659415878355503,
    -0.11273805797100067,
    0.061261702328920364,
    0.023122960701584816,
    -0.011155588552355766,
    0.01650717481970787,
    -0.012678847648203373,
    -0.03573351353406906,
    0.04399403929710388,
    -0.01683833636343479,
    -0.057088229805231094,
    -0.002871754579246044,
    -0.0687909945845604,
    -0.09710024297237396,
    0.015241015702486038,
    -0.016918202862143517,
    0.051539406180381775,
    -0.03766406700015068,
    0.04112765192985535,
    0.04631468281149864,
    -0.04929973930120468,
    0.038880329579114914,
    0.045857567340135574,
    -0.06408248841762543,
    -0.016582166776061058,
    0.0484677329659462,
    0.01560931745916605,
    -0.03292420506477356,
    0.01016874611377716,
    0.0653468668460846,
    0.02804582566022873,
    0.07384707778692245,
    0.03444606810808182,
    0.053192805498838425,
    0.08536867797374725,
    0.03419831022620201,
    -0.1088162437081337,
    0.0727306678891182,
    -0.07494465261697769,
    -0.06589126586914062,
    0.026036474853754044,
    0.005623844917863607,
    -0.009610326029360294,
    0.0012936604907736182,
    -0.0025355981197208166,
    -0.010581926442682743,
    0.04178189858794212,
    0.05795674026012421,
    0.0629100501537323,
    -0.010358070023357868,
    -0.012428689748048782,
    0.030595511198043823,
    -0.06388366967439651,
    0.020722877234220505,
    0.026636287569999695,
    -0.07726893573999405,
    0.0539720356464386,
    -0.03596969693899155,
    0.014278569258749485,
    -0.02032664604485035,
    0.001632655505090952,
    -0.03361302241683006,
    0.039471402764320374,
    -0.005298184230923653,
    -0.0869712084531784,
    -0.045759912580251694,
    -0.02973599173128605,
    0.08119645714759827,
    -0.0687001422047615,
    -0.034359514713287354,
    0.08800068497657776,
    -0.008113288320600986,
    0.06055060401558876,
    -0.028711583465337753,
    0.0034016165882349014,
    0.03675365820527077,
    -0.04022091627120972,
    0.04533199593424797,
    0.013791737146675587,
    -0.11867063492536545,
    0.0003198004560545087,
    0.04074845090508461,
    0.046370718628168106,
    0.02955850400030613,
    -0.015906736254692078,
    0.02633204497396946,
    -0.013036970049142838,
    0.013575812801718712,
    0.009694751352071762,
    0.07516907155513763,
    -0.046970587223768234,
    0.025044219568371773,
    -0.011919742450118065,
    0.0517817884683609,
    -1.9099705514597094e-32,
    -0.01423813309520483,
    -0.08277513086795807,
    -0.1448487639427185,
    0.07157017290592194,
    0.011859918013215065,
    0.0065277512185275555,
    -0.057506199926137924,
    -0.049360137432813644,
    -0.00475497217848897,
    0.03635792061686516,
    -0.041353605687618256,
    -0.022250946611166,
    0.059288524091243744,
    -0.025905683636665344,
    -0.08499938994646072,
    -0.01752767711877823,
    0.022122174501419067,
    -0.0558791421353817,
    0.034288227558135986,
    0.03335625305771828,
    0.026020333170890808,
    -0.015001952648162842,
    0.06167033687233925,
    0.06878797709941864,
    0.05844326689839363,
    0.006685477681457996,
    -0.007380748633295298,
    -0.01905263587832451,
    0.048743098974227905,
    0.040687959641218185,
    0.019596396014094353,
    -0.053809940814971924,
    -0.047864049673080444,
    0.03484765812754631,
    -0.05494258552789688,
    -0.13882742822170258,
    0.13576474785804749,
    -0.014559362083673477,
    -0.037262916564941406,
    -0.05757590010762215,
    0.00030936236726120114,
    0.12313982844352722,
    0.05872038006782532,
    -0.06754288077354431,
    -0.03194589167833328,
    -0.03471298888325691,
    0.05291552469134331,
    0.013917118310928345,
    0.014122117310762405,
    -0.05360410362482071,
    0.0192112997174263,
    -0.05861799791455269,
    0.005950186401605606,
    -0.007082891650497913,
    -0.03617679327726364,
    -0.014550150372087955,
    -0.030696040019392967,
    0.015956195071339607,
    0.004600184038281441,
    -0.0044064829126000404,
    0.06552443653345108,
    0.08258890360593796,
    -0.01985625922679901,
    0.052694033831357956,
    0.07576591521501541,
    -0.007108901161700487,
    -0.10626789182424545,
    -0.03350796923041344,
    -0.03366158902645111,
    -0.06695451587438583,
    -0.050299521535634995,
    -0.19112356007099152,
    -0.01691364124417305,
    -0.06617599725723267,
    0.08937612920999527,
    -0.046032197773456573,
    0.0075104692950844765,
    -0.08279512077569962,
    -0.1051749736070633,
    -0.048576679080724716,
    0.06118389964103699,
    0.04749003052711487,
    -0.08656179904937744,
    0.052223656326532364,
    -0.041861552745103836,
    0.09207375347614288,
    0.05501626431941986,
    -0.00012304502888582647,
    0.018836433067917824,
    0.10090071707963943,
    -0.06191382557153702,
    0.04173655062913895,
    0.034679774194955826,
    0.03467715159058571,
    -0.019232042133808136,
    -5.169336958488202e-08,
    -0.053111061453819275,
    0.055784404277801514,
    0.02957191690802574,
    -0.04835457354784012,
    -0.011111035943031311,
    -0.03251607343554497,
    -0.03523912653326988,
    -0.02119225077331066,
    -0.03018466755747795,
    -0.10629986971616745,
    0.0030584423802793026,
    -0.013852645643055439,
    0.02502407878637314,
    -0.04884161427617073,
    0.0418064221739769,
    -0.04555462673306465,
    0.019259463995695114,
    -0.037969619035720825,
    -0.09150893986225128,
    0.0227420125156641,
    -0.019146258011460304,
    -0.05277296528220177,
    -0.03128288313746452,
    0.02995389886200428,
    0.04192926734685898,
    -0.01392501499503851,
    -0.019513824954628944,
    0.0372023768723011,
    0.02250220812857151,
    0.015766983851790428,
    -0.06458049267530441,
    0.07872585207223892,
    0.07586878538131714,
    -0.05254557356238365,
    -0.03129121661186218,
    0.029877224937081337,
    -0.011379584670066833,
    0.056500114500522614,
    0.07052870094776154,
    0.019334815442562103,
    -0.032081328332424164,
    9.677993512013927e-05,
    0.013983138836920261,
    0.05594771355390549,
    -0.01138127688318491,
    -0.012808841653168201,
    -0.06669610738754272,
    0.044837046414613724,
    -0.049920856952667236,
    -0.06339918076992035,
    -0.04649980738759041,
    -0.09193436056375504,
    0.03661663830280304,
    0.014567499980330467,
    0.031984876841306686,
    0.06655046343803406,
    0.0703648254275322,
    0.07017838954925537,
    0.03704279288649559,
    -0.061927422881126404,
    0.14429175853729248,
    0.09386524558067322,
    0.05917329341173172,
    -0.007580796256661415
]