[
    -0.03734245151281357,
    0.004493359010666609,
    -0.0717574879527092,
    -0.06880959868431091,
    -0.02045166864991188,
    0.040453944355249405,
    0.026622530072927475,
    -0.02480192668735981,
    -0.0037490874528884888,
    -0.01700970157980919,
    0.022630702704191208,
    -0.0007957921479828656,
    0.022196529433131218,
    -0.06546281278133392,
    0.08537735044956207,
    -0.00647959066554904,
    0.04396699368953705,
    0.002657959470525384,
    -0.10305909067392349,
    0.04585661366581917,
    0.04454287141561508,
    0.05515514314174652,
    -0.07056084275245667,
    0.052932675927877426,
    -0.06167418509721756,
    -0.041055284440517426,
    0.020253930240869522,
    -0.046242523938417435,
    0.04071333631873131,
    -0.08538784831762314,
    0.031821154057979584,
    0.015141366980969906,
    0.032707251608371735,
    0.09008879214525223,
    0.008425746113061905,
    -0.03904833644628525,
    -0.012182355858385563,
    -0.023197505623102188,
    -0.05297756940126419,
    0.015936696901917458,
    -0.0650949627161026,
    -0.024633055552840233,
    -0.08612493425607681,
    -0.01050186064094305,
    -0.01351148821413517,
    0.0911933109164238,
    -0.008428753353655338,
    0.012885233387351036,
    -0.04201114550232887,
    0.004655814729630947,
    -0.05200548097491264,
    -0.018991338089108467,
    -0.02025047317147255,
    0.051444921642541885,
    -0.09523110836744308,
    -0.08936440199613571,
    -0.00939927902072668,
    0.022535618394613266,
    -0.05594872683286667,
    0.030042989179491997,
    0.060531001538038254,
    0.020890459418296814,
    0.014644976705312729,
    0.06270508468151093,
    -0.023220984265208244,
    0.05210540071129799,
    -0.021798253059387207,
    -0.025695085525512695,
    -0.01181259285658598,
    -0.044573184102773666,
    -0.05867615342140198,
    -0.027474749833345413,
    -0.050661373883485794,
    0.017193008214235306,
    -0.00492496695369482,
    -0.015475451946258545,
    -0.033238913863897324,
    0.04510726407170296,
    -0.006416149437427521,
    -0.11435920000076294,
    -0.014938822016119957,
    0.08236090838909149,
    -0.008175788447260857,
    0.04380970075726509,
    -0.11321409046649933,
    -0.04282889887690544,
    0.016118424013257027,
    -0.01084604300558567,
    -0.011093934066593647,
    -0.0006109007517807186,
    0.03397892042994499,
    -0.08924280107021332,
    0.0764864906668663,
    0.021379763260483742,
    0.05491768568754196,
    -0.02892347425222397,
    -0.0031060888431966305,
    -0.07664132118225098,
    0.039067592471838,
    -0.03181430697441101,
    -0.006589194294065237,
    0.06231075897812843,
    -0.010912780649960041,
    -0.01420776266604662,
    -0.05445342883467674,
    -0.04580593481659889,
    0.059236329048871994,
    -0.014332655817270279,
    -0.004042493645101786,
    0.08996832370758057,
    0.00592672498896718,
    0.012400178238749504,
    -0.13034842908382416,
    -0.1335272192955017,
    0.0915675163269043,
    -0.039205536246299744,
    -0.04463982954621315,
    0.11984887719154358,
    0.0037676445208489895,
    -0.0990108773112297,
    -0.014482533559203148,
    0.011858687736093998,
    -0.028295421972870827,
    -0.07782917469739914,
    -0.057041771709918976,
    -0.007434717379510403,
    -0.06119966134428978,
    1.8302272187518332e-32,
    -0.05483265966176987,
    0.02231353521347046,
    -0.12106779962778091,
    0.08687400072813034,
    0.021183019503951073,
    0.029073601588606834,
    0.026659315451979637,
    0.02484874427318573,
    -0.04775882512331009,
    0.09134330600500107,
    -0.0014367008116096258,
    0.05214371159672737,
    0.01077781617641449,
    -0.052511222660541534,
    -0.024239037185907364,
    0.04041532427072525,
    0.0345950648188591,
    0.16049249470233917,
    0.0683620497584343,
    0.006451288238167763,
    0.09664782136678696,
    0.04795714095234871,
    0.028655560687184334,
    0.022943783551454544,
    0.04877706244587898,
    0.021160461008548737,
    0.015401987358927727,
    -0.04893529415130615,
    0.025982774794101715,
    -0.005418695043772459,
    0.07217639684677124,
    -0.003868414554744959,
    0.04662887006998062,
    0.016986073926091194,
    0.07969029992818832,
    0.1070663258433342,
    0.01598181389272213,
    -0.10303135216236115,
    0.09913861006498337,
    -0.049023568630218506,
    -0.02878582663834095,
    -0.011133003979921341,
    0.010306316427886486,
    0.005693794693797827,
    -0.010637277737259865,
    -0.025355171412229538,
    -0.004745027981698513,
    0.01744280755519867,
    0.024476779624819756,
    0.0659383088350296,
    -0.04912782087922096,
    0.027033893391489983,
    -0.00667956005781889,
    -0.0430261567234993,
    0.020130876451730728,
    -0.02629184164106846,
    -0.052385859191417694,
    -0.029741350561380386,
    -0.07664085924625397,
    0.03146203234791756,
    -0.026846271008253098,
    0.06512928754091263,
    -0.01957661844789982,
    -0.024867894127964973,
    -0.06200011819601059,
    -0.08346905559301376,
    -0.04471662640571594,
    -0.0939866304397583,
    0.07879770547151566,
    -0.05750942975282669,
    -0.05755624547600746,
    0.07425983995199203,
    0.03015066683292389,
    0.0298344474285841,
    -0.02429054118692875,
    -0.05233921855688095,
    -0.025476407259702682,
    -0.004962171893566847,
    0.06935862451791763,
    0.03744601830840111,
    -0.06829047203063965,
    0.012133294716477394,
    0.04726143181324005,
    0.05199757590889931,
    -0.044375237077474594,
    0.005304640159010887,
    0.04479207843542099,
    0.037168264389038086,
    -0.03246349096298218,
    0.07179298251867294,
    0.004416756797581911,
    0.012339254841208458,
    -0.038200680166482925,
    0.05521606653928757,
    0.02650473639369011,
    -1.8970330606345593e-32,
    -0.014351672492921352,
    -0.056960027664899826,
    -0.08072929829359055,
    -0.0006955541321076453,
    0.027661820873618126,
    0.04062572494149208,
    -0.051671285182237625,
    -0.014871785417199135,
    0.02934299409389496,
    -0.018525077030062675,
    -0.03320300206542015,
    -0.048869770020246506,
    -0.007061499170958996,
    -0.06351578235626221,
    -0.06700435280799866,
    -0.02554117701947689,
    -0.012191037647426128,
    -0.01816682331264019,
    -0.0006762070115655661,
    0.07290774583816528,
    -0.03788566216826439,
    0.0039101410657167435,
    -0.028867600485682487,
    0.07682707905769348,
    0.027475599199533463,
    -0.0233098566532135,
    -0.044723860919475555,
    -0.028544820845127106,
    0.09312207996845245,
    -0.004212348721921444,
    -0.029093116521835327,
    -0.06847339123487473,
    -0.07499386370182037,
    0.01750981993973255,
    -0.1292904168367386,
    -0.17038632929325104,
    0.06592763960361481,
    -0.0022549889981746674,
    -0.053747136145830154,
    -0.03541598469018936,
    0.034302450716495514,
    0.061401594430208206,
    0.007867306470870972,
    -0.009250026196241379,
    -0.0021151958499103785,
    -0.042642515152692795,
    -0.0012096629943698645,
    -0.021921401843428612,
    0.06552047282457352,
    -0.018076878041028976,
    0.08594335615634918,
    -0.08687055855989456,
    0.06736283749341965,
    0.012443972751498222,
    -0.023201871663331985,
    0.0809766873717308,
    0.026189599186182022,
    0.03923872485756874,
    -0.015488174743950367,
    0.03246195241808891,
    0.11235769838094711,
    0.06427787244319916,
    -0.027632270008325577,
    0.056190114468336105,
    0.04494156315922737,
    -0.023802321404218674,
    -0.03672463819384575,
    -0.044711459428071976,
    -0.02866099774837494,
    -0.05967038497328758,
    -0.03554993495345116,
    -0.1570865362882614,
    -0.03987708315253258,
    -0.09405416250228882,
    0.055815450847148895,
    -0.0350024439394474,
    -0.028037987649440765,
    -0.09283502399921417,
    -0.0898125097155571,
    0.01141864713281393,
    0.08270750194787979,
    0.05504614859819412,
    -0.03746532276272774,
    0.0624362975358963,
    0.04717966169118881,
    0.039571363478899,
    0.0859861820936203,
    -0.0121560487896204,
    0.01610170304775238,
    0.02528061345219612,
    -0.07172469049692154,
    -0.04808793589472771,
    -0.07211270928382874,
    0.025911686941981316,
    -0.017966264858841896,
    -5.4161958473741834e-08,
    -0.00164775678422302,
    0.05863332748413086,
    0.005316265858709812,
    -0.06652669608592987,
    -0.027535922825336456,
    -0.06017451360821724,
    0.018436487764120102,
    0.013072355650365353,
    -0.05543110892176628,
    -0.05708649754524231,
    0.04215406998991966,
    0.016367720440030098,
    -0.040645532310009,
    0.01619761437177658,
    0.043977733701467514,
    -0.03118160553276539,
    -0.042103156447410583,
    -0.07001501321792603,
    -0.004564548842608929,
    0.06127186492085457,
    -0.006815774831920862,
    -0.04929729923605919,
    -0.05650128424167633,
    0.001591973239555955,
    0.07779500633478165,
    -0.019008126109838486,
    0.029890289530158043,
    0.08622588217258453,
    0.05782748758792877,
    0.059343352913856506,
    -0.01356872171163559,
    0.016021814197301865,
    0.0229673832654953,
    0.005817805882543325,
    -0.07997097820043564,
    -0.01837421953678131,
    0.004726804792881012,
    0.03282229229807854,
    0.008149283938109875,
    0.04261455684900284,
    -0.04406846687197685,
    0.030645044520497322,
    0.030936727300286293,
    0.07860925048589706,
    0.02673703245818615,
    0.022200919687747955,
    -0.04621976986527443,
    0.0242218766361475,
    -0.010462283156812191,
    -0.07959654927253723,
    -0.0674099400639534,
    -0.023624470457434654,
    0.06599215418100357,
    0.06405237317085266,
    -0.007547121495008469,
    0.04600005969405174,
    0.012810804881155491,
    0.046047378331422806,
    -0.009870034642517567,
    -0.008910245262086391,
    0.04983288794755936,
    0.017285356298089027,
    -0.000912026793230325,
    -0.005205276422202587
]