[
    0.01190488412976265,
    -0.03926685452461243,
    -0.0441121831536293,
    -0.05090741440653801,
    -0.049712348729372025,
    0.04047253727912903,
    0.004040527157485485,
    -0.06449476629495621,
    -0.03186383470892906,
    0.04749293997883797,
    -0.029548700898885727,
    -0.007797038648277521,
    0.004134084098041058,
    -0.0066213663667440414,
    0.08149109035730362,
    0.048901643604040146,
    0.06481407582759857,
    0.04735651612281799,
    -0.11300874501466751,
    0.03278430923819542,
    -0.0008942769491113722,
    0.009133439511060715,
    -0.04668724536895752,
    0.0013811782700940967,
    -0.09433607012033463,
    -0.026003874838352203,
    -0.02699933759868145,
    -0.07594799995422363,
    0.06272731721401215,
    -0.07974650710821152,
    0.018687352538108826,
    0.007299149874597788,
    0.03251195326447487,
    0.0705338642001152,
    -0.00042288360418751836,
    -0.028687654063105583,
    0.03547058254480362,
    -0.047600459307432175,
    0.020043818280100822,
    -0.027317307889461517,
    -0.002396256197243929,
    -0.019614841789007187,
    -0.04007168859243393,
    -0.05079939588904381,
    -0.02577422931790352,
    0.020896408706903458,
    -0.017015967518091202,
    -0.025339460000395775,
    -0.0325765386223793,
    -0.0015822724672034383,
    -0.020319679751992226,
    -0.0501348040997982,
    -0.011502306908369064,
    0.10124292224645615,
    -0.05158272013068199,
    0.01884794421494007,
    -0.013717549853026867,
    0.033419374376535416,
    -0.011606340296566486,
    -0.02154907025396824,
    -0.030927376821637154,
    0.008878783322870731,
    -0.06144106760621071,
    0.06338444352149963,
    -0.04910009354352951,
    0.0006673551397398114,
    -0.00030959019204601645,
    -0.002562545472756028,
    0.005760753992944956,
    -0.024684607982635498,
    -0.024915147572755814,
    0.04573977738618851,
    0.08183611184358597,
    0.0009053535177372396,
    -0.01975085213780403,
    -0.010320561937987804,
    -0.01875036396086216,
    0.014511997811496258,
    0.08231920748949051,
    -0.08186784386634827,
    -0.030368205159902573,
    0.05057809129357338,
    -0.052132781594991684,
    -0.023925257846713066,
    -0.044979244470596313,
    -0.03177148476243019,
    -0.026141999289393425,
    -0.006817460525780916,
    -0.0023155456874519587,
    0.00795724056661129,
    0.02769492380321026,
    -0.040964044630527496,
    0.08710217475891113,
    -0.0575282946228981,
    0.011899938806891441,
    0.006420484744012356,
    0.039083413779735565,
    0.010169722139835358,
    0.08332996815443039,
    0.01804514229297638,
    0.012626445852220058,
    0.039829812943935394,
    -0.015464935451745987,
    -0.06265894323587418,
    -0.02553747594356537,
    -0.04323975741863251,
    -0.018666459247469902,
    0.006826208904385567,
    -4.837470987695269e-05,
    0.025947321206331253,
    -0.004996625240892172,
    -0.05281047150492668,
    -0.02706868387758732,
    -0.06346020847558975,
    0.07679340243339539,
    0.05430232360959053,
    -0.002515086205676198,
    0.06383620947599411,
    0.016773290932178497,
    -0.08062206953763962,
    -0.04222921282052994,
    0.04280496761202812,
    -0.03664270415902138,
    -0.08565361052751541,
    0.043208710849285126,
    0.00937553122639656,
    -0.02625262178480625,
    1.8600994689421045e-32,
    -0.057008784264326096,
    -0.07102501392364502,
    -0.09825988113880157,
    0.03556717559695244,
    0.08235213160514832,
    -0.00016836085706017911,
    -0.018473269417881966,
    -0.04009254649281502,
    -0.05516469106078148,
    0.024741381406784058,
    -0.0054225195199251175,
    0.04002055898308754,
    0.021609947085380554,
    -0.09006020426750183,
    -0.01628940738737583,
    -0.006241842173039913,
    -0.05823718383908272,
    0.07067299634218216,
    -0.03418422490358353,
    0.0012456439435482025,
    0.016911044716835022,
    -0.007041200529783964,
    0.0004608453600667417,
    0.06885464489459991,
    0.00728008896112442,
    -0.021034153178334236,
    0.07605377584695816,
    -0.05164182186126709,
    0.008054530248045921,
    0.01386216375976801,
    0.02214648202061653,
    0.04053346440196037,
    0.04250882938504219,
    0.039185795933008194,
    0.07038363814353943,
    0.12168696522712708,
    0.003499057376757264,
    -0.03274073824286461,
    0.08286914974451065,
    -0.09526582062244415,
    -0.05648180842399597,
    -0.01805555261671543,
    0.019912736490368843,
    -0.03757515549659729,
    0.018028920516371727,
    -0.0023437237832695246,
    -0.0368451252579689,
    -0.018173987045884132,
    0.11065938323736191,
    0.05277704447507858,
    0.04454429820179939,
    -0.022726889699697495,
    0.0949079841375351,
    -0.015592201612889767,
    0.0547458752989769,
    -0.003080138238146901,
    -0.05747832730412483,
    0.028947599232196808,
    -0.02468348853290081,
    0.019556069746613503,
    -0.007087410427629948,
    0.06494677811861038,
    -0.04237404838204384,
    0.059192247688770294,
    -0.061330895870923996,
    -0.047537561506032944,
    -0.06960968673229218,
    -0.052934981882572174,
    0.07275133579969406,
    -0.08604038506746292,
    -0.04252965748310089,
    0.04542480409145355,
    0.010474208742380142,
    0.02341409958899021,
    -0.07784215360879898,
    -0.018051134422421455,
    -0.03609045594930649,
    -0.023934459313750267,
    0.020670520141720772,
    -0.020798880606889725,
    -0.1344618946313858,
    -0.003922360949218273,
    0.02500913478434086,
    0.064130999147892,
    0.05404152721166611,
    -0.045877281576395035,
    -0.011570974253118038,
    0.011836412362754345,
    0.01610000804066658,
    -0.006509444210678339,
    0.0042044720612466335,
    0.023974239826202393,
    -0.0022812054958194494,
    0.07127948105335236,
    0.026595983654260635,
    -1.8955194647210817e-32,
    0.019874168559908867,
    -0.060462094843387604,
    -0.08004303276538849,
    0.06616652011871338,
    0.061224792152643204,
    0.06009915471076965,
    -0.07427773624658585,
    -0.09145098924636841,
    0.08017352223396301,
    -0.07810406386852264,
    -0.036103907972574234,
    -0.014991308562457561,
    -0.013501295819878578,
    0.007870613597333431,
    -0.04298875853419304,
    -0.10607659071683884,
    -0.024611206725239754,
    -0.008811824023723602,
    0.07614841312170029,
    0.07722904533147812,
    0.060050468891859055,
    -0.03548017144203186,
    -0.02760583534836769,
    0.038350578397512436,
    0.000731113541405648,
    -0.060597412288188934,
    -0.012099145911633968,
    -0.07425973564386368,
    0.10305076092481613,
    0.0839485302567482,
    -0.024472778663039207,
    -0.07331288605928421,
    -0.10516339540481567,
    0.03236361965537071,
    -0.05368223786354065,
    -0.15389570593833923,
    0.1258632242679596,
    -0.0632539615035057,
    -0.05488673597574234,
    -0.05102165788412094,
    0.020658928900957108,
    0.05992438644170761,
    0.011575677432119846,
    -0.009210353717207909,
    -0.010079222731292248,
    0.008126785047352314,
    0.03896069899201393,
    -0.020258070901036263,
    -0.08946266770362854,
    -0.08731789141893387,
    0.019381951540708542,
    -0.068079374730587,
    0.048101067543029785,
    -0.00635460764169693,
    -0.029418008401989937,
    0.08195015788078308,
    0.015278365463018417,
    -0.030056143179535866,
    -0.004710784647613764,
    0.02502303570508957,
    0.0840214267373085,
    0.08734384924173355,
    -0.05636874958872795,
    0.043075550347566605,
    0.028480978682637215,
    0.023690801113843918,
    -0.05752734839916229,
    0.017911026254296303,
    -0.05150222033262253,
    -0.019786978140473366,
    0.02314523607492447,
    -0.1548498570919037,
    -0.11803065985441208,
    -0.043745387345552444,
    0.11413675546646118,
    0.029280219227075577,
    -0.027271298691630363,
    -0.07105310261249542,
    -0.0701846033334732,
    0.027352651581168175,
    0.004284031689167023,
    0.053734518587589264,
    -0.0682382881641388,
    0.05645134672522545,
    0.021089166402816772,
    0.108451247215271,
    0.02496260404586792,
    -0.0778108686208725,
    0.014570433646440506,
    0.08462129533290863,
    -0.04342907667160034,
    -0.016542866826057434,
    0.06382551044225693,
    0.029508214443922043,
    -0.04769524559378624,
    -5.3733817395595906e-08,
    -0.05487726628780365,
    0.036308445036411285,
    -0.05805452540516853,
    -0.04877210780978203,
    -0.025134319439530373,
    -0.031845372170209885,
    -0.028958072885870934,
    -0.007939932867884636,
    -0.03202247619628906,
    -0.007057712413370609,
    0.0833565965294838,
    -0.014029156416654587,
    -0.02306511253118515,
    -0.01750597357749939,
    0.03364638611674309,
    -0.024274922907352448,
    -0.04467272758483887,
    0.034216903150081635,
    -0.07277057319879532,
    0.016509005799889565,
    0.002128003630787134,
    -0.07699599117040634,
    -0.03138529881834984,
    0.03128260374069214,
    0.034909844398498535,
    0.022343290969729424,
    0.02021789737045765,
    0.12500284612178802,
    -0.0282136220484972,
    0.07644961774349213,
    -0.043231260031461716,
    0.07625728845596313,
    -0.004251779057085514,
    -0.056975316256284714,
    0.032312750816345215,
    -0.0032741541508585215,
    -0.05249493196606636,
    0.0026760331820696592,
    0.06316759437322617,
    -0.0037861275486648083,
    -0.09088508039712906,
    -0.003166779177263379,
    0.07878197729587555,
    0.009738004766404629,
    0.031261980533599854,
    0.043077707290649414,
    -0.028507201001048088,
    0.054433535784482956,
    0.019031178206205368,
    -0.06962049752473831,
    -0.04977221414446831,
    -0.04829816147685051,
    0.0057369619607925415,
    -0.05323991924524307,
    0.011677424423396587,
    0.08831124007701874,
    0.10009238123893738,
    0.03566339984536171,
    0.0009105491335503757,
    -0.05882340297102928,
    0.12539005279541016,
    0.114509716629982,
    0.04641618952155113,
    0.018666982650756836
]