[
    -0.01309990230947733,
    0.0026465116534382105,
    -0.035270366817712784,
    -0.06515093892812729,
    -0.05812057852745056,
    0.032060377299785614,
    -0.0231377761811018,
    -3.841263605863787e-05,
    -0.0774133950471878,
    0.014499981887638569,
    -0.003959302790462971,
    -0.029471445828676224,
    0.041836805641651154,
    -0.025666600093245506,
    0.09953407198190689,
    0.0038249974604696035,
    0.05366387963294983,
    0.02211843803524971,
    -0.09593024104833603,
    0.06534142792224884,
    0.12178871035575867,
    0.06043434515595436,
    -0.09620728343725204,
    0.011106804944574833,
    -0.07343880832195282,
    0.03277140110731125,
    -0.020456405356526375,
    -0.03927998244762421,
    0.03527334704995155,
    -0.031166134402155876,
    -0.033855047076940536,
    0.008600173518061638,
    0.02608141489326954,
    0.07463416457176208,
    -0.024526596069335938,
    -0.0285276360809803,
    0.012126583606004715,
    0.0011572741204872727,
    0.011627554893493652,
    -0.00316755217500031,
    -0.05809372663497925,
    -0.008042885921895504,
    -0.06689126789569855,
    -0.0030176215805113316,
    0.018275847658514977,
    0.022892720997333527,
    -0.030890000984072685,
    -0.021858438849449158,
    -0.04947607219219208,
    -0.025418821722269058,
    -0.08598712831735611,
    0.008651278913021088,
    -0.04924120381474495,
    0.08372370153665543,
    -0.008993307128548622,
    -0.04657440260052681,
    0.0063463663682341576,
    0.049471642822027206,
    -0.06745636463165283,
    -0.024646667763590813,
    0.058788981288671494,
    -0.02508869394659996,
    -0.013427142053842545,
    0.07059025764465332,
    0.003987972158938646,
    0.041483402252197266,
    -0.029426759108901024,
    -0.034603048115968704,
    -0.033932074904441833,
    -0.013639764860272408,
    -0.08424375206232071,
    0.021535955369472504,
    -0.023433975875377655,
    0.07662509381771088,
    0.007020619697868824,
    -0.008362497203052044,
    -0.00952090509235859,
    0.02918466180562973,
    0.06199289485812187,
    -0.10811673849821091,
    -0.06683897227048874,
    -0.018407467752695084,
    0.027057385072112083,
    0.007860267534852028,
    -0.0674726739525795,
    0.015538317151367664,
    -0.034912414848804474,
    -0.034510862082242966,
    -0.04897268861532211,
    -0.018548594787716866,
    0.03767828270792961,
    -0.1393890380859375,
    0.12950213253498077,
    -0.054989587515592575,
    0.06528814882040024,
    0.008046341128647327,
    0.007788653019815683,
    -0.09372256696224213,
    0.06390246748924255,
    -0.055571023374795914,
    -0.003788772039115429,
    -0.014563020318746567,
    -0.0074377646669745445,
    -0.015572238713502884,
    -0.048052918165922165,
    -0.014674561098217964,
    -0.004943452775478363,
    0.004985879175364971,
    0.007456010673195124,
    0.056178875267505646,
    0.015822777524590492,
    0.031761687248945236,
    -0.036027196794748306,
    -0.09617733955383301,
    0.04117235541343689,
    -0.021063808351755142,
    0.011580034159123898,
    0.06834311038255692,
    0.0471300333738327,
    -0.02139841951429844,
    -0.03355183079838753,
    -0.013711766339838505,
    -0.06595824658870697,
    -0.08620473742485046,
    0.013673130422830582,
    -0.011665895581245422,
    -0.04912782832980156,
    1.4849433856130485e-32,
    -0.049116186797618866,
    -0.04079858586192131,
    -0.0923912525177002,
    0.02105235680937767,
    0.011140651069581509,
    0.012071636505424976,
    0.03805644065141678,
    -0.008641056716442108,
    -0.07284305989742279,
    0.07116883993148804,
    -0.029662758111953735,
    0.07106660306453705,
    -0.015104027464985847,
    0.007092924788594246,
    0.02505737915635109,
    -0.0005143565940670669,
    -0.0063646347261965275,
    0.0745074525475502,
    0.022914767265319824,
    0.02432830259203911,
    0.00045672524720430374,
    0.0007534805918112397,
    -0.0028282899875193834,
    -0.05016796663403511,
    -0.020274510607123375,
    -0.027124594897031784,
    0.0387713797390461,
    -0.008832373656332493,
    -0.04974614456295967,
    -0.0046657370403409,
    0.046288806945085526,
    0.0019423573976382613,
    0.08642672747373581,
    0.014767731539905071,
    0.03229336440563202,
    0.10519237816333771,
    0.07686614990234375,
    -0.04024194926023483,
    0.028484204784035683,
    -0.11746677756309509,
    -0.028933977708220482,
    -0.013416181318461895,
    0.0038837073370814323,
    0.061986591666936874,
    0.04808580502867699,
    0.014516688883304596,
    -0.019747745245695114,
    -0.015442654490470886,
    0.014399023726582527,
    0.03780509531497955,
    -0.046338412910699844,
    0.008290530182421207,
    0.009552509523928165,
    -0.05977446213364601,
    0.009668179787695408,
    -0.020027831196784973,
    -0.06277669966220856,
    0.040496841073036194,
    -0.08743646740913391,
    0.07414133101701736,
    -0.08064176142215729,
    0.045256081968545914,
    0.01985812932252884,
    0.032446976751089096,
    0.006594509817659855,
    -0.047690488398075104,
    0.016442222520709038,
    -0.027839332818984985,
    0.03177506476640701,
    0.04880918189883232,
    -0.0637260302901268,
    0.06933154165744781,
    -0.03491209074854851,
    0.041169971227645874,
    0.0015481888549402356,
    -0.022448914125561714,
    0.05157257243990898,
    -0.05689804255962372,
    0.022796086966991425,
    -0.03576939180493355,
    -0.13309039175510406,
    -0.001726813381537795,
    0.018773140385746956,
    0.09102847427129745,
    -0.01079164631664753,
    -0.0007386751822195947,
    -0.004353624768555164,
    -0.005045206751674414,
    -0.0035741289611905813,
    -0.031428173184394836,
    -0.03627824783325195,
    -0.005081060342490673,
    -0.006382231134921312,
    0.07975874841213226,
    0.04602138325572014,
    -1.6162693206133268e-32,
    0.06245889887213707,
    -0.05547917261719704,
    -0.042223598808050156,
    0.06733714789152145,
    0.05468130111694336,
    0.021191135048866272,
    -0.06855028122663498,
    -0.07052728533744812,
    0.03403102606534958,
    -0.03805141896009445,
    0.025009766221046448,
    -0.018292225897312164,
    0.01582055538892746,
    0.01049049012362957,
    -0.042837392538785934,
    -0.061405014246702194,
    -0.10515501350164413,
    -0.0305886659771204,
    0.03730933740735054,
    0.10205293446779251,
    -0.018345292657613754,
    -0.027301356196403503,
    -0.0624881312251091,
    0.12116654962301254,
    -0.01211734302341938,
    -0.0031076122540980577,
    -0.07070984691381454,
    -0.04781913012266159,
    0.06451913714408875,
    -0.03001697175204754,
    0.004687075968831778,
    -0.079320028424263,
    -0.028519075363874435,
    0.05603271722793579,
    -0.15340042114257812,
    -0.12661512196063995,
    0.13273833692073822,
    -0.0587959885597229,
    -0.02342395856976509,
    -0.06024068221449852,
    0.03620770201086998,
    0.044832244515419006,
    -0.01312779076397419,
    -0.0016331743681803346,
    -0.02596619911491871,
    -0.0520603246986866,
    0.06766262650489807,
    -0.026812618598341942,
    -0.026815611869096756,
    -0.005463746841996908,
    0.007800738792866468,
    -0.05629562586545944,
    0.015986427664756775,
    0.013478259555995464,
    -0.01295413263142109,
    0.04355090856552124,
    -0.003979500383138657,
    -0.011676334775984287,
    -0.0729064866900444,
    0.031087085604667664,
    0.05936606600880623,
    0.05235905572772026,
    0.004320687148720026,
    0.0581711046397686,
    0.07118120044469833,
    -0.04494410753250122,
    -0.06135513633489609,
    -0.03678644821047783,
    0.0024537486024200916,
    -0.07181408256292343,
    -0.02653062529861927,
    -0.10279371589422226,
    -0.10696695744991302,
    0.0013247100869193673,
    0.04089685529470444,
    -0.07482853531837463,
    -0.0015136770671233535,
    -0.10142005980014801,
    -0.06956582516431808,
    0.0321522131562233,
    0.06594774127006531,
    0.023678550496697426,
    -0.07976387441158295,
    0.07081281393766403,
    0.011844607070088387,
    0.08918183296918869,
    0.022538922727108,
    0.008899809792637825,
    0.05565047636628151,
    0.07553980499505997,
    -0.08449052274227142,
    0.03448455035686493,
    -0.05336833745241165,
    0.009960469789803028,
    -0.06829443573951721,
    -4.720419255477282e-08,
    -0.046010226011276245,
    0.11572061479091644,
    -0.056270256638526917,
    -0.002166891237720847,
    -0.054406825453042984,
    0.026357540860772133,
    -0.0070412433706223965,
    -0.05878707766532898,
    -0.0432560034096241,
    -0.10335022956132889,
    0.017735200002789497,
    0.05074639245867729,
    -0.02522818185389042,
    -0.004868076648563147,
    0.060508061200380325,
    -0.027954276651144028,
    -0.049315862357616425,
    0.007833978161215782,
    -0.019954824820160866,
    0.11017859727144241,
    -0.034013353288173676,
    -0.04019268974661827,
    -0.059701789170503616,
    0.029995154589414597,
    0.02820192463696003,
    0.005733886733651161,
    0.016667526215314865,
    0.10134720057249069,
    0.0975198745727539,
    0.12498209625482559,
    -0.006967498920857906,
    0.050409432500600815,
    -0.01027999073266983,
    -0.030496615916490555,
    -0.05129849538207054,
    -0.053123895078897476,
    -0.013302887789905071,
    0.01273383479565382,
    0.07454978674650192,
    0.008620783686637878,
    0.03076661005616188,
    0.024180641397833824,
    0.024614891037344933,
    0.07322492450475693,
    -0.005311422981321812,
    -0.031839244067668915,
    -0.005982394330203533,
    0.05289158225059509,
    0.07574492692947388,
    -0.07500343769788742,
    -0.055877313017845154,
    -0.018561284989118576,
    0.0142544936388731,
    -0.0059753116220235825,
    -0.024108702316880226,
    0.07966021448373795,
    0.03098222054541111,
    0.0598595030605793,
    -0.035162653774023056,
    -0.022357838228344917,
    0.11601711064577103,
    0.04631787911057472,
    0.10025732964277267,
    -0.017262063920497894
]