[
    -0.009692204184830189,
    0.047768328338861465,
    -0.05523372069001198,
    -0.07907745987176895,
    0.000933526607695967,
    0.00983344204723835,
    0.016105512157082558,
    -0.01678125187754631,
    0.01685636304318905,
    0.0073190005496144295,
    0.010044640861451626,
    -0.0027825215365737677,
    0.0139547660946846,
    -0.040524180978536606,
    0.11539971828460693,
    -0.014147582463920116,
    0.0493415966629982,
    0.04670344293117523,
    -0.11234380304813385,
    0.07968888431787491,
    -0.0015681106597185135,
    0.05331386998295784,
    -0.05304832383990288,
    0.03362976387143135,
    -0.10764118283987045,
    -0.04775121435523033,
    -0.0039793821051716805,
    -0.06395068019628525,
    0.07578419893980026,
    -0.0167156420648098,
    0.07055515050888062,
    0.03311888873577118,
    0.033775605261325836,
    0.1029830127954483,
    -0.039639249444007874,
    -0.034387312829494476,
    -0.012613439932465553,
    0.0033664533402770758,
    -0.05522402748465538,
    0.034115154296159744,
    -0.06517171114683151,
    -0.026839198544621468,
    -0.060629647225141525,
    0.039286043494939804,
    0.038201991468667984,
    0.04170001670718193,
    -0.0943957045674324,
    -0.00696520134806633,
    0.008925420232117176,
    0.012536936439573765,
    -0.10076005756855011,
    -0.0013972072629258037,
    -0.007271960843354464,
    0.05696680769324303,
    -0.04477216675877571,
    -0.06400503218173981,
    -0.01560747716575861,
    0.028241975232958794,
    -0.07094023376703262,
    0.025734584778547287,
    0.06550747156143188,
    0.018128668889403343,
    0.04997297003865242,
    0.06486611068248749,
    -0.029042573645710945,
    0.01925911381840706,
    0.0046943421475589275,
    -0.0184427872300148,
    0.013213268481194973,
    -0.020258385688066483,
    -0.06335306167602539,
    -0.013469220139086246,
    -0.011675388552248478,
    0.0020282906480133533,
    -0.04304750636219978,
    0.004196228925138712,
    -0.04465452581644058,
    0.01817040704190731,
    0.04697518050670624,
    -0.11557896435260773,
    -0.04631290212273598,
    0.056226104497909546,
    0.036431245505809784,
    0.03604709729552269,
    -0.07786212116479874,
    0.0033850641921162605,
    0.007976710796356201,
    -0.04439675435423851,
    -0.07414834201335907,
    -0.03629541024565697,
    0.03181842714548111,
    -0.06086117401719093,
    0.08700618892908096,
    -0.026330426335334778,
    0.12661749124526978,
    -0.04727402329444885,
    -0.025837602093815804,
    -0.059679675847291946,
    0.021318048238754272,
    -0.050051409751176834,
    -0.04333081468939781,
    0.02858479507267475,
    -0.019311191514134407,
    0.022453468292951584,
    -0.051035381853580475,
    -0.0657295435667038,
    0.02351740561425686,
    -0.03136904165148735,
    0.016646990552544594,
    0.06107313930988312,
    -0.007081246469169855,
    0.03515300154685974,
    -0.11089856922626495,
    -0.1250338852405548,
    0.07834286242723465,
    -0.047498565167188644,
    -0.010398137383162975,
    0.05255885422229767,
    0.0394551046192646,
    -0.014906298369169235,
    -0.05389506369829178,
    -0.055001504719257355,
    -0.029744388535618782,
    -0.09154797345399857,
    -0.03623511269688606,
    -0.03176463767886162,
    -0.034126363694667816,
    1.6143115347720323e-32,
    -0.0449383407831192,
    0.009786496870219707,
    -0.06087696924805641,
    0.0616149939596653,
    0.0010324744507670403,
    0.02003619074821472,
    0.012456191703677177,
    -0.020211152732372284,
    -0.07008885592222214,
    0.054017435759305954,
    0.010826830752193928,
    0.08541294187307358,
    -0.0025266935117542744,
    -0.034593503922224045,
    -0.004739544354379177,
    0.057965416461229324,
    0.003390971105545759,
    0.10403477400541306,
    0.015600196085870266,
    0.033516064286231995,
    0.07922330498695374,
    -0.01181197538971901,
    -0.013724825344979763,
    0.01518889982253313,
    -0.03754475712776184,
    0.03956151381134987,
    0.055456895381212234,
    -0.04598993435502052,
    0.03909119591116905,
    0.002098784549161792,
    0.0428745299577713,
    0.004431555978953838,
    0.026432815939188004,
    -0.026011411100625992,
    0.056127991527318954,
    0.10623494535684586,
    0.07317033410072327,
    -0.030675895512104034,
    0.0632224753499031,
    -0.0601595938205719,
    -0.005079231690615416,
    -0.015522809699177742,
    0.052838847041130066,
    0.018452947959303856,
    0.0037403686437755823,
    0.016274817287921906,
    -0.03203585371375084,
    0.003647197037935257,
    0.033691372722387314,
    0.04625313729047775,
    -0.05068652331829071,
    0.02988157421350479,
    0.018677780404686928,
    -0.06442610174417496,
    0.005500206723809242,
    -0.0015278792707249522,
    -0.066672682762146,
    0.006019746884703636,
    -0.04630783200263977,
    0.07407423853874207,
    -0.00779409846290946,
    0.04948178678750992,
    -0.02929803729057312,
    0.01082166749984026,
    -0.006008385680615902,
    -0.07989940792322159,
    -0.0022485670633614063,
    -0.07479342818260193,
    0.04307190328836441,
    -0.03675730898976326,
    -0.07529767602682114,
    0.09261933714151382,
    -0.02315022423863411,
    -0.0037401264999061823,
    -0.01111573539674282,
    -0.06335030496120453,
    0.020414356142282486,
    -0.006944134831428528,
    0.02125582844018936,
    0.04466002434492111,
    -0.06771935522556305,
    -0.0007735221879556775,
    0.05340362712740898,
    0.046683408319950104,
    -0.07197669893503189,
    0.012350260280072689,
    -0.010959279723465443,
    0.08401394635438919,
    -0.05969648063182831,
    -0.002619743114337325,
    0.025755247101187706,
    0.012833105400204659,
    0.03597396984696388,
    0.06413432955741882,
    0.0078120725229382515,
    -1.7442520027430726e-32,
    -0.0016397465951740742,
    -0.026062052696943283,
    -0.062219344079494476,
    0.008741290308535099,
    0.07554352283477783,
    0.01519220881164074,
    -0.025911998003721237,
    -0.06874559074640274,
    0.03400788456201553,
    0.028241366147994995,
    0.01570940390229225,
    -0.08255919814109802,
    -0.003507057437673211,
    -0.04858864098787308,
    -0.06931954622268677,
    0.015753034502267838,
    -0.05399080365896225,
    -0.06773516535758972,
    -0.038382843136787415,
    0.11845776438713074,
    -0.014403218403458595,
    -0.03173438459634781,
    -0.004671462811529636,
    0.09835341572761536,
    0.04285494238138199,
    0.023395275697112083,
    -0.029868945479393005,
    -0.035358261317014694,
    0.09003769606351852,
    -0.06772198528051376,
    -0.030780483037233353,
    -0.02550729364156723,
    -0.04044777527451515,
    0.0014503343263641,
    -0.1395263522863388,
    -0.18657800555229187,
    0.05882973223924637,
    -0.06178886070847511,
    -0.009072934277355671,
    -0.041414931416511536,
    0.04885120689868927,
    0.04433409497141838,
    -0.03695443645119667,
    -0.0020555462688207626,
    -0.0130494749173522,
    -0.03409783914685249,
    0.018309615552425385,
    -0.0220312662422657,
    0.033994629979133606,
    -0.009020508266985416,
    0.12986057996749878,
    -0.06848220527172089,
    0.0033792653121054173,
    0.01232492458075285,
    -0.03858116269111633,
    0.06665658205747604,
    0.005835055839270353,
    0.01753983646631241,
    -0.09391690045595169,
    -0.0035597907844930887,
    0.10992063581943512,
    0.03458034247159958,
    -0.08827660977840424,
    0.06958472728729248,
    -0.003461760003119707,
    -0.021456221118569374,
    -0.010180692188441753,
    -0.060507938265800476,
    -0.03647487238049507,
    -0.04740937799215317,
    -0.11266341060400009,
    -0.11992509663105011,
    -0.004350410774350166,
    -0.11118977516889572,
    0.04715564474463463,
    -0.04993041604757309,
    -0.04521096497774124,
    -0.12194939702749252,
    -0.0690128281712532,
    0.03282774239778519,
    0.07564299553632736,
    -0.007687045726925135,
    -0.05222487822175026,
    0.04671051725745201,
    0.013224094174802303,
    0.028561387211084366,
    0.06487800925970078,
    -0.027694566175341606,
    -0.017466504126787186,
    0.04192112013697624,
    -0.10267602652311325,
    -0.027740884572267532,
    -0.0839349552989006,
    0.02372908964753151,
    -0.06084754690527916,
    -5.137980707559109e-08,
    0.02193334698677063,
    0.032316938042640686,
    0.06164956092834473,
    -0.057136282324790955,
    -0.06278488785028458,
    -0.034934159368276596,
    -0.014383786357939243,
    -0.010272632353007793,
    -0.030954577028751373,
    -0.0357670895755291,
    0.025619279593229294,
    0.06101657450199127,
    -0.082087941467762,
    0.009034322574734688,
    0.05241328477859497,
    -0.01515828538686037,
    -0.05992646887898445,
    -0.06249704957008362,
    -0.002392258495092392,
    0.06227760761976242,
    -0.062420304864645004,
    -0.05588725954294205,
    -0.052587129175662994,
    0.05300357565283775,
    0.060744017362594604,
    0.030319547280669212,
    0.014796190895140171,
    0.06557632237672806,
    0.06429696083068848,
    0.017659764736890793,
    -0.042138129472732544,
    0.027388187125325203,
    0.014406153000891209,
    0.006170028354972601,
    -0.10193611681461334,
    -0.045655909925699234,
    0.03326311707496643,
    0.014182912185788155,
    0.027668749913573265,
    0.017021719366312027,
    -0.011308952234685421,
    0.034841109067201614,
    0.00012246068217791617,
    0.07959526032209396,
    -0.0248215664178133,
    -0.00558319129049778,
    -0.02151290513575077,
    0.041740648448467255,
    0.010876110754907131,
    -0.0784602239727974,
    -0.04218081012368202,
    -0.021672209724783897,
    0.06518647819757462,
    0.05446312204003334,
    -0.01129255723208189,
    0.11210327595472336,
    0.02803102880716324,
    0.02596665732562542,
    -0.011113490909337997,
    -0.016861967742443085,
    0.09487250447273254,
    0.028300829231739044,
    0.040915586054325104,
    0.02057618461549282
]