[
    -0.023546846583485603,
    0.021800044924020767,
    -0.023322436958551407,
    -0.057894907891750336,
    -0.04259432479739189,
    0.041036270558834076,
    -0.05761696398258209,
    -0.03767026960849762,
    -0.005814420524984598,
    0.01702834479510784,
    0.017333412542939186,
    -0.051106326282024384,
    -0.021085748448967934,
    -0.0576692596077919,
    0.07743161171674728,
    -0.02394348755478859,
    0.047933418303728104,
    0.06835158914327621,
    -0.13062216341495514,
    0.033725813031196594,
    0.02212677337229252,
    0.06357639282941818,
    -0.03825724869966507,
    0.0071752360090613365,
    -0.14473940432071686,
    -0.02283157780766487,
    -0.026070334017276764,
    -0.07027759402990341,
    0.042402107268571854,
    -0.05579887330532074,
    0.040543992072343826,
    -0.0053556994535028934,
    0.05397225171327591,
    0.07853146642446518,
    -0.013425146229565144,
    0.029104720801115036,
    0.026042556390166283,
    0.008239571936428547,
    -0.008746632374823093,
    0.009452207013964653,
    -0.05482201650738716,
    -0.05651509761810303,
    -0.04520530626177788,
    -0.015601973049342632,
    0.07123621553182602,
    0.011800946667790413,
    -0.059239789843559265,
    -0.044263798743486404,
    -0.004714061040431261,
    -9.919752483256161e-05,
    -0.05435468629002571,
    -0.05779534950852394,
    -0.04414752870798111,
    0.07572430372238159,
    -0.03165742754936218,
    -0.04163164645433426,
    -0.0340270958840847,
    -0.0029912765603512526,
    -0.05502227321267128,
    -0.012263527140021324,
    0.023908473551273346,
    0.003343700896948576,
    -0.00764686893671751,
    0.09430370479822159,
    -0.04239439591765404,
    0.03304720297455788,
    -0.035706501454114914,
    -0.04107776656746864,
    0.020882708951830864,
    -0.012805579230189323,
    -0.10687386244535446,
    -0.03602245822548866,
    0.00641621183604002,
    0.060122404247522354,
    -0.0064273313619196415,
    -0.010318027809262276,
    -0.08473750203847885,
    0.037266094237565994,
    0.08173741400241852,
    -0.10915735363960266,
    -0.03144874796271324,
    0.046430543065071106,
    0.015196537598967552,
    0.10302156955003738,
    -0.06266718357801437,
    -0.03512044996023178,
    -0.026911793276667595,
    -0.04189363867044449,
    -0.015718478709459305,
    -0.03167657554149628,
    0.1028398871421814,
    -0.04031646251678467,
    0.09312298148870468,
    -0.056549932807683945,
    0.0036759846843779087,
    -0.018007542937994003,
    -0.02199385315179825,
    -0.04497953876852989,
    0.014547755941748619,
    -0.01792842708528042,
    -0.013282526284456253,
    0.02233339287340641,
    -0.0674896389245987,
    -0.006713546346873045,
    -0.06664225459098816,
    -0.0665244534611702,
    0.010304542258381844,
    -0.001484823995269835,
    0.04985729977488518,
    0.04343476518988609,
    0.013560627587139606,
    0.0229400135576725,
    -0.077053502202034,
    -0.12966930866241455,
    0.04619847610592842,
    -0.017262432724237442,
    -0.06236795336008072,
    0.06784457713365555,
    0.04855241999030113,
    0.01881852187216282,
    -0.013126365840435028,
    -0.02213462069630623,
    -0.031827908009290695,
    -0.124849833548069,
    0.046962007880210876,
    0.036397721618413925,
    -0.02289530821144581,
    1.812545726600352e-32,
    0.010502706281840801,
    0.056883085519075394,
    -0.018091605976223946,
    0.029410649091005325,
    0.03321920707821846,
    -0.01516787987202406,
    0.008186321705579758,
    -0.03171924129128456,
    -0.057825423777103424,
    0.09516274183988571,
    -0.018802931532263756,
    0.0707777887582779,
    -0.05812728404998779,
    0.005988174118101597,
    -0.028036780655384064,
    -0.0044859121553599834,
    -0.014246875420212746,
    0.10296984761953354,
    -0.014881337992846966,
    0.08769478648900986,
    0.010158810764551163,
    -0.03552684560418129,
    0.01661566086113453,
    -0.02342049777507782,
    -0.0018156844889745116,
    -0.007734788116067648,
    -0.003308497602120042,
    -0.028793878853321075,
    0.040916938334703445,
    0.017737852409482002,
    0.05008532106876373,
    0.021728767082095146,
    0.007440542336553335,
    -0.045067768543958664,
    0.008862655609846115,
    0.08072566986083984,
    0.01755010522902012,
    -0.07580489665269852,
    0.07119130343198776,
    -0.06702485680580139,
    -0.056228071451187134,
    0.015371392481029034,
    0.04691562056541443,
    0.022415287792682648,
    0.03801627829670906,
    0.00452932296320796,
    0.025182316079735756,
    -0.03895548731088638,
    0.10057801753282547,
    0.044966116547584534,
    -0.00392169551923871,
    -0.016545183956623077,
    0.04902951046824455,
    0.0016488124383613467,
    0.03837789222598076,
    -0.046218425035476685,
    -0.012588790617883205,
    0.0359356589615345,
    -0.06275025755167007,
    0.08280611038208008,
    -0.0005002240650355816,
    0.04768643155694008,
    -0.04853246733546257,
    0.028791358694434166,
    -0.031713806092739105,
    -0.08303559571504593,
    -0.029122244566679,
    -0.05903410166501999,
    0.08111433684825897,
    -0.005909898318350315,
    -0.09024851769208908,
    0.08083990216255188,
    -0.051518555730581284,
    0.016899041831493378,
    -0.03661535307765007,
    -0.0654207170009613,
    -0.029751216992735863,
    -0.016625627875328064,
    0.017156526446342468,
    0.012223394587635994,
    -0.09838473796844482,
    0.02134186588227749,
    0.03712102025747299,
    0.037032127380371094,
    0.002958692843094468,
    -0.028742389753460884,
    0.06593725830316544,
    0.08013465255498886,
    -0.0426032580435276,
    -0.06762690097093582,
    -0.021059462800621986,
    0.027650315314531326,
    0.03971797227859497,
    0.08349069207906723,
    0.041261665523052216,
    -1.8932300425360615e-32,
    0.002052991883829236,
    -0.016620967537164688,
    -0.0511540025472641,
    0.01301077101379633,
    0.06257761269807816,
    0.028171099722385406,
    -0.035276349633932114,
    -0.12533392012119293,
    0.09852196276187897,
    -0.012477507814764977,
    0.009363021701574326,
    -0.034323737025260925,
    0.002811378799378872,
    -0.02093302644789219,
    -0.04981696233153343,
    -0.03003617934882641,
    -0.0587993822991848,
    -0.05967920273542404,
    -0.011667544022202492,
    0.06619799137115479,
    -0.0081049595028162,
    -0.022466374561190605,
    0.01805095747113228,
    0.1018679291009903,
    0.028013894334435463,
    0.042177438735961914,
    -0.030333755537867546,
    -0.011331409215927124,
    0.12012513726949692,
    -0.04782908037304878,
    0.003659693291410804,
    -0.025395467877388,
    -0.05218133330345154,
    0.06646215170621872,
    -0.09050270169973373,
    -0.16406066715717316,
    0.05539394170045853,
    -0.05876241624355316,
    0.001462550018914044,
    -0.011452563107013702,
    0.07973355799913406,
    0.030726496130228043,
    0.002045947825536132,
    0.043554507195949554,
    0.004165670834481716,
    -0.05786452814936638,
    0.023974884301424026,
    -0.04584330692887306,
    -0.04602169618010521,
    -0.015040980651974678,
    0.01884637586772442,
    -0.030160080641508102,
    -0.021473025903105736,
    0.05215558782219887,
    -0.024797003716230392,
    0.08686921000480652,
    0.0029781684279441833,
    -0.04232440143823624,
    -0.06962329149246216,
    -0.012107125483453274,
    0.0733252540230751,
    0.09888078272342682,
    -0.021509947255253792,
    0.06483491510152817,
    0.03348835930228233,
    -0.01658804900944233,
    0.016471097245812416,
    -0.027470432221889496,
    -0.05768641084432602,
    -0.06240784004330635,
    -0.0709499791264534,
    -0.13136358559131622,
    -0.07766036689281464,
    -0.08524211496114731,
    0.09085390716791153,
    -0.0676065981388092,
    -0.04421822354197502,
    -0.1160624548792839,
    -0.07506915181875229,
    0.053562961518764496,
    0.015897665172815323,
    -0.005044369958341122,
    -0.04620738327503204,
    0.02456132508814335,
    -0.015181519091129303,
    0.03969496488571167,
    0.05262722074985504,
    -0.0553470179438591,
    0.02628430537879467,
    0.08358176052570343,
    -0.08824576437473297,
    -0.011996999382972717,
    -0.03430671617388725,
    0.03245401009917259,
    -0.06857756525278091,
    -5.486928600362262e-08,
    -0.03569784387946129,
    0.0071411654353141785,
    -0.002195010194554925,
    -0.052709877490997314,
    0.0045325132086873055,
    -0.050510723143815994,
    -0.06128739193081856,
    -0.005308215506374836,
    -0.042285311967134476,
    -0.0802287682890892,
    0.04969441518187523,
    0.04747793450951576,
    -0.04127003625035286,
    -0.021115722134709358,
    0.09202850610017776,
    -0.03400133177638054,
    -0.05996772274374962,
    0.02117004431784153,
    -0.06424488127231598,
    0.07385480403900146,
    -0.04517355188727379,
    -0.03418061137199402,
    -0.0863470584154129,
    -0.04586006700992584,
    0.0462719090282917,
    0.03665570914745331,
    -0.024979906156659126,
    0.06595291197299957,
    0.07857134938240051,
    0.0803675502538681,
    0.026839464902877808,
    0.01884509064257145,
    0.043210383504629135,
    -0.013422477059066296,
    -0.06543567031621933,
    -0.044869497418403625,
    0.031232008710503578,
    -0.006419139914214611,
    0.06916466355323792,
    0.017595743760466576,
    -0.0052191633731126785,
    0.01933661289513111,
    0.04592485353350639,
    0.09166684746742249,
    -0.014475707896053791,
    -0.03129715472459793,
    -0.01048544142395258,
    0.03270881623029709,
    0.015527901239693165,
    -0.12391303479671478,
    -0.0018282069358974695,
    -0.013813594356179237,
    0.06185007840394974,
    0.015022456645965576,
    -0.052019644528627396,
    0.03937537223100662,
    0.033509429544210434,
    0.030923524871468544,
    -0.023432111367583275,
    0.011150714010000229,
    0.08634456992149353,
    0.0075137000530958176,
    0.08897201716899872,
    0.004576278850436211
]