[
    -0.034508295357227325,
    -0.028406046330928802,
    -0.037316132336854935,
    -0.08083858340978622,
    -0.013690657913684845,
    0.05520801618695259,
    0.03303714096546173,
    -0.04898226633667946,
    -0.05038592219352722,
    -0.044971734285354614,
    -0.013419689610600471,
    -0.06195775792002678,
    -0.04647295922040939,
    -0.0551006905734539,
    0.073295459151268,
    0.004161939024925232,
    0.036397580057382584,
    0.054808102548122406,
    -0.04881887882947922,
    0.047043588012456894,
    0.0709725171327591,
    0.016388701274991035,
    -0.041948460042476654,
    -0.0497242696583271,
    -0.10226909071207047,
    -0.014448892325162888,
    0.004515484906733036,
    -0.05184232443571091,
    -0.013682916760444641,
    -0.04405547305941582,
    0.025624658912420273,
    -0.002141289645805955,
    -0.02284814789891243,
    0.04622505605220795,
    0.09843502938747406,
    -0.01834995113313198,
    0.0704667940735817,
    0.018666695803403854,
    0.04198385030031204,
    -0.031935401260852814,
    -0.0395774245262146,
    -0.048456449061632156,
    -0.07505820691585541,
    -0.013721355237066746,
    -0.006291409023106098,
    0.00692828930914402,
    -0.00611058110371232,
    -0.09066744893789291,
    -0.03172577917575836,
    0.030775506049394608,
    -0.024824969470500946,
    0.002378146629780531,
    0.028220899403095245,
    0.05502145364880562,
    0.02444375306367874,
    -0.06520416587591171,
    -0.009699868969619274,
    0.05852631852030754,
    -0.030302582308650017,
    -0.036344945430755615,
    0.026693599298596382,
    -0.02679366245865822,
    0.011937526054680347,
    0.0035077109932899475,
    -0.027501553297042847,
    0.05260542407631874,
    -0.03528628870844841,
    -0.07603903114795685,
    -0.028466030955314636,
    -0.06880571693181992,
    -0.12168930470943451,
    -0.04460277408361435,
    -0.08830420672893524,
    0.025163020938634872,
    -0.03438738361001015,
    -0.021071113646030426,
    -0.038047876209020615,
    0.06075494736433029,
    0.027172693982720375,
    -0.13146714866161346,
    -0.025618262588977814,
    0.07531005889177322,
    -0.00587628735229373,
    0.02936919406056404,
    -0.10462682694196701,
    -0.01945073902606964,
    0.008824007585644722,
    -0.03734474256634712,
    0.007374322507530451,
    0.05420226603746414,
    0.04571045935153961,
    -0.07198571413755417,
    0.09919018298387527,
    -0.04463658109307289,
    0.06350100040435791,
    -0.002187323523685336,
    0.052439428865909576,
    -0.025572052225470543,
    0.06782820075750351,
    -0.022709211334586143,
    -0.015206138603389263,
    0.00996321253478527,
    -0.009408984333276749,
    -0.002904654247686267,
    -0.05206015333533287,
    0.0024200393818318844,
    0.032050758600234985,
    0.01216953620314598,
    -0.019875990226864815,
    -0.022190377116203308,
    0.05197016894817352,
    0.02367326058447361,
    -0.08594149351119995,
    -0.06733845174312592,
    0.08625615388154984,
    -0.04233212023973465,
    -0.04368215799331665,
    0.07285331189632416,
    0.01681053638458252,
    -0.03308814764022827,
    -0.02874123491346836,
    0.01912321336567402,
    -0.04596820846199989,
    -0.035267800092697144,
    -0.01321423053741455,
    -0.013035295531153679,
    -0.03466719016432762,
    2.0549839426809623e-32,
    -0.015940962359309196,
    0.06002431735396385,
    -0.05581584572792053,
    -0.0015049660578370094,
    -0.015155323781073093,
    0.0014623060123994946,
    0.04650147259235382,
    0.028077807277441025,
    -0.05955376476049423,
    0.09227503091096878,
    -0.05720609053969383,
    0.0765446200966835,
    -0.0410459078848362,
    -0.018140841275453568,
    -0.07134131342172623,
    0.029444806277751923,
    -0.026744507253170013,
    0.07744081318378448,
    0.038800764828920364,
    0.03517681360244751,
    0.09153925627470016,
    -0.005046534352004528,
    0.0533527210354805,
    -0.04152802377939224,
    0.0038065838161855936,
    0.04207293316721916,
    -0.01692941039800644,
    -0.014944948256015778,
    0.024405445903539658,
    0.031110767275094986,
    0.04408944025635719,
    -0.0271502323448658,
    0.06918014585971832,
    -0.05569298565387726,
    -0.024478374049067497,
    0.13513275980949402,
    0.06632737815380096,
    -0.02349432371556759,
    0.010475166141986847,
    -0.1459791362285614,
    -0.0017482442781329155,
    0.022005945444107056,
    0.07885145395994186,
    0.03504572808742523,
    -0.011906521394848824,
    -0.021611306816339493,
    0.035100746899843216,
    0.05553717538714409,
    0.0728125050663948,
    0.10438022017478943,
    -0.020437253639101982,
    -0.03812653198838234,
    0.040896475315093994,
    -0.05696491524577141,
    -0.0002900003455579281,
    -0.02275959961116314,
    -0.02669483982026577,
    0.013994223438203335,
    -0.08753374218940735,
    0.028802691027522087,
    0.012908712029457092,
    -0.009523986838757992,
    -0.10682690888643265,
    0.009566131979227066,
    -0.0017162017757073045,
    -0.03583445027470589,
    -0.0019825631752610207,
    0.0130567392334342,
    0.06283397227525711,
    -0.003937470726668835,
    -0.03300958126783371,
    0.04543601721525192,
    0.0021605188958346844,
    0.025347484275698662,
    0.026615994051098824,
    -0.016817661002278328,
    -0.01298572588711977,
    -0.05094068497419357,
    0.009710347279906273,
    0.05783694237470627,
    -0.06773743778467178,
    -0.009394710883498192,
    -0.02322491817176342,
    -0.01846170239150524,
    -0.006708456203341484,
    0.07039130479097366,
    0.06131840497255325,
    0.0181324053555727,
    -0.00491322111338377,
    -0.029618196189403534,
    0.021486593410372734,
    -0.0025712528731673956,
    0.027737677097320557,
    0.04807503893971443,
    -0.02757890895009041,
    -2.091820849963062e-32,
    0.06618212163448334,
    -0.06931810826063156,
    -0.017791688442230225,
    -0.00835658423602581,
    0.030356289818882942,
    0.06388463824987411,
    -0.006111448630690575,
    -0.11870937794446945,
    -0.009527533315122128,
    0.019665084779262543,
    0.0392502136528492,
    -0.09863077849149704,
    -0.040978990495204926,
    -0.014078750275075436,
    -0.0535530187189579,
    -0.07633083313703537,
    -0.08847974240779877,
    0.017543278634548187,
    0.04795484617352486,
    0.06718465685844421,
    0.010766305029392242,
    0.061210256069898605,
    0.009519477374851704,
    0.13233309984207153,
    -0.025690704584121704,
    0.007913866080343723,
    -0.04047591611742973,
    -0.0003207762201782316,
    0.054490961134433746,
    -0.006474224850535393,
    -0.0003910793748218566,
    -0.031868018209934235,
    -0.012099405750632286,
    0.03383345901966095,
    -0.10128439962863922,
    -0.1485912948846817,
    0.05432002246379852,
    -0.0622720941901207,
    -0.009708101861178875,
    -0.030742097645998,
    0.001218460383825004,
    0.0880439355969429,
    -0.05251561105251312,
    0.040609899908304214,
    -0.01620567962527275,
    -0.03740042448043823,
    -0.006430287845432758,
    0.011667325161397457,
    -0.01665051467716694,
    -0.02551105059683323,
    0.01393202506005764,
    -0.032911621034145355,
    -0.04026154428720474,
    0.010967510752379894,
    -0.010706953704357147,
    0.10619612038135529,
    0.056374430656433105,
    0.032118573784828186,
    -0.0100025599822402,
    -0.0013195856008678675,
    -0.0039643822237849236,
    0.08011912554502487,
    0.03425222635269165,
    0.14561258256435394,
    0.08930306136608124,
    -0.07593750953674316,
    -0.06776028871536255,
    -0.08906839787960052,
    -0.018029281869530678,
    -0.05564264953136444,
    -0.06686830520629883,
    -0.15462665259838104,
    -0.06535256654024124,
    -0.039829645305871964,
    0.0065345861949026585,
    -0.023946622386574745,
    0.02397369034588337,
    -0.062278635799884796,
    -0.05084456130862236,
    0.028833163902163506,
    0.05332924798130989,
    0.03320218622684479,
    -0.045198265463113785,
    0.10193314403295517,
    0.013932859525084496,
    0.07410936802625656,
    0.08844319730997086,
    0.009598537348210812,
    0.06824921071529388,
    0.08351441472768784,
    -0.06518971920013428,
    -0.041263822466135025,
    0.009354662150144577,
    0.03224775940179825,
    -0.023441940546035767,
    -5.582045403684788e-08,
    -0.04407456889748573,
    0.10868921130895615,
    -0.045629046857357025,
    0.02629096806049347,
    -0.03998813405632973,
    -0.014622398652136326,
    -0.013366482220590115,
    -5.407667049439624e-05,
    -0.08752872794866562,
    -0.1224309429526329,
    0.0636836588382721,
    0.030860576778650284,
    -0.0946914553642273,
    0.003142806002870202,
    0.05300963670015335,
    -0.020536450669169426,
    -0.042428161948919296,
    -0.002333763986825943,
    -0.033975642174482346,
    0.08162793517112732,
    -0.030491946265101433,
    -0.0369684100151062,
    -0.0577811636030674,
    0.05567855015397072,
    0.03264104574918747,
    0.006621477194130421,
    -0.0045531876385211945,
    0.08095935732126236,
    0.07456835359334946,
    -0.008195687085390091,
    -0.01180898305028677,
    0.018927965313196182,
    -0.06009093299508095,
    -0.02692905068397522,
    -0.06135295331478119,
    -0.012802713550627232,
    0.0015309315640479326,
    0.013384160585701466,
    0.004489711951464415,
    0.012402945198118687,
    -0.04465672746300697,
    -0.020831990987062454,
    -0.012715005315840244,
    -0.0010890559060499072,
    -0.0302909966558218,
    0.0033637825399637222,
    -0.07492003589868546,
    -0.007085526827722788,
    0.0037310137413442135,
    -0.06299532204866409,
    -0.046214502304792404,
    -0.059172336012125015,
    0.06484062969684601,
    -0.009948519989848137,
    -0.063096784055233,
    0.026871971786022186,
    -0.05479058995842934,
    0.04831555485725403,
    -0.012295588850975037,
    -0.05552412196993828,
    0.17286349833011627,
    0.06235980615019798,
    0.04946359619498253,
    -0.02425779588520527
]