[
    -0.03410554304718971,
    0.0630083978176117,
    -0.022196127101778984,
    -0.025544116273522377,
    -0.03786364197731018,
    0.04358716309070587,
    -0.01793588139116764,
    -0.03609604388475418,
    0.0766615942120552,
    0.01779569685459137,
    0.013980034738779068,
    -0.022594014182686806,
    -0.0315549336373806,
    -0.00033499413984827697,
    0.03101719729602337,
    0.016899455338716507,
    0.06685727834701538,
    0.02414216659963131,
    -0.07267920672893524,
    0.061472490429878235,
    0.03358045220375061,
    0.018087701871991158,
    -0.025842225179076195,
    -0.0021203828509896994,
    -0.12473024427890778,
    -0.06374257802963257,
    -0.03807031735777855,
    -0.07621238380670547,
    0.08048860728740692,
    -0.059792790561914444,
    0.03069734200835228,
    0.031879525631666183,
    0.03885343670845032,
    0.05639851093292236,
    0.057352740317583084,
    -0.01639334112405777,
    0.05797884985804558,
    -0.032814692705869675,
    0.00456656701862812,
    0.00735073396936059,
    -0.06091376766562462,
    -0.03699697554111481,
    -0.06669139862060547,
    -0.037830933928489685,
    -0.001505048479884863,
    0.013171072117984295,
    0.004072675947099924,
    -0.012081862427294254,
    -0.0193015243858099,
    -0.010710331611335278,
    -0.10889876633882523,
    -0.01924862712621689,
    -0.05604581907391548,
    0.032550983130931854,
    -0.05742819234728813,
    -0.024988366290926933,
    -0.014616715721786022,
    0.04584343358874321,
    -0.022705553099513054,
    -0.015368659980595112,
    0.030285857617855072,
    0.01791689172387123,
    -0.0471898578107357,
    0.07749688625335693,
    -0.008957771584391594,
    0.030525637790560722,
    -0.0030227156821638346,
    0.01003597117960453,
    0.056627560406923294,
    0.029631411656737328,
    -0.04778114706277847,
    0.047581348568201065,
    0.03555721044540405,
    0.021597793325781822,
    -0.0546131394803524,
    0.018166767433285713,
    -0.021096469834446907,
    0.011049116961658001,
    0.017976704984903336,
    -0.0895749181509018,
    -0.016401557251811028,
    -0.0202906746417284,
    -0.030593665316700935,
    0.013064070604741573,
    -0.0698043629527092,
    -0.07501057535409927,
    -0.044617660343647,
    -0.043779462575912476,
    -0.033676352351903915,
    0.024725235998630524,
    0.046608760952949524,
    -0.08415817469358444,
    0.048718467354774475,
    -0.03867921605706215,
    0.060607656836509705,
    -0.017681196331977844,
    0.011583649553358555,
    0.0010527533013373613,
    0.045427076518535614,
    0.006498034577816725,
    0.037248801440000534,
    0.05936933308839798,
    -0.06799433380365372,
    -0.05851006880402565,
    -0.07311248779296875,
    -0.009438743814826012,
    -0.029554253444075584,
    -0.05792089179158211,
    0.028006721287965775,
    0.03395301103591919,
    0.02130461297929287,
    0.009897647425532341,
    -0.02901996113359928,
    -0.08286549896001816,
    0.1038273423910141,
    0.008513343520462513,
    -0.010159500874578953,
    0.10574628412723541,
    -0.009292010217905045,
    -0.042918067425489426,
    0.007395162712782621,
    0.011865833774209023,
    -0.03341836482286453,
    -0.05176549404859543,
    -0.012262552045285702,
    -0.06451938301324844,
    0.009007267653942108,
    2.0225137030385798e-32,
    0.016204971820116043,
    0.011507934890687466,
    -0.09254618734121323,
    0.007320508826524019,
    -0.0032224112655967474,
    0.0467982217669487,
    0.012927000410854816,
    0.0036222320050001144,
    -0.022779054939746857,
    0.0761321485042572,
    0.01956937275826931,
    -0.0031928252428770065,
    0.02029176987707615,
    -0.09997201710939407,
    -0.05264761298894882,
    0.04768761992454529,
    -0.06755386292934418,
    0.11154764145612717,
    -0.02990276739001274,
    -0.0002487503516022116,
    0.06847264617681503,
    -0.029280582442879677,
    0.030729111284017563,
    0.04342935234308243,
    0.01839102990925312,
    -0.08108837157487869,
    0.049328673630952835,
    -0.026872048154473305,
    -0.036536335945129395,
    0.014820985496044159,
    0.029381392523646355,
    0.02335219271481037,
    0.038670167326927185,
    0.014013058505952358,
    0.07780005037784576,
    0.10875272750854492,
    0.044831350445747375,
    -0.08285240083932877,
    0.08334700763225555,
    -0.10018670558929443,
    -0.05634298175573349,
    0.02542826347053051,
    0.04346562176942825,
    0.00018870945496018976,
    0.012470915913581848,
    -0.02441432513296604,
    -0.05317455530166626,
    -0.0283647608011961,
    0.014685779809951782,
    0.04609496146440506,
    0.002532856771722436,
    0.019283972680568695,
    0.017512595281004906,
    -0.04135892912745476,
    0.03614834323525429,
    0.026107948273420334,
    -0.035162266343832016,
    0.042062245309352875,
    -0.038809556514024734,
    0.047222595661878586,
    0.03399306535720825,
    0.05054663494229317,
    -0.08357024937868118,
    -0.011387237347662449,
    -0.03957344591617584,
    -0.04727941378951073,
    -0.019086696207523346,
    -0.044823747128248215,
    0.07875271141529083,
    -0.033964551985263824,
    -0.05320527032017708,
    0.0461202971637249,
    0.025907564908266068,
    -0.009196309372782707,
    -0.009250336326658726,
    -0.024031639099121094,
    -0.0249949898570776,
    0.016455981880426407,
    0.08029328286647797,
    0.03773103281855583,
    -0.049239013344049454,
    -0.010041307657957077,
    0.045902226120233536,
    0.03267733007669449,
    -0.002116862218827009,
    -0.013425465673208237,
    0.0466412790119648,
    0.013938264921307564,
    0.028160182759165764,
    -0.0035852938890457153,
    0.06139449402689934,
    -0.01815410889685154,
    -0.01596805267035961,
    0.026770059019327164,
    0.002482296898961067,
    -1.8925614801240313e-32,
    -0.0029317298904061317,
    -0.06262574344873428,
    -0.10799416899681091,
    0.08110660314559937,
    0.009698070585727692,
    0.023682616651058197,
    -0.05959034338593483,
    -0.08666053414344788,
    0.05060908943414688,
    -0.008629956282675266,
    -0.01180319581180811,
    -0.0375848151743412,
    0.01935284398496151,
    -0.036987967789173126,
    -0.0762760192155838,
    -0.027119848877191544,
    0.005283402744680643,
    -0.047550830990076065,
    -0.003746907925233245,
    0.08746630698442459,
    0.07435204833745956,
    0.019111832603812218,
    -0.013723555020987988,
    0.03654671460390091,
    0.03993578627705574,
    -0.024349654093384743,
    -0.02623952552676201,
    -0.06076319143176079,
    0.10603664815425873,
    0.03379816561937332,
    0.0201430507004261,
    -0.01840048097074032,
    -0.08081111311912537,
    0.0350310355424881,
    -0.07096721976995468,
    -0.13057930767536163,
    0.17879188060760498,
    -0.08136424422264099,
    -0.03660508245229721,
    -0.0438191220164299,
    0.0516565777361393,
    0.09792077541351318,
    -8.555020940548275e-06,
    -0.03203905373811722,
    -0.06294421851634979,
    -0.04961968958377838,
    -0.000804610550403595,
    0.00209207646548748,
    0.022750848904252052,
    -0.06869793683290482,
    0.016136646270751953,
    -0.05678755044937134,
    0.0020521481055766344,
    0.02582327276468277,
    -0.027835195884108543,
    0.0302463099360466,
    -0.055668119341135025,
    -0.013448861427605152,
    -0.07213342934846878,
    0.004431510344147682,
    0.07426182180643082,
    0.08929099887609482,
    -0.058186713606119156,
    0.03574078157544136,
    0.0942964032292366,
    -0.0023267471697181463,
    -0.06805915385484695,
    0.014922823756933212,
    -0.044765129685401917,
    -0.06495391577482224,
    -0.029461566358804703,
    -0.15153680741786957,
    -0.0048775505274534225,
    -0.07207372039556503,
    0.08961023390293121,
    -0.003803095780313015,
    -0.017825357615947723,
    -0.11592097580432892,
    -0.12546467781066895,
    0.04272103309631348,
    0.03531802073121071,
    0.041817475110292435,
    -0.05272354185581207,
    0.07647889107465744,
    0.010481763631105423,
    0.07182528078556061,
    0.05227963998913765,
    0.03878885880112648,
    0.03752625733613968,
    0.08512502163648605,
    -0.03454352170228958,
    -0.05206257477402687,
    0.04719867184758186,
    -0.007709382101893425,
    -0.012754524126648903,
    -5.452536200323266e-08,
    -0.04349128156900406,
    0.025130633264780045,
    -0.014497535303235054,
    -0.013228769414126873,
    -0.020937303081154823,
    -0.07929521799087524,
    -0.03800087422132492,
    0.002546771662309766,
    -0.06634218990802765,
    -0.10807293653488159,
    0.029995910823345184,
    -0.021137820556759834,
    -0.05898655951023102,
    -0.039014678448438644,
    0.03272946923971176,
    -0.05905285105109215,
    0.008398693054914474,
    -0.030372483655810356,
    -0.03409096971154213,
    -0.017235558480024338,
    0.030981862917542458,
    -0.053349290043115616,
    -0.06717735528945923,
    0.07995717972517014,
    0.038033176213502884,
    0.052182819694280624,
    -0.0058801486156880856,
    0.0363047793507576,
    0.015965336933732033,
    0.022381868213415146,
    -0.04540977627038956,
    -0.004264543764293194,
    0.03729342296719551,
    -0.06120322272181511,
    -0.03092627227306366,
    0.048249974846839905,
    -0.027881033718585968,
    0.053250059485435486,
    0.04600765183568001,
    0.002637476660311222,
    -0.05625962093472481,
    -0.008203001692891121,
    0.06973352283239365,
    0.09547290951013565,
    -0.0070581501349806786,
    -0.04514655843377113,
    -0.058911651372909546,
    0.03194635361433029,
    -0.02068549208343029,
    -0.1418590098619461,
    -0.05284026637673378,
    -0.07187887281179428,
    0.019279681146144867,
    0.009480468928813934,
    0.01507414411753416,
    0.12719443440437317,
    0.11048246920108795,
    0.07009360194206238,
    -0.019453495740890503,
    -0.04933639615774155,
    0.17301088571548462,
    0.09975969046354294,
    0.026807941496372223,
    -0.026884976774454117
]