[
    -0.009524093940854073,
    -0.004954684991389513,
    -0.0027336645871400833,
    -0.02355092205107212,
    0.01368213351815939,
    0.06715809553861618,
    -0.02490425296127796,
    -0.03799298405647278,
    -0.006337644997984171,
    0.05045134574174881,
    0.03407356142997742,
    -0.09067270904779434,
    -0.006851998623460531,
    -0.049177952110767365,
    0.06459289789199829,
    -0.006129687186330557,
    0.0746682807803154,
    0.07047094404697418,
    -0.08418809622526169,
    -0.011006202548742294,
    0.07745358347892761,
    0.03374907001852989,
    -0.030202945694327354,
    0.011669177561998367,
    -0.14410044252872467,
    -0.03967674449086189,
    -0.0016713443910703063,
    -0.019505448639392853,
    0.06559275090694427,
    -0.08760662376880646,
    -0.0016247930470854044,
    0.012834550812840462,
    0.04072962701320648,
    0.03684527426958084,
    0.003776044584810734,
    -0.026152634993195534,
    0.03610550984740257,
    -0.03783990815281868,
    0.01242300495505333,
    -0.023150335997343063,
    -0.0403309166431427,
    -0.03536788374185562,
    -0.05453265830874443,
    0.0029650162905454636,
    -0.005792459473013878,
    -0.013025371357798576,
    0.029455218464136124,
    -0.03275448828935623,
    -0.06314881891012192,
    -0.038520123809576035,
    -0.05455024167895317,
    -0.036731280386447906,
    0.025083186104893684,
    0.029605096206068993,
    -0.043193161487579346,
    -0.11215797811746597,
    -0.004130291286855936,
    0.014782550744712353,
    -0.021276967599987984,
    -0.036489371210336685,
    0.013059809803962708,
    -0.04620940238237381,
    -0.05507339909672737,
    0.05395031347870827,
    -0.04872576519846916,
    0.04703867807984352,
    -0.05916992202401161,
    -0.015511744655668736,
    0.027384741231799126,
    -0.0027092425152659416,
    -0.083335280418396,
    0.01943146251142025,
    0.003283632919192314,
    0.027535516768693924,
    -0.04830610379576683,
    0.03597663342952728,
    -0.058573395013809204,
    0.08162134885787964,
    0.07517565786838531,
    -0.13920053839683533,
    -0.005822592414915562,
    -0.009433489292860031,
    0.0008184450562112033,
    0.10122121870517731,
    -0.018684308975934982,
    -0.0660121813416481,
    -0.012408648617565632,
    0.0007848981767892838,
    0.0014854281907901168,
    0.024933692067861557,
    0.10265901684761047,
    -0.019085031002759933,
    0.12155355513095856,
    -0.06552881747484207,
    0.002360142068937421,
    -0.02461102046072483,
    -0.014550095424056053,
    -0.03872225433588028,
    0.0775829330086708,
    0.006300587672740221,
    0.012336441315710545,
    0.04789732024073601,
    -0.11086669564247131,
    -0.05331974849104881,
    -0.019945606589317322,
    -0.038200948387384415,
    -0.019568491727113724,
    -0.030392823740839958,
    0.020157990977168083,
    0.03401338681578636,
    0.027550097554922104,
    0.003642500378191471,
    -0.05428348854184151,
    -0.09670139104127884,
    0.08100618422031403,
    -0.016943542286753654,
    -0.02149943821132183,
    0.08438654989004135,
    -0.005426786839962006,
    -0.016739729791879654,
    -0.028009437024593353,
    -0.011143358424305916,
    -0.05191803723573685,
    -0.09201760590076447,
    0.04519743099808693,
    0.04222874715924263,
    -0.04936249554157257,
    2.11146365443889e-32,
    0.018324028700590134,
    0.01304115541279316,
    -0.11405204981565475,
    0.014767426066100597,
    0.01604165881872177,
    -0.027830945327878,
    0.021381547674536705,
    0.02279197983443737,
    -0.053973935544490814,
    0.07295576483011246,
    0.00024014487280510366,
    -0.008836952969431877,
    -0.0018553604604676366,
    0.030671268701553345,
    -0.03190039098262787,
    0.0321083627641201,
    -0.02275831066071987,
    0.09022777527570724,
    -0.03272425755858421,
    0.023985331878066063,
    0.026554327458143234,
    -0.0364421047270298,
    0.0523105263710022,
    0.030571287497878075,
    0.04574304074048996,
    -0.007872859947383404,
    -0.008267371915280819,
    -0.013203239068388939,
    -0.02374432049691677,
    0.012984680011868477,
    0.07624395936727524,
    0.03843143582344055,
    0.06348513811826706,
    -0.014721181243658066,
    0.03934188187122345,
    0.09536968916654587,
    0.03994998335838318,
    -0.05663594976067543,
    0.06611279398202896,
    -0.013817215338349342,
    -0.020484402775764465,
    -0.0020280934404581785,
    0.04779195785522461,
    0.009441440925002098,
    0.009922715835273266,
    -0.05187550559639931,
    -0.031442221254110336,
    -0.04162757843732834,
    0.08076354116201401,
    0.04597557336091995,
    0.019016295671463013,
    -0.001522380392998457,
    0.07130827009677887,
    -0.019770856946706772,
    -0.01739322394132614,
    0.024061840027570724,
    -0.04900771379470825,
    0.03091682307422161,
    -0.03299669548869133,
    0.027972733601927757,
    -0.05362817645072937,
    0.05278793349862099,
    -0.008188161067664623,
    0.062097303569316864,
    0.007840060628950596,
    0.0015793874626979232,
    -0.046234551817178726,
    -0.00642221886664629,
    0.04393253102898598,
    0.0012612228747457266,
    -0.0026901219971477985,
    0.013975334353744984,
    -0.06529326736927032,
    -0.006125263869762421,
    -0.04514225572347641,
    -0.06970330327749252,
    0.0016119623323902488,
    -5.522210994968191e-05,
    0.05645675212144852,
    -0.026777947321534157,
    -0.054796043783426285,
    -0.044919196516275406,
    0.01937658153474331,
    -0.021349454298615456,
    0.010959945619106293,
    -0.016825539991259575,
    0.10043416172266006,
    0.01943899132311344,
    0.016043925657868385,
    -0.0065687657333910465,
    -0.006129665765911341,
    -0.0015918536810204387,
    -0.03477642312645912,
    0.06028445065021515,
    0.0022611592430621386,
    -2.0648843969139692e-32,
    0.0005834363400936127,
    0.013173588551580906,
    -0.07806839048862457,
    0.009440741501748562,
    -0.0008218369330279529,
    0.05058510974049568,
    -0.04490452632308006,
    -0.14180800318717957,
    0.11003342270851135,
    -0.0008332915604114532,
    -0.034789688885211945,
    -0.07577940076589584,
    0.009419809095561504,
    0.01357258576899767,
    -0.04358750954270363,
    -0.06478980928659439,
    -0.028258971869945526,
    -0.0044622765854001045,
    -0.015024987049400806,
    0.03322979435324669,
    0.00155496911611408,
    -0.021640965715050697,
    -0.009185196831822395,
    0.05841223523020744,
    -0.0064967782236635685,
    -0.005047863814979792,
    -0.01750834472477436,
    -0.04461360350251198,
    0.08290553838014603,
    0.05310969054698944,
    -0.02908003330230713,
    -0.04172850027680397,
    -0.03720426931977272,
    0.07745642215013504,
    -0.09472379833459854,
    -0.14370471239089966,
    0.13344591856002808,
    -0.07731205224990845,
    -0.056428562849760056,
    -0.011872830800712109,
    -0.01879982464015484,
    0.06981663405895233,
    -0.04594986140727997,
    -0.026533272117376328,
    -0.06382898986339569,
    -0.053922586143016815,
    0.013295573182404041,
    -0.027549978345632553,
    -0.036990806460380554,
    -0.04047023132443428,
    0.027839163318276405,
    -0.030308065935969353,
    -0.04359320551156998,
    0.10429311543703079,
    -0.053216345608234406,
    0.05833534896373749,
    0.04429300129413605,
    -0.0015673047164455056,
    -0.03116314299404621,
    0.05056867003440857,
    0.05670769512653351,
    0.0937497615814209,
    -0.03987215831875801,
    0.018878234550356865,
    0.13408389687538147,
    -0.06099870428442955,
    -0.023131169378757477,
    -0.08741337805986404,
    -0.0032670230139046907,
    -0.06595990061759949,
    -0.01345550175756216,
    -0.11890405416488647,
    -0.04536065831780434,
    -0.05885640159249306,
    0.07539570331573486,
    -0.0017617703415453434,
    -0.0489332340657711,
    -0.04852648824453354,
    -0.12474392354488373,
    0.06580022722482681,
    0.06099505349993706,
    0.017616797238588333,
    0.026818590238690376,
    0.05390745401382446,
    -0.024536699056625366,
    0.07415113598108292,
    0.06583310663700104,
    0.0014879123773425817,
    0.04823737218976021,
    0.08888602256774902,
    -0.09687816351652145,
    -0.0661727711558342,
    -0.024875236675143242,
    0.04223109409213066,
    -0.02998754195868969,
    -6.114435535664597e-08,
    -0.02650056965649128,
    0.025528647005558014,
    -0.0019361234735697508,
    0.04097496718168259,
    -0.008128117769956589,
    0.015240051783621311,
    -0.05734987184405327,
    0.006107800640165806,
    -0.1100456714630127,
    -0.15438489615917206,
    0.05897032469511032,
    -0.0002797807683236897,
    -0.047220516949892044,
    -0.03914302960038185,
    0.0701068788766861,
    -0.03401708975434303,
    -0.0557732917368412,
    0.023161958903074265,
    -0.08820009231567383,
    0.06287159770727158,
    -0.025052083656191826,
    -0.022082017734646797,
    -0.0700116828083992,
    -0.010784183628857136,
    0.034886833280324936,
    0.015324005857110023,
    -0.009111253544688225,
    0.11090346425771713,
    0.054196909070014954,
    0.02092847414314747,
    -0.010320940986275673,
    -0.009782725013792515,
    0.04756671562790871,
    -0.05291812866926193,
    -0.010640101507306099,
    -0.01722075790166855,
    0.0033799060620367527,
    0.01300790999084711,
    0.05595824122428894,
    0.022910404950380325,
    -0.03921114653348923,
    0.05691677704453468,
    0.023184219375252724,
    0.07387218624353409,
    0.03286028653383255,
    0.008500450290739536,
    -0.09975825250148773,
    0.01704876869916916,
    0.02991737425327301,
    -0.11674687266349792,
    0.009182502515614033,
    -0.10502017289400101,
    0.0298161543905735,
    0.04690184071660042,
    -0.021839195862412453,
    0.03131808713078499,
    0.014860653318464756,
    0.05183149874210358,
    -0.05656199902296066,
    -0.05290069803595543,
    0.15036256611347198,
    0.051044464111328125,
    0.03592091426253319,
    -0.05991647019982338
]