[
    -0.00860497634857893,
    -0.0054508233442902565,
    -0.0055040339939296246,
    -0.047938860952854156,
    -0.015492522157728672,
    0.005005192942917347,
    0.0016003601485863328,
    0.009313330985605717,
    -0.03437343239784241,
    0.03327333927154541,
    0.0037151395808905363,
    -0.0026189745403826237,
    -0.0023721137549728155,
    0.02218882367014885,
    0.07605208456516266,
    0.01178296934813261,
    0.029583746567368507,
    -0.007311211433261633,
    -0.06443539261817932,
    0.1107674390077591,
    0.022791722789406776,
    -0.004867318086326122,
    -0.05139848589897156,
    -0.021886732429265976,
    -0.06098533794283867,
    -0.005997234955430031,
    -0.06078282743692398,
    -0.025972334668040276,
    0.05926079675555229,
    -0.07154938578605652,
    0.0632781907916069,
    0.08850011974573135,
    0.03261673077940941,
    0.08835475891828537,
    0.03272596374154091,
    -0.012987146154046059,
    0.0639180839061737,
    -0.044193070381879807,
    0.015906263142824173,
    -0.007964756339788437,
    -0.043752387166023254,
    -0.039685677736997604,
    -0.02342306822538376,
    -0.006298295687884092,
    -0.003926321864128113,
    0.0519779771566391,
    0.0006908914656378329,
    0.011301515623927116,
    -0.07615230232477188,
    -0.006615797523409128,
    -0.12477196753025055,
    -0.035849932581186295,
    -0.08238989114761353,
    0.07677222788333893,
    -0.016240578144788742,
    -0.06104027479887009,
    -0.008081134408712387,
    0.05050044134259224,
    -0.049042634665966034,
    -0.08112183213233948,
    0.0059837112203240395,
    0.025482118129730225,
    -0.06733886152505875,
    0.022994861006736755,
    0.018512168899178505,
    0.01171074341982603,
    0.015584238804876804,
    0.02429015189409256,
    0.03506471589207649,
    -0.018221072852611542,
    -0.04028439521789551,
    0.039646558463573456,
    -0.029268188402056694,
    0.039820313453674316,
    -0.041887275874614716,
    -0.04977351799607277,
    -0.00014467081928160042,
    0.08312445133924484,
    -0.007197802886366844,
    -0.07672860473394394,
    -0.051215630024671555,
    0.04959247261285782,
    -0.015997566282749176,
    0.0005303995567373931,
    -0.061579909175634384,
    -0.04712057113647461,
    -0.016887998208403587,
    0.013618125580251217,
    -0.014596832916140556,
    -0.005573300179094076,
    0.05503381788730621,
    -0.08740796893835068,
    0.04977875202894211,
    -0.01688660867512226,
    0.022820834070444107,
    -0.009705014526844025,
    0.014208282344043255,
    -0.009490016847848892,
    0.0648745447397232,
    0.013434340246021748,
    0.043739985674619675,
    0.030629411339759827,
    -0.03490933030843735,
    -0.05978524312376976,
    0.018187206238508224,
    -0.03446904197335243,
    -0.031191321089863777,
    -0.020799657329916954,
    -0.027221890166401863,
    0.007492767181247473,
    0.0307302325963974,
    -0.024970710277557373,
    -0.069685198366642,
    -0.11260679364204407,
    0.052377309650182724,
    -0.00015138833259698004,
    -0.03428058326244354,
    0.12471035122871399,
    0.0415862575173378,
    -0.04164014756679535,
    -0.039455655962228775,
    0.0025407748762518167,
    -0.05316707491874695,
    -0.12770171463489532,
    -0.031158046796917915,
    -0.057164888828992844,
    0.010782922618091106,
    1.6092868841694424e-32,
    -0.0748446136713028,
    0.020764341577887535,
    -0.07223020493984222,
    0.05002368986606598,
    0.04905511066317558,
    -0.03618352487683296,
    0.02790174074470997,
    0.023451652377843857,
    -0.02148718200623989,
    0.005795608274638653,
    -0.05814697965979576,
    0.004380981437861919,
    0.025375882163643837,
    -0.034043967723846436,
    -0.06433477997779846,
    -0.006145306397229433,
    -0.05882605165243149,
    0.050560105592012405,
    -0.004143777769058943,
    0.023863213136792183,
    0.08189797401428223,
    -0.02659025602042675,
    0.032356251031160355,
    -0.00407793466001749,
    0.017253689467906952,
    -0.0076709589920938015,
    0.08440100401639938,
    -0.01604878157377243,
    -0.08228226751089096,
    0.0065752738155424595,
    0.061913155019283295,
    0.031836606562137604,
    0.06409499049186707,
    0.030920032411813736,
    0.07777036726474762,
    0.13046301901340485,
    -0.030311858281493187,
    -0.07411596924066544,
    0.0734519511461258,
    -0.025262750685214996,
    -0.08651182055473328,
    -0.0033007017336785793,
    -0.02516244910657406,
    -0.004619940649718046,
    -0.008613396435976028,
    0.00034226401476189494,
    -0.015207185409963131,
    -0.013678734190762043,
    0.0635240375995636,
    0.03552837297320366,
    0.036717358976602554,
    -0.07699687033891678,
    0.08657827228307724,
    -0.03405516967177391,
    0.03670676797628403,
    0.021356526762247086,
    -0.08753431588411331,
    -0.0008444304694421589,
    -0.08067382872104645,
    0.016384081915020943,
    0.0003802710270974785,
    -0.0476214736700058,
    -0.05828605219721794,
    -0.0025574706960469484,
    -0.02835514210164547,
    -0.1189771294593811,
    -0.05191121995449066,
    -0.0354917086660862,
    0.06919848173856735,
    -0.06025306507945061,
    0.00775320827960968,
    0.04279337450861931,
    -0.025997038930654526,
    -0.01118835061788559,
    0.06614115834236145,
    -0.016109907999634743,
    0.059473197907209396,
    -0.06313818693161011,
    0.005935567431151867,
    0.007941585034132004,
    -0.10138322412967682,
    -0.01971461810171604,
    0.014100679196417332,
    0.03406944125890732,
    0.03655422851443291,
    0.01993223838508129,
    0.03573937341570854,
    0.03390898182988167,
    -0.06922384351491928,
    -0.004290544427931309,
    0.004198185633867979,
    -0.03687109798192978,
    -0.041978687047958374,
    0.04017360880970955,
    0.10074573755264282,
    -1.5582682252918473e-32,
    0.04095957800745964,
    -0.05119338631629944,
    -0.12684445083141327,
    0.10389845818281174,
    0.03904896229505539,
    0.06608543545007706,
    -0.0036652523558586836,
    -0.06804340332746506,
    0.0548429936170578,
    0.008924662135541439,
    -0.07440633326768875,
    -0.0464579276740551,
    -0.03173400089144707,
    -0.02179768867790699,
    -0.07580623775720596,
    -0.07085325568914413,
    -0.03817575424909592,
    -0.02727847918868065,
    0.06475896388292313,
    0.09177849441766739,
    0.0003601284115575254,
    -0.030767973512411118,
    -0.0066772205755114555,
    0.10128703713417053,
    0.05322631821036339,
    -0.04568653553724289,
    -0.040183667093515396,
    -0.05662957578897476,
    0.07758618891239166,
    0.05616498738527298,
    0.03268492966890335,
    -0.049817878752946854,
    -0.07812318950891495,
    0.032391827553510666,
    -0.09400624781847,
    -0.10662416368722916,
    0.10065232962369919,
    -0.015724092721939087,
    0.04614666849374771,
    0.057208359241485596,
    0.0318274162709713,
    0.10407665371894836,
    0.04643643647432327,
    -0.004720624070614576,
    -0.010058661922812462,
    -0.03280487656593323,
    0.06387079507112503,
    0.04019743204116821,
    0.018438121303915977,
    -0.02483214996755123,
    0.06401938199996948,
    -0.0407923087477684,
    0.020841354504227638,
    -0.004833069629967213,
    0.005116133484989405,
    0.0677543357014656,
    0.0021076337434351444,
    -0.07583536952733994,
    -0.09313812106847763,
    0.06281683593988419,
    0.046586133539676666,
    0.04807329177856445,
    0.0238774623721838,
    -0.007056477479636669,
    0.06397402286529541,
    -0.044568922370672226,
    -0.045672930777072906,
    -0.041729629039764404,
    -0.020019324496388435,
    -0.06150675192475319,
    -0.028975503519177437,
    -0.13049432635307312,
    -0.08353427052497864,
    -0.07259078323841095,
    0.06017947942018509,
    -0.013913705945014954,
    0.0038771100807935,
    -0.01809880882501602,
    -0.07370150089263916,
    -0.03145107999444008,
    0.0458001010119915,
    0.04594443365931511,
    -0.1018357053399086,
    0.07692918926477432,
    0.004495183005928993,
    0.053313978016376495,
    0.04680986702442169,
    0.01673179678618908,
    0.07633408159017563,
    0.072477787733078,
    0.013008518144488335,
    0.05084086209535599,
    0.01571831665933132,
    0.030726542696356773,
    -0.07911893725395203,
    -4.6484800009238825e-08,
    -0.04704244062304497,
    -0.0046435995027422905,
    -0.023066114634275436,
    -0.016314376145601273,
    -0.02887166664004326,
    0.03288706764578819,
    0.05094490572810173,
    0.007199607323855162,
    -0.025086579844355583,
    -0.08636424690485,
    0.09541058540344238,
    -0.0022094270680099726,
    -0.06603842973709106,
    -0.026116665452718735,
    0.03450978547334671,
    -0.027483245357871056,
    0.009852278977632523,
    -0.06207224354147911,
    -0.0973275899887085,
    0.08841216564178467,
    0.04391073063015938,
    -0.1032555028796196,
    -0.051244817674160004,
    0.043961819261312485,
    0.022494694218039513,
    -0.012826979160308838,
    0.06584165245294571,
    0.11847849935293198,
    0.02241653949022293,
    -0.03135795518755913,
    -0.05015008896589279,
    0.04097137600183487,
    0.004602850414812565,
    -0.07607028633356094,
    -0.07261272519826889,
    0.003202843712642789,
    0.042585913091897964,
    0.02139396220445633,
    0.04226715490221977,
    0.012900552712380886,
    -0.022025831043720245,
    -0.0016499257180839777,
    0.020925303921103477,
    0.009831096976995468,
    0.012035105377435684,
    0.02370425872504711,
    -0.0856628566980362,
    0.0489240437746048,
    -0.036591727286577225,
    -0.06371980905532837,
    -0.058947354555130005,
    0.001955274026840925,
    0.007329956162720919,
    0.04342116788029671,
    -0.005653289146721363,
    0.09304030239582062,
    0.061730653047561646,
    0.03542680665850639,
    0.06756913661956787,
    -0.058502256870269775,
    0.10112527012825012,
    0.09616570174694061,
    0.039808519184589386,
    0.02131214551627636
]