[
    -0.032872866839170456,
    0.004518677014857531,
    -0.014578323811292648,
    -0.03737500682473183,
    -0.04096494987607002,
    0.07228672504425049,
    -0.0024312189780175686,
    -0.03755057975649834,
    -0.017275279387831688,
    0.041276123374700546,
    0.03625435009598732,
    -0.10332304984331131,
    -0.02196548879146576,
    -0.0019301754655316472,
    0.023678649216890335,
    -0.016490446403622627,
    0.07304302603006363,
    0.032465338706970215,
    -0.09951198101043701,
    -0.028739307075738907,
    0.08711640536785126,
    0.06512127071619034,
    -0.04757274314761162,
    0.031354378908872604,
    -0.12020628154277802,
    -0.039980076253414154,
    -0.03751266747713089,
    0.004553989972919226,
    0.039585988968610764,
    -0.07865587621927261,
    0.018083039671182632,
    0.003805196611210704,
    0.060914911329746246,
    0.014095875434577465,
    -0.03600018844008446,
    0.02323276922106743,
    0.018437828868627548,
    -0.07737773656845093,
    0.00015877812984399498,
    -0.08002915233373642,
    -0.07433987408876419,
    -0.04645540937781334,
    -0.060014449059963226,
    0.009901109151542187,
    -0.0017120370175689459,
    -0.016835911199450493,
    -0.022126927971839905,
    -0.05151478573679924,
    -0.04259452596306801,
    -0.02779705822467804,
    -0.02962777391076088,
    -0.02140357345342636,
    0.019825080409646034,
    0.08207568526268005,
    -0.0587090440094471,
    -0.023701533675193787,
    0.0006110698450356722,
    0.018363988026976585,
    0.0009259222424589097,
    -0.027009574696421623,
    0.0045601618476212025,
    -0.05558088794350624,
    -0.0443413145840168,
    0.04205020144581795,
    -0.08533477038145065,
    0.03673785179853439,
    -0.056345704942941666,
    -0.02797882817685604,
    0.06347855180501938,
    0.035564668476581573,
    -0.06738283485174179,
    -0.016968121752142906,
    -0.01291580405086279,
    0.009282995946705341,
    -0.023018132895231247,
    0.04981955140829086,
    -0.023361898958683014,
    0.04113977774977684,
    0.0790538340806961,
    -0.11809073388576508,
    -0.034212175756692886,
    -0.00574041111394763,
    0.004616600461304188,
    0.011203725822269917,
    -0.008945461362600327,
    -0.04914241284132004,
    -0.006116456352174282,
    0.03488333895802498,
    0.0316854752600193,
    -0.004968638531863689,
    0.09198665618896484,
    -0.035772740840911865,
    0.08629036694765091,
    -0.014218540862202644,
    0.034802451729774475,
    -0.026486145332455635,
    -0.025209803134202957,
    -0.045434240251779556,
    0.026952482759952545,
    0.020054960623383522,
    0.06471796333789825,
    0.006860558409243822,
    -0.1139998584985733,
    -0.0475042350590229,
    -0.009161070920526981,
    -0.05885676294565201,
    -0.05034937337040901,
    -0.004675416741520166,
    -0.024241112172603607,
    0.02365783229470253,
    -0.028194764629006386,
    0.013699970208108425,
    0.0009206011891365051,
    -0.09273086488246918,
    0.01916535384953022,
    0.06042295694351196,
    -0.07417280226945877,
    0.0634896457195282,
    0.06724841147661209,
    -0.014781344681978226,
    0.00624858308583498,
    0.003627903526648879,
    -0.08573689311742783,
    -0.1147027537226677,
    0.060538504272699356,
    -0.0023964971769601107,
    -0.009596441872417927,
    1.973774621580817e-32,
    -0.004007061943411827,
    -0.025580331683158875,
    -0.13504411280155182,
    -0.02336529642343521,
    0.04927310720086098,
    -0.03834440931677818,
    -0.0027828081510961056,
    0.045206137001514435,
    -0.0980277806520462,
    0.0386587455868721,
    0.011100123636424541,
    -0.05350533127784729,
    -0.00249007367528975,
    -0.055362869054079056,
    -0.020730609074234962,
    -0.054794806987047195,
    0.014129029586911201,
    0.09958714246749878,
    0.011500525288283825,
    0.02251090109348297,
    0.03582713380455971,
    -0.04974544420838356,
    0.029721461236476898,
    0.02331281080842018,
    0.060139067471027374,
    -0.04104180261492729,
    0.0008378531783819199,
    -0.03759729489684105,
    -0.02384154312312603,
    0.012218245305120945,
    0.042603377252817154,
    0.04438639432191849,
    0.04784511774778366,
    -0.019191347062587738,
    0.014933394268155098,
    0.06887301802635193,
    0.02448929287493229,
    -0.03447841480374336,
    0.07308021187782288,
    -0.0772644579410553,
    -0.04207860678434372,
    -0.0038613181095570326,
    -0.01491202786564827,
    -0.021971309557557106,
    0.053602516651153564,
    -0.03472334146499634,
    0.00667660403996706,
    -0.011063738726079464,
    0.08461764454841614,
    0.07432505488395691,
    -0.0014575858367606997,
    0.01811523362994194,
    0.020883051678538322,
    0.003293967805802822,
    0.00028615884366445243,
    0.0026923769619315863,
    -0.037573378533124924,
    0.06250869482755661,
    -0.060338594019412994,
    0.02847924456000328,
    -0.02888588048517704,
    0.02835610881447792,
    -0.026595838367938995,
    0.03585438057780266,
    0.023462507873773575,
    -0.05295802652835846,
    -0.041509442031383514,
    -0.05693516507744789,
    0.05610324442386627,
    -0.06602293252944946,
    -0.03907642886042595,
    0.013866261579096317,
    0.017740661278367043,
    -0.011416789144277573,
    -0.08902984857559204,
    -0.07261292636394501,
    0.033301182091236115,
    -0.013399873860180378,
    0.05490081384778023,
    -0.028224017471075058,
    -0.08713127672672272,
    0.01650104485452175,
    0.015227865427732468,
    0.030271051451563835,
    0.11503653228282928,
    -0.0473080612719059,
    0.04526657983660698,
    0.001983926398679614,
    -0.05330154299736023,
    -0.0147249735891819,
    -0.0029377515893429518,
    0.02704220823943615,
    0.005286024417728186,
    0.05496538430452347,
    0.04633282124996185,
    -1.8922339580105334e-32,
    0.023765206336975098,
    -0.016308816149830818,
    -0.08395235240459442,
    0.014893515966832638,
    0.05642564222216606,
    0.08704742789268494,
    -0.06419491022825241,
    -0.07249472290277481,
    0.04577864706516266,
    0.0038744446355849504,
    -0.03020869381725788,
    -0.07666988670825958,
    -0.0019719412084668875,
    0.04843132570385933,
    -0.0762849673628807,
    -0.09465810656547546,
    0.002344876993447542,
    -0.020045209676027298,
    0.03633825108408928,
    0.1113797128200531,
    0.06274324655532837,
    -0.015575934201478958,
    -0.05040361359715462,
    0.08623363822698593,
    -0.02104468271136284,
    0.005035117734223604,
    -0.0442039854824543,
    -0.0329454205930233,
    0.0014339180197566748,
    0.016308514401316643,
    -0.0738629400730133,
    -0.08279773592948914,
    -0.11095161736011505,
    0.04642053321003914,
    -0.004261407069861889,
    -0.19809605181217194,
    0.10904446244239807,
    -0.02756514586508274,
    -0.020142069086432457,
    0.06091119349002838,
    0.0713915079832077,
    0.08504241704940796,
    0.019795183092355728,
    -0.04658326879143715,
    -0.042758140712976456,
    -0.04518811032176018,
    0.0473695732653141,
    -0.0621473602950573,
    -0.07602400332689285,
    -0.03647899255156517,
    0.023834798485040665,
    -0.026421284303069115,
    0.03006100282073021,
    0.05464129522442818,
    -0.0367790162563324,
    0.020837752148509026,
    0.07035297155380249,
    -0.052257899194955826,
    -0.01159469224512577,
    0.03160005435347557,
    0.06682988256216049,
    0.08047246932983398,
    0.01280650682747364,
    0.018897738307714462,
    0.10795891284942627,
    0.016073832288384438,
    -0.06947776675224304,
    -0.059951793402433395,
    0.014210653491318226,
    -0.05821170285344124,
    0.026873186230659485,
    -0.0705621987581253,
    -0.06779547035694122,
    -0.03126661852002144,
    0.13027317821979523,
    -0.033557575196027756,
    -0.051599662750959396,
    -0.09402213245630264,
    -0.10754998028278351,
    0.019530123099684715,
    0.03739167004823685,
    0.09081730991601944,
    -0.03961372748017311,
    0.08562363684177399,
    -0.04164249822497368,
    0.07407433539628983,
    0.07223573327064514,
    -0.01914639212191105,
    0.08102159202098846,
    0.07372549921274185,
    -0.00784218031913042,
    0.007744977716356516,
    0.012812460772693157,
    0.06814318150281906,
    -0.042689673602581024,
    -5.707863692805404e-08,
    -0.049323562532663345,
    0.01690547540783882,
    -0.010442121885716915,
    -0.0341663733124733,
    0.03747981786727905,
    -0.014134043827652931,
    0.042394496500492096,
    -0.04796688258647919,
    -0.07491528242826462,
    -0.09273185580968857,
    0.08316580951213837,
    -0.020083092153072357,
    0.020239844918251038,
    -0.028820117935538292,
    0.03255812078714371,
    -0.02687077596783638,
    -0.0436474084854126,
    0.02253430336713791,
    -0.09918724745512009,
    0.0014857666101306677,
    -0.005238216370344162,
    -0.0014550825580954552,
    -0.04336097091436386,
    0.015252966433763504,
    0.027826162055134773,
    -0.011375605128705502,
    0.04664874076843262,
    0.08443343639373779,
    0.06642024964094162,
    0.0655333548784256,
    -0.02130882814526558,
    0.03865274786949158,
    0.017374297603964806,
    -0.06143327057361603,
    -0.06483469903469086,
    -0.01192524190992117,
    -0.01645873486995697,
    -0.019031455740332603,
    0.03985324129462242,
    0.03837474063038826,
    -0.04405127465724945,
    0.05538942292332649,
    0.04873652383685112,
    0.05941494554281235,
    0.07985885441303253,
    0.0003897081478498876,
    -0.08382680267095566,
    0.008128822781145573,
    0.0026977991219609976,
    -0.08968669176101685,
    -0.012164716608822346,
    -0.030855074524879456,
    0.047169290482997894,
    0.04689187929034233,
    -0.004379551392048597,
    0.09567870944738388,
    0.07947235554456711,
    0.008808651939034462,
    -0.04505364969372749,
    0.0005708574317395687,
    0.08497516810894012,
    0.058533310890197754,
    0.020769406110048294,
    -0.01647813618183136
]