[
    -0.04039006307721138,
    0.052497923374176025,
    -0.022442448884248734,
    -0.04822652414441109,
    0.047064896672964096,
    0.07337530702352524,
    -0.025281105190515518,
    -0.09959118813276291,
    -0.0238655973225832,
    -0.028761446475982666,
    0.0022679895628243685,
    -0.028894510120153427,
    0.02036208286881447,
    -0.05282536894083023,
    0.1021311953663826,
    -0.009015955030918121,
    0.03323948755860329,
    0.05542716011404991,
    -0.07611215114593506,
    0.032291218638420105,
    0.05014681816101074,
    0.06612909585237503,
    -0.04897385090589523,
    -0.016477975994348526,
    -0.07580679655075073,
    -0.0045378850772976875,
    0.022222835570573807,
    -0.029159268364310265,
    0.014755132608115673,
    -0.03816802054643631,
    0.05006641894578934,
    -0.016017530113458633,
    -0.02721954695880413,
    0.10276481509208679,
    -0.010784687474370003,
    -0.0693092793226242,
    -0.006950519047677517,
    0.06565924733877182,
    -0.033632099628448486,
    0.02380950190126896,
    -0.06617243587970734,
    -0.046484753489494324,
    -0.03426903858780861,
    0.012534930370748043,
    0.03832044079899788,
    0.04474213346838951,
    -0.05997995287179947,
    -0.03239678218960762,
    -0.02457784116268158,
    0.05523519217967987,
    -0.05572960525751114,
    -0.021510247141122818,
    0.00480505870655179,
    0.10165426135063171,
    -0.026993369683623314,
    -0.062455274164676666,
    -0.05670957639813423,
    -0.019157983362674713,
    -0.10662764310836792,
    0.04691421985626221,
    0.045440610498189926,
    -0.030249709263443947,
    0.03461747616529465,
    0.04456686973571777,
    -0.04618869721889496,
    -0.000103219055745285,
    -0.054182521998882294,
    -0.021608322858810425,
    -2.5335771169920918e-06,
    0.004252555314451456,
    -0.06907588243484497,
    -0.03817805275321007,
    -0.04040142148733139,
    0.043538857251405716,
    0.011364907026290894,
    0.02255239337682724,
    -0.05307349935173988,
    0.009881391189992428,
    0.06469463557004929,
    -0.15777729451656342,
    -0.032190222293138504,
    0.023014718666672707,
    0.007888438180088997,
    0.0766659751534462,
    -0.06645888090133667,
    -0.04649310186505318,
    -0.016271479427814484,
    -0.006823177915066481,
    -0.04722745716571808,
    -0.035294827073812485,
    0.02883925475180149,
    -0.04850331321358681,
    0.08551523834466934,
    0.002340038539841771,
    0.10719804465770721,
    -0.055981967598199844,
    -0.0011389264836907387,
    -0.03459569439291954,
    0.05029294267296791,
    -0.032352760434150696,
    -0.04260767251253128,
    -0.01981198787689209,
    -0.003204467473551631,
    0.027896281331777573,
    -0.04133371263742447,
    -0.10793644934892654,
    0.03771520406007767,
    -0.005836700554937124,
    0.015410508029162884,
    0.05622699484229088,
    0.05287390202283859,
    0.07732414454221725,
    -0.0639905333518982,
    -0.13189288973808289,
    0.03798169270157814,
    -0.030605558305978775,
    -0.023901885375380516,
    0.06969908624887466,
    0.000143577839480713,
    0.013402399607002735,
    -0.0490579716861248,
    -0.022315960377454758,
    -0.028346268460154533,
    -0.043310124427080154,
    -0.032953668385744095,
    -0.030126772820949554,
    -0.0590934082865715,
    2.2149147980245317e-32,
    0.02727723866701126,
    -0.010354474186897278,
    -0.06128493323922157,
    0.04555371776223183,
    0.02826656959950924,
    0.014527961611747742,
    -0.020865214988589287,
    -0.030515899881720543,
    -0.021044930443167686,
    0.08643258363008499,
    -0.034367069602012634,
    0.018608076497912407,
    -0.016806958243250847,
    -0.00718331802636385,
    -0.021173961460590363,
    0.047098807990550995,
    0.027828404679894447,
    0.12820589542388916,
    -0.021428648382425308,
    0.03854561597108841,
    0.042047739028930664,
    -0.04103335365653038,
    -0.012422421015799046,
    0.056488748639822006,
    -0.04110471531748772,
    0.05037099868059158,
    0.006500552874058485,
    -0.04515799507498741,
    0.024122413247823715,
    0.0167851522564888,
    0.013003910891711712,
    0.011727248318493366,
    0.024959344416856766,
    -0.05043237283825874,
    0.05236968398094177,
    0.10753776878118515,
    0.039483651518821716,
    -0.0565839447081089,
    0.05422057583928108,
    -0.06903358548879623,
    -0.017441118136048317,
    -0.019336557015776634,
    0.09187596291303635,
    0.015383543446660042,
    0.06673647463321686,
    -0.03993702679872513,
    -0.027174565941095352,
    0.016484562307596207,
    -0.014116138219833374,
    0.05891529098153114,
    -0.03670841082930565,
    0.01209584902971983,
    0.0533609613776207,
    -0.03680328652262688,
    -0.004025476519018412,
    -0.013719329610466957,
    -0.08877966552972794,
    0.058826617896556854,
    -0.054030269384384155,
    0.08082043379545212,
    -0.06201077997684479,
    0.050777092576026917,
    -0.04488913714885712,
    -0.0391257181763649,
    -0.0018015693640336394,
    -0.03919374197721481,
    -0.021963875740766525,
    -0.08475241810083389,
    0.06662135571241379,
    0.006234683562070131,
    -0.0016144235851243138,
    0.09621013700962067,
    -0.003713268553838134,
    0.02975650690495968,
    -0.01247892901301384,
    -0.03497347608208656,
    0.006929844617843628,
    -0.01118545513600111,
    0.039032790809869766,
    -0.0027173850685358047,
    -0.07572240382432938,
    0.016405554488301277,
    0.004689751658588648,
    0.03446396812796593,
    -0.045893386006355286,
    0.05089974403381348,
    0.04188928008079529,
    0.008576532825827599,
    -0.05649854242801666,
    -0.021014906466007233,
    -0.007614846341311932,
    0.026933440938591957,
    0.05503727123141289,
    0.0258934423327446,
    0.024721898138523102,
    -2.1848100938263852e-32,
    -0.04130871593952179,
    -0.03809213265776634,
    -0.07006122171878815,
    -0.05502191558480263,
    0.05393369123339653,
    -0.003346754238009453,
    0.015164227224886417,
    -0.08999545872211456,
    0.03449690714478493,
    0.011596767231822014,
    0.05212815850973129,
    -0.08077149093151093,
    0.0031111452262848616,
    -0.03426430746912956,
    -0.06772824376821518,
    0.016448553651571274,
    -0.08211663365364075,
    -0.034156810492277145,
    -0.04275349900126457,
    0.11764808744192123,
    -0.0012178168399259448,
    -0.022409282624721527,
    -0.0032404321245849133,
    0.14869040250778198,
    0.032334599643945694,
    0.07334426045417786,
    -0.059177376329898834,
    0.004550417885184288,
    0.0896899402141571,
    -0.040622614324092865,
    -0.05850418657064438,
    -0.04727718234062195,
    -0.03791727125644684,
    -0.02046084962785244,
    -0.0687042623758316,
    -0.2184615135192871,
    0.03229517862200737,
    -0.07464450597763062,
    -0.03900200501084328,
    -0.028804941102862358,
    0.06604744493961334,
    0.04064124450087547,
    -0.03573260083794594,
    -0.00020171469077467918,
    0.01943662203848362,
    -0.03929535672068596,
    0.05713222920894623,
    0.02797367237508297,
    0.0020212680101394653,
    -0.014078348875045776,
    0.07351425290107727,
    -0.030897319316864014,
    -0.021148497238755226,
    0.04230087995529175,
    -0.025585133582353592,
    0.014030078426003456,
    0.023464182391762733,
    -0.01642097346484661,
    -0.06964842975139618,
    -0.022706564515829086,
    0.05946978181600571,
    0.060330379754304886,
    -0.003577976254746318,
    0.09247488528490067,
    0.026317864656448364,
    -0.05414988100528717,
    -0.026641372591257095,
    -0.05041002109646797,
    -0.012373759411275387,
    -0.07377167046070099,
    -0.09920492023229599,
    -0.08151952177286148,
    -0.020585808902978897,
    -0.11980433762073517,
    0.07969758659601212,
    -0.08456546813249588,
    -0.03535200655460358,
    -0.08372221142053604,
    -0.07843009382486343,
    0.03154696896672249,
    0.044688474386930466,
    0.008024643175303936,
    -0.017705336213111877,
    0.07934784889221191,
    0.03571956977248192,
    0.04216521978378296,
    0.036902543157339096,
    -0.037351302802562714,
    0.00041106287972070277,
    0.05774828419089317,
    -0.09475451707839966,
    -0.004194178618490696,
    -0.10368997603654861,
    0.01962335593998432,
    -0.07325703650712967,
    -5.822815651868041e-08,
    0.03750872611999512,
    0.0880821943283081,
    -0.0038716045673936605,
    -0.049852222204208374,
    -0.02719728648662567,
    -0.0643419623374939,
    -0.031248170882463455,
    -0.00801671203225851,
    0.006237477529793978,
    -0.058031853288412094,
    0.03378477320075035,
    0.05937132611870766,
    -0.044930312782526016,
    -0.02546267956495285,
    0.08999157696962357,
    -0.015844276174902916,
    -0.031128952279686928,
    -0.07225062698125839,
    -0.03200796619057655,
    0.047089122235774994,
    -0.025866378098726273,
    -0.020723601803183556,
    -0.07124009728431702,
    0.06594427675008774,
    0.04138624295592308,
    0.04340047389268875,
    -0.04514015093445778,
    -0.0035696043632924557,
    0.11083009093999863,
    0.06571244448423386,
    -0.017967408522963524,
    0.017674529924988747,
    -0.009875248186290264,
    0.000658276432659477,
    -0.031970396637916565,
    -0.034126363694667816,
    0.041709013283252716,
    -0.011778042651712894,
    -0.024292776361107826,
    -0.021085230633616447,
    0.02601706050336361,
    0.018082767724990845,
    0.006783395539969206,
    0.08836665749549866,
    0.013465660624206066,
    -0.06250748038291931,
    -0.018980087712407112,
    -0.01689120940864086,
    -0.005172134377062321,
    -0.07377464324235916,
    -0.06674908101558685,
    -0.036133844405412674,
    0.10125706344842911,
    0.006206640973687172,
    -0.05408981814980507,
    0.06736572086811066,
    0.015738556161522865,
    0.01203125435858965,
    -0.04423541575670242,
    -0.01946290023624897,
    0.13755828142166138,
    -0.001953979255631566,
    0.035122036933898926,
    0.028411002829670906
]