[
    -0.028606923297047615,
    0.008264313451945782,
    -0.008774392306804657,
    -0.047568824142217636,
    -0.054328661412000656,
    0.03724188357591629,
    -0.04755491018295288,
    -0.08943403512239456,
    -0.0005554028321057558,
    0.03051701933145523,
    0.04105459153652191,
    0.002211375394836068,
    -0.01921813003718853,
    0.03547128289937973,
    0.03735419362783432,
    0.06629454344511032,
    0.08029396831989288,
    0.07428520917892456,
    -0.12085506319999695,
    0.0001557858195155859,
    0.05106959864497185,
    0.0261430274695158,
    -0.004597443155944347,
    0.016553541645407677,
    -0.16839493811130524,
    -0.03503543138504028,
    -0.0389174222946167,
    -0.02954462356865406,
    0.06729865074157715,
    -0.08333144336938858,
    -0.029557136818766594,
    -0.011512134224176407,
    0.028826795518398285,
    0.09365372359752655,
    -0.03295998275279999,
    -0.022023431956768036,
    0.02612549439072609,
    -0.08109014481306076,
    0.03583789989352226,
    -0.006647514179348946,
    -0.0030269487760961056,
    -0.007407541386783123,
    -0.0471295528113842,
    -0.014105946756899357,
    -0.04803920537233353,
    -0.036284059286117554,
    -0.005499348044395447,
    -0.035497818142175674,
    -0.08808793127536774,
    -0.02087080292403698,
    -0.06977512687444687,
    -0.03865378350019455,
    -0.04451293125748634,
    0.09012490510940552,
    -0.008670310489833355,
    -0.05932982638478279,
    0.015459674410521984,
    0.06315082311630249,
    0.016108382493257523,
    -0.017781320959329605,
    0.020792463794350624,
    -0.004586541093885899,
    -0.09729707986116409,
    0.05039406940340996,
    -0.054653313010931015,
    0.01601109653711319,
    -0.017139863222837448,
    -0.016353579238057137,
    0.00885932520031929,
    0.05105480179190636,
    -0.04563393443822861,
    -0.038993265479803085,
    0.03124099224805832,
    -0.003835316514596343,
    -0.0010757552227005363,
    -0.00038204598240554333,
    -0.013788382522761822,
    0.02063598856329918,
    0.029836146160960197,
    -0.08943501114845276,
    -0.08199760317802429,
    -0.03686430677771568,
    -0.020281953737139702,
    0.02989441156387329,
    -0.06698969751596451,
    -0.08700301498174667,
    -0.04212552309036255,
    -0.016427887603640556,
    0.07365002483129501,
    0.028931796550750732,
    0.06261860579252243,
    -0.054395318031311035,
    0.10605122894048691,
    -0.07952430844306946,
    0.03137980028986931,
    -0.009012672118842602,
    0.03748876601457596,
    -0.040567997843027115,
    -0.004925227258354425,
    -0.004914380609989166,
    0.0616825670003891,
    0.016826679930090904,
    -0.10439902544021606,
    -0.019917534664273262,
    0.03268533945083618,
    -0.058367468416690826,
    -0.011416058987379074,
    -0.04874223470687866,
    -0.07920899242162704,
    0.04758797958493233,
    0.013809538446366787,
    0.017854193225502968,
    -0.04558033496141434,
    -0.09150929749011993,
    0.03459792211651802,
    0.06126568466424942,
    -0.013926786370575428,
    0.09716471284627914,
    -0.008852689526975155,
    -0.05484544485807419,
    -0.02386913076043129,
    0.01775326393544674,
    0.038367316126823425,
    -0.0480867400765419,
    0.01960979960858822,
    0.01652410812675953,
    -0.07339112460613251,
    1.9182915820955926e-32,
    -0.013919170014560223,
    -0.06881636381149292,
    -0.16905426979064941,
    -0.04961812123656273,
    0.03630221262574196,
    0.00028645319980569184,
    0.0023657805286347866,
    0.018978925421833992,
    -0.06824900954961777,
    0.0887991264462471,
    -0.0034899248275905848,
    0.0362825021147728,
    0.007476953323930502,
    -0.032968081533908844,
    -0.011222662404179573,
    0.04414404556155205,
    -0.013900024816393852,
    0.0696982890367508,
    0.0018601813353598118,
    0.027307918295264244,
    0.05953345075249672,
    -0.03813213109970093,
    0.010733917355537415,
    0.03595922887325287,
    -0.04448644816875458,
    -0.0175776407122612,
    0.022510521113872528,
    -0.023495234549045563,
    0.014701390638947487,
    0.031718991696834564,
    0.016478756442666054,
    0.019936470314860344,
    0.09206479787826538,
    -0.007968567311763763,
    0.07923758029937744,
    0.12181667238473892,
    -0.06147882342338562,
    -0.008437135256826878,
    0.061058271676301956,
    -0.06227419525384903,
    -0.04490022733807564,
    -0.006381517741829157,
    0.0012671422446146607,
    -0.03417535871267319,
    0.055934175848960876,
    0.006101318169385195,
    -0.00047744327457621694,
    -0.028776345774531364,
    0.09207393229007721,
    0.004959474317729473,
    0.011369091458618641,
    0.017726587131619453,
    0.09767728298902512,
    -0.03266894817352295,
    -0.007488876115530729,
    -0.009086181409657001,
    -0.046533677726984024,
    0.07394522428512573,
    -0.03780507668852806,
    0.019675353541970253,
    -0.021513793617486954,
    0.02138104848563671,
    -0.03255046531558037,
    0.07533109188079834,
    -0.0012692090822383761,
    -0.06801976263523102,
    -0.08061685413122177,
    -0.0067870356142520905,
    0.032133620232343674,
    -0.04863651469349861,
    -0.03401736915111542,
    0.04925151169300079,
    0.015319970436394215,
    0.01872953772544861,
    -0.0649796724319458,
    -0.0324174202978611,
    0.029391882941126823,
    -0.0512365885078907,
    0.049155090004205704,
    -0.08833370357751846,
    -0.06795132160186768,
    -0.029114261269569397,
    0.08333588391542435,
    0.04068249836564064,
    -0.008387723937630653,
    -0.00016851056716404855,
    -0.005629173945635557,
    0.016213402152061462,
    0.023981450125575066,
    0.021281037479639053,
    0.07196156680583954,
    -0.00022048683604225516,
    -0.007197681348770857,
    0.045426733791828156,
    0.05255654454231262,
    -1.9473246762561707e-32,
    0.00464087538421154,
    -0.03904600068926811,
    -0.06269092857837677,
    0.0068038091994822025,
    0.042553890496492386,
    0.027709532529115677,
    -0.06164167821407318,
    -0.0752914547920227,
    0.035791926085948944,
    -0.02887609414756298,
    -0.03575726971030235,
    -0.04545174166560173,
    0.009930978529155254,
    0.0066987997852265835,
    -0.022183220833539963,
    -0.08220983296632767,
    -0.005853538401424885,
    0.003936623223125935,
    0.017550235614180565,
    0.0518338605761528,
    0.11765851825475693,
    0.0016268751351162791,
    -0.021232962608337402,
    0.07820166647434235,
    -0.059026654809713364,
    -0.05299472436308861,
    -0.002979035023599863,
    -0.08194778114557266,
    0.03414616733789444,
    0.10860946774482727,
    0.009020555764436722,
    -0.015189195983111858,
    -0.06477440893650055,
    0.07347606867551804,
    -0.027652539312839508,
    -0.14056527614593506,
    0.07540176063776016,
    -0.02328071929514408,
    -0.07248832285404205,
    -0.028392935171723366,
    0.02034398913383484,
    0.09462719410657883,
    -0.014581373892724514,
    -0.043553031980991364,
    0.009287451393902302,
    -0.037975188344717026,
    0.03687154874205589,
    -0.041292887181043625,
    -0.045572228729724884,
    -0.07355865091085434,
    0.014225931838154793,
    -0.046834029257297516,
    -0.006581713445484638,
    0.03528410941362381,
    -0.012311543338000774,
    0.10270635038614273,
    0.046144016087055206,
    -0.0419686883687973,
    0.005723932292312384,
    0.040699269622564316,
    0.03110567107796669,
    0.045405492186546326,
    -0.012605033814907074,
    0.014034712687134743,
    0.0946691483259201,
    0.04394528642296791,
    -0.0668601393699646,
    -0.01757624000310898,
    0.0057938299141824245,
    -0.01014000829309225,
    0.058558885008096695,
    -0.0744340568780899,
    -0.06398437917232513,
    -0.0484188087284565,
    0.0882590189576149,
    -0.004141723737120628,
    -0.04956547170877457,
    -0.08998622000217438,
    -0.13700661063194275,
    0.06450312584638596,
    0.048130083829164505,
    0.04145517572760582,
    -0.022946178913116455,
    0.07449203729629517,
    -0.005955074448138475,
    0.07086572796106339,
    0.04558024927973747,
    -0.019365252926945686,
    0.025855258107185364,
    0.09821902215480804,
    -0.0178938377648592,
    -0.009180138818919659,
    -0.011186493560671806,
    0.004257035907357931,
    -0.027610504999756813,
    -5.32170041367408e-08,
    -0.08745748549699783,
    -0.020808976143598557,
    -0.03586931526660919,
    0.032720550894737244,
    -0.031419750303030014,
    0.04616681858897209,
    -0.05761699378490448,
    -0.018320737406611443,
    -0.0634034126996994,
    -0.06105709820985794,
    0.05560331046581268,
    -0.01149049587547779,
    -0.04126419126987457,
    0.03638920560479164,
    0.03396736830472946,
    -0.016667669638991356,
    -0.015032586641609669,
    0.020682815462350845,
    -0.08158590644598007,
    0.005191954784095287,
    -0.0450071319937706,
    -0.019253943115472794,
    -0.007138899527490139,
    0.01703494042158127,
    0.0027894608210772276,
    -0.00963426660746336,
    -0.02928999811410904,
    0.12643006443977356,
    0.06404033303260803,
    0.046393394470214844,
    0.00213209493085742,
    0.014796197414398193,
    0.0039024504367262125,
    -0.08045098185539246,
    -0.0597919262945652,
    0.029040176421403885,
    -0.024194730445742607,
    0.0060354722663760185,
    0.04205953702330589,
    0.04780878499150276,
    -0.006800424307584763,
    0.021973920986056328,
    0.059335626661777496,
    0.08818742632865906,
    0.01825849525630474,
    -0.031249772757291794,
    -0.1319401115179062,
    0.004773798864334822,
    0.04035861790180206,
    -0.046523623168468475,
    0.015063370577991009,
    -0.055136505514383316,
    -0.023433513939380646,
    0.005521493963897228,
    0.03117632493376732,
    0.04301498085260391,
    0.07745474576950073,
    0.005547052714973688,
    -0.08469898253679276,
    -0.0054636322893202305,
    0.16151070594787598,
    0.0784027948975563,
    0.10170493274927139,
    -0.07270679622888565
]