[
    -0.03999563679099083,
    0.006981404963880777,
    -0.04989514499902725,
    -0.06555794179439545,
    -0.060224778950214386,
    0.06002310663461685,
    0.0141200702637434,
    -0.014853782020509243,
    -0.012465319596230984,
    0.06407880783081055,
    0.009442140348255634,
    -0.05824790522456169,
    -0.0026452343445271254,
    -0.04039652273058891,
    0.07032359391450882,
    0.04597606509923935,
    0.08764975517988205,
    0.03948507830500603,
    -0.07259481400251389,
    0.01184740662574768,
    0.049278624355793,
    0.03363918513059616,
    -0.04075925424695015,
    -0.02008245885372162,
    -0.13131484389305115,
    -0.06004054471850395,
    -0.0193648524582386,
    -0.00028719627880491316,
    0.035848431289196014,
    -0.09410756826400757,
    0.04048118367791176,
    0.07394108176231384,
    0.01648678630590439,
    0.0860961303114891,
    -0.05952680855989456,
    -0.005252073053270578,
    0.004511600825935602,
    -0.05640918388962746,
    -0.008185824379324913,
    -0.023379627615213394,
    -0.02987319603562355,
    0.015722135081887245,
    -0.059889376163482666,
    -0.06030387058854103,
    0.011034482158720493,
    0.002225527772679925,
    -0.013237717561423779,
    -0.0011126241879537702,
    -0.028459900990128517,
    -0.01406919676810503,
    -0.08108895272016525,
    -0.023748110979795456,
    -0.010138520039618015,
    0.10188322514295578,
    -0.08194196969270706,
    0.007669814396649599,
    0.014081929810345173,
    0.049645233899354935,
    -0.010576858185231686,
    -0.03667863830924034,
    -0.013334129936993122,
    -0.029967978596687317,
    -0.0347529873251915,
    0.053153663873672485,
    -0.04368292912840843,
    0.001857209368608892,
    -0.03917059674859047,
    -0.01842469349503517,
    0.026695679873228073,
    -0.015804030001163483,
    -0.015147753059864044,
    0.03194062411785126,
    0.05488942191004753,
    -0.008725372143089771,
    -0.03316642343997955,
    -0.007697087712585926,
    -0.009318562224507332,
    0.033970531076192856,
    0.05267756059765816,
    -0.05509233474731445,
    -0.06035734713077545,
    0.0031330259516835213,
    -0.04588267207145691,
    -0.03789917752146721,
    -0.03795298933982849,
    -0.04795325919985771,
    -0.016659410670399666,
    0.00739078875631094,
    0.013932672329246998,
    0.047899823635816574,
    0.06277116388082504,
    -0.04684162884950638,
    0.08468665927648544,
    -0.048252902925014496,
    0.07670532912015915,
    0.01308565866202116,
    0.042188022285699844,
    -0.022861789911985397,
    0.06652934104204178,
    -0.004811529535800219,
    0.06750888377428055,
    0.036758486181497574,
    -0.047728829085826874,
    -0.08534294366836548,
    -0.022522957995533943,
    -0.058807097375392914,
    -0.03602367639541626,
    -0.02505350485444069,
    -0.02609129250049591,
    -0.022757895290851593,
    0.0006090742535889149,
    -0.025355976074934006,
    -0.020582063123583794,
    -0.060373250395059586,
    0.09971293807029724,
    0.0011066270526498556,
    -0.0196234080940485,
    0.0830623209476471,
    -0.011388701386749744,
    -0.08399942517280579,
    -0.029094163328409195,
    0.06405723094940186,
    -0.08194588124752045,
    -0.07173722237348557,
    0.02665404975414276,
    -0.031354356557130814,
    -0.05365265905857086,
    1.9481223961099975e-32,
    -0.05417986959218979,
    -0.05444106087088585,
    -0.10994018614292145,
    -0.01619093306362629,
    0.031229007989168167,
    -0.014447580091655254,
    -0.005760550033301115,
    0.005811671726405621,
    -0.0639275312423706,
    0.029384491965174675,
    -0.013654078356921673,
    0.028434110805392265,
    0.023456009104847908,
    -0.0908617377281189,
    -0.0720481127500534,
    0.02109120599925518,
    -0.09528044611215591,
    0.07299554347991943,
    -0.06830902397632599,
    0.013027286157011986,
    0.0015997010050341487,
    0.014736601151525974,
    0.01293786522001028,
    0.02992096357047558,
    0.003935185261070728,
    -0.05901305750012398,
    0.08552373945713043,
    -0.03856582194566727,
    -0.04797983914613724,
    -0.0005880292155779898,
    0.05376534163951874,
    0.03290712833404541,
    0.050488539040088654,
    0.04681743308901787,
    0.07306140661239624,
    0.10232044011354446,
    0.017045632004737854,
    -0.006996867246925831,
    0.04548308625817299,
    -0.06680845469236374,
    -0.07471893727779388,
    0.009805909357964993,
    0.009589980356395245,
    -0.026819521561264992,
    0.021212194114923477,
    -0.027325615286827087,
    -0.03795081004500389,
    -0.053952544927597046,
    0.08303365111351013,
    0.06817421317100525,
    0.015956521034240723,
    -0.025269968435168266,
    0.10120965540409088,
    -0.02700645662844181,
    0.015590422786772251,
    -0.01081602368503809,
    -0.08289410173892975,
    0.08824721723794937,
    -0.06107161194086075,
    0.020905831828713417,
    -0.00032145585282705724,
    0.032849445939064026,
    -0.04427255317568779,
    0.041870638728141785,
    -0.03592688590288162,
    -0.037224821746349335,
    -0.019991664215922356,
    -0.04912160336971283,
    0.04539205878973007,
    -0.08028873056173325,
    -0.002880285494029522,
    0.07280340790748596,
    0.041549552232027054,
    0.04775741696357727,
    -0.05704273283481598,
    -0.01683020405471325,
    -0.011909916065633297,
    0.004347025416791439,
    0.00965824630111456,
    -0.01597343385219574,
    -0.09829550236463547,
    0.0073523749597370625,
    -0.016987333074212074,
    0.06064089015126228,
    0.04416778311133385,
    -0.034217655658721924,
    -0.0036053145304322243,
    -0.04938735440373421,
    0.015111906453967094,
    0.0017138173570856452,
    0.043150778859853745,
    0.017042962834239006,
    -0.04889209568500519,
    0.09010045975446701,
    0.06838918477296829,
    -1.8822410805341932e-32,
    0.014855384826660156,
    -0.05276064947247505,
    -0.11593811213970184,
    0.060810636729002,
    0.062419116497039795,
    0.06343952566385269,
    -0.05425945669412613,
    -0.03604189679026604,
    0.0442870669066906,
    -0.006861313246190548,
    -0.03891674056649208,
    -0.05818330496549606,
    0.017154760658740997,
    0.0345429852604866,
    -0.044524844735860825,
    -0.09754903614521027,
    0.019209707155823708,
    -0.01013962272554636,
    0.04519806429743767,
    0.08078474551439285,
    0.07911232858896255,
    0.021960701793432236,
    -0.014293157495558262,
    0.033002790063619614,
    -0.020871572196483612,
    -0.022380242124199867,
    -0.023256758227944374,
    -0.07019904255867004,
    0.05184059217572212,
    0.019757576286792755,
    -0.015715571120381355,
    -0.045008428394794464,
    -0.12271184474229813,
    0.05027294531464577,
    -0.038544703274965286,
    -0.16012926399707794,
    0.15353472530841827,
    -0.07308483868837357,
    -0.03251142054796219,
    0.000686286948621273,
    0.04501914232969284,
    0.07363662123680115,
    0.017839690670371056,
    -0.042675185948610306,
    0.023039285093545914,
    -0.040929440408945084,
    0.07551198452711105,
    -0.03236789628863335,
    0.0065399715676903725,
    -0.09314946830272675,
    0.02793673612177372,
    -0.04582374542951584,
    0.042891956865787506,
    0.007399763911962509,
    -0.007422641851007938,
    0.01992388814687729,
    0.052020829170942307,
    -0.07373593002557755,
    -0.04113885387778282,
    0.014610424637794495,
    0.0832197517156601,
    0.07390914112329483,
    -0.024631503969430923,
    0.030345184728503227,
    0.06796063482761383,
    0.04407472908496857,
    -0.06882570683956146,
    -0.025934765115380287,
    -0.010211682878434658,
    -0.06710207462310791,
    0.024180341511964798,
    -0.11724317818880081,
    -0.0805499330163002,
    -0.06055944040417671,
    0.11796420812606812,
    0.014466028660535812,
    -0.0312652513384819,
    -0.08663009852170944,
    -0.10631047934293747,
    0.030054103583097458,
    0.057561349123716354,
    0.018422268331050873,
    -0.06818240135908127,
    0.0830620750784874,
    0.01713334023952484,
    0.05706072971224785,
    0.02985985577106476,
    -0.045963387936353683,
    0.04165006801486015,
    0.08771207183599472,
    0.007613401859998703,
    -0.0018392540514469147,
    0.03889279067516327,
    0.044855404645204544,
    -0.04449080303311348,
    -5.147882120581926e-08,
    -0.039241716265678406,
    0.009606216102838516,
    0.008651784621179104,
    -0.000859426858369261,
    -0.06418374925851822,
    -0.0034220886882394552,
    0.0027002261485904455,
    -0.013524058274924755,
    -0.09613480418920517,
    -0.044842250645160675,
    0.03656638786196709,
    -0.025331728160381317,
    -0.002496521221473813,
    0.019399400800466537,
    0.05602002888917923,
    -0.02935843914747238,
    -0.00526804244145751,
    0.00255480851046741,
    -0.04694768786430359,
    0.004372208379209042,
    0.04432068392634392,
    -0.059508081525564194,
    -0.037607256323099136,
    0.06569703668355942,
    0.03898962214589119,
    0.00824693962931633,
    0.038683902472257614,
    0.052981019020080566,
    -0.018531212583184242,
    0.013727681711316109,
    -0.058513443917036057,
    0.08260217308998108,
    -0.0029433323070406914,
    -0.08819444477558136,
    -0.03356528282165527,
    -0.024603845551609993,
    0.009570857509970665,
    0.045957792550325394,
    0.06058627367019653,
    -0.0014437740901485085,
    -0.08342926949262619,
    0.01148777361959219,
    0.06072622165083885,
    0.04486287385225296,
    0.05103139579296112,
    0.0027277821209281683,
    -0.04244372621178627,
    0.03530395030975342,
    0.014574647881090641,
    -0.07320760935544968,
    -0.03533094376325607,
    -0.059243299067020416,
    0.012372283264994621,
    -0.030183563008904457,
    -0.0005986887263134122,
    0.10823646932840347,
    0.10508250445127487,
    0.02334563247859478,
    -0.02488265186548233,
    -0.042441532015800476,
    0.1548495590686798,
    0.11085448414087296,
    0.0410684272646904,
    0.016004594042897224
]