[
    -0.02313156984746456,
    -0.004441728349775076,
    -0.02929319068789482,
    -0.05354239419102669,
    0.01328765694051981,
    0.08484618365764618,
    -0.05614497512578964,
    0.01193212904036045,
    -0.014519511722028255,
    0.041087836027145386,
    0.02455710805952549,
    -0.08902174979448318,
    0.003974215127527714,
    0.03401036188006401,
    0.05732735991477966,
    0.015584021806716919,
    0.057698048651218414,
    0.07314514368772507,
    -0.057391464710235596,
    0.04025870934128761,
    0.030650902539491653,
    0.004909546580165625,
    -0.04084789380431175,
    -0.011645905673503876,
    -0.10946058481931686,
    -0.05038944259285927,
    -0.05122910439968109,
    -0.042186956852674484,
    0.04002327471971512,
    -0.09740011394023895,
    0.018816443160176277,
    0.04984680190682411,
    0.03391818702220917,
    0.05872097611427307,
    -0.007759271655231714,
    0.03208593651652336,
    -0.012797059491276741,
    -0.05992281809449196,
    0.025361673906445503,
    0.017956849187612534,
    -0.04214697703719139,
    -0.029621055349707603,
    -0.07957001030445099,
    -0.00934020709246397,
    -0.00265599531121552,
    0.012158249504864216,
    0.017476290464401245,
    0.0038881758227944374,
    -0.06560040265321732,
    -0.001021746313199401,
    -0.08684132993221283,
    -0.021780773997306824,
    -0.042095791548490524,
    0.05666777491569519,
    -0.0601620115339756,
    -0.07649733871221542,
    0.013430536724627018,
    0.029398242011666298,
    -0.03177918121218681,
    -0.016424382105469704,
    0.005702140741050243,
    -0.0024581956677138805,
    -0.07301601767539978,
    0.06790687143802643,
    0.0046662865206599236,
    0.05247272551059723,
    -0.03131672367453575,
    -0.012888564728200436,
    -0.0322902649641037,
    0.05235099419951439,
    -0.06266359984874725,
    0.011880914680659771,
    0.017429154366254807,
    0.0016392702236771584,
    -0.038362693041563034,
    -0.005782641004770994,
    -0.024187356233596802,
    0.02990993857383728,
    0.05999838188290596,
    -0.10085124522447586,
    -0.06772393733263016,
    0.0421963669359684,
    -0.027430159971117973,
    0.043320268392562866,
    -0.028461698442697525,
    -0.057201240211725235,
    -0.014521217904984951,
    -0.05233868211507797,
    -0.020504586398601532,
    0.027164719998836517,
    0.09517388045787811,
    -0.06895509362220764,
    0.10956025868654251,
    -0.035876914858818054,
    0.025945203378796577,
    -0.006116176955401897,
    -0.022441746667027473,
    -0.016810039058327675,
    0.04730496183037758,
    -0.02336927503347397,
    0.0031520789489150047,
    0.01168119441717863,
    -0.03995632007718086,
    -0.031976424157619476,
    -0.04980745539069176,
    -0.05306403711438179,
    -0.032229870557785034,
    -0.028404956683516502,
    -0.002858291380107403,
    0.031129859387874603,
    0.04363826662302017,
    0.008564061485230923,
    -0.05691207945346832,
    -0.07540454715490341,
    0.08221954852342606,
    -0.005899412091821432,
    -0.021870343014597893,
    0.08863068372011185,
    -0.005519587080925703,
    -0.06866883486509323,
    0.0014600154245272279,
    -0.009596634656190872,
    -0.0679728165268898,
    -0.08771480619907379,
    0.0009253754978999496,
    0.01580764353275299,
    -0.04357277601957321,
    1.6822114680217862e-32,
    -0.007053958252072334,
    0.008157164789736271,
    -0.09058381617069244,
    0.0379522405564785,
    0.018295535817742348,
    -0.014218393713235855,
    -0.010207907296717167,
    0.03677430376410484,
    -0.09303151816129684,
    0.09564677625894547,
    0.019114241003990173,
    0.03743511438369751,
    -0.016061879694461823,
    -0.04460963234305382,
    -0.052586644887924194,
    0.014533310197293758,
    -0.057766854763031006,
    0.08385933190584183,
    -0.05363420769572258,
    0.004189282190054655,
    -0.004020812921226025,
    -0.04780144616961479,
    0.034315187484025955,
    -0.033711791038513184,
    -0.009395224042236805,
    -0.06304328888654709,
    0.0809832438826561,
    -0.025523334741592407,
    -0.026708392426371574,
    0.002793929073959589,
    0.07419928908348083,
    0.004348136484622955,
    0.04959239810705185,
    0.007557407487183809,
    0.03055751509964466,
    0.10874039679765701,
    0.04709375277161598,
    -0.049935486167669296,
    0.033478882163763046,
    -0.02138214185833931,
    -0.06630227714776993,
    0.010013863444328308,
    0.05703762546181679,
    0.008106069639325142,
    0.03302467614412308,
    -0.044806595891714096,
    -0.043349239975214005,
    -0.031441912055015564,
    0.019223490729928017,
    0.0430099256336689,
    -0.01001649722456932,
    -0.021522698923945427,
    0.12124887108802795,
    -0.014700720086693764,
    0.039062730967998505,
    0.015013318508863449,
    -0.06614802777767181,
    0.05079733952879906,
    -0.054178062826395035,
    0.04556103050708771,
    0.008452452719211578,
    0.02362026646733284,
    -0.04055248573422432,
    0.05319235101342201,
    -0.055054668337106705,
    -0.008758733049035072,
    -0.07402238994836807,
    -0.012769948691129684,
    0.07609204202890396,
    -0.016251422464847565,
    -0.06027310714125633,
    0.061751481145620346,
    0.014532423578202724,
    0.026115119457244873,
    -0.05027920380234718,
    -0.042901091277599335,
    -0.04576680809259415,
    -0.05816502124071121,
    0.04878251254558563,
    -0.016326885670423508,
    -0.10986825823783875,
    0.007488569710403681,
    0.06692541390657425,
    0.0507228821516037,
    0.039542049169540405,
    -0.03992285206913948,
    0.04380597919225693,
    -0.006758750881999731,
    -0.014099002815783024,
    -0.02573350816965103,
    0.008906184695661068,
    -0.03269219771027565,
    -0.036367159336805344,
    0.056144993752241135,
    0.05901588127017021,
    -1.6771854949880517e-32,
    -0.011071951128542423,
    -0.013489477336406708,
    -0.09300641715526581,
    0.039090845733881,
    0.04462822154164314,
    0.039974283427000046,
    -0.04546956345438957,
    -0.08467986434698105,
    0.08194587379693985,
    0.0003014797403011471,
    -0.069731205701828,
    -0.03824050351977348,
    -0.03124944120645523,
    -0.00570377241820097,
    -0.048817239701747894,
    -0.07509353011846542,
    -0.059882331639528275,
    -0.016086097806692123,
    0.02172439731657505,
    0.055667273700237274,
    0.044859379529953,
    0.008272100239992142,
    -0.034103795886039734,
    0.09308819472789764,
    -0.006583119742572308,
    -0.0023337318561971188,
    0.0003687047283165157,
    -0.08368782699108124,
    0.07374458760023117,
    0.041507788002491,
    -0.013374937698245049,
    -0.08422977477312088,
    -0.05682428553700447,
    0.007487982977181673,
    -0.0738629698753357,
    -0.1225508525967598,
    0.1357365995645523,
    -0.06788022071123123,
    -0.04372575879096985,
    -0.030469274148344994,
    0.04490558058023453,
    0.0755675882101059,
    0.015357760712504387,
    -0.0456111803650856,
    -0.01386628020554781,
    -0.06137017905712128,
    0.009011232294142246,
    -0.0512961819767952,
    0.015182833187282085,
    -0.03439721092581749,
    0.02329208329319954,
    -0.031231533735990524,
    -0.007847696542739868,
    0.04163488745689392,
    -0.007247358560562134,
    0.04274751618504524,
    0.013784348964691162,
    -0.0049181473441421986,
    0.005574749782681465,
    -0.004652953706681728,
    0.055397339165210724,
    0.1308818757534027,
    -0.021442318335175514,
    -0.0031272373162209988,
    0.10199011117219925,
    -0.07210102677345276,
    -0.06864117085933685,
    -0.027079414576292038,
    -0.00615121703594923,
    -0.03841621056199074,
    -0.07352785766124725,
    -0.07073435187339783,
    -0.025652064010500908,
    -0.07097385078668594,
    0.09819375723600388,
    -0.0038590969052165747,
    -0.05457009747624397,
    -0.05085521191358566,
    -0.07433317601680756,
    0.059088438749313354,
    0.08537548780441284,
    -0.006868647877126932,
    -0.02598414197564125,
    0.07141339778900146,
    -0.024299712851643562,
    0.08598697185516357,
    0.10793791711330414,
    0.019433723762631416,
    0.06733836233615875,
    0.12287646532058716,
    -0.04123103618621826,
    -0.012609614059329033,
    0.00786728784441948,
    0.04370603710412979,
    -0.03654824569821358,
    -5.407152414704797e-08,
    -0.031184189021587372,
    0.029922503978013992,
    -0.014376417733728886,
    -0.041359201073646545,
    -0.043789222836494446,
    0.01892276108264923,
    0.011604709550738335,
    0.0018354258500039577,
    -0.08361667394638062,
    -0.08455737680196762,
    0.07671041041612625,
    0.00797941442579031,
    -0.04305053502321243,
    -0.03686001896858215,
    0.03912004455924034,
    -0.010822341777384281,
    -0.05288662388920784,
    0.00884031318128109,
    -0.08713249117136002,
    0.04760400205850601,
    -0.0013125862460583448,
    -0.012974745593965054,
    -0.08030576258897781,
    0.04252482205629349,
    0.047586891800165176,
    -0.019916057586669922,
    -0.015339731238782406,
    0.0860888659954071,
    0.04267251119017601,
    0.023662591353058815,
    -0.045853592455387115,
    0.0027981512248516083,
    0.009717310778796673,
    -0.1125730350613594,
    -0.014914033003151417,
    0.02487802878022194,
    -0.009430952370166779,
    0.02360176481306553,
    0.10604923218488693,
    0.07570830732584,
    -0.05625025928020477,
    0.02163946069777012,
    0.07694489508867264,
    0.09369179606437683,
    0.04044363275170326,
    0.005598605144768953,
    -0.11984328925609589,
    0.05856266990303993,
    -0.012274674139916897,
    -0.11160589754581451,
    -0.021069098263978958,
    -0.08574962615966797,
    -0.01116387639194727,
    0.0038697952404618263,
    -0.029271822422742844,
    0.06786173582077026,
    0.07423005998134613,
    0.049844563007354736,
    -0.025155846029520035,
    -0.03892191872000694,
    0.13991840183734894,
    0.11862970143556595,
    0.08630067855119705,
    -0.006616725120693445
]