[
    0.0027860517147928476,
    -0.026574617251753807,
    -0.04321378469467163,
    -0.11454208195209503,
    -0.03171651065349579,
    0.08284464478492737,
    -0.006323687266558409,
    -0.007721997797489166,
    -0.027044538408517838,
    0.03130018338561058,
    0.013117513619363308,
    0.012847332283854485,
    0.01153163705021143,
    0.018929533660411835,
    0.10962886363267899,
    -0.035935305058956146,
    0.06406612694263458,
    0.0035643710289150476,
    -0.10666714608669281,
    0.0758335217833519,
    0.07584754377603531,
    0.0203599501401186,
    -0.06506726890802383,
    -0.014730341732501984,
    -0.10375498235225677,
    -0.05816807225346565,
    -0.04579821228981018,
    -0.07531034201383591,
    0.016486695036292076,
    -0.055387675762176514,
    0.020778419449925423,
    0.0134017588570714,
    -0.0069068195298314095,
    0.07084976881742477,
    -0.00366916973143816,
    -0.03251313045620918,
    -0.004573517013341188,
    0.034905869513750076,
    -0.019369998946785927,
    0.0068221851252019405,
    -0.05565941333770752,
    -0.031115340068936348,
    -0.04759124666452408,
    -0.009168458171188831,
    0.05443665385246277,
    -0.003052260261029005,
    -0.06083463132381439,
    -0.055540844798088074,
    -0.014816036447882652,
    -0.014863940887153149,
    -0.05302787944674492,
    -0.0327167734503746,
    -0.014331679791212082,
    0.06487194448709488,
    -0.04475555941462517,
    -0.05855480208992958,
    -0.019052432850003242,
    0.02177266962826252,
    -0.07272341102361679,
    -0.011395682580769062,
    0.04928923770785332,
    0.020039580762386322,
    0.012985761277377605,
    0.06054859608411789,
    -0.07838474214076996,
    0.044273704290390015,
    0.0009199688211083412,
    -0.028566712513566017,
    -0.020569823682308197,
    -0.004952799994498491,
    -0.10576647520065308,
    -0.023566944524645805,
    -0.05417432263493538,
    0.04034622758626938,
    -0.029810110107064247,
    -0.04555479809641838,
    -0.010410226881504059,
    0.052871108055114746,
    0.04919832944869995,
    -0.11468511819839478,
    -0.040771957486867905,
    0.050703175365924835,
    -0.022150974720716476,
    0.0026410911232233047,
    -0.061401814222335815,
    -0.022091995924711227,
    -0.06358033418655396,
    -0.0359465554356575,
    -0.05214507877826691,
    -0.032022129744291306,
    0.034680094569921494,
    -0.06019838526844978,
    0.12618328630924225,
    -0.06120578199625015,
    0.05916376784443855,
    -0.030960647389292717,
    -0.020584719255566597,
    -0.06215134263038635,
    0.05178819224238396,
    -0.0325750969350338,
    -0.030734149739146233,
    0.031432945281267166,
    -0.0034554055891931057,
    0.024092551320791245,
    -0.08431260287761688,
    -0.08553507924079895,
    0.02407279796898365,
    0.002798202447593212,
    0.012023010291159153,
    0.016314465552568436,
    0.007426714524626732,
    0.05291203409433365,
    -0.034298673272132874,
    -0.1454673707485199,
    -0.002514548832550645,
    0.02089575305581093,
    -0.05538953095674515,
    0.05720682442188263,
    0.01753982901573181,
    0.022292472422122955,
    -0.03722226992249489,
    -0.01676463708281517,
    -0.07442736625671387,
    -0.08958057314157486,
    0.005637111607939005,
    0.01328780222684145,
    -0.02138068899512291,
    2.4403603616432427e-32,
    -0.023410426452755928,
    -0.011931964196264744,
    -0.05833671987056732,
    0.06354913115501404,
    0.05081069841980934,
    -0.0060982960276305676,
    0.02819264680147171,
    -0.012804507277905941,
    -0.07024224102497101,
    0.025326183065772057,
    -0.04199853911995888,
    0.05833696946501732,
    -0.06052771210670471,
    0.027278253808617592,
    -0.015051126480102539,
    -0.01811397261917591,
    0.032987505197525024,
    0.09269922226667404,
    0.012526554055511951,
    0.06910640746355057,
    0.012431012466549873,
    0.011493474245071411,
    0.025548795238137245,
    -0.004882869776338339,
    -0.0021464943420141935,
    0.0001719280844554305,
    -0.019030259922146797,
    -0.030845636501908302,
    0.04235680401325226,
    0.018359674140810966,
    0.03258092328906059,
    -0.002087549539282918,
    -0.0034363814629614353,
    -0.025151368230581284,
    -0.019133418798446655,
    0.09256597608327866,
    0.03112425096333027,
    -0.064517542719841,
    0.13127835094928741,
    -0.07147829234600067,
    -0.041489630937576294,
    -0.02083028294146061,
    0.014425665140151978,
    0.030201401561498642,
    0.04273582622408867,
    0.027993565425276756,
    0.03880007192492485,
    0.0018666588002815843,
    0.042997684329748154,
    0.027554204687476158,
    -0.009568041190505028,
    -0.011082585901021957,
    0.06258701533079147,
    -0.039341047406196594,
    0.040630608797073364,
    -0.013142633251845837,
    -0.062241073697805405,
    0.0630989745259285,
    -0.0631180927157402,
    0.12220066040754318,
    -0.03697124868631363,
    0.034941866993904114,
    0.005609304178506136,
    0.03612144663929939,
    0.037819985300302505,
    -0.05279727280139923,
    -0.028418637812137604,
    -0.07402695715427399,
    0.06487221270799637,
    0.030469274148344994,
    -0.06394356489181519,
    0.061972253024578094,
    -0.024063754826784134,
    0.030722131952643394,
    0.011941088363528252,
    -0.03710314258933067,
    0.009700087830424309,
    -0.04996491223573685,
    0.03183712810277939,
    0.008152971975505352,
    -0.15443852543830872,
    0.04031853377819061,
    0.04861950874328613,
    0.0821930393576622,
    0.04816566780209541,
    -0.005246751010417938,
    0.018609780818223953,
    0.02191014029085636,
    -0.04059973359107971,
    -0.03956522420048714,
    -0.03476201742887497,
    0.035955436527729034,
    0.045379605144262314,
    0.08437144756317139,
    0.08911626040935516,
    -2.4512082643230123e-32,
    0.028057899326086044,
    -0.027692485600709915,
    -0.06128676235675812,
    -0.015509238466620445,
    0.01629403419792652,
    0.02423807606101036,
    -0.05019211024045944,
    -0.08380480855703354,
    0.059247422963380814,
    -0.02349189668893814,
    0.027031185105443,
    -0.05889322608709335,
    -0.0006539577152580023,
    -0.021892976015806198,
    -0.06383562833070755,
    -0.06605171412229538,
    -0.14955799281597137,
    -0.04476645588874817,
    0.029515555128455162,
    0.13386675715446472,
    -0.008270365186035633,
    -0.011152143590152264,
    0.007241421844810247,
    0.07875897735357285,
    0.02821068838238716,
    0.04469223693013191,
    -0.060260724276304245,
    0.02863140217959881,
    0.08411554247140884,
    -0.04385071620345116,
    -0.05578060448169708,
    -0.08485382050275803,
    -0.024581603705883026,
    0.01773424819111824,
    -0.06918304413557053,
    -0.1691443771123886,
    0.053593527525663376,
    -0.06771119683980942,
    -0.011286616325378418,
    -0.021335380151867867,
    0.04833153635263443,
    -0.009677011519670486,
    0.01343867089599371,
    0.024369794875383377,
    0.006323762703686953,
    -0.07767874002456665,
    0.02588650956749916,
    -0.03470960631966591,
    0.047419458627700806,
    -0.01889728754758835,
    0.08431313931941986,
    1.601382791704964e-05,
    -0.03390628471970558,
    0.035712890326976776,
    -0.048847511410713196,
    0.0596059188246727,
    0.053861308842897415,
    -0.012611902318894863,
    -0.03884018585085869,
    -0.031063728034496307,
    0.06289961189031601,
    0.07123491168022156,
    0.01023221854120493,
    0.05560707300901413,
    0.09037825465202332,
    -0.04557085037231445,
    -0.0165064949542284,
    -0.09889212995767593,
    -0.027024244889616966,
    -0.0656038224697113,
    -0.04158820956945419,
    -0.12985502183437347,
    -0.07587599009275436,
    -0.05805601924657822,
    0.09623172134160995,
    -0.03320169076323509,
    -0.01723066344857216,
    -0.12886139750480652,
    -0.04155109450221062,
    0.03108932077884674,
    0.012493237853050232,
    0.00854407250881195,
    -0.01944807358086109,
    0.014962940476834774,
    -0.02467077597975731,
    0.06277734041213989,
    0.047744959592819214,
    -0.04527357593178749,
    0.02759283222258091,
    0.07086662203073502,
    -0.06886092573404312,
    -0.0263065155595541,
    0.004734259098768234,
    0.01582961156964302,
    -0.09812776744365692,
    -6.622452985993732e-08,
    -0.031304601579904556,
    0.07270491123199463,
    -0.000909182766918093,
    -0.03788068890571594,
    -0.04969523474574089,
    -0.01921466551721096,
    -0.026428740471601486,
    -0.011473185382783413,
    -0.03413715213537216,
    -0.0971124917268753,
    0.04171471670269966,
    0.07394938170909882,
    -0.007494431920349598,
    -0.0022605585400015116,
    0.08850586414337158,
    0.012205925770103931,
    -0.08590854704380035,
    -0.021503709256649017,
    -0.06300976872444153,
    0.05922841653227806,
    -0.05370975658297539,
    -0.05339252948760986,
    -0.06011749058961868,
    0.01674872450530529,
    0.02686215378344059,
    0.008837093599140644,
    0.00026790727861225605,
    0.06704002618789673,
    0.06958647817373276,
    0.08616364002227783,
    -0.0032599461264908314,
    -0.025919057428836823,
    -0.028147021308541298,
    0.020670752972364426,
    -0.056988514959812164,
    -0.04414450004696846,
    0.010107704438269138,
    -0.03415185213088989,
    0.023271707817912102,
    -0.007347858510911465,
    0.017052844166755676,
    0.0022236343938857317,
    0.0016731537180021405,
    0.06870206445455551,
    -0.01072848029434681,
    -0.05434490740299225,
    -0.02938099578022957,
    0.017024511471390724,
    0.020413663238286972,
    -0.08907943218946457,
    -0.036232903599739075,
    -0.028082311153411865,
    0.06882137060165405,
    -0.019044702872633934,
    -0.04148992896080017,
    0.08182472735643387,
    0.04291824251413345,
    0.039701759815216064,
    -1.3056683201284613e-05,
    0.03446369245648384,
    0.09551872313022614,
    0.047520872205495834,
    0.08473604172468185,
    -0.041208360344171524
]