[
    -0.03717973828315735,
    0.029323561117053032,
    -0.008125741966068745,
    -0.05732254311442375,
    -0.023242903873324394,
    0.08147620409727097,
    -0.07627910375595093,
    -0.047268833965063095,
    -0.04858247935771942,
    -0.01424622442573309,
    0.02206605300307274,
    -0.04086720198392868,
    -0.00222391146235168,
    -0.03328399360179901,
    0.09126285463571548,
    -0.001156129757873714,
    0.04639783501625061,
    0.04299876093864441,
    -0.09754160046577454,
    -0.0007920518983155489,
    0.02101397141814232,
    0.08005224168300629,
    -0.02971026860177517,
    -0.008186831139028072,
    -0.1296449601650238,
    -0.006035245954990387,
    0.015972865745425224,
    -0.0843903198838234,
    0.03117535635828972,
    -0.014873147942125797,
    0.019210107624530792,
    0.010881486348807812,
    0.042828869074583054,
    0.06475922465324402,
    -0.021757863461971283,
    -0.01971781812608242,
    0.013478347100317478,
    0.02422419935464859,
    0.00266341888345778,
    -0.00537955854088068,
    -0.08145739883184433,
    -0.07298155874013901,
    -0.04407821223139763,
    -0.0008115795790217817,
    0.009673058055341244,
    -0.003591921180486679,
    -0.07505030930042267,
    -0.033549051731824875,
    -0.026261258870363235,
    0.051287755370140076,
    -0.057895153760910034,
    -0.06303027272224426,
    -0.013933109119534492,
    0.053526151925325394,
    -0.05220359191298485,
    -0.03730772063136101,
    -0.043740469962358475,
    0.011245695874094963,
    -0.07943768799304962,
    -0.0024601235054433346,
    0.033117420971393585,
    0.005481984931975603,
    -0.046340618282556534,
    0.08104908466339111,
    -0.049406252801418304,
    0.033561963587999344,
    -0.02456572651863098,
    -0.03376174345612526,
    0.028248850256204605,
    0.0009956166613847017,
    -0.09982550144195557,
    -0.03285013511776924,
    -0.053118690848350525,
    0.019565869122743607,
    -0.045444801449775696,
    0.04974117502570152,
    -0.033592719584703445,
    0.04603448510169983,
    0.08868822455406189,
    -0.15681192278862,
    -0.05417344346642494,
    0.047916803508996964,
    0.015800930559635162,
    0.05584576353430748,
    -0.051387764513492584,
    -0.04095197096467018,
    0.004177569877356291,
    0.0211982112377882,
    -0.034283559769392014,
    -0.03105439431965351,
    0.07779937237501144,
    -0.07897498458623886,
    0.11398530751466751,
    -0.026881076395511627,
    0.00959655363112688,
    -0.03813387081027031,
    -0.02991168200969696,
    -0.03806041553616524,
    0.0674835816025734,
    -0.00716888764873147,
    -0.024380840361118317,
    0.021136561408638954,
    -0.04473550617694855,
    0.02159685082733631,
    -0.060138024389743805,
    -0.05915102735161781,
    0.019882000982761383,
    -0.008051409386098385,
    0.010676367208361626,
    0.034851957112550735,
    0.020020514726638794,
    0.04220675677061081,
    -0.039091844111680984,
    -0.15374398231506348,
    0.03159383311867714,
    -0.07194837927818298,
    -0.04217517375946045,
    0.0500698983669281,
    0.07862883806228638,
    -0.00992830190807581,
    0.020224060863256454,
    0.0052404082380235195,
    -0.04175937548279762,
    -0.10375235229730606,
    0.007559181656688452,
    0.01955942064523697,
    -0.014912249520421028,
    1.7701788530816028e-32,
    0.023192409425973892,
    0.006991344038397074,
    -0.06391841918230057,
    0.05181401968002319,
    0.013777043670415878,
    -0.01240311935544014,
    0.030348321422934532,
    -0.017163623124361038,
    -0.03907374292612076,
    0.04319772869348526,
    0.004142679274082184,
    0.07057056576013565,
    -0.06768366694450378,
    -0.060865357518196106,
    -0.018555929884314537,
    0.0012850285274907947,
    0.01246663834899664,
    0.12773989140987396,
    0.022304479032754898,
    0.0662064328789711,
    0.024325663223862648,
    -0.09374712407588959,
    0.02870814874768257,
    0.04313413426280022,
    0.010839369148015976,
    0.021038606762886047,
    0.021469855681061745,
    0.016784487292170525,
    -0.022411780431866646,
    0.020037679001688957,
    0.0949227437376976,
    0.0161270871758461,
    0.0252122413367033,
    -0.02134156972169876,
    0.02135217748582363,
    0.12189088016748428,
    0.07463154941797256,
    -0.056125055998563766,
    0.08712203800678253,
    -0.09172899276018143,
    -0.039328671991825104,
    -0.002691807923838496,
    0.03295275568962097,
    0.013120589777827263,
    0.07026807218790054,
    -0.005678767338395119,
    -0.0005670497776009142,
    -0.00891978107392788,
    0.06087573990225792,
    0.053527846932411194,
    -0.030600447207689285,
    -0.005704475566744804,
    -0.009181175380945206,
    -0.059744641184806824,
    -0.026643630117177963,
    -0.03496745601296425,
    -0.049496863037347794,
    0.027264872565865517,
    -0.06310643255710602,
    0.07115364819765091,
    0.01462464313954115,
    0.04357513040304184,
    -0.021397626027464867,
    0.019311439245939255,
    -0.0028875579591840506,
    -0.030362781137228012,
    0.028766436502337456,
    -0.052368950098752975,
    0.03384779393672943,
    -0.013768954202532768,
    -0.02035423368215561,
    0.07398314028978348,
    -0.04134167358279228,
    0.026414653286337852,
    -0.03745221719145775,
    -0.056248344480991364,
    0.024778904393315315,
    -0.007189344614744186,
    0.04055386781692505,
    0.04379672929644585,
    -0.06870320439338684,
    0.03694160282611847,
    0.009186357259750366,
    0.054949499666690826,
    0.007089688442647457,
    -0.0038430681452155113,
    0.05900021642446518,
    0.061135727912187576,
    -0.060220394283533096,
    -0.05394996330142021,
    0.010432754643261433,
    0.0053626676090061665,
    0.053630705922842026,
    0.10780274868011475,
    0.06695297360420227,
    -1.7374798328511916e-32,
    0.057376619428396225,
    -0.04108129441738129,
    -0.03952173516154289,
    0.010668065398931503,
    0.06397780030965805,
    -0.010007072240114212,
    -0.053636062890291214,
    -0.023419445380568504,
    0.05960330367088318,
    0.03861600533127785,
    0.05750255659222603,
    -0.07884727418422699,
    0.0051918174140155315,
    -0.01694810949265957,
    -0.06945998966693878,
    -0.014616175554692745,
    -0.03597387671470642,
    -0.06409959495067596,
    -0.03178207203745842,
    0.09289529919624329,
    0.023793332278728485,
    0.009971357882022858,
    -0.011823991313576698,
    0.11705994606018066,
    0.03143623471260071,
    0.05924597755074501,
    -0.033421989530324936,
    -0.02542928233742714,
    0.057591233402490616,
    -0.06489835679531097,
    -0.04690272733569145,
    -0.09933056682348251,
    -0.04185982793569565,
    0.04387899115681648,
    -0.07844281196594238,
    -0.19134506583213806,
    0.047739457339048386,
    -0.09184154123067856,
    -0.023051071912050247,
    -0.022333793342113495,
    0.0622892901301384,
    0.03575669974088669,
    -0.03426354005932808,
    0.037313442677259445,
    0.037017107009887695,
    -0.04296080395579338,
    0.06879062205553055,
    -0.05463114753365517,
    0.008906564675271511,
    -0.049273256212472916,
    0.032705776393413544,
    -0.0400056391954422,
    -0.008131110109388828,
    -0.00497894361615181,
    -0.012028799392282963,
    0.05307012051343918,
    0.03185921162366867,
    -0.020052295178174973,
    -0.0716446042060852,
    -0.016310887411236763,
    0.023339511826634407,
    0.07649931311607361,
    0.009633445180952549,
    0.05120602622628212,
    0.05569348856806755,
    -0.02405449002981186,
    0.0010977418860420585,
    -0.04791080951690674,
    -0.03262580558657646,
    -0.08137009292840958,
    -0.06846637278795242,
    -0.08066660910844803,
    -0.07979102432727814,
    -0.08958270400762558,
    0.02714092843234539,
    -0.08000476658344269,
    0.007818035781383514,
    -0.13690370321273804,
    -0.0928233340382576,
    0.0013324050232768059,
    -0.013086237013339996,
    0.015568945556879044,
    -0.0785456970334053,
    0.08360150456428528,
    -0.011547334492206573,
    0.04388578236103058,
    0.03831256553530693,
    -0.03860681876540184,
    0.03197985514998436,
    0.10583142936229706,
    -0.09646844118833542,
    0.008319432847201824,
    -0.05809527635574341,
    0.04965703561902046,
    -0.05730890482664108,
    -5.162812755088453e-08,
    -0.01069564837962389,
    0.12052776664495468,
    -0.04163285344839096,
    0.003411700250580907,
    0.012589378282427788,
    -0.021636396646499634,
    -0.05405497923493385,
    -0.0187528096139431,
    0.00887763500213623,
    -0.07461506128311157,
    0.04083101823925972,
    0.05322230979800224,
    -0.015504861250519753,
    -0.0007503724773414433,
    0.05813106894493103,
    -0.026000715792179108,
    -0.08078063279390335,
    -0.01965237967669964,
    -0.05626950040459633,
    0.05487263947725296,
    -0.05804435908794403,
    -0.0233174879103899,
    -0.004966991953551769,
    -0.008531923405826092,
    0.02401972934603691,
    -0.010067767463624477,
    -0.040100861340761185,
    0.07048111408948898,
    0.09074543416500092,
    0.04595472663640976,
    0.015721715986728668,
    0.02192867547273636,
    -0.005954011343419552,
    -0.028614932671189308,
    -0.05806487798690796,
    -0.06676541268825531,
    0.014148997142910957,
    0.016666991636157036,
    0.0482327975332737,
    0.03496468812227249,
    -0.002121077850461006,
    0.04245138168334961,
    0.03464603051543236,
    0.12262716144323349,
    -0.04016990587115288,
    -0.0471329428255558,
    -0.07052697986364365,
    0.017663558945059776,
    -0.019372476264834404,
    -0.08763949573040009,
    -0.007787737529724836,
    -0.03652529418468475,
    0.09346220642328262,
    -0.014416305348277092,
    -0.046304576098918915,
    0.06296506524085999,
    0.0736086368560791,
    0.02542252652347088,
    0.0027106809429824352,
    0.009299010038375854,
    0.05558789148926735,
    -0.0022736159153282642,
    0.039495255798101425,
    0.017759470269083977
]