[
    0.004592223092913628,
    0.015623733401298523,
    -0.017365513369441032,
    -0.07948164641857147,
    -0.006573816761374474,
    0.07390377670526505,
    -0.05236038565635681,
    -0.005347754806280136,
    -0.06029924377799034,
    0.02754012681543827,
    0.020684145390987396,
    -0.02577507682144642,
    0.0077605838887393475,
    -0.006920670624822378,
    0.04607635736465454,
    0.029463553801178932,
    0.03245099261403084,
    0.07368490844964981,
    -0.08998335897922516,
    0.0353269949555397,
    0.05578070878982544,
    0.05646269768476486,
    -0.10678887367248535,
    0.010653214529156685,
    -0.1311502307653427,
    -0.014547398313879967,
    -0.011030965484678745,
    -0.0038053831085562706,
    0.07393740862607956,
    -0.07848536223173141,
    -0.016764536499977112,
    0.05441059172153473,
    0.01278464775532484,
    0.04505312815308571,
    0.014057619497179985,
    -0.0422959104180336,
    0.03503857180476189,
    -0.016939235851168633,
    -0.0023664284963160753,
    0.005654799751937389,
    -0.0678081065416336,
    -0.01473601907491684,
    -0.0699169859290123,
    -0.01522998046129942,
    -0.01838492788374424,
    -0.04869095981121063,
    -0.016258226707577705,
    -0.048883333802223206,
    -0.036381594836711884,
    0.008114012889564037,
    -0.03888526186347008,
    -0.007412414997816086,
    -0.030678652226924896,
    0.02551979012787342,
    -0.01681084930896759,
    -0.045950789004564285,
    0.0115194795653224,
    0.06743218004703522,
    -0.013184375129640102,
    -0.019761502742767334,
    0.09408155828714371,
    -0.005039542447775602,
    -0.07351134717464447,
    0.03440374135971069,
    -0.015783552080392838,
    0.022155707702040672,
    -0.056587036699056625,
    -0.06241884082555771,
    0.042531635612249374,
    -0.007460663560777903,
    -0.10607417672872543,
    -0.0022378084249794483,
    -0.06179527938365936,
    0.03439014405012131,
    -0.04105478525161743,
    0.020571714267134666,
    -0.024600133299827576,
    0.04098555073142052,
    0.029402025043964386,
    -0.11533797532320023,
    -0.048155345022678375,
    0.014101885259151459,
    0.004908693954348564,
    0.05502735823392868,
    0.004883205983787775,
    -0.04994949325919151,
    -0.040234390646219254,
    -0.004273240454494953,
    0.034016989171504974,
    0.008592856116592884,
    0.03326801583170891,
    -0.10464616864919662,
    0.14687101542949677,
    -0.026463748887181282,
    0.04192638769745827,
    0.012378399260342121,
    0.019573187455534935,
    -0.11088714003562927,
    0.05705792456865311,
    -0.043404653668403625,
    0.03496326133608818,
    -0.01815950870513916,
    -0.06539763510227203,
    -0.02523035742342472,
    -0.016719546169042587,
    -0.06787580251693726,
    0.03107883594930172,
    -0.018449503928422928,
    -0.0012477448908612132,
    -0.01095252949744463,
    0.05138074606657028,
    0.04834405705332756,
    -0.011990701779723167,
    -0.1211206242442131,
    0.0625334084033966,
    0.0036398284137248993,
    -0.03013400174677372,
    0.07399457693099976,
    -0.000539130182005465,
    -0.054604534059762955,
    -0.0034701398108154535,
    0.04205922409892082,
    -0.0038716604467481375,
    -0.08726172149181366,
    0.0114887785166502,
    0.0031526258680969477,
    -0.07145730406045914,
    1.734882431146256e-32,
    -0.042677924036979675,
    -0.01416263822466135,
    -0.14674799144268036,
    0.048110127449035645,
    0.06842624396085739,
    -0.04120710864663124,
    -0.0042928652837872505,
    -0.006260323338210583,
    -0.05683222413063049,
    0.010610987432301044,
    0.03534964099526405,
    0.04971706494688988,
    -0.051195837557315826,
    -0.035906631499528885,
    0.0032913056202232838,
    0.014215259812772274,
    0.02104668691754341,
    0.06217963621020317,
    0.0033678270410746336,
    0.05077395588159561,
    0.009256845340132713,
    -0.0494856983423233,
    0.027125339955091476,
    0.03428007662296295,
    0.010008491575717926,
    0.02590162865817547,
    0.01785828359425068,
    -0.009251727722585201,
    0.012483146972954273,
    0.00253061531111598,
    0.05275769159197807,
    0.02275901287794113,
    0.06531636416912079,
    0.007960637100040913,
    0.05870949849486351,
    0.0754598006606102,
    0.061450324952602386,
    -0.03311791643500328,
    0.053977519273757935,
    -0.08780919760465622,
    -0.0716899037361145,
    -0.00014619271678384393,
    -0.016964102163910866,
    0.020396221429109573,
    0.09620215743780136,
    -0.036040522158145905,
    -0.003436820115894079,
    -0.013603693805634975,
    0.09189878404140472,
    0.02952919341623783,
    -0.0045632608234882355,
    -0.0020019940566271544,
    0.07488162070512772,
    -0.025674348697066307,
    -0.035881999880075455,
    -0.027441060170531273,
    -0.11307177692651749,
    0.07882342487573624,
    -0.06219112500548363,
    0.07717610150575638,
    -0.029514983296394348,
    0.05167170986533165,
    -0.005712577607482672,
    0.04734177142381668,
    0.013059145770967007,
    -0.03767199069261551,
    -0.014687219634652138,
    -0.037317533046007156,
    0.003320183139294386,
    -0.01676361821591854,
    -0.04334092512726784,
    0.02779209613800049,
    0.009156462736427784,
    0.03069205954670906,
    -0.022135036066174507,
    -0.05102528631687164,
    0.03530310466885567,
    -0.03397703170776367,
    0.07625208795070648,
    -0.05316765978932381,
    -0.12247578799724579,
    0.052967216819524765,
    0.025218220427632332,
    0.007116986438632011,
    -0.02750958316028118,
    0.005129972472786903,
    0.06001436710357666,
    -0.009224453940987587,
    0.006644618697464466,
    -0.030022280290722847,
    0.04510107263922691,
    -0.027217712253332138,
    0.0436914823949337,
    0.09115946292877197,
    0.08667147159576416,
    -1.6996693223730234e-32,
    0.021313952282071114,
    -0.05708741024136543,
    -0.05920138582587242,
    -0.01763450726866722,
    -0.0022137933410704136,
    0.019714590162038803,
    -0.0642908439040184,
    -0.05213222652673721,
    0.04543916881084442,
    -0.050676941871643066,
    0.020952686667442322,
    -0.07648695260286331,
    0.00949636846780777,
    0.020428836345672607,
    -0.09766742587089539,
    -0.07383561879396439,
    -0.11108587682247162,
    -0.035489700734615326,
    0.01717153750360012,
    0.08709403872489929,
    0.041129522025585175,
    -0.04112360626459122,
    -0.010665065608918667,
    0.06614121049642563,
    -0.008249510079622269,
    0.04567022994160652,
    -0.08514291048049927,
    -0.05453494191169739,
    0.0242831539362669,
    -0.013154871761798859,
    -0.021143900230526924,
    -0.06680230051279068,
    -0.05428876727819443,
    0.05530201271176338,
    -0.04942169412970543,
    -0.188348650932312,
    0.054880835115909576,
    -0.067580945789814,
    -0.07220477610826492,
    -0.01227562315762043,
    0.021551115438342094,
    0.06310760229825974,
    0.04392094537615776,
    0.008439530618488789,
    -0.001763662090525031,
    -0.016690215095877647,
    0.0716625303030014,
    -0.027449358254671097,
    0.026999300345778465,
    -0.08771581947803497,
    0.06637272238731384,
    -0.06775563955307007,
    0.0020311539992690086,
    0.022596104070544243,
    -0.037595897912979126,
    0.06915824115276337,
    0.07586223632097244,
    0.017648357897996902,
    -0.0694677084684372,
    0.07829103618860245,
    0.006087678950279951,
    0.06580261886119843,
    0.005230994895100594,
    0.07089386880397797,
    0.08469521254301071,
    -0.0075448001734912395,
    -0.06899803131818771,
    -0.04993227869272232,
    -0.03109382465481758,
    -0.028004895895719528,
    -0.03725734353065491,
    -0.10359573364257812,
    -0.09789524972438812,
    -0.04120825603604317,
    0.07119575142860413,
    -0.03408145159482956,
    -0.00388493575155735,
    -0.0985521525144577,
    -0.053951188921928406,
    -0.002133098430931568,
    -0.014704562723636627,
    0.06195973977446556,
    -0.06819267570972443,
    0.08689137548208237,
    -0.022772304713726044,
    0.07035858184099197,
    -0.01305317971855402,
    -0.0067002661526203156,
    0.09652173519134521,
    0.10169196128845215,
    -0.06785400211811066,
    0.017270924523472786,
    -0.008873162791132927,
    0.01714402064681053,
    -0.030604418367147446,
    -4.858700108911762e-08,
    -0.06830939650535583,
    0.0911514088511467,
    -0.07724250108003616,
    -0.013478705659508705,
    -0.0310987439006567,
    0.019440973177552223,
    0.010510647669434547,
    -0.048821382224559784,
    -0.05182090029120445,
    -0.114857979118824,
    -0.0003612017899286002,
    0.0449489988386631,
    -0.021828480064868927,
    0.03739463910460472,
    0.003121373476460576,
    -0.026830270886421204,
    -0.0015546524664387107,
    0.040807094424963,
    -0.03931862860918045,
    0.08550552278757095,
    -0.03305427357554436,
    -0.030768349766731262,
    0.004001425579190254,
    0.025682134553790092,
    0.00786519143730402,
    -0.019433660432696342,
    0.0038601276464760303,
    0.1243918389081955,
    0.04533727094531059,
    0.05641414597630501,
    0.0016288278857246041,
    0.051218219101428986,
    0.044910576194524765,
    -0.007925132289528847,
    -0.054071519523859024,
    -0.019544754177331924,
    -0.02261521853506565,
    0.06329893320798874,
    0.023374687880277634,
    0.013590025715529919,
    0.011925051920115948,
    0.02943195030093193,
    0.02961564064025879,
    0.07263898849487305,
    -0.0296938419342041,
    -0.05155662074685097,
    -0.039550408720970154,
    0.021380852907896042,
    0.05597611516714096,
    -0.0582331120967865,
    -0.04736512899398804,
    -0.06559395790100098,
    0.018947480246424675,
    -0.008544985204935074,
    0.0108045544475317,
    0.07480870932340622,
    0.022398756816983223,
    0.06282242387533188,
    -0.02685939520597458,
    -0.0524757020175457,
    0.11999582499265671,
    0.054742444306612015,
    0.07059898972511292,
    -0.008304497227072716
]