[
    -0.006285242736339569,
    0.020990360528230667,
    0.03619927540421486,
    -0.03673418238759041,
    0.045426562428474426,
    0.12110389024019241,
    -0.0389278307557106,
    -0.02913457714021206,
    -0.09482268244028091,
    -0.022230932489037514,
    -0.0299998726695776,
    -0.00506254518404603,
    -0.004846849013119936,
    -0.04586881399154663,
    0.1134626716375351,
    -0.044719621539115906,
    -0.005384393967688084,
    0.021243030205368996,
    -0.0979391559958458,
    0.1158151626586914,
    0.037648316472768784,
    0.07090410590171814,
    -0.06034829840064049,
    0.024436963722109795,
    -0.0597572922706604,
    -0.006210659630596638,
    0.03809478133916855,
    -0.03337247669696808,
    0.0455721877515316,
    0.019701218232512474,
    0.046828411519527435,
    0.051092762500047684,
    -0.0033164347987622023,
    0.08054207265377045,
    -0.0043642036616802216,
    -0.06570618599653244,
    -0.102171391248703,
    0.022637907415628433,
    -0.08532893657684326,
    0.02131052501499653,
    -0.012900975532829762,
    -0.02786191552877426,
    -0.018482409417629242,
    0.02901832014322281,
    0.06001153588294983,
    -0.005358418449759483,
    -0.05253386124968529,
    -0.01803605444729328,
    0.01224603969603777,
    0.049961064010858536,
    -0.03506910428404808,
    0.027524080127477646,
    -0.05680137127637863,
    0.054195232689380646,
    -0.008083216845989227,
    -0.09367963671684265,
    -0.057741694152355194,
    0.005062962416559458,
    -0.05625002458691597,
    0.011537796817719936,
    0.03599439188838005,
    -0.021067481487989426,
    -0.024403264746069908,
    0.021763961762189865,
    -0.09570757299661636,
    0.053120117634534836,
    -0.030528714880347252,
    0.026442890986800194,
    0.003693239064887166,
    -0.011627836152911186,
    -0.10576879233121872,
    -0.04030308499932289,
    -0.02158905379474163,
    0.045971762388944626,
    0.018023310229182243,
    -0.011161688715219498,
    0.018504712730646133,
    -0.01161281205713749,
    0.038682837039232254,
    -0.14308255910873413,
    -0.08866411447525024,
    -0.005125642754137516,
    0.06348923593759537,
    0.04728960245847702,
    -0.03441222384572029,
    0.016325363889336586,
    -0.04291576147079468,
    -0.012495573610067368,
    -0.01623157411813736,
    -0.07691092044115067,
    0.056649383157491684,
    -0.04741032049059868,
    0.06436149775981903,
    -0.05596195161342621,
    0.09725330770015717,
    -0.010887696407735348,
    -0.009453260339796543,
    -0.10513058304786682,
    0.022140080109238625,
    -0.033256080001592636,
    -0.004887827672064304,
    -0.04458698630332947,
    0.03780265524983406,
    0.08513623476028442,
    -0.07077115029096603,
    -0.08931383490562439,
    0.06565320491790771,
    0.016543114557862282,
    0.015680832788348198,
    0.0696687251329422,
    0.025835242122411728,
    0.016026129946112633,
    0.022376175969839096,
    -0.08713620156049728,
    0.011855206452310085,
    -0.036646440625190735,
    -0.05655154213309288,
    0.0036618253216147423,
    0.08419536799192429,
    0.014454146847128868,
    -0.04906146973371506,
    -0.017095735296607018,
    0.005909716710448265,
    -0.09301773458719254,
    0.01909128576517105,
    0.04044003784656525,
    0.01738072745501995,
    2.0329162402961817e-32,
    -0.020048867911100388,
    -0.012378423474729061,
    -0.0438498854637146,
    0.04498603194952011,
    0.052518393844366074,
    0.006156745366752148,
    0.02462199702858925,
    0.012650029733777046,
    -0.0004992588073946536,
    0.0723271295428276,
    0.011271610856056213,
    0.02687998116016388,
    -0.06982801854610443,
    0.06620726734399796,
    -0.04216931387782097,
    0.011264012195169926,
    0.0012046039337292314,
    0.07212632894515991,
    -0.016265878453850746,
    0.05255211144685745,
    0.02347933128476143,
    0.010569288395345211,
    0.030707333236932755,
    0.023444227874279022,
    -0.023346856236457825,
    -0.017366476356983185,
    0.028819803148508072,
    -0.021410370245575905,
    -0.01570247858762741,
    0.008142129518091679,
    0.03270285576581955,
    0.018220487982034683,
    -0.022104401141405106,
    -0.07588998228311539,
    -0.04752830043435097,
    0.07658164948225021,
    -0.010906339623034,
    -0.022993994876742363,
    0.025077667087316513,
    -0.11197065562009811,
    -0.07593183219432831,
    -0.028738681226968765,
    0.030873369425535202,
    0.04552481323480606,
    0.03389081731438637,
    -0.05484846234321594,
    0.026709897443652153,
    0.005502285435795784,
    0.03352521359920502,
    0.027655629441142082,
    -0.06008005142211914,
    -0.0019891979172825813,
    -0.041351236402988434,
    -0.06553591787815094,
    0.00813846942037344,
    -0.017588337883353233,
    -0.07134457677602768,
    0.0386650487780571,
    -0.04878135770559311,
    0.07103486359119415,
    -0.022294560447335243,
    -0.02183782495558262,
    0.02027563937008381,
    -0.03187964856624603,
    0.034395281225442886,
    0.009743010625243187,
    -0.06633984297513962,
    -0.0801028460264206,
    0.06847530603408813,
    0.011552473530173302,
    0.009104892611503601,
    0.015527434647083282,
    -0.00018306590209249407,
    0.030102750286459923,
    0.004613166209310293,
    -0.011675387620925903,
    -0.0006169581320136786,
    -0.00542417261749506,
    0.016112470999360085,
    -0.0017547740135341883,
    -0.04449226334691048,
    0.04696904495358467,
    0.0035215874668210745,
    0.014583277516067028,
    0.0008959821425378323,
    0.0072697666473686695,
    -0.005791789852082729,
    0.020566219463944435,
    -0.03372962772846222,
    -0.10562502592802048,
    -0.028461934998631477,
    0.03485281392931938,
    0.06776312738656998,
    0.02280757576227188,
    0.052596691995859146,
    -2.1660428857051258e-32,
    -0.0639117956161499,
    0.01677848771214485,
    -0.039717499166727066,
    -0.02541596069931984,
    0.048912350088357925,
    -0.03409946337342262,
    -0.08192270994186401,
    -0.07525844126939774,
    0.09340278804302216,
    -0.0234522707760334,
    -0.004652735777199268,
    -0.033617205917835236,
    -0.017051365226507187,
    -0.048125673085451126,
    -0.10553114116191864,
    -0.026838330551981926,
    -0.11847981810569763,
    -0.09522222727537155,
    0.013673335313796997,
    0.10960767418146133,
    -0.04506867006421089,
    -0.005531282629817724,
    -0.05959460511803627,
    0.11245445907115936,
    0.058685142546892166,
    0.05543114244937897,
    -0.0413299985229969,
    0.05338340997695923,
    0.10774515569210052,
    -0.04091332480311394,
    -0.050040435045957565,
    -0.05993228033185005,
    -0.010123846121132374,
    0.03016558289527893,
    -0.06557498127222061,
    -0.1857110559940338,
    0.024822767823934555,
    -0.02083793468773365,
    -0.06571131199598312,
    -0.04592377692461014,
    0.1483207643032074,
    -0.0535070039331913,
    0.05184498801827431,
    0.034572772681713104,
    0.04128184914588928,
    -0.03975478559732437,
    0.04578539729118347,
    -0.053490038961172104,
    0.02107432298362255,
    -0.0018598733004182577,
    0.03572462871670723,
    -0.030339142307639122,
    -0.022880975157022476,
    0.02725660428404808,
    -0.04128125682473183,
    -0.021971531212329865,
    0.0231785848736763,
    -0.029419666156172752,
    -0.055152151733636856,
    -0.040976718068122864,
    0.06858794391155243,
    0.05088072270154953,
    -0.0058448174968361855,
    0.06204643100500107,
    0.020773516967892647,
    -0.08381354808807373,
    -0.021872757002711296,
    -0.0880592092871666,
    -0.007752715609967709,
    -0.07029016315937042,
    -0.13296999037265778,
    -0.08600883185863495,
    -0.029453573748469353,
    -0.08615785092115402,
    0.05651450902223587,
    -0.01586918719112873,
    0.00465053366497159,
    -0.04528101906180382,
    -0.03307151794433594,
    0.02015220746397972,
    0.019131159409880638,
    -0.012395834550261497,
    -0.11809878796339035,
    0.07960091531276703,
    -0.02990284189581871,
    0.010913834907114506,
    0.019295427948236465,
    -0.02267960086464882,
    0.00022151618031784892,
    0.0971410796046257,
    -0.08270445466041565,
    0.017383236438035965,
    -0.004819456487894058,
    0.04124601557850838,
    -0.08685993403196335,
    -5.9332773361120417e-08,
    0.05871947854757309,
    0.05763092264533043,
    -0.0013425208162516356,
    -0.05577178671956062,
    -0.02354656159877777,
    -0.05004802718758583,
    -0.05438132584095001,
    -0.017290927469730377,
    -0.00517903920263052,
    -0.020585672929883003,
    0.0026168145705014467,
    0.12616340816020966,
    0.01623580977320671,
    -0.03870011866092682,
    0.038965675979852676,
    -0.04544159770011902,
    -0.06650307774543762,
    0.016817143186926842,
    -0.03954030200839043,
    0.09246721118688583,
    -0.056239377707242966,
    -0.05068383365869522,
    -0.07641904056072235,
    0.03038349188864231,
    0.013511378318071365,
    0.07754261046648026,
    -0.031535327434539795,
    0.0069206394255161285,
    0.0604109950363636,
    0.069374218583107,
    0.019198385998606682,
    0.029770920053124428,
    0.03235819190740585,
    -0.02530474029481411,
    -0.03697974234819412,
    -0.0343998521566391,
    0.0702308714389801,
    0.002670451533049345,
    0.059987664222717285,
    -0.030334224924445152,
    0.012118917889893055,
    -0.010201102122664452,
    -0.01797381229698658,
    0.039900895208120346,
    -0.023675993084907532,
    -0.034850168973207474,
    0.021921485662460327,
    -0.06102609261870384,
    0.001422189292497933,
    -0.050339601933956146,
    -0.03344538062810898,
    -0.04441504925489426,
    0.10662811249494553,
    -0.03453055024147034,
    -0.08204345405101776,
    0.10976484417915344,
    -0.007386330049484968,
    0.00020149345800746232,
    0.0403439924120903,
    0.009343943558633327,
    0.07650252431631088,
    0.019607897847890854,
    0.030075084418058395,
    0.03814392164349556
]