[
    -0.031112000346183777,
    0.053161296993494034,
    -0.03486623242497444,
    -0.08705220371484756,
    -0.038183994591236115,
    0.05415600165724754,
    0.01100282184779644,
    -0.05777514725923538,
    -0.008505652658641338,
    0.028292998671531677,
    0.05764883756637573,
    -0.047386351972818375,
    0.028550218790769577,
    -0.023945679888129234,
    0.07872157543897629,
    -0.05725324526429176,
    0.04893581569194794,
    0.04951166361570358,
    -0.14080612361431122,
    0.051999226212501526,
    0.0899646207690239,
    0.0157659649848938,
    -0.08020350337028503,
    0.05425556004047394,
    -0.09661930799484253,
    -0.02582692913711071,
    -0.01520035695284605,
    -0.044246479868888855,
    0.07528246939182281,
    -0.06838800758123398,
    0.010226840153336525,
    0.007848422043025494,
    0.045366499572992325,
    0.03989493101835251,
    0.008167659863829613,
    -0.044648122042417526,
    0.006875436287373304,
    -0.025376135483384132,
    -0.025188958272337914,
    0.018430190160870552,
    -0.045117538422346115,
    -0.043016545474529266,
    -0.06378824263811111,
    -0.03601829707622528,
    0.049055300652980804,
    0.02380659244954586,
    -0.01739608496427536,
    -0.023164568468928337,
    -0.055275846272706985,
    -0.03235092759132385,
    -0.05476563796401024,
    -0.025898076593875885,
    -0.043330978602170944,
    0.08992661535739899,
    0.0006844752933830023,
    -0.09556397050619125,
    -0.0246506966650486,
    0.029789842665195465,
    -0.06166069209575653,
    -0.034066490828990936,
    0.040893182158470154,
    -0.014898953028023243,
    -0.009805489331483841,
    0.05410962179303169,
    -0.003323563141748309,
    0.032929643988609314,
    -0.02668594755232334,
    -0.04324675351381302,
    0.013751799240708351,
    0.019443919882178307,
    -0.08593975007534027,
    -0.0482206717133522,
    -0.0024044227320700884,
    0.024840839207172394,
    -0.003255209419876337,
    -0.00020295857393648475,
    -0.05842237547039986,
    0.0771658793091774,
    0.0639343410730362,
    -0.12667572498321533,
    -0.02788923680782318,
    -0.023067494854331017,
    0.01737602986395359,
    0.05966341122984886,
    -0.04095742478966713,
    -0.0521601103246212,
    -0.0757094994187355,
    -0.0743585079908371,
    0.006185339298099279,
    -0.053648725152015686,
    0.10909620672464371,
    -0.017838407307863235,
    0.11122459918260574,
    -0.07634332776069641,
    0.03238348290324211,
    -0.02687579020857811,
    -0.003649862250313163,
    -0.1024547815322876,
    0.030192365869879723,
    -0.0253156665712595,
    0.04025111347436905,
    0.045719798654317856,
    -0.05158241093158722,
    -0.004760111216455698,
    0.05071978643536568,
    -0.039214201271533966,
    -0.021143821999430656,
    -0.020729761570692062,
    0.008157134987413883,
    0.04407179355621338,
    0.014775113202631474,
    0.08067421615123749,
    -0.02793046459555626,
    -0.10190016776323318,
    0.028107114136219025,
    0.048297636210918427,
    -0.015060783363878727,
    0.04935741424560547,
    0.05763392522931099,
    0.0005473971250467002,
    -0.055633414536714554,
    -0.02874186262488365,
    -0.05846990644931793,
    -0.08797864615917206,
    0.03165895864367485,
    -0.007058431394398212,
    -0.07337068021297455,
    2.0768936880123512e-32,
    -0.014479751698672771,
    -0.029192978516221046,
    -0.12606076896190643,
    -0.016843026503920555,
    0.01257664430886507,
    0.00862049125134945,
    -0.02424265258014202,
    0.023238737136125565,
    -0.06308969855308533,
    0.05217396467924118,
    -0.03622530400753021,
    0.015514313243329525,
    -0.0036981962621212006,
    0.033899497240781784,
    0.03155311197042465,
    0.023840755224227905,
    -0.036550212651491165,
    0.06893660873174667,
    0.05450825020670891,
    0.07996266335248947,
    0.04128863662481308,
    -0.03306107968091965,
    0.006825202610343695,
    -0.008899707347154617,
    -0.008265218697488308,
    0.04410789534449577,
    -0.009718573652207851,
    -0.05845240503549576,
    0.012982122600078583,
    0.003543772967532277,
    0.038584351539611816,
    0.07779482007026672,
    0.09928630292415619,
    -0.020964503288269043,
    0.04587594419717789,
    0.08672062307596207,
    -0.009143181145191193,
    -0.04099714756011963,
    0.05545549467206001,
    -0.04231783375144005,
    -0.0742090716958046,
    0.005784457083791494,
    0.03605930879712105,
    0.014112524688243866,
    0.04568491131067276,
    0.020514879375696182,
    0.005763916298747063,
    -0.020778389647603035,
    0.0786430612206459,
    0.025808677077293396,
    -0.01562404166907072,
    0.018338989466428757,
    0.0369916707277298,
    -0.029982738196849823,
    -0.012450901791453362,
    -0.06473451107740402,
    -0.05083637684583664,
    0.037472452968358994,
    -0.047704774886369705,
    0.08317261934280396,
    -0.0173451267182827,
    0.03515084087848663,
    -0.04238029196858406,
    0.026581551879644394,
    0.00979766994714737,
    -0.05052368342876434,
    -0.031446099281311035,
    -0.0007317440467886627,
    0.03521186113357544,
    -0.021755285561084747,
    -0.033360373228788376,
    0.08790368586778641,
    -0.032778020948171616,
    -0.0014928209129720926,
    -0.0320407934486866,
    -0.054940953850746155,
    0.02677536942064762,
    -0.029280157759785652,
    -0.002094521187245846,
    -0.07452607899904251,
    -0.11519131809473038,
    0.010476301424205303,
    0.09857501089572906,
    0.021090615540742874,
    -0.03420228138566017,
    -0.024084540084004402,
    0.06124472990632057,
    0.050220757722854614,
    -0.022611191496253014,
    -0.06786409020423889,
    0.012027295306324959,
    0.025585997849702835,
    -0.012037265114486217,
    0.08616325259208679,
    0.06122339889407158,
    -2.118044218751587e-32,
    -0.004377119243144989,
    -0.016651170328259468,
    -0.06909313797950745,
    0.029681511223316193,
    0.04188447445631027,
    0.03666142001748085,
    -0.047848597168922424,
    -0.08630608022212982,
    0.05356968566775322,
    0.0043860021978616714,
    -0.01746581681072712,
    -0.028152914717793465,
    0.031314652413129807,
    0.011462629772722721,
    -3.881396696669981e-05,
    -0.08614642918109894,
    -0.07462532073259354,
    -0.04991374537348747,
    -0.03956624120473862,
    0.0910860076546669,
    0.03449193015694618,
    -0.011820485815405846,
    -0.018914634361863136,
    0.08520744740962982,
    -0.01752239651978016,
    0.014898478984832764,
    -0.11076826602220535,
    -0.06284154951572418,
    0.07262735813856125,
    0.009736744686961174,
    0.0032012902665883303,
    -0.03926347196102142,
    -0.0747324600815773,
    0.033682942390441895,
    -0.11149837076663971,
    -0.18209560215473175,
    0.059954944998025894,
    -0.022830283269286156,
    -0.00016198174853343517,
    -0.05128805339336395,
    0.06891213357448578,
    0.02504156157374382,
    -0.042279355227947235,
    0.012992192059755325,
    0.0008213616674765944,
    -0.0441855750977993,
    0.03174855560064316,
    -0.039581868797540665,
    0.004411411937326193,
    -0.016136493533849716,
    0.041315287351608276,
    -0.09237279742956161,
    0.03148994967341423,
    0.06048204377293587,
    -0.04869261756539345,
    0.0701557919383049,
    0.07167775183916092,
    -0.044104110449552536,
    -0.029162153601646423,
    0.03181317076086998,
    0.05158109962940216,
    0.05201993137598038,
    -0.059752512723207474,
    0.08688502013683319,
    0.05128542333841324,
    -0.002355690812692046,
    -0.018433617427945137,
    -0.062232546508312225,
    0.01633692905306816,
    -0.04037466272711754,
    -0.07369781285524368,
    -0.06819269061088562,
    -0.06691519170999527,
    -0.04870869591832161,
    0.05517019331455231,
    -0.010131490416824818,
    0.006941190920770168,
    -0.08318480849266052,
    -0.09082340449094772,
    0.03998930752277374,
    0.0613781213760376,
    0.008723997510969639,
    -0.007935172878205776,
    0.044328827410936356,
    -0.07114546000957489,
    0.046233851462602615,
    0.02019919827580452,
    -0.060182321816682816,
    0.015401589684188366,
    0.061944637447595596,
    -0.10393179953098297,
    -0.011623295955359936,
    -0.03610999882221222,
    0.012153783813118935,
    -0.05221977457404137,
    -5.934174041044571e-08,
    -0.07392456382513046,
    0.010327622294425964,
    -0.02253333292901516,
    0.017288818955421448,
    -0.024715445935726166,
    -0.027374252676963806,
    -0.05632749944925308,
    0.011738312430679798,
    -0.06463364511728287,
    -0.07315342128276825,
    0.02859283797442913,
    0.04793034866452217,
    -0.02587398886680603,
    -0.010123927146196365,
    0.02336917445063591,
    0.017656786367297173,
    -0.04276615008711815,
    0.020783090963959694,
    -0.052817147225141525,
    0.09597304463386536,
    -0.04984869435429573,
    -0.032904252409935,
    -0.07662387937307358,
    -0.02397480234503746,
    0.047803960740566254,
    0.028466904535889626,
    0.0327756293118,
    0.15538139641284943,
    0.13563434779644012,
    0.05629027634859085,
    -0.0018431232310831547,
    -0.006059358362108469,
    0.05579375848174095,
    -0.024211017414927483,
    -0.086145780980587,
    -0.02648002654314041,
    -0.009887846186757088,
    0.02974771521985531,
    0.04253721609711647,
    -0.045243628323078156,
    0.031238852068781853,
    0.0016825275961309671,
    0.04361898824572563,
    0.06163708493113518,
    0.07781364023685455,
    -0.05877286568284035,
    -0.06799871474504471,
    -0.019693970680236816,
    0.048768896609544754,
    -0.0756605789065361,
    -0.01380099542438984,
    -0.03147343546152115,
    0.07067660987377167,
    0.041015852242708206,
    0.001651208265684545,
    -0.0034143785014748573,
    0.02767888456583023,
    0.010750987567007542,
    0.003573876805603504,
    0.0070366631262004375,
    0.12031885981559753,
    0.03492561727762222,
    0.060963019728660583,
    -0.03472870960831642
]