[
    -0.04789893701672554,
    -0.019404785707592964,
    -0.02370491437613964,
    -0.031124360859394073,
    -0.050860121846199036,
    0.09742742776870728,
    -0.026801936328411102,
    -0.03721659258008003,
    -0.02571096085011959,
    0.03499775007367134,
    -0.023737551644444466,
    -0.029077261686325073,
    0.007340043317526579,
    0.011210177093744278,
    0.080947145819664,
    0.027598924934864044,
    0.06038358807563782,
    0.04097113013267517,
    -0.09098294377326965,
    0.017670730128884315,
    0.006818368099629879,
    0.008228374645113945,
    -0.09102168679237366,
    -0.015674656257033348,
    -0.11420493572950363,
    0.006856820546090603,
    -0.056269191205501556,
    -0.08073406666517258,
    0.045315805822610855,
    -0.13401730358600616,
    0.019489571452140808,
    0.040872760117053986,
    0.04341840744018555,
    0.07668743282556534,
    -0.006758315023034811,
    0.0382361114025116,
    -0.031041301786899567,
    -0.023305455222725868,
    0.06145239993929863,
    -0.010048158466815948,
    -0.07706473022699356,
    -0.023745663464069366,
    -0.07533589005470276,
    -0.036238182336091995,
    0.010874049738049507,
    -0.007596481125801802,
    -0.018983978778123856,
    -0.009851811453700066,
    0.0210369024425745,
    -0.0009693861939013004,
    -0.04170950874686241,
    -0.0036479562986642122,
    0.025665370747447014,
    0.05734472721815109,
    -0.058361683040857315,
    -0.047635748982429504,
    -0.019056880846619606,
    0.010181551799178123,
    -0.0347377248108387,
    -0.02236083522439003,
    -0.005192217417061329,
    0.0017473355401307344,
    -0.03734072297811508,
    0.05802329257130623,
    -0.08710494637489319,
    0.028160089626908302,
    -0.024968363344669342,
    0.047724649310112,
    -0.011161555536091328,
    0.00501050241291523,
    -0.04247961938381195,
    0.04808078706264496,
    0.01040869764983654,
    0.0198960117995739,
    -0.004515429493039846,
    0.0018148928647860885,
    0.015977822244167328,
    0.015578703954815865,
    0.0932333916425705,
    -0.09523752331733704,
    -0.014140530489385128,
    0.037422891706228256,
    -0.04989340528845787,
    0.012977249920368195,
    -0.05684627592563629,
    -0.024784140288829803,
    -0.027536941692233086,
    0.07581449300050735,
    0.03683752566576004,
    0.0030119982548058033,
    0.023250678554177284,
    -0.010149518959224224,
    0.0320671945810318,
    -0.08074886351823807,
    0.09263256192207336,
    -0.03515912592411041,
    -0.0027054897509515285,
    0.025029964745044708,
    0.07097835093736649,
    0.005071951076388359,
    0.034449540078639984,
    0.0047881645150482655,
    -0.018808996304869652,
    -0.12004304677248001,
    -0.0336422361433506,
    -0.07310138642787933,
    -0.012887557968497276,
    -0.01347379107028246,
    0.0065439860336482525,
    0.02651968039572239,
    -0.003654288360849023,
    -0.03194807097315788,
    -0.04161050170660019,
    -0.045068323612213135,
    0.06750889122486115,
    0.000182609714102,
    -0.03925061970949173,
    0.07324782758951187,
    -0.02329730987548828,
    -0.02393113635480404,
    -0.006786297541111708,
    0.035452138632535934,
    -0.05364064872264862,
    -0.04749760404229164,
    0.033321984112262726,
    0.039791401475667953,
    -0.053840216249227524,
    2.3443498034247184e-32,
    -0.036795612424612045,
    -0.021260254085063934,
    -0.08175581693649292,
    0.05855541303753853,
    0.03714882582426071,
    -0.03925478085875511,
    0.010456339456140995,
    0.003643054747954011,
    -0.12138133496046066,
    0.07247840613126755,
    -0.007145460229367018,
    -0.01466824859380722,
    -0.0058138202875852585,
    -0.037215232849121094,
    -0.05059222877025604,
    -0.06405343115329742,
    -0.08178965747356415,
    0.030083581805229187,
    -0.07096447050571442,
    -0.005810956470668316,
    0.007651322986930609,
    -0.007328477222472429,
    0.033840157091617584,
    0.0336981937289238,
    -0.00748698553070426,
    -0.046693723648786545,
    0.07314243912696838,
    -0.030742129310965538,
    0.0026334577705711126,
    -0.003920270595699549,
    0.048552725464105606,
    0.0009884078754112124,
    -0.01563306525349617,
    0.013749184086918831,
    0.0247407928109169,
    0.08817333728075027,
    0.023016637191176414,
    -0.06582937389612198,
    0.085096076130867,
    -0.04325844347476959,
    -0.04540327191352844,
    -0.0011885903077200055,
    -0.010241099633276463,
    -0.014891651459038258,
    0.009821157902479172,
    -0.021887732669711113,
    -0.029466770589351654,
    -0.03623016178607941,
    0.0230576042085886,
    0.024870093911886215,
    -0.029552875086665154,
    0.0010389197850599885,
    0.05358321964740753,
    -0.019533256068825722,
    0.03813805803656578,
    0.026021208614110947,
    -0.06401842832565308,
    0.0731329545378685,
    -0.045052625238895416,
    -0.005294793285429478,
    -0.06732984632253647,
    0.031249260529875755,
    -0.0857703760266304,
    0.07122776657342911,
    -0.04250774905085564,
    -0.07019217312335968,
    -0.07486836612224579,
    -0.04787733778357506,
    0.12014061957597733,
    -0.049515366554260254,
    -0.02743527851998806,
    0.01917124353349209,
    0.016469765454530716,
    0.013460815884172916,
    -0.05620844289660454,
    -0.053848747164011,
    -0.017527682706713676,
    -0.026530353352427483,
    0.04199334233999252,
    0.026479406282305717,
    -0.13822242617607117,
    0.0017378795892000198,
    -0.017101304605603218,
    0.07145417481660843,
    0.06916651129722595,
    -0.07645802944898605,
    0.031014272943139076,
    -0.03771721571683884,
    -0.06844419986009598,
    -0.026759548112750053,
    0.005550628527998924,
    -0.01657681167125702,
    -0.016435543075203896,
    0.010144754312932491,
    0.03800586611032486,
    -2.3644607485257615e-32,
    0.017490144819021225,
    -0.05090874806046486,
    -0.01648634672164917,
    0.05091605708003044,
    0.06346633285284042,
    0.048819635063409805,
    -0.05442700535058975,
    -0.09093771129846573,
    0.08046621084213257,
    -0.004633794073015451,
    -0.02722391113638878,
    0.03571970388293266,
    0.010059962049126625,
    0.0037991106510162354,
    -0.03218742832541466,
    -0.0859573483467102,
    -0.05975860729813576,
    0.039385367184877396,
    0.08925766497850418,
    0.08678620308637619,
    0.01773720234632492,
    -0.005374240688979626,
    0.012295596301555634,
    0.08945664018392563,
    0.043932218104600906,
    0.013579793274402618,
    -0.022042736411094666,
    -0.05998442694544792,
    0.10770411789417267,
    0.04092603176832199,
    -0.045396748930215836,
    -0.0937291756272316,
    -0.09309028834104538,
    0.026605647057294846,
    -0.04411144182085991,
    -0.17979177832603455,
    0.11302103847265244,
    -0.060916684567928314,
    -0.041368190199136734,
    -0.0014656640123575926,
    0.026155391708016396,
    0.02930639684200287,
    0.02954123541712761,
    -0.009915342554450035,
    -0.038531746715307236,
    -0.08875750750303268,
    -0.009316928684711456,
    -0.027787424623966217,
    -0.05309320241212845,
    -0.06455608457326889,
    0.02172277122735977,
    0.0012074054684489965,
    -0.010266531258821487,
    -0.008790935389697552,
    0.003902697702869773,
    0.016146697103977203,
    0.03892022743821144,
    -0.03646581992506981,
    -0.0237351693212986,
    0.028074467554688454,
    0.05774371325969696,
    0.12256581336259842,
    -0.0016007316298782825,
    0.009834423661231995,
    0.0967070683836937,
    -0.0663236677646637,
    -0.09585002064704895,
    0.0013875695876777172,
    -0.055716998875141144,
    -0.030696919187903404,
    -0.014287449419498444,
    -0.11463812738656998,
    -0.08198121935129166,
    -0.013664682395756245,
    0.12575241923332214,
    -0.026264261454343796,
    -0.06342435628175735,
    -0.0821814239025116,
    -0.047664422541856766,
    -0.0042565129697322845,
    0.02048804983496666,
    -0.0001543810503790155,
    -0.03561621904373169,
    0.05958209186792374,
    0.041122693568468094,
    0.09674080461263657,
    0.08728843927383423,
    -0.02172611840069294,
    0.036145687103271484,
    0.08060619980096817,
    -0.043004754930734634,
    0.011251856572926044,
    0.04816087707877159,
    0.05444522947072983,
    -0.04659707471728325,
    -6.544261310637012e-08,
    -0.05673511326313019,
    0.016695838421583176,
    0.006005420815199614,
    -0.028099987655878067,
    -0.03125233203172684,
    -0.04252989590167999,
    -0.02582709677517414,
    0.012619261629879475,
    -0.08662226051092148,
    -0.03292776644229889,
    0.07360617816448212,
    -0.03049921616911888,
    -0.0012073892867192626,
    -0.05957280471920967,
    0.0737895742058754,
    -0.026078172028064728,
    -0.0535452775657177,
    0.019066397100687027,
    -0.08734363317489624,
    -0.028061939403414726,
    0.009614760056138039,
    -0.0617215521633625,
    -0.06945627182722092,
    0.048233386129140854,
    0.007935311645269394,
    -0.0008216896094381809,
    -0.015383966267108917,
    0.037885211408138275,
    0.016812220215797424,
    0.02967923693358898,
    -0.029331915080547333,
    0.019136782735586166,
    0.013468926772475243,
    -0.08640331774950027,
    0.03765079006552696,
    0.011949844658374786,
    -0.01973828487098217,
    0.0016636117361485958,
    0.10201059281826019,
    0.05146327242255211,
    -0.07931692898273468,
    0.07515899091959,
    0.0939527228474617,
    0.015365403145551682,
    -0.009471395052969456,
    0.01565389893949032,
    -0.07037921994924545,
    0.041989412158727646,
    0.003838910721242428,
    -0.11261377483606339,
    -0.00047133356565609574,
    -0.048694610595703125,
    0.0015141196781769395,
    -0.01373522449284792,
    -0.030266335234045982,
    0.14722493290901184,
    0.0829455703496933,
    0.0745687410235405,
    0.04300696402788162,
    -0.01679355837404728,
    0.09177594631910324,
    0.11218927055597305,
    -0.00950908474624157,
    0.00975247286260128
]