[
    -0.058959465473890305,
    -0.002957703312858939,
    -0.02174270525574684,
    -0.0569157637655735,
    -0.06230620667338371,
    0.0018243006197735667,
    -0.0014577179681509733,
    -0.06423493474721909,
    0.007496972102671862,
    0.05107852444052696,
    -0.01605966128408909,
    -0.03725047782063484,
    -0.0015586548252031207,
    -0.032994579523801804,
    0.0657731220126152,
    0.06020789593458176,
    0.0821477398276329,
    0.0442223958671093,
    -0.11289617419242859,
    0.04061194136738777,
    0.03980311378836632,
    0.022757256403565407,
    -0.022575216367840767,
    -0.01708151586353779,
    -0.14473141729831696,
    -0.03434202820062637,
    -0.024810297414660454,
    -0.08919575810432434,
    0.05089849978685379,
    -0.10179514437913895,
    0.027186188846826553,
    0.008958236314356327,
    0.07006317377090454,
    0.05131920054554939,
    -0.009731707163155079,
    -0.026118453592061996,
    0.032266389578580856,
    -0.034379370510578156,
    0.05563581734895706,
    0.006520919967442751,
    -0.02281246706843376,
    -0.01064638327807188,
    -0.024083087220788002,
    -0.06266969442367554,
    -0.022963618859648705,
    0.023581555113196373,
    -0.013202731497585773,
    0.0035836512688547373,
    0.0005631165113300085,
    -0.004087362438440323,
    -0.08061207830905914,
    -0.029238063842058182,
    -0.0067131659016013145,
    0.0566573441028595,
    -0.03318101540207863,
    0.002252417616546154,
    0.00875102635473013,
    0.069585420191288,
    0.0046315970830619335,
    0.012549935840070248,
    -0.01496694516390562,
    0.004136207047849894,
    -0.04080343618988991,
    0.08991141617298126,
    -0.03715286776423454,
    0.020830638706684113,
    -0.009187571704387665,
    -0.05988739803433418,
    0.02897287905216217,
    -0.010535248555243015,
    -0.05116940289735794,
    0.036559440195560455,
    0.060426220297813416,
    0.01316780224442482,
    -0.07649684697389603,
    -0.0011001421371474862,
    -0.01770680956542492,
    -0.02981250360608101,
    0.04056474193930626,
    -0.04899069666862488,
    -0.05515633895993233,
    0.0008840941009111702,
    -0.045292727649211884,
    0.021022386848926544,
    -0.06287302076816559,
    -0.04017508029937744,
    -0.05402181297540665,
    -0.03894674777984619,
    0.006331917829811573,
    0.03170863166451454,
    0.06313343346118927,
    -0.1100473701953888,
    0.03326806053519249,
    -0.06670533865690231,
    0.033710628747940063,
    0.0050071668811142445,
    0.027798151597380638,
    0.040879540145397186,
    0.014704231172800064,
    0.008674965240061283,
    0.03313370421528816,
    0.028917668387293816,
    -0.04743644595146179,
    -0.04730772599577904,
    -0.027133909985423088,
    -0.08283452689647675,
    -0.004716909024864435,
    -0.030534077435731888,
    -0.010329422540962696,
    0.007907901890575886,
    -0.0010782401077449322,
    -0.024798031896352768,
    -0.0516488291323185,
    -0.07456933706998825,
    0.08402082324028015,
    0.0033251347485929728,
    0.004920564591884613,
    0.08591781556606293,
    -0.02160993404686451,
    -0.06650831550359726,
    -0.01350084412842989,
    0.04260561242699623,
    -0.008120170794427395,
    -0.02236216701567173,
    0.023701783269643784,
    0.0027790942694991827,
    0.019021615386009216,
    1.94987873160692e-32,
    -0.04216726869344711,
    -0.05697974935173988,
    -0.09956921637058258,
    0.011868531815707684,
    0.010811960324645042,
    0.033403318375349045,
    -0.036561716347932816,
    -0.006851789075881243,
    -0.020656123757362366,
    0.04261259362101555,
    -0.01735496148467064,
    0.021092934533953667,
    0.022428210824728012,
    -0.13246476650238037,
    -0.05716431513428688,
    0.043218255043029785,
    -0.07934343814849854,
    0.08047635853290558,
    -0.05017384886741638,
    0.018300797790288925,
    0.027779586613178253,
    -0.02169208601117134,
    0.010320349596440792,
    0.055821262300014496,
    0.007918651215732098,
    1.9562034140108153e-05,
    0.07807709276676178,
    -0.025029374286532402,
    0.003380659269168973,
    0.014337817206978798,
    0.013524611480534077,
    -0.021237745881080627,
    0.02674635499715805,
    0.025140123441815376,
    0.08470413088798523,
    0.1050628125667572,
    0.016225483268499374,
    -0.025154680013656616,
    0.08953628689050674,
    -0.09366007894277573,
    -0.0412304550409317,
    -0.0017965278821066022,
    0.05336828902363777,
    -0.01753418892621994,
    -0.004582623951137066,
    -0.005057459697127342,
    -0.058796707540750504,
    -0.025212880223989487,
    0.06716376543045044,
    0.07470633834600449,
    0.02536085993051529,
    -0.03311930224299431,
    0.07439816743135452,
    -0.020465265959501266,
    0.04098662734031677,
    0.006686479318886995,
    -0.027685843408107758,
    0.04347407817840576,
    -0.021385278552770615,
    0.06517663598060608,
    -0.021537724882364273,
    0.025952592492103577,
    -0.06144026294350624,
    0.08178167790174484,
    -0.014202437363564968,
    -0.05113580450415611,
    -0.07169714570045471,
    -0.058493539690971375,
    0.07872293144464493,
    -0.0533050000667572,
    -0.042079322040081024,
    0.03157024458050728,
    0.008564618416130543,
    0.024478526785969734,
    -0.050044991075992584,
    -0.015076526440680027,
    -0.018619641661643982,
    -0.015369112603366375,
    -0.005626387428492308,
    -0.01773439534008503,
    -0.10695044696331024,
    -0.007024330552667379,
    0.035884954035282135,
    0.07334010303020477,
    0.05479815974831581,
    -0.033954862505197525,
    -0.0248151533305645,
    0.01926889456808567,
    0.03485679253935814,
    0.0109705226495862,
    0.05082600191235542,
    0.0312955416738987,
    -0.010432964190840721,
    0.04768525809049606,
    0.0244734026491642,
    -1.8977731812651957e-32,
    0.02599196694791317,
    -0.022227058187127113,
    -0.08111079782247543,
    0.03771495074033737,
    0.06281161308288574,
    0.03636337071657181,
    -0.07711469382047653,
    -0.08039963245391846,
    0.04321795329451561,
    -0.05964275822043419,
    -0.027150897309184074,
    -0.035260844975709915,
    0.002061157487332821,
    0.020593537017703056,
    -0.054922524839639664,
    -0.058697160333395004,
    -0.019747233018279076,
    -0.051534779369831085,
    0.019403737038373947,
    0.04790240526199341,
    0.054044775664806366,
    0.017409857362508774,
    -0.05665488913655281,
    0.03924458473920822,
    -0.0152831906452775,
    -0.03435063734650612,
    -0.02489265240728855,
    -0.036818042397499084,
    0.09594351053237915,
    0.06854545325040817,
    -0.032676637172698975,
    -0.06303402781486511,
    -0.06425338238477707,
    0.082994744181633,
    -0.08054767549037933,
    -0.13340376317501068,
    0.17335645854473114,
    -0.05302902311086655,
    -0.049188222736120224,
    -0.010646936483681202,
    0.020932577550411224,
    0.07949890941381454,
    -0.014349748380482197,
    -0.048391494899988174,
    -0.02021210640668869,
    -0.03524439036846161,
    0.02210707776248455,
    -0.004510278347879648,
    -0.08228489011526108,
    -0.0852830559015274,
    -0.013518945313990116,
    -0.07157579064369202,
    0.013812356628477573,
    0.009561373852193356,
    -0.026158099994063377,
    0.04155648127198219,
    -0.023147156462073326,
    -0.008058598265051842,
    0.0015183094656094909,
    -0.0013833577977493405,
    0.08136864006519318,
    0.1070830374956131,
    -0.031086720526218414,
    0.05679165571928024,
    0.04788895323872566,
    0.050239674746990204,
    -0.02795480750501156,
    0.03710394725203514,
    -0.03244468942284584,
    -0.028902392834424973,
    0.0515231229364872,
    -0.16342096030712128,
    -0.06504465639591217,
    -0.028701281175017357,
    0.13445653021335602,
    0.027759160846471786,
    -0.038327667862176895,
    -0.09653724730014801,
    -0.09477116912603378,
    0.01944725215435028,
    0.020246252417564392,
    0.005744204390794039,
    -0.06327226012945175,
    0.08988329768180847,
    -0.008394449017941952,
    0.10775437206029892,
    0.03757525607943535,
    -0.0364580862224102,
    0.01004848349839449,
    0.08571253716945648,
    -0.027569986879825592,
    -0.027487674728035927,
    0.02599065564572811,
    0.04988032951951027,
    -0.05515722557902336,
    -5.393520297047871e-08,
    -0.06641224771738052,
    0.01860293373465538,
    0.011850915849208832,
    -0.02592899277806282,
    -0.02059556357562542,
    -0.01997361145913601,
    -0.04453340545296669,
    0.005276455543935299,
    -0.05471688136458397,
    -0.06091633066534996,
    0.061063218861818314,
    0.000663205748423934,
    -0.019292296841740608,
    0.0015542752807959914,
    0.05026603862643242,
    -0.03643883764743805,
    -0.01665622927248478,
    0.003204511944204569,
    -0.045085154473781586,
    -0.0035190561320632696,
    0.016311438754200935,
    -0.07678569853305817,
    -0.03937886282801628,
    0.0801500603556633,
    0.052632708102464676,
    0.03608390688896179,
    -0.009091952815651894,
    0.11675696074962616,
    -0.02005767822265625,
    0.10208717733621597,
    -0.03035534918308258,
    0.05932866781949997,
    0.01287844218313694,
    -0.06848316639661789,
    0.027163613587617874,
    0.009118557907640934,
    -0.05354660376906395,
    0.010978075675666332,
    0.08057449012994766,
    0.021340448409318924,
    -0.09504060447216034,
    0.0008052492048591375,
    0.0779939740896225,
    0.05511881783604622,
    -0.00042282717186026275,
    0.018145715817809105,
    -0.03832530975341797,
    0.017361868172883987,
    0.026402633637189865,
    -0.08795776218175888,
    -0.035343851894140244,
    -0.04152652993798256,
    0.007010185159742832,
    0.0002943138824775815,
    -0.004883304238319397,
    0.07540564239025116,
    0.1064196303486824,
    0.020198004320263863,
    -0.06901924312114716,
    -0.06748735159635544,
    0.1589723825454712,
    0.15168550610542297,
    0.029461467638611794,
    -0.016433818265795708
]