[
    -0.046480439603328705,
    0.05730316415429115,
    -0.02345244213938713,
    -0.023114686831831932,
    -0.016016880050301552,
    0.03509333357214928,
    -0.02336331643164158,
    -0.05092712119221687,
    0.008238356560468674,
    0.05271265655755997,
    0.024237019941210747,
    -0.08684274554252625,
    0.006203615106642246,
    0.00706501305103302,
    0.08008177578449249,
    0.04955677688121796,
    0.07192053645849228,
    0.03284939005970955,
    -0.07854481041431427,
    0.06875599920749664,
    0.017840415239334106,
    0.009387110359966755,
    0.006360348779708147,
    -0.0056409514509141445,
    -0.14426790177822113,
    -0.05960920825600624,
    -0.041099898517131805,
    -0.04996255040168762,
    0.08746897429227829,
    -0.0873648151755333,
    -0.0027871138881891966,
    -0.018479123711586,
    0.06064826622605324,
    0.03804491087794304,
    -0.011181318201124668,
    -0.034813571721315384,
    0.01797950640320778,
    -0.04655785486102104,
    0.015532002784311771,
    0.0011865072883665562,
    -0.07233399897813797,
    -0.017491498962044716,
    -0.024481549859046936,
    -0.06545513868331909,
    -0.040087226778268814,
    0.023485293611884117,
    0.021520687267184258,
    0.03565431758761406,
    -0.016475725919008255,
    -0.035059161484241486,
    -0.07251669466495514,
    -0.047608476132154465,
    -0.029589185491204262,
    0.014134801924228668,
    -0.04229659587144852,
    -0.05227188393473625,
    0.017690163105726242,
    0.04092167690396309,
    -0.033644478768110275,
    -0.016598083078861237,
    -0.00638326071202755,
    0.038866955786943436,
    -0.05480452999472618,
    0.07905559241771698,
    -0.04268530383706093,
    0.028083497658371925,
    0.0012788275489583611,
    0.039222363382577896,
    0.06859157979488373,
    0.03635835647583008,
    -0.05423099547624588,
    0.013345147483050823,
    0.06627806276082993,
    -0.00456590112298727,
    -0.04007785767316818,
    0.02088501676917076,
    -0.03579070791602135,
    -0.04331418126821518,
    0.019733361899852753,
    -0.04945811629295349,
    -0.045987147837877274,
    0.009382938966155052,
    -0.019568057730793953,
    0.010633588768541813,
    -0.10644792765378952,
    -0.06553613394498825,
    -0.03679582476615906,
    -0.01091543585062027,
    -0.011242866516113281,
    0.025712845847010612,
    0.05151078850030899,
    -0.04396940395236015,
    0.008011413738131523,
    -0.08143430948257446,
    0.04764873906970024,
    -0.0011039874516427517,
    -0.014111431315541267,
    0.019577430561184883,
    0.03131512552499771,
    -0.002955140545964241,
    0.06509347259998322,
    0.07080870866775513,
    -0.014499680139124393,
    -0.03712926432490349,
    -0.02372906357049942,
    -0.06462742388248444,
    -0.017722753807902336,
    -0.06741956621408463,
    0.001289412030018866,
    0.025983914732933044,
    -0.003536571515724063,
    0.01379692554473877,
    -0.06415111571550369,
    -0.09682871401309967,
    0.08909548819065094,
    0.00858561135828495,
    -0.014285773038864136,
    0.06209179386496544,
    -0.007761669810861349,
    -0.04203026741743088,
    0.03752841427922249,
    -0.00883664470165968,
    0.0023585413582623005,
    -0.03134699538350105,
    0.04131665825843811,
    -0.024367086589336395,
    -0.016752557829022408,
    1.942142215536983e-32,
    0.007318071089684963,
    -0.03666151314973831,
    -0.1399402916431427,
    -0.010198844596743584,
    0.043953314423561096,
    0.04174904525279999,
    0.0021890574134886265,
    -0.0064182220958173275,
    -0.066534124314785,
    0.052707552909851074,
    0.03629542887210846,
    -0.008373570628464222,
    0.037838779389858246,
    -0.10417142510414124,
    -0.07264268398284912,
    0.0075313332490623,
    -0.07775544375181198,
    0.08243537694215775,
    -0.04085054621100426,
    -0.012214877642691135,
    0.028466396033763885,
    -0.05305233597755432,
    -0.0002442073600832373,
    0.07818666845560074,
    -0.04956432804465294,
    -0.01435060054063797,
    0.12480965256690979,
    0.005606003105640411,
    -0.014083138667047024,
    0.007758906111121178,
    0.010985344648361206,
    0.006306047551333904,
    0.024069536477327347,
    0.006099988706409931,
    0.0903889387845993,
    0.1368720978498459,
    -0.005513687152415514,
    -0.042584601789712906,
    0.10127679258584976,
    -0.06937512010335922,
    -0.08193060010671616,
    0.004583178088068962,
    0.04764479771256447,
    -0.007349252235144377,
    0.007475564256310463,
    0.024969011545181274,
    -0.0792478695511818,
    -0.06425200402736664,
    -0.0165560245513916,
    0.01544071827083826,
    -0.010082963854074478,
    -0.018998395651578903,
    0.05493617802858353,
    -0.021003548055887222,
    0.033803313970565796,
    0.00818577315658331,
    -0.027480026707053185,
    0.06869222223758698,
    -0.05535026639699936,
    0.03252005577087402,
    -0.032755110412836075,
    0.04965300112962723,
    -0.06610376387834549,
    0.03614117577672005,
    -0.029111076146364212,
    -0.08969046920537949,
    -0.06769262254238129,
    -0.1041988655924797,
    0.0667647197842598,
    -0.05640976130962372,
    -0.04536490887403488,
    0.07158199697732925,
    0.00033729602000676095,
    0.019937707111239433,
    -0.06028013676404953,
    -0.04439099505543709,
    0.011221522465348244,
    -0.009389141574501991,
    0.049959536641836166,
    0.014210943132638931,
    -0.09440041333436966,
    0.02193332463502884,
    0.029697395861148834,
    0.051980920135974884,
    0.01763530634343624,
    -0.0688096433877945,
    -0.013320918194949627,
    0.015955815091729164,
    -0.018027648329734802,
    -0.007521596737205982,
    0.09254909306764603,
    -0.021783584728837013,
    0.047723885625600815,
    0.013729124329984188,
    -0.024929864332079887,
    -1.8470234167203513e-32,
    0.047454994171857834,
    -0.015157817862927914,
    -0.0978759378194809,
    0.05623246356844902,
    0.05015433579683304,
    0.016759898513555527,
    -0.07522585242986679,
    -0.03643651679158211,
    0.009269715286791325,
    -0.0525515079498291,
    -0.04552805796265602,
    -0.006187234073877335,
    0.030024182051420212,
    -0.0026361849159002304,
    -0.062647245824337,
    -0.042136844247579575,
    0.026876766234636307,
    -0.04064486175775528,
    -0.026822777464985847,
    0.04736294597387314,
    0.05866869539022446,
    0.05587223544716835,
    -0.00445774057880044,
    0.053032346069812775,
    0.018128275871276855,
    -0.043434686958789825,
    -0.03697707876563072,
    -0.05341624468564987,
    0.09965227544307709,
    0.04012931138277054,
    -0.016520656645298004,
    -0.053092651069164276,
    -0.06837194412946701,
    0.06810864806175232,
    -0.037164125591516495,
    -0.12891307473182678,
    0.18511104583740234,
    -0.03382435068488121,
    -0.03200230002403259,
    -0.005925111938267946,
    0.037980467081069946,
    0.09541410207748413,
    -0.011459424160420895,
    -0.026594871655106544,
    0.035464584827423096,
    -0.026121599599719048,
    -0.007652385160326958,
    -0.031113600358366966,
    -0.026902353391051292,
    -0.09194459021091461,
    -0.04146754741668701,
    -0.06753796339035034,
    -0.016764789819717407,
    -0.017820777371525764,
    -0.0020502835977822542,
    0.033805664628744125,
    -0.004351496230810881,
    -0.0036515574902296066,
    -0.040345486253499985,
    0.0014216599520295858,
    0.08230303972959518,
    0.0786229744553566,
    -0.046242762356996536,
    0.046082504093647,
    0.04325306788086891,
    0.034881990402936935,
    -0.05780453234910965,
    0.052394621074199677,
    -0.02774241752922535,
    -0.017613541334867477,
    0.022385533899068832,
    -0.11660151928663254,
    -0.025957074016332626,
    -0.046142641454935074,
    0.10655134171247482,
    -0.016705496236681938,
    0.006057333666831255,
    -0.08583073318004608,
    -0.09498438239097595,
    0.027205223217606544,
    0.06847508251667023,
    0.012551089748740196,
    -0.049462586641311646,
    0.0863734781742096,
    0.019311819225549698,
    0.06842188537120819,
    0.058157891035079956,
    0.01704694703221321,
    -0.016412310302257538,
    0.08426214009523392,
    -0.061281073838472366,
    -0.02302958071231842,
    0.03396136313676834,
    0.03906404972076416,
    -0.014576740562915802,
    -5.226785049217142e-08,
    -0.05248497053980827,
    -0.04053161293268204,
    0.02939152531325817,
    -0.028587371110916138,
    -0.014670566655695438,
    -0.012556880712509155,
    -0.026696814224123955,
    -0.03072580322623253,
    -0.07410477846860886,
    -0.04689427465200424,
    0.04790373519062996,
    -0.031698111444711685,
    -0.01189444214105606,
    0.01740841567516327,
    0.022207466885447502,
    -0.034003738313913345,
    -0.015299439430236816,
    0.0021733783651143312,
    -0.07401972264051437,
    -0.02586757205426693,
    0.002654045121744275,
    -0.039836011826992035,
    -0.07066275179386139,
    0.09022150933742523,
    0.03882473707199097,
    0.03040417656302452,
    -0.016687510535120964,
    0.05126933380961418,
    0.008705914951860905,
    0.05323518067598343,
    -0.04545782878994942,
    0.04058289900422096,
    -0.0011141158174723387,
    -0.05931306257843971,
    -0.021806536242365837,
    0.05809617042541504,
    -0.05283471196889877,
    0.038140300661325455,
    0.1077757328748703,
    0.02399892546236515,
    -0.07499721646308899,
    -0.0058771283365786076,
    0.09182372689247131,
    0.08405036479234695,
    0.0166285689920187,
    -0.038000691682100296,
    -0.05312957614660263,
    0.019174402579665184,
    -0.007874233648180962,
    -0.08410314470529556,
    -0.01705353334546089,
    -0.04643552377820015,
    0.027388891205191612,
    0.03740674629807472,
    -0.00818612053990364,
    0.10695867985486984,
    0.13232019543647766,
    0.07967577874660492,
    -0.02049119956791401,
    -0.021081145852804184,
    0.1716768741607666,
    0.11393903195858002,
    0.04321425408124924,
    -0.01952902413904667
]