[
    -0.05331357941031456,
    0.0067602358758449554,
    -0.030971769243478775,
    -0.054266031831502914,
    -0.06886464357376099,
    0.06973251700401306,
    -0.04226062074303627,
    -0.05594656616449356,
    -0.02096717432141304,
    0.003210977651178837,
    0.007244202308356762,
    -0.015907011926174164,
    0.011701728217303753,
    -0.05660143494606018,
    0.05720759183168411,
    -0.019364845007658005,
    0.04010266810655594,
    0.0766097754240036,
    -0.0837494358420372,
    0.04315857216715813,
    0.014734570868313313,
    0.08192215859889984,
    -0.004159694071859121,
    0.0010348876239731908,
    -0.15379451215267181,
    0.006511951796710491,
    -0.02071968838572502,
    -0.07664890587329865,
    0.01485938485711813,
    -0.03962220996618271,
    0.015347842127084732,
    -0.04417216405272484,
    0.030054904520511627,
    0.07729614526033401,
    -0.03692689538002014,
    -0.0023482022807002068,
    -0.023286594077944756,
    0.05916125699877739,
    0.017036285251379013,
    0.01875346526503563,
    -0.05574244633316994,
    -0.06526503711938858,
    -0.05756683647632599,
    -0.03242596238851547,
    0.026439422741532326,
    -0.024882107973098755,
    -0.0639631450176239,
    -0.047615062445402145,
    -0.011233667843043804,
    0.031559448689222336,
    -0.046081289649009705,
    -0.05509873852133751,
    -0.031015882268548012,
    0.07995724678039551,
    -0.06746922433376312,
    -0.021558869630098343,
    -0.012316999956965446,
    -0.00888820644468069,
    -0.06653961539268494,
    -0.01194118894636631,
    -0.013912484049797058,
    0.012240090407431126,
    -0.014405922032892704,
    0.10682855546474457,
    -0.051635921001434326,
    0.09748225659132004,
    -0.028827963396906853,
    -0.004540705122053623,
    -0.0012782422127202153,
    -0.018104465678334236,
    -0.07330729812383652,
    0.0003549352113623172,
    -0.019838972017169,
    0.04912656545639038,
    -0.03426194563508034,
    -0.003995032049715519,
    -0.05287868529558182,
    0.03724122792482376,
    0.06863711029291153,
    -0.12414103001356125,
    -0.007904604077339172,
    0.016129598021507263,
    -0.013336172327399254,
    0.08281660825014114,
    -0.022336268797516823,
    -0.012695313431322575,
    -0.012634983286261559,
    -0.020119646564126015,
    -0.061403144150972366,
    -0.04969222843647003,
    0.08161421120166779,
    -0.054118115454912186,
    0.10888399928808212,
    -0.09624168276786804,
    0.022223787382245064,
    -0.041763197630643845,
    -0.005125476513057947,
    -0.02258978597819805,
    0.04490254819393158,
    -0.048492446541786194,
    -0.04555050656199455,
    0.01528490986675024,
    -0.021076440811157227,
    -0.0014818273484706879,
    -0.05320432782173157,
    -0.09905139356851578,
    0.01756868325173855,
    -0.019483542069792747,
    0.003211545990779996,
    0.056658051908016205,
    0.05859218165278435,
    0.030712855979800224,
    -0.09320759773254395,
    -0.10276003181934357,
    0.02516212873160839,
    -0.038029011338949203,
    -0.042555198073387146,
    0.04671917483210564,
    0.029003828763961792,
    0.005643700249493122,
    -0.030584702268242836,
    -0.017843950539827347,
    -0.011569111607968807,
    -0.08218081295490265,
    0.026721300557255745,
    0.048509497195482254,
    -0.028734033927321434,
    1.928418025117545e-32,
    0.006279424764215946,
    0.0065918597392737865,
    -0.05704556033015251,
    0.02340225875377655,
    0.01000116765499115,
    -0.00646557891741395,
    -0.0015769838355481625,
    -0.00890288408845663,
    -1.7177537301904522e-05,
    0.08756712824106216,
    -0.03182724118232727,
    0.08219718188047409,
    -0.051109928637742996,
    -0.0006807405734434724,
    -0.04478299245238304,
    0.05739545077085495,
    -0.025053193792700768,
    0.10748566687107086,
    -0.05529412254691124,
    0.08367390930652618,
    0.012688481248915195,
    -0.052870988845825195,
    0.01655668392777443,
    0.042159032076597214,
    0.021906856447458267,
    0.01361777912825346,
    -0.009689681231975555,
    0.026665717363357544,
    0.01616157405078411,
    0.009039144031703472,
    0.059349995106458664,
    0.002590237185359001,
    0.01007167063653469,
    -0.06514205038547516,
    0.059210360050201416,
    0.07297191023826599,
    0.07902170717716217,
    -0.032449349761009216,
    0.11297670006752014,
    -0.07847817987203598,
    -0.01681540533900261,
    0.014291795901954174,
    0.06745743751525879,
    -0.006611675955355167,
    0.05103456601500511,
    0.0018759865779429674,
    0.041993483901023865,
    -0.01572677306830883,
    0.07309829443693161,
    0.04137365520000458,
    0.0062228236347436905,
    0.011117611080408096,
    -0.02348075434565544,
    -0.030926527455449104,
    -0.0016554489266127348,
    -0.02175125665962696,
    -0.011380071751773357,
    0.014738240279257298,
    -0.05076230689883232,
    0.09034818410873413,
    0.008850337006151676,
    0.04586153104901314,
    -0.01998087391257286,
    -0.018622159957885742,
    -0.02203853242099285,
    -0.01885347254574299,
    -0.00731668621301651,
    -0.050209205597639084,
    0.058310214430093765,
    -0.006225683726370335,
    -0.021511849015951157,
    0.027644868940114975,
    -0.04435842111706734,
    0.02504771389067173,
    0.030412524938583374,
    -0.02039383165538311,
    9.677003254182637e-05,
    -0.01722939871251583,
    0.03078862838447094,
    -0.00632229121401906,
    -0.06279878318309784,
    0.00270813493989408,
    -0.00016117116319946945,
    0.09101253747940063,
    0.008693991228938103,
    -0.03755808621644974,
    0.0691889077425003,
    0.03624756261706352,
    -0.08125351369380951,
    -0.06346745789051056,
    0.02371319942176342,
    0.052027083933353424,
    0.015589538030326366,
    0.07172929495573044,
    0.006429261527955532,
    -2.0040030465593874e-32,
    0.007038671523332596,
    -0.050338588654994965,
    -0.00021512525563593954,
    -0.010294678620994091,
    0.037697289139032364,
    0.0002481400442775339,
    -0.006661606952548027,
    -0.1005450189113617,
    0.06958805024623871,
    0.01667737402021885,
    0.050634801387786865,
    -0.012374114245176315,
    -0.026347313076257706,
    -0.03049403987824917,
    -0.05061601102352142,
    -0.02933504804968834,
    -0.09668061882257462,
    0.004183304961770773,
    -0.03297720104455948,
    0.049592312425374985,
    0.003587018698453903,
    -0.010201099328696728,
    0.0589771494269371,
    0.10063320398330688,
    0.0410749688744545,
    0.050823476165533066,
    -0.019291244447231293,
    0.0020670245867222548,
    0.12839171290397644,
    -0.061478812247514725,
    -0.033906999975442886,
    -0.0713270902633667,
    -0.03146236389875412,
    0.002019163453951478,
    -0.11119543015956879,
    -0.18606619536876678,
    0.06822856515645981,
    -0.07735522836446762,
    -0.038848306983709335,
    -0.04849208891391754,
    0.0791424959897995,
    0.0035127857699990273,
    -0.04694759473204613,
    0.032169587910175323,
    0.004065616521984339,
    -0.08019561320543289,
    0.04257730394601822,
    -0.022247444838285446,
    -0.03549114614725113,
    -0.006216632202267647,
    0.008059397339820862,
    -0.05140345171093941,
    -0.010547604411840439,
    0.04579232260584831,
    -0.032837044447660446,
    0.09247748553752899,
    0.007230469491332769,
    -0.05648167431354523,
    -0.04734402522444725,
    -0.040952395647764206,
    0.04943252354860306,
    0.09861470758914948,
    -0.02837997116148472,
    0.080922931432724,
    0.06297856569290161,
    -0.07722124457359314,
    0.04249963164329529,
    -0.05981431156396866,
    -0.07348540425300598,
    -0.05363353714346886,
    -0.0559237077832222,
    -0.10265649110078812,
    -0.030815524980425835,
    -0.11343132704496384,
    0.05208732560276985,
    -0.03603596240282059,
    -0.07193635404109955,
    -0.13912026584148407,
    -0.055664222687482834,
    0.02182152308523655,
    0.009556800127029419,
    -0.02415129728615284,
    -0.048862747848033905,
    0.07529203593730927,
    -0.012026911601424217,
    0.048375118523836136,
    0.10014514625072479,
    -0.06761603057384491,
    -0.01522947009652853,
    0.10919199138879776,
    -0.09389827400445938,
    -0.025891751050949097,
    -0.05566169694066048,
    0.02855043299496174,
    -0.0704406201839447,
    -5.4495721713010425e-08,
    -0.038006726652383804,
    0.09775058925151825,
    0.01127015519887209,
    -0.04502547159790993,
    0.027784261852502823,
    -0.049869000911712646,
    -0.059749800711870193,
    0.007370618637651205,
    -0.03524485602974892,
    -0.057522714138031006,
    0.06149290129542351,
    0.06678088754415512,
    -0.05613746494054794,
    -0.010378101840615273,
    0.06316984444856644,
    -0.027030449360609055,
    -0.06832213699817657,
    -0.013523050583899021,
    -0.062292180955410004,
    0.04571943357586861,
    -0.04924234375357628,
    -0.022762345150113106,
    -0.038915496319532394,
    -0.017689596861600876,
    0.043639879673719406,
    0.021616334095597267,
    -0.040213122963905334,
    0.07273972034454346,
    0.09149111062288284,
    0.04663822427392006,
    0.01496634166687727,
    -0.027460787445306778,
    0.04283810406923294,
    -0.01767561584711075,
    -0.036939796060323715,
    -0.07518050074577332,
    0.06757768243551254,
    -0.011427604593336582,
    0.06916289031505585,
    -0.00397444935515523,
    0.0223076231777668,
    -0.01071224920451641,
    0.037910960614681244,
    0.12745937705039978,
    0.02053673006594181,
    -0.033705223351716995,
    -0.04259611293673515,
    0.0442858450114727,
    -0.014444277621805668,
    -0.07097823172807693,
    -0.009866047650575638,
    -0.057868946343660355,
    0.06060047075152397,
    -0.004303567577153444,
    -0.05363316833972931,
    0.03395252674818039,
    0.032918669283390045,
    0.01387303601950407,
    -0.00211725989356637,
    -0.0032255942933261395,
    0.1090923398733139,
    0.03508710861206055,
    0.03665578365325928,
    0.009176921099424362
]