[
    0.05590006709098816,
    0.0526728518307209,
    0.004493257962167263,
    -0.018345698714256287,
    0.006004807539284229,
    0.06730716675519943,
    -0.03459569811820984,
    -0.021145017817616463,
    -0.030841726809740067,
    0.04705410078167915,
    0.07732739299535751,
    -0.054136890918016434,
    0.01656886748969555,
    -0.047045424580574036,
    0.08494124561548233,
    0.02532035857439041,
    -0.00321832369081676,
    0.04931291565299034,
    -0.09076446294784546,
    0.036438826471567154,
    0.07727910578250885,
    0.08664686977863312,
    -0.05486946552991867,
    0.03639983385801315,
    -0.13117414712905884,
    -0.004212030675262213,
    -0.03803769871592522,
    0.005336127709597349,
    0.041154272854328156,
    -0.060906730592250824,
    -0.02202611044049263,
    0.08779376745223999,
    0.04973936080932617,
    0.1526070535182953,
    -0.050808243453502655,
    -0.04057181626558304,
    0.019140521064400673,
    -0.020997924730181694,
    -0.052395209670066833,
    -0.037984803318977356,
    -0.034916721284389496,
    -0.014669233933091164,
    -0.03342976048588753,
    -0.029181769117712975,
    0.007505481597036123,
    -0.017560431733727455,
    -0.0021060483995825052,
    -0.062308408319950104,
    -0.0735054463148117,
    -0.00294760474935174,
    -0.0836603194475174,
    -0.007654492277652025,
    -0.03221743553876877,
    0.07790389657020569,
    -0.05277539789676666,
    -0.07256076484918594,
    0.018659889698028564,
    0.05010979622602463,
    -0.03222290426492691,
    -0.014635270461440086,
    0.05039437115192413,
    0.021918905898928642,
    -0.029190242290496826,
    0.008055515587329865,
    0.015164424665272236,
    0.0352863110601902,
    -0.05380299314856529,
    -0.04202274605631828,
    0.04752739891409874,
    0.08145155757665634,
    -0.06249886751174927,
    -0.0678454264998436,
    -0.0070799668319523335,
    0.009215948171913624,
    0.0031703582499176264,
    0.021358374506235123,
    -0.06389056891202927,
    0.06558507680892944,
    0.031839534640312195,
    -0.11308223009109497,
    -0.05703610181808472,
    0.010181867517530918,
    -0.03484185039997101,
    0.06764210015535355,
    -0.004445856902748346,
    -0.03979526087641716,
    0.016155844554305077,
    0.013218039646744728,
    0.03232644125819206,
    0.005895915441215038,
    0.058671943843364716,
    -0.0806053876876831,
    0.18090680241584778,
    -0.020671194419264793,
    0.09188743680715561,
    -0.06520148366689682,
    0.02305401861667633,
    -0.09494204819202423,
    0.04515562579035759,
    -0.06453055143356323,
    0.03602335602045059,
    0.0335778184235096,
    -0.14421477913856506,
    -0.033592339605093,
    0.0019350954098626971,
    -0.05098726972937584,
    0.017931945621967316,
    -0.01955253630876541,
    -0.06849579513072968,
    0.00432688370347023,
    0.05420690402388573,
    0.03804803639650345,
    -0.0007754762191325426,
    -0.18174313008785248,
    0.09039901196956635,
    0.007508540991693735,
    -0.0011743837967514992,
    0.10437154024839401,
    0.01678462326526642,
    -0.03531354293227196,
    -0.021799469366669655,
    -0.027689751237630844,
    -0.031461283564567566,
    -0.04692760109901428,
    -0.03266213834285736,
    -0.008918726816773415,
    -0.06749793142080307,
    1.963199433590438e-32,
    -0.05148925632238388,
    -0.01478586345911026,
    -0.1281510293483734,
    -0.019959038123488426,
    0.058664388954639435,
    -0.0005190619267523289,
    0.005200455896556377,
    0.007632416673004627,
    -0.00482851592823863,
    0.062367938458919525,
    0.028114229440689087,
    0.057966750115156174,
    -0.004211369901895523,
    -0.018787479028105736,
    0.018720772117376328,
    0.08125048875808716,
    0.003580225631594658,
    0.07042879611253738,
    -0.023408113047480583,
    0.04685983434319496,
    0.052983470261096954,
    -0.061765220016241074,
    0.025068538263440132,
    0.05957210063934326,
    0.0008000079542398453,
    -0.015404126606881618,
    -0.008684810250997543,
    -0.03378158435225487,
    -0.056652430444955826,
    -0.014986829832196236,
    0.0324232243001461,
    0.02865901030600071,
    0.06887612491846085,
    0.04060440510511398,
    0.062479760497808456,
    0.10302426666021347,
    0.012107325717806816,
    -0.015909390524029732,
    0.02927527204155922,
    -0.021319996565580368,
    -0.1210106760263443,
    -0.0020223609171807766,
    -0.016047390177845955,
    0.006790450774133205,
    0.04919591173529625,
    -0.0476495698094368,
    0.01834269054234028,
    -0.02482970803976059,
    0.018919024616479874,
    0.03592059388756752,
    -0.019105087965726852,
    0.001824496779590845,
    0.09605872631072998,
    -0.0482228584587574,
    -0.07027405500411987,
    0.034141141921281815,
    -0.03838365897536278,
    0.0015028464840725064,
    -0.03705268353223801,
    0.055130261927843094,
    -0.03508400171995163,
    0.013543120585381985,
    -0.0048888977617025375,
    -0.011786782182753086,
    -0.00977241713553667,
    -0.07364943623542786,
    -0.0335112102329731,
    -0.0051264637149870396,
    0.04394414275884628,
    -0.041439175605773926,
    -0.04373767971992493,
    0.03722265735268593,
    -0.009746837429702282,
    0.026651905849575996,
    -0.06776287406682968,
    -0.022351248189806938,
    0.02964097633957863,
    0.003601269330829382,
    0.10749590396881104,
    -0.009202511981129646,
    -0.08093862980604172,
    -0.025399846956133842,
    0.06019480153918266,
    0.011433647945523262,
    -0.06136368215084076,
    -0.01249476708471775,
    0.054734017699956894,
    0.016533702611923218,
    -0.03126317262649536,
    -0.006411815527826548,
    0.021223386749625206,
    -0.03317166864871979,
    0.014591040089726448,
    0.06240175664424896,
    0.04734715446829796,
    -1.97965253414531e-32,
    0.00276680919341743,
    -0.04112400859594345,
    -0.08835317194461823,
    -0.013665453530848026,
    0.03740771487355232,
    -0.025728793814778328,
    -0.08600099384784698,
    -0.03706105798482895,
    0.05658240243792534,
    -0.029126720502972603,
    -0.022344406694173813,
    -0.06851513683795929,
    -0.020253600552678108,
    -0.02963492088019848,
    -0.061412613838911057,
    -0.0397137776017189,
    -0.028305385261774063,
    -0.031484100967645645,
    -0.021838530898094177,
    0.08474146574735641,
    0.02711665630340576,
    -0.022733785212039948,
    0.006344177760183811,
    0.045269083231687546,
    -0.03269120305776596,
    0.008632229641079903,
    0.011403856799006462,
    -0.0899110957980156,
    0.01201675646007061,
    0.026049770414829254,
    0.016956515610218048,
    -0.019614234566688538,
    -0.01407609973102808,
    0.0892057791352272,
    -0.0048622991889715195,
    -0.13693034648895264,
    0.107016921043396,
    -0.09079805016517639,
    -0.04396304860711098,
    -0.02008376456797123,
    0.015882782638072968,
    0.10325828194618225,
    -0.03229520097374916,
    -0.02380218915641308,
    0.01078807096928358,
    -0.013122094795107841,
    0.03422185406088829,
    0.030560845509171486,
    -0.0003878626739606261,
    -0.014360208064317703,
    0.09167235344648361,
    -0.08472128957509995,
    0.04396788775920868,
    0.011152490973472595,
    -0.023119615390896797,
    0.07998257875442505,
    0.07523336261510849,
    -0.05469103157520294,
    -0.04994527995586395,
    0.046346843242645264,
    0.03238429129123688,
    0.03298344835639,
    -0.02817988023161888,
    0.014881816692650318,
    0.0301735270768404,
    -0.02988252602517605,
    -0.03258541226387024,
    -0.014078259468078613,
    -0.011293578892946243,
    -0.08428669720888138,
    -0.03349142149090767,
    -0.05460580065846443,
    -0.006500940304249525,
    -0.1179567500948906,
    0.060149405151605606,
    -0.051697101444005966,
    -0.047057513147592545,
    -0.03507721796631813,
    -0.11382678896188736,
    0.014161854982376099,
    0.04474860429763794,
    0.02937866933643818,
    -0.04174542427062988,
    0.05055692046880722,
    -0.042159270495176315,
    0.06041457876563072,
    0.025199882686138153,
    0.022123510017991066,
    0.06923577934503555,
    0.03296620398759842,
    -0.0647592544555664,
    -0.03344067186117172,
    -0.11104966700077057,
    0.03650941327214241,
    -0.040354352444410324,
    -5.457215479509614e-08,
    -0.03322189301252365,
    0.017104005441069603,
    -0.05877527967095375,
    0.014394351281225681,
    0.025365225970745087,
    0.006617411971092224,
    -0.0654648020863533,
    0.024414995685219765,
    -0.034571852535009384,
    -0.0507022999227047,
    0.034569695591926575,
    0.012554469518363476,
    -0.03362663835287094,
    -0.0017934043426066637,
    0.03431548550724983,
    -0.09000267088413239,
    0.019761711359024048,
    -0.0024016208481043577,
    -0.07840363681316376,
    0.07980407029390335,
    -0.020622938871383667,
    -0.04191993549466133,
    -0.018686844035983086,
    -0.001980729401111603,
    0.04561343789100647,
    -0.018943851813673973,
    -0.044901978224515915,
    0.0560382716357708,
    0.017951136454939842,
    0.0007848975947126746,
    -0.013348649255931377,
    0.024304073303937912,
    0.013808314688503742,
    0.0015794126084074378,
    -0.0424247644841671,
    -0.01534444559365511,
    0.018295027315616608,
    0.05234258994460106,
    -0.006641571410000324,
    0.031049754470586777,
    -0.021599674597382545,
    0.034210287034511566,
    0.0907919779419899,
    0.12325088679790497,
    -0.023791478946805,
    -0.04807742312550545,
    -0.09798083454370499,
    0.05184976011514664,
    0.024780327454209328,
    -0.08637665957212448,
    -0.01946146972477436,
    -0.012961150147020817,
    0.008255967870354652,
    0.029975423589348793,
    -0.0027549464721232653,
    0.05152858421206474,
    0.052476122975349426,
    0.05835184454917908,
    -0.06182773783802986,
    -0.052113063633441925,
    0.1404791921377182,
    -0.002089953050017357,
    0.03392721340060234,
    -0.03684607148170471
]