[
    0.005932828411459923,
    -0.021834492683410645,
    -0.0722806379199028,
    -0.07662886381149292,
    -0.08499661833047867,
    0.06911781430244446,
    -0.05811580270528793,
    -0.0579383447766304,
    -0.01573694311082363,
    0.005577589385211468,
    0.02716076374053955,
    -0.027555624023079872,
    0.013554176315665245,
    0.008420281112194061,
    0.1015758365392685,
    -0.01506633311510086,
    0.05971641466021538,
    0.04332108423113823,
    -0.13656450808048248,
    0.0016639451496303082,
    0.012610393576323986,
    0.003020184813067317,
    -0.04567256197333336,
    0.0027014121878892183,
    -0.13184300065040588,
    -0.03611217066645622,
    -0.030315611511468887,
    -0.10522865504026413,
    0.03245183080434799,
    -0.023923007771372795,
    -0.0025108305271714926,
    -0.013036061078310013,
    0.039058078080415726,
    0.06596554815769196,
    -0.016173383221030235,
    0.05196646600961685,
    -0.0022362503223121166,
    0.010452942922711372,
    0.04584873840212822,
    -0.021749714389443398,
    -0.08916644006967545,
    -0.04720321670174599,
    -0.05971549451351166,
    -0.054869428277015686,
    0.005049281753599644,
    -0.016595257446169853,
    -0.04730420932173729,
    -0.04683071747422218,
    -0.025138333439826965,
    -0.015293046832084656,
    -0.04760340601205826,
    -0.0575554259121418,
    -0.0502706840634346,
    0.06879846006631851,
    -0.02550429105758667,
    0.0014181152218952775,
    -0.027431251481175423,
    -0.0023719617165625095,
    -0.028150882571935654,
    -0.038432396948337555,
    -0.009067004546523094,
    -0.0024472002405673265,
    -0.016618218272924423,
    0.08835256844758987,
    -0.03321729600429535,
    0.014345858246088028,
    -0.0003899609437212348,
    -0.02777773141860962,
    -0.033335864543914795,
    -0.021970737725496292,
    -0.08513088524341583,
    -0.06466777622699738,
    0.01108978595584631,
    0.029423465952277184,
    0.016245296224951744,
    0.0058807143941521645,
    -0.030149279162287712,
    0.04517994821071625,
    0.09069894999265671,
    -0.1513783484697342,
    -0.010394024662673473,
    0.0841144248843193,
    -0.003980959299951792,
    0.10488354414701462,
    -0.05718383193016052,
    -0.044583193957805634,
    -0.07596923410892487,
    -0.052611641585826874,
    0.019567297771573067,
    -0.009003810584545135,
    0.02302652783691883,
    -0.03978286311030388,
    0.06590857356786728,
    -0.0815381109714508,
    0.009935331530869007,
    -0.013364054262638092,
    -0.03536079823970795,
    -0.02397841215133667,
    -0.007980208843946457,
    -0.006223925855010748,
    -0.01875319518148899,
    0.04551762342453003,
    -0.047280218452215195,
    -0.04451970010995865,
    -0.08753305673599243,
    -0.04981028661131859,
    0.024492764845490456,
    -0.015077373944222927,
    0.06545029580593109,
    0.038139015436172485,
    -0.010905569419264793,
    0.010590829886496067,
    -0.06333644688129425,
    -0.13908173143863678,
    0.010290497913956642,
    -0.010056962259113789,
    -0.05382143333554268,
    0.059168823063373566,
    0.028023751452565193,
    0.01031122449785471,
    -0.005366593133658171,
    0.004962970968335867,
    -0.025740869343280792,
    -0.09609942883253098,
    0.050067245960235596,
    0.025455277413129807,
    -0.016537001356482506,
    2.163859698822061e-32,
    0.021265700459480286,
    0.0267302505671978,
    -0.014400064013898373,
    0.0590771846473217,
    0.04144331067800522,
    -0.030311251059174538,
    0.01524721272289753,
    -0.034647438675165176,
    -0.06916731595993042,
    0.04274792969226837,
    -0.03653167188167572,
    0.0845654308795929,
    -0.02741091139614582,
    0.005450368858873844,
    -0.008847478777170181,
    -0.04086674749851227,
    -0.018289480358362198,
    0.0815512090921402,
    -0.03515861555933952,
    0.09930285066366196,
    0.0015782651025801897,
    -0.02490517869591713,
    0.017192700877785683,
    -0.020007729530334473,
    0.004802066832780838,
    -0.040359318256378174,
    0.006524693686515093,
    0.009554743766784668,
    0.05117100104689598,
    0.04225347936153412,
    0.06276111304759979,
    0.04458518326282501,
    0.014663164503872395,
    -0.057504139840602875,
    -0.0013732153456658125,
    0.10958020389080048,
    0.05540965497493744,
    -0.06403972953557968,
    0.08019386231899261,
    -0.025440579280257225,
    -0.06395990401506424,
    0.0011249651433899999,
    0.028735527768731117,
    -0.002818863373249769,
    0.04001464694738388,
    0.005939932074397802,
    0.04482633247971535,
    -0.025919374078512192,
    0.053160421550273895,
    0.03577836602926254,
    -0.009260306134819984,
    -0.015591164119541645,
    0.08301619440317154,
    -0.05311828851699829,
    0.030712217092514038,
    -0.013786940835416317,
    -0.016734477132558823,
    0.05135192349553108,
    -0.041382793337106705,
    0.05187595635652542,
    -0.041174907237291336,
    0.04253694787621498,
    -0.055306948721408844,
    0.06000620499253273,
    0.00902931671589613,
    -0.04552135989069939,
    -0.03560803830623627,
    -0.03796056658029556,
    0.06585675477981567,
    -0.0010223991703242064,
    -0.08123715966939926,
    0.08382626622915268,
    -0.052777960896492004,
    0.01753925532102585,
    -0.04042797163128853,
    -0.03550401329994202,
    -0.0009580562473274767,
    -0.0036317440681159496,
    0.06582164019346237,
    0.007645117584615946,
    -0.1366937756538391,
    0.01627461612224579,
    0.027239292860031128,
    0.06412535905838013,
    0.005853744223713875,
    -5.769601557403803e-05,
    0.061049897223711014,
    0.03930395096540451,
    -0.05195145308971405,
    0.016883796080946922,
    -0.0151792848482728,
    0.031803615391254425,
    0.0323835089802742,
    0.10613264888525009,
    0.06754610687494278,
    -2.2338624445286423e-32,
    0.04174017906188965,
    -0.0009489702642895281,
    -0.026143522933125496,
    0.01568511314690113,
    0.08486077934503555,
    0.033902332186698914,
    -0.051998864859342575,
    -0.1375059187412262,
    0.07048405706882477,
    0.019149497151374817,
    0.02229863405227661,
    -0.011123214848339558,
    -0.0023588333278894424,
    -0.002380205085501075,
    -0.025592947378754616,
    -0.05028066411614418,
    -0.07326775789260864,
    0.0031619283836334944,
    0.013930575922131538,
    0.07349755614995956,
    0.0502006858587265,
    -0.0035381061024963856,
    0.012831817381083965,
    0.08575069904327393,
    0.041318848729133606,
    0.04592937231063843,
    -0.06765367090702057,
    -0.023953741416335106,
    0.1161564439535141,
    -0.033868610858917236,
    -0.005792933516204357,
    -0.05829272046685219,
    -0.033176492899656296,
    0.05883660912513733,
    -0.09440252184867859,
    -0.12598344683647156,
    0.016427410766482353,
    -0.09292367845773697,
    -0.01207667589187622,
    -0.04441681504249573,
    0.03986450284719467,
    -0.01018592994660139,
    -0.040841244161129,
    0.04108938202261925,
    0.04241457208991051,
    -0.0826374739408493,
    0.06329309195280075,
    -0.07790901511907578,
    -0.047523293644189835,
    -0.03158584609627724,
    0.021145684644579887,
    -0.011096335016191006,
    -0.05041801184415817,
    0.012036443687975407,
    -0.018065018579363823,
    0.077001191675663,
    0.017678990960121155,
    -0.03412209823727608,
    -0.050130728632211685,
    -0.02759052999317646,
    0.08268789947032928,
    0.07531968504190445,
    8.956307283369824e-05,
    0.07200154662132263,
    0.05238385871052742,
    -0.035803791135549545,
    0.030685290694236755,
    0.0013795895501971245,
    -0.01362836267799139,
    -0.0332755446434021,
    -0.05755746364593506,
    -0.10162976384162903,
    -0.06152178719639778,
    -0.10278946906328201,
    0.08642151206731796,
    -0.06410527974367142,
    -0.07116598635911942,
    -0.15455195307731628,
    -0.07911416888237,
    0.05004341900348663,
    0.012429567985236645,
    -0.010446939617395401,
    -0.025331279262900352,
    0.046922191977500916,
    -0.011102120392024517,
    0.04605512693524361,
    0.04111192747950554,
    -0.03045978583395481,
    0.04431464895606041,
    0.08161864429712296,
    -0.10610311478376389,
    -0.024774465709924698,
    0.021227765828371048,
    0.022851917892694473,
    -0.07390700280666351,
    -6.221110027126997e-08,
    -0.04486006498336792,
    0.07357706874608994,
    -0.019907718524336815,
    -0.029479870572686195,
    -0.016638854518532753,
    -0.0003475079429335892,
    -0.08917272835969925,
    -0.03916773572564125,
    -0.046627260744571686,
    -0.06786149740219116,
    0.0493125393986702,
    0.02458067424595356,
    -0.0237001720815897,
    -3.450656004133634e-05,
    0.07643622159957886,
    -0.032149408012628555,
    -0.05002192407846451,
    0.01704728975892067,
    -0.0743650496006012,
    0.04458748921751976,
    -0.06586915999650955,
    -0.03192179277539253,
    -0.10884252190589905,
    -0.04008100554347038,
    0.0008706084918230772,
    0.019075533375144005,
    -0.02623462863266468,
    0.08531077951192856,
    0.059735529124736786,
    0.06153584644198418,
    0.00036035702214576304,
    0.0011586049804463983,
    -0.007212185766547918,
    -0.027017563581466675,
    -0.05989321693778038,
    -0.06191878393292427,
    0.026576347649097443,
    5.8893219829769805e-05,
    0.10090459138154984,
    -0.01955784112215042,
    0.009700246155261993,
    0.0591588020324707,
    0.052301011979579926,
    0.11619503796100616,
    -0.005960141308605671,
    -0.022036157548427582,
    -0.05172228068113327,
    0.035562846809625626,
    -0.005623485427349806,
    -0.11430776119232178,
    0.008198033086955547,
    -0.03093075379729271,
    0.014344931580126286,
    0.014513921923935413,
    -0.03502001613378525,
    0.016174225136637688,
    0.026666874065995216,
    0.043782174587249756,
    -0.01762603409588337,
    0.005989039782434702,
    0.06429020315408707,
    0.05350358039140701,
    0.037216946482658386,
    -0.031757112592458725
]