[
    -0.04815278574824333,
    -0.0038493049796670675,
    0.0049775769002735615,
    -0.03449980169534683,
    -0.03392645716667175,
    0.03505967929959297,
    -0.01844574138522148,
    0.0021695673931390047,
    -0.035886675119400024,
    0.046405114233493805,
    -0.043257273733615875,
    -0.12122637033462524,
    0.01182467769831419,
    -0.006495133973658085,
    0.049177415668964386,
    0.02002997137606144,
    0.06540756672620773,
    0.013368102721869946,
    -0.05676208436489105,
    0.025767654180526733,
    0.05125323683023453,
    0.023084742948412895,
    -0.08031310141086578,
    -0.0075522130355238914,
    -0.11685290187597275,
    -0.0448855459690094,
    -0.04266005754470825,
    -0.028954602777957916,
    0.020500848069787025,
    -0.0762060210108757,
    0.07423620671033859,
    0.0424996092915535,
    0.07554228603839874,
    0.029504157602787018,
    0.001635876251384616,
    0.011734215542674065,
    0.038987234234809875,
    -0.05799144506454468,
    0.0407823771238327,
    -0.08823972940444946,
    -0.07302368432283401,
    -0.06388866901397705,
    -0.04567798227071762,
    -0.00955408439040184,
    -0.01855004020035267,
    0.0104931415989995,
    -0.029525890946388245,
    -0.03578197583556175,
    -0.07109973579645157,
    0.008250079117715359,
    -0.048249706625938416,
    -0.036874618381261826,
    0.023629561066627502,
    0.07013384997844696,
    -0.08775953948497772,
    -0.041816018521785736,
    0.020304862409830093,
    0.029037415981292725,
    -0.024698873981833458,
    -0.057008177042007446,
    -0.002725916914641857,
    -0.013328395783901215,
    -0.060552775859832764,
    0.035048387944698334,
    -0.03344375640153885,
    0.03262775391340256,
    -0.005300682969391346,
    -0.010796070098876953,
    0.05565160512924194,
    -0.0027297576889395714,
    -0.04611574485898018,
    0.03672183305025101,
    -0.01197792962193489,
    0.02189609780907631,
    -0.04525639861822128,
    -0.013019834645092487,
    -0.012548408471047878,
    0.03602197766304016,
    0.05386088788509369,
    -0.06969709694385529,
    -0.07581076771020889,
    0.03172951936721802,
    -0.05117376148700714,
    0.020876789465546608,
    -0.022400861606001854,
    -0.026618892326951027,
    -0.03483374044299126,
    0.05614231899380684,
    0.022957563400268555,
    0.018217792734503746,
    0.08986066281795502,
    -0.01048732828348875,
    -0.0075464192777872086,
    -1.703512498352211e-05,
    0.05189891159534454,
    -0.029310984537005424,
    0.00449108611792326,
    -0.026456091552972794,
    0.08654642105102539,
    0.060732290148735046,
    0.06923037022352219,
    0.010848778299987316,
    -0.03916598856449127,
    -0.10340660065412521,
    0.00014243654732126743,
    -0.039143551141023636,
    -0.0469675250351429,
    -0.01968211680650711,
    -0.02440286986529827,
    0.0013249065959826112,
    0.01692347414791584,
    -0.05989823862910271,
    -0.013598368503153324,
    -0.07492240518331528,
    0.045634541660547256,
    0.031229106709361076,
    -0.016170596703886986,
    0.10004124045372009,
    0.03264288231730461,
    -0.03431153669953346,
    -0.03892809897661209,
    0.023289857432246208,
    -0.09586001932621002,
    -0.11032287776470184,
    0.04307810589671135,
    0.015955790877342224,
    0.029249588027596474,
    2.524141958256575e-32,
    -0.04075491055846214,
    0.031590886414051056,
    -0.07549604028463364,
    0.02495662122964859,
    0.02933875285089016,
    -0.061911847442388535,
    0.016527915373444557,
    0.02113994024693966,
    -0.08193083107471466,
    -0.04106169566512108,
    -0.0026160082779824734,
    0.013705966994166374,
    0.020836176350712776,
    -0.06635870039463043,
    -0.05985845997929573,
    -0.053754039108753204,
    -0.016379104927182198,
    0.04215918853878975,
    -0.01724895089864731,
    0.010326320305466652,
    0.05368179455399513,
    -0.09692821651697159,
    0.04960058629512787,
    0.03696585074067116,
    0.06169998645782471,
    -0.035909466445446014,
    0.04845193773508072,
    -0.0030329455621540546,
    -0.043140169233083725,
    -0.000427971564931795,
    0.08134452998638153,
    -0.010135930962860584,
    0.022203786298632622,
    -0.0020537078380584717,
    0.06378500163555145,
    0.09120654314756393,
    0.08080479502677917,
    -0.011139395646750927,
    0.06706830114126205,
    -0.07522593438625336,
    -0.025475764647126198,
    -0.01622990146279335,
    0.012061210349202156,
    0.0015420917188748717,
    0.006219182163476944,
    -0.02925991639494896,
    -0.005411703605204821,
    -0.008806015364825726,
    0.0904650166630745,
    0.07701917737722397,
    0.037141356617212296,
    -0.03877509757876396,
    0.01099444180727005,
    -0.0071687051095068455,
    -0.0020577453542500734,
    -0.0040853205136954784,
    -0.07020490616559982,
    0.012516464106738567,
    -0.0156803447753191,
    0.027430949732661247,
    -0.029102152213454247,
    -0.018540628254413605,
    -0.011696727946400642,
    0.05774116888642311,
    0.01527529489248991,
    -0.07293054461479187,
    -0.029328476637601852,
    -0.04056009277701378,
    0.08230070024728775,
    -0.08104055374860764,
    -0.010774302296340466,
    0.004527722485363483,
    0.009108011610805988,
    0.0088196387514472,
    -0.03485199809074402,
    -0.04648030549287796,
    0.029838139191269875,
    -0.02010057121515274,
    0.06554444879293442,
    0.013209739699959755,
    -0.0948900431394577,
    0.003098774701356888,
    0.013374674133956432,
    0.03155035153031349,
    0.10876717418432236,
    -0.034147534519433975,
    0.005842301994562149,
    -0.02210184931755066,
    -0.06132178381085396,
    -0.020803142338991165,
    -0.0063534090295434,
    -0.01270681619644165,
    -0.025029776617884636,
    0.0536511093378067,
    0.05889655277132988,
    -2.2577449632542987e-32,
    0.02657047100365162,
    -0.047959230840206146,
    -0.08184035867452621,
    0.061951328068971634,
    0.06803558021783829,
    0.05544018745422363,
    -0.059913523495197296,
    -0.07078420370817184,
    0.07097075879573822,
    -0.00727983471006155,
    -0.033993180841207504,
    -0.05922723934054375,
    -0.004546378273516893,
    0.0524459034204483,
    -0.0879165306687355,
    -0.0828687772154808,
    -0.022891419008374214,
    0.005515363998711109,
    0.05348967760801315,
    0.0986984595656395,
    0.040969692170619965,
    0.021982213482260704,
    -0.04215226694941521,
    0.055503688752651215,
    0.004014862701296806,
    0.036065723747015,
    -0.048432737588882446,
    -0.034826502203941345,
    0.07077214866876602,
    0.042018357664346695,
    -0.05211136117577553,
    -0.09977498650550842,
    -0.10939200222492218,
    0.054471179842948914,
    -0.03475365787744522,
    -0.17829376459121704,
    0.16082072257995605,
    -0.005630176514387131,
    -0.0007312124944292009,
    0.06682447344064713,
    0.05217362195253372,
    0.10541114956140518,
    0.036248013377189636,
    -0.036026451736688614,
    -0.05726201832294464,
    -0.03642265498638153,
    0.05088954418897629,
    -0.0078123025596141815,
    -0.04159333556890488,
    -0.03231380879878998,
    0.04701539874076843,
    -0.015865935012698174,
    0.0027884237933903933,
    0.038503799587488174,
    -0.017186949029564857,
    0.040460556745529175,
    0.038688238710165024,
    -0.0297030508518219,
    -0.03144478052854538,
    0.024215063080191612,
    0.03917691111564636,
    0.08335821330547333,
    0.006940524559468031,
    -0.019433174282312393,
    0.12724919617176056,
    -0.03329145908355713,
    -0.024750130251049995,
    -0.05838514119386673,
    -0.008488092571496964,
    -0.05637052655220032,
    -0.0011493198107928038,
    -0.11388332396745682,
    -0.05843077227473259,
    -0.0734420195221901,
    0.15389007329940796,
    0.011080247350037098,
    -0.032913077622652054,
    -0.029131313785910606,
    -0.08043836802244186,
    -0.007372558582574129,
    0.02794715203344822,
    0.04936126619577408,
    -0.06138722226023674,
    0.06432552635669708,
    -0.01892102137207985,
    0.060116373002529144,
    0.039092935621738434,
    -0.05625097081065178,
    0.08682881295681,
    0.10003697127103806,
    0.0005594063550233841,
    0.009857472963631153,
    0.03876388072967529,
    0.0795193687081337,
    -0.049498654901981354,
    -6.294776255799661e-08,
    -0.027402255684137344,
    0.01833769679069519,
    -0.012750423513352871,
    -0.03485684096813202,
    0.002969998400658369,
    0.03967418894171715,
    0.03589196503162384,
    -0.030415000393986702,
    -0.06292127072811127,
    -0.09792643040418625,
    0.07342696934938431,
    -0.02024052105844021,
    -0.015245557762682438,
    -0.04936925321817398,
    0.012580057606101036,
    -0.036855507642030716,
    -0.054800476878881454,
    -0.01137891598045826,
    -0.1187906488776207,
    -0.025982242077589035,
    -0.004371143411844969,
    -0.06772179901599884,
    -0.06281436234712601,
    0.0121785718947649,
    0.02482862025499344,
    -0.012567881494760513,
    0.0019282089779153466,
    0.07926635444164276,
    0.021730508655309677,
    -0.00966315995901823,
    -0.056289125233888626,
    0.04503602162003517,
    0.02252180129289627,
    -0.0946112647652626,
    -0.005216788966208696,
    -0.027077587321400642,
    -0.020774999633431435,
    -0.00828708428889513,
    0.03815256431698799,
    0.03505045175552368,
    -0.042818088084459305,
    0.07671453058719635,
    0.06195088103413582,
    0.01622059755027294,
    0.020390626043081284,
    0.007668453734368086,
    -0.10113461315631866,
    0.024014219641685486,
    0.008537321351468563,
    -0.07323119044303894,
    -0.010048683732748032,
    -0.06620807945728302,
    0.025660336017608643,
    0.04913461208343506,
    -0.0566871240735054,
    0.12915930151939392,
    0.08040670305490494,
    0.04265815392136574,
    0.00271554384380579,
    -0.038768574595451355,
    0.11920161545276642,
    0.09371886402368546,
    -0.006817420944571495,
    -0.0036213058046996593
]