[
    -0.03249494358897209,
    0.037937626242637634,
    -0.04200149327516556,
    -0.048759542405605316,
    -0.052938662469387054,
    0.06617868691682816,
    -0.003994947765022516,
    -0.04360371455550194,
    0.009151310659945011,
    0.001273772562853992,
    -0.0009997887536883354,
    -0.04572447016835213,
    0.00018546458159107715,
    -0.06595635414123535,
    0.07703110575675964,
    -0.013194376602768898,
    0.036105308681726456,
    0.04520159214735031,
    -0.09668230265378952,
    0.08144153654575348,
    -0.010645878501236439,
    0.07860378175973892,
    -0.0409562885761261,
    -0.006150740198791027,
    -0.13210095465183258,
    -0.014850159175693989,
    0.005410241894423962,
    -0.05657099932432175,
    0.020318035036325455,
    -0.06062183529138565,
    0.034818608313798904,
    0.014518311247229576,
    0.048175569623708725,
    0.08024367690086365,
    -0.0008326023234985769,
    0.03269822150468826,
    -0.008327750489115715,
    0.03415859863162041,
    -0.0059511070139706135,
    0.04831618070602417,
    -0.07488012313842773,
    -0.06049566715955734,
    -0.03689384087920189,
    -0.04340409114956856,
    0.04402956739068031,
    -0.051766183227300644,
    -0.04578318074345589,
    -0.0319279283285141,
    -0.014348749071359634,
    0.04033892601728439,
    -0.060296498239040375,
    -0.034719355404376984,
    -0.01762152649462223,
    0.060396965593099594,
    -0.05441759154200554,
    -0.010649342089891434,
    -0.013542268425226212,
    -0.014086718671023846,
    -0.08134832978248596,
    0.007790177129209042,
    -0.011942853219807148,
    0.023162418976426125,
    0.016586696729063988,
    0.11028752475976944,
    -0.02284260466694832,
    0.06679834425449371,
    -0.013061128556728363,
    -0.007198434788733721,
    -0.03137461096048355,
    -0.018984850496053696,
    -0.10808760672807693,
    -0.0328347384929657,
    -0.03492406755685806,
    0.04102211445569992,
    -0.016344929113984108,
    -0.003602343611419201,
    -0.03734084963798523,
    0.04370447248220444,
    0.0730559304356575,
    -0.11165951192378998,
    -0.018253250047564507,
    0.01783192902803421,
    -0.03147950768470764,
    0.06614864617586136,
    -0.06115768477320671,
    0.012978724204003811,
    -0.008504200726747513,
    0.00819679070264101,
    -0.003884654026478529,
    -0.028027448803186417,
    0.10218688100576401,
    -0.05584283918142319,
    0.11642644554376602,
    -0.09209995716810226,
    0.0769832506775856,
    -0.025543473660945892,
    -0.021810173988342285,
    -0.06533641368150711,
    0.026718204841017723,
    -0.0537780225276947,
    -0.01839648187160492,
    0.02380865067243576,
    0.002142552752047777,
    0.017709633335471153,
    -0.056728556752204895,
    -0.06720101088285446,
    0.03873821720480919,
    -0.017080264165997505,
    0.013782053254544735,
    0.02415093407034874,
    0.05985068529844284,
    0.04279003292322159,
    -0.057801444083452225,
    -0.13039174675941467,
    0.028525687754154205,
    -0.013192475773394108,
    -0.06173710525035858,
    0.04086032509803772,
    0.033644262701272964,
    -0.007112185470759869,
    -0.040420468896627426,
    -0.0019236297812312841,
    -0.021289460361003876,
    -0.11639409512281418,
    0.0161970816552639,
    0.028427794575691223,
    -0.05451409891247749,
    1.732388913754574e-32,
    -0.0031047214288264513,
    -0.0069426968693733215,
    -0.05944891273975372,
    -0.004932873882353306,
    0.010490995831787586,
    -0.02116248570382595,
    0.014443664811551571,
    -0.017779860645532608,
    -0.027047714218497276,
    0.09849823266267776,
    0.013359160162508488,
    0.0948602631688118,
    -0.06906888633966446,
    -0.03822535648941994,
    -0.04223714768886566,
    0.0631590336561203,
    -0.0168082807213068,
    0.09298411756753922,
    -0.027440961450338364,
    0.09938428550958633,
    0.012998121790587902,
    -0.04743702709674835,
    0.0009620669879950583,
    0.019854774698615074,
    0.026758508756756783,
    0.007780644576996565,
    0.00340772676281631,
    0.01128664705902338,
    0.007659330032765865,
    0.0032183416187763214,
    0.03900371491909027,
    0.010475247167050838,
    0.009886539541184902,
    -0.038321252912282944,
    0.06467762589454651,
    0.1259971559047699,
    -0.0007397420704364777,
    -0.02290998212993145,
    0.07608432322740555,
    -0.0799565240740776,
    -0.048725027590990067,
    -0.010266103781759739,
    0.08272771537303925,
    0.01614989899098873,
    0.04026917740702629,
    -0.014433959499001503,
    0.021642165258526802,
    -0.03609360381960869,
    0.0322309285402298,
    0.05916232243180275,
    -0.026068419218063354,
    -0.0171937495470047,
    -0.007255708333104849,
    -0.034264180809259415,
    0.002391612622886896,
    -0.04158848151564598,
    -0.03691082075238228,
    0.004827428609132767,
    -0.06384643912315369,
    0.058898359537124634,
    -0.04428594186902046,
    0.03159334883093834,
    -0.04786936938762665,
    -0.046500321477651596,
    -0.0316171832382679,
    -0.03153696656227112,
    -0.02098257839679718,
    -0.044103868305683136,
    0.04045984894037247,
    -0.022458169609308243,
    -0.00017109412874560803,
    0.03346477076411247,
    -0.015649519860744476,
    0.047504425048828125,
    0.006363513879477978,
    -0.03430122137069702,
    -0.02307678759098053,
    -0.03939632698893547,
    0.04880953207612038,
    0.026918793097138405,
    -0.06449655443429947,
    -0.002567306626588106,
    0.041491925716400146,
    0.0733107402920723,
    0.0034992373548448086,
    0.004976124502718449,
    0.08493176102638245,
    0.009879417717456818,
    -0.08543132245540619,
    -0.07600903511047363,
    0.007286327891051769,
    0.05918441340327263,
    0.03327837213873863,
    0.07886878401041031,
    0.03460942953824997,
    -1.8643694521714665e-32,
    0.01138376910239458,
    -0.066505566239357,
    -0.01803472265601158,
    -0.0004761108721140772,
    0.061122238636016846,
    -0.013633420690894127,
    0.0020086648873984814,
    -0.07231953740119934,
    0.022046707570552826,
    -0.012841081246733665,
    -0.0022695704828947783,
    -0.02061804197728634,
    -0.06904703378677368,
    -0.02659860998392105,
    -0.017065532505512238,
    -0.0631239265203476,
    -0.07707427442073822,
    -0.041149601340293884,
    -0.0005519838305190206,
    0.0826215147972107,
    -0.017330314964056015,
    -0.007853701710700989,
    0.05958723649382591,
    0.1086471825838089,
    0.037079039961099625,
    0.05732561647891998,
    -0.03189853951334953,
    -0.017004411667585373,
    0.10784902423620224,
    -0.045980047434568405,
    -0.021105777472257614,
    -0.03410879522562027,
    -0.04688715189695358,
    0.05372799187898636,
    -0.10719595849514008,
    -0.18695393204689026,
    0.029040677472949028,
    -0.08871913701295853,
    -0.017507867887616158,
    -0.060305580496788025,
    0.0877273753285408,
    0.01581120491027832,
    -0.017002249136567116,
    0.002311677671968937,
    0.03889678418636322,
    -0.047292113304138184,
    0.06966955214738846,
    -0.04335477203130722,
    -0.009658275172114372,
    -0.028799360617995262,
    0.03657808527350426,
    -0.015659725293517113,
    0.004269367549568415,
    0.04883629456162453,
    -0.02411886863410473,
    0.12104815989732742,
    0.04554300382733345,
    -0.08145017176866531,
    -0.035001203417778015,
    -0.01722787879407406,
    0.06149395555257797,
    0.08231288194656372,
    0.033752474933862686,
    0.10031064599752426,
    0.020928168669342995,
    -0.05617735534906387,
    0.007974918000400066,
    -0.025097306817770004,
    -0.08843247592449188,
    -0.06402145326137543,
    -0.06842226535081863,
    -0.11649291217327118,
    -0.01983320713043213,
    -0.08680571615695953,
    0.06016151234507561,
    -0.03899950161576271,
    -0.07042352110147476,
    -0.1582241952419281,
    -0.04932473599910736,
    0.013574935495853424,
    0.027919244021177292,
    0.00669057946652174,
    -0.08186766505241394,
    0.08381243795156479,
    -0.02090485580265522,
    0.03425174579024315,
    0.07218267768621445,
    -0.07554809749126434,
    -0.003783965250477195,
    0.09762480854988098,
    -0.08937901258468628,
    0.011820557527244091,
    -0.07052415609359741,
    0.026974789798259735,
    -0.10357575118541718,
    -5.207231268400392e-08,
    -0.055753350257873535,
    0.05519905313849449,
    0.003521817270666361,
    -0.07359188795089722,
    0.014468053355813026,
    -0.06075770780444145,
    -0.052457597106695175,
    -0.03626618906855583,
    -0.01886766217648983,
    -0.016491103917360306,
    0.02956406958401203,
    0.07109867036342621,
    -0.05123216658830643,
    0.02304190956056118,
    0.045467257499694824,
    -0.0061287647113204,
    -0.06065427139401436,
    -0.015610108152031898,
    -0.061953719705343246,
    0.05114598199725151,
    -0.01678496040403843,
    -0.02770606428384781,
    -0.0516267865896225,
    -0.001159793813712895,
    0.04458988457918167,
    0.00828552059829235,
    -0.04591653496026993,
    0.07992047071456909,
    0.11525408178567886,
    0.020679622888565063,
    -0.022344136610627174,
    0.0102391941472888,
    0.03546341508626938,
    -0.039045896381139755,
    -0.03787524625658989,
    -0.048021942377090454,
    0.052098266780376434,
    -0.029296258464455605,
    0.0604623444378376,
    0.029512790963053703,
    -0.0003632446168921888,
    0.014460481703281403,
    0.05739448219537735,
    0.08929203450679779,
    0.01705469749867916,
    -0.0677635446190834,
    -0.04930279031395912,
    0.031959451735019684,
    8.018888183869421e-05,
    -0.0798586905002594,
    -0.0043020970188081264,
    -0.036463234573602676,
    0.07093856483697891,
    -0.0023636342957615852,
    -0.0411585308611393,
    0.025450456887483597,
    0.029171206057071686,
    0.041393883526325226,
    -0.021622873842716217,
    0.00047448551049456,
    0.09127690643072128,
    -0.005137675907462835,
    0.05251719430088997,
    0.001932987361215055
]