[
    -0.02180238626897335,
    -0.035860057920217514,
    -0.04405227676033974,
    -0.04274289682507515,
    -0.05482405424118042,
    0.04118777811527252,
    -0.04588588699698448,
    -0.056737154722213745,
    -0.049357712268829346,
    0.06410381197929382,
    -0.02062145248055458,
    -0.03255913034081459,
    -0.0002767514670267701,
    -0.0024191050324589014,
    0.03476111218333244,
    0.050865594297647476,
    0.06442765146493912,
    0.03172466531395912,
    -0.10242953151464462,
    0.009796430356800556,
    0.041946690529584885,
    0.021577857434749603,
    -0.03713231161236763,
    -0.025740886107087135,
    -0.10690069198608398,
    -0.017585327848792076,
    -0.054556671530008316,
    -0.07035250216722488,
    0.0024185432121157646,
    -0.13856539130210876,
    0.004450451582670212,
    0.03200984373688698,
    0.05039599910378456,
    0.03057689219713211,
    0.0033031818456947803,
    -0.012500308454036713,
    0.016525160521268845,
    -0.03573407232761383,
    0.03361725062131882,
    -0.028461968526244164,
    -0.02953220158815384,
    -0.0039505925960838795,
    -0.041123345494270325,
    -0.05996127426624298,
    -0.04512333497405052,
    0.014610238373279572,
    -0.024948863312602043,
    -0.04980190843343735,
    -0.021187175065279007,
    0.03285816311836243,
    -0.0390203632414341,
    -0.0428650863468647,
    0.0022058365866541862,
    0.0711890235543251,
    -0.03743985667824745,
    -0.028758540749549866,
    0.004185230005532503,
    0.029283011332154274,
    -0.030089810490608215,
    -0.04411790147423744,
    -0.028508247807621956,
    0.017766989767551422,
    -0.07110179960727692,
    0.046090640127658844,
    -0.0501575730741024,
    0.021738730370998383,
    0.004168919753283262,
    0.0012323287082836032,
    0.008795265108346939,
    -0.007993337698280811,
    -0.049585480242967606,
    0.03568633645772934,
    0.027079496532678604,
    -0.002042907988652587,
    -0.04803552106022835,
    0.01786753535270691,
    -0.01019670907407999,
    -0.0014200960285961628,
    0.0717017725110054,
    -0.05132207274436951,
    -0.07193959504365921,
    0.02580440789461136,
    -0.05644052103161812,
    0.014819378033280373,
    -0.06471648067235947,
    -0.0639735609292984,
    -0.028396092355251312,
    0.007357167545706034,
    0.03384672850370407,
    0.028501834720373154,
    0.05944572016596794,
    -0.016531815752387047,
    0.05039379000663757,
    -0.07458478957414627,
    0.09388576447963715,
    -0.027481626719236374,
    0.022204941138625145,
    0.021788720041513443,
    0.10459230095148087,
    0.03676360100507736,
    0.05439767241477966,
    0.026412058621644974,
    -0.028803212568163872,
    -0.0605153813958168,
    -0.041586458683013916,
    -0.06895650923252106,
    -0.01715340092778206,
    0.01771342009305954,
    -0.014295061118900776,
    -0.00726107694208622,
    0.005811220500618219,
    -0.002521602902561426,
    -0.013783431611955166,
    -0.0999998077750206,
    0.051070764660835266,
    0.03386408090591431,
    -0.04042521491646767,
    0.09894577413797379,
    -0.007476780563592911,
    -0.03722810745239258,
    -0.03125229477882385,
    0.052657514810562134,
    -0.036890458315610886,
    -0.052234988659620285,
    0.04994572699069977,
    0.07257536053657532,
    -0.031116724014282227,
    2.538865025000624e-32,
    -0.034171730279922485,
    -0.05707447603344917,
    -0.09962084144353867,
    0.001473693992011249,
    0.0377587266266346,
    -0.014295738190412521,
    -0.002492043189704418,
    0.0026136909145861864,
    -0.11515506356954575,
    0.029535789042711258,
    0.024127738550305367,
    0.037801891565322876,
    -0.018336249515414238,
    -0.1195354163646698,
    -0.022027315571904182,
    -0.03185213357210159,
    -0.04989469051361084,
    0.07372519373893738,
    -0.03812023252248764,
    0.011926119215786457,
    0.01538011059165001,
    -0.045149147510528564,
    0.030038774013519287,
    0.01912115514278412,
    0.028384575620293617,
    -0.029558967798948288,
    0.05651466175913811,
    -0.010173788294196129,
    -0.007204289548099041,
    0.012822065502405167,
    0.06778457015752792,
    -0.016060927882790565,
    0.023204423487186432,
    0.0062104640528559685,
    0.06195409968495369,
    0.12354831397533417,
    0.006944917142391205,
    -0.012200207449495792,
    0.11815224587917328,
    -0.08198601752519608,
    -0.048632122576236725,
    -0.0302183348685503,
    0.012566016055643559,
    -0.04452991113066673,
    -0.011641490273177624,
    -0.020441044121980667,
    -0.04733668640255928,
    -0.015450938604772091,
    0.061008572578430176,
    0.059756238013505936,
    0.018716691061854362,
    -0.032092589884996414,
    0.08387836068868637,
    -0.032881252467632294,
    0.023473624140024185,
    -0.012767067179083824,
    -0.0529370941221714,
    0.0656675472855568,
    -0.028106307610869408,
    0.03687465935945511,
    -0.00702017592266202,
    0.05267548933625221,
    -0.050485748797655106,
    0.0692123994231224,
    -0.03359492868185043,
    -0.043563853949308395,
    -0.05693136900663376,
    -0.05374039337038994,
    0.09381449967622757,
    -0.06014212593436241,
    -0.03383389487862587,
    0.0344809852540493,
    0.05174491927027702,
    0.042721912264823914,
    -0.04960537329316139,
    -0.02514139749109745,
    0.009105711244046688,
    -0.04280119016766548,
    0.01929234340786934,
    -0.011526905000209808,
    -0.1154155284166336,
    0.029196342453360558,
    0.02474760077893734,
    0.06502942740917206,
    0.061232954263687134,
    -0.041424259543418884,
    0.002311716554686427,
    0.005478208884596825,
    -0.013752604834735394,
    -0.008195380680263042,
    0.03401404619216919,
    0.007263542618602514,
    -0.016639024019241333,
    0.04581649228930473,
    0.038533229380846024,
    -2.4362531843814696e-32,
    0.0388077050447464,
    -0.03176064416766167,
    -0.04878143593668938,
    0.03941700980067253,
    0.06325478851795197,
    0.05581619590520859,
    -0.10129322856664658,
    -0.11845294386148453,
    0.0891735628247261,
    -0.04035281762480736,
    -0.039779867976903915,
    -0.021301373839378357,
    0.017625438049435616,
    0.005789524409919977,
    -0.0464322492480278,
    -0.08617036789655685,
    -0.02931503765285015,
    -0.026225697249174118,
    0.03565656766295433,
    0.09273695200681686,
    0.0512804239988327,
    0.024880073964595795,
    -0.01446302980184555,
    0.07100261002779007,
    -0.008479423820972443,
    -0.0010256960522383451,
    -0.04938959702849388,
    -0.07377514243125916,
    0.07639975845813751,
    0.05989513918757439,
    -0.03969745710492134,
    -0.12332071363925934,
    -0.07382138818502426,
    0.024086564779281616,
    -0.0536406971514225,
    -0.16466745734214783,
    0.15166299045085907,
    -0.06231861189007759,
    -0.045481499284505844,
    0.007435943000018597,
    -0.007114927284419537,
    0.10107821226119995,
    0.0028625321574509144,
    -0.04235187545418739,
    -0.008832641877233982,
    -0.049019310623407364,
    0.010117256082594395,
    -0.03363742306828499,
    -0.03535817936062813,
    -0.09528476744890213,
    -0.008188926614820957,
    -0.016727682203054428,
    0.003557841293513775,
    0.016110247001051903,
    -0.01575629413127899,
    0.052802711725234985,
    0.025162607431411743,
    -0.030225509777665138,
    -0.01813853345811367,
    0.006321822293102741,
    0.021845243871212006,
    0.08225567638874054,
    -0.04823021590709686,
    -0.0006469302461482584,
    0.06173385679721832,
    -0.010932319797575474,
    -0.0839463397860527,
    -0.04820795729756355,
    -0.03170005977153778,
    -0.04716124013066292,
    0.00015700729272793978,
    -0.11697857081890106,
    -0.0794721469283104,
    -0.03722181171178818,
    0.1334063559770584,
    0.042397089302539825,
    -0.037490926682949066,
    -0.07102273404598236,
    -0.1046070009469986,
    0.024835115298628807,
    0.0391831248998642,
    0.023580994457006454,
    -0.030426185578107834,
    0.020118871703743935,
    0.018385743722319603,
    0.11815471947193146,
    0.06725025177001953,
    -0.04764444753527641,
    0.02385341003537178,
    0.08828289061784744,
    -0.0508730486035347,
    -0.05244918167591095,
    0.03924300894141197,
    0.06256940215826035,
    -0.04346487298607826,
    -6.550519060510851e-08,
    -0.04846132546663284,
    0.03270762786269188,
    -0.01929953508079052,
    0.0028340457938611507,
    -0.0013920273631811142,
    -0.03384874388575554,
    0.0029022768139839172,
    0.04941392317414284,
    -0.07077936083078384,
    -0.03800985962152481,
    0.07881847769021988,
    -0.01803416945040226,
    -0.008361953310668468,
    -0.018767137080430984,
    0.07601407915353775,
    -0.003345403354614973,
    -0.05586099997162819,
    0.03526635468006134,
    -0.09076438099145889,
    -0.008507155813276768,
    0.014259342104196548,
    -0.06238005682826042,
    -0.06641126424074173,
    0.05912606790661812,
    0.011280159465968609,
    -0.01881144382059574,
    -0.0015262346714735031,
    0.051965586841106415,
    0.018875503912568092,
    0.04348563402891159,
    -0.025868384167551994,
    0.06163433566689491,
    -0.010236294008791447,
    -0.08964180946350098,
    -0.021731937304139137,
    -0.0066515603102743626,
    -0.026845762506127357,
    0.02577606774866581,
    0.056801687926054,
    0.05383111536502838,
    -0.04685729742050171,
    0.03630385175347328,
    0.0737074464559555,
    0.06774882972240448,
    0.011042971163988113,
    -0.0014393309829756618,
    -0.07265423983335495,
    0.04023999348282814,
    0.008942184038460255,
    -0.1143389642238617,
    0.02721368707716465,
    -0.056366655975580215,
    0.039734769612550735,
    -0.03733475133776665,
    -0.004196010064333677,
    0.11512142419815063,
    0.1134878545999527,
    0.07514821738004684,
    -0.028210608288645744,
    -0.028214100748300552,
    0.11890970915555954,
    0.09666234254837036,
    0.023239921778440475,
    -0.01989833638072014
]