[
    -0.040519870817661285,
    0.010802358388900757,
    -0.05950656905770302,
    0.029413405805826187,
    -0.04646678641438484,
    0.06443619728088379,
    0.006500303745269775,
    -0.0079084113240242,
    0.07216942310333252,
    -0.05227437987923622,
    -0.005362613592296839,
    -0.023487722501158714,
    0.038880106061697006,
    0.02964165061712265,
    0.10003967583179474,
    0.021920382976531982,
    0.04952392354607582,
    0.06237271800637245,
    -0.07208147644996643,
    0.07657355070114136,
    0.01723933219909668,
    0.005195946898311377,
    -0.10825827717781067,
    -0.011740713380277157,
    -0.04402848333120346,
    -0.059152211993932724,
    -0.0005680861067958176,
    -0.05131329596042633,
    0.022915678098797798,
    -0.05253821238875389,
    -0.04271582514047623,
    0.025962665677070618,
    -0.023297050967812538,
    0.038216739892959595,
    -0.002142894547432661,
    -0.026296427473425865,
    -0.04733182489871979,
    -0.01469462737441063,
    -0.020801665261387825,
    0.06753644347190857,
    -0.04372828081250191,
    0.025584785267710686,
    -0.02002483792603016,
    0.029248354956507683,
    -0.03347724303603172,
    0.037902556359767914,
    -0.023996960371732712,
    0.009957928210496902,
    -0.09636053442955017,
    0.024952303618192673,
    -0.10115643590688705,
    -0.01232047937810421,
    -0.08289574831724167,
    0.08614353835582733,
    -0.04015453904867172,
    -0.05032654106616974,
    0.028007658198475838,
    0.015670495107769966,
    -0.021267108619213104,
    0.021485965698957443,
    -0.046129677444696426,
    -0.0031076364684849977,
    -0.023695053532719612,
    0.0625762939453125,
    -0.016064787283539772,
    0.030197041109204292,
    -0.033989157527685165,
    0.018476275727152824,
    -0.08641611039638519,
    -0.0389217771589756,
    -0.0787103921175003,
    0.02720661275088787,
    -0.009656708687543869,
    0.008484043180942535,
    0.032069966197013855,
    -0.024720486253499985,
    -0.01884477026760578,
    0.07830614596605301,
    0.05596219375729561,
    -0.09214682132005692,
    -0.06695623695850372,
    0.018434548750519753,
    -0.018963415175676346,
    0.016276312991976738,
    -0.08106542378664017,
    0.012828326784074306,
    -0.041157644242048264,
    -0.00128505052998662,
    0.031203974038362503,
    0.023841867223381996,
    0.10565797984600067,
    -0.07280357927083969,
    0.041184041649103165,
    -0.10144712030887604,
    0.03237309679389,
    0.05368920415639877,
    0.000920063117519021,
    -0.06176375970244408,
    0.01782776601612568,
    -0.06046263873577118,
    0.016697507351636887,
    -0.026276323944330215,
    -0.023604704067111015,
    -0.009364651516079903,
    0.024565497413277626,
    0.02726331353187561,
    -0.0007823706837370992,
    0.007273484952747822,
    -0.007057147566229105,
    0.05078548938035965,
    0.00865207239985466,
    -0.0373273566365242,
    -0.022986305877566338,
    -0.07239212840795517,
    0.07053270190954208,
    0.052526846528053284,
    -0.03415308892726898,
    0.11075936257839203,
    0.10822954773902893,
    -0.016366373747587204,
    -0.056737445294857025,
    0.08639714866876602,
    -0.04652775079011917,
    -0.0938473492860794,
    0.0032046136911958456,
    0.04210188239812851,
    -0.08041621744632721,
    1.8643203752823197e-32,
    -0.019568921998143196,
    -0.04190909117460251,
    -0.0970052108168602,
    0.06544852256774902,
    0.025500865653157234,
    -0.02177264541387558,
    0.05254414305090904,
    0.04020150750875473,
    -0.10567043721675873,
    0.08588329702615738,
    -0.012449425645172596,
    0.07385151833295822,
    0.010715813376009464,
    -0.04790244624018669,
    -0.06958263367414474,
    0.015912001952528954,
    -0.0015697248745709658,
    0.05043444782495499,
    0.01982971653342247,
    -0.0005957891698926687,
    0.020438598468899727,
    0.047283004969358444,
    0.06868389248847961,
    0.02707458846271038,
    -0.033028494566679,
    -0.013902608305215836,
    0.06860589981079102,
    0.002709863241761923,
    -0.0020214009564369917,
    -0.018631862476468086,
    -0.009915393777191639,
    0.07166458666324615,
    0.05589780583977699,
    0.010418914258480072,
    0.05543588846921921,
    0.13097257912158966,
    0.006918054074048996,
    -0.041862256824970245,
    0.05533723905682564,
    -0.03459695354104042,
    -0.06789121776819229,
    0.004673772491514683,
    0.04866309463977814,
    -0.024731310084462166,
    -0.08177044987678528,
    0.046985335648059845,
    0.057564739137887955,
    -0.06121884658932686,
    -0.03832525014877319,
    0.020755846053361893,
    -0.08687327802181244,
    0.029101572930812836,
    0.06026838347315788,
    0.019030168652534485,
    0.047449786216020584,
    -0.0326654352247715,
    -0.07489579916000366,
    0.05793289095163345,
    -0.08864682167768478,
    0.003322352422401309,
    -0.018710695207118988,
    -0.008793546818196774,
    0.0021953543182462454,
    0.0032471846789121628,
    -0.019007528200745583,
    -0.05854911357164383,
    -0.032820817083120346,
    0.027196208015084267,
    0.037787605077028275,
    -0.05377970635890961,
    -0.02337503805756569,
    0.05986205115914345,
    0.10152494162321091,
    0.0418412946164608,
    -0.04363943636417389,
    -0.04087948799133301,
    0.04390969127416611,
    -0.0772850513458252,
    0.03863466531038284,
    -0.026477279141545296,
    -0.11370594799518585,
    -0.0010798642178997397,
    0.08204188942909241,
    0.07796748727560043,
    -0.0005653704865835607,
    -0.0007768452633172274,
    0.047755345702171326,
    -0.01825728826224804,
    -0.04357684776186943,
    -0.0023813156876713037,
    0.004777859430760145,
    0.0029168089386075735,
    -0.017917450517416,
    0.03960099071264267,
    0.03895023837685585,
    -1.813151693938201e-32,
    -0.0022658107336610556,
    -0.08440400660037994,
    -0.04303150996565819,
    0.02043822593986988,
    0.04603948816657066,
    -0.019947590306401253,
    -0.10110186040401459,
    -0.03352721035480499,
    0.08892221748828888,
    -0.04754595831036568,
    -0.09442897140979767,
    -0.02256680652499199,
    -0.04686093330383301,
    -0.03444509208202362,
    -0.05978747829794884,
    -0.09806586056947708,
    -0.14029093086719513,
    -0.020239850506186485,
    0.07132802158594131,
    0.020368758589029312,
    0.027963100001215935,
    -0.011135049164295197,
    -0.0011712285922840238,
    0.06130816414952278,
    0.06360835582017899,
    -0.020052678883075714,
    -0.008243723772466183,
    0.005844868253916502,
    0.07596103847026825,
    0.10229814797639847,
    0.010818528942763805,
    -0.09509916603565216,
    -0.06605003774166107,
    0.013002165593206882,
    -0.12006654590368271,
    -0.10504848510026932,
    0.07584147900342941,
    -0.029572023078799248,
    0.003858997719362378,
    -0.023513082414865494,
    0.010299029760062695,
    -0.002588900737464428,
    0.04681877791881561,
    -0.004563938360661268,
    0.055812060832977295,
    -0.07205694168806076,
    0.05449742451310158,
    -0.09768148511648178,
    0.03406397998332977,
    -0.06389004737138748,
    -0.0062776836566627026,
    -0.08861842751502991,
    -0.050145287066698074,
    0.04280577227473259,
    -0.07605403661727905,
    -0.009671567939221859,
    0.09534119069576263,
    0.022389812394976616,
    -0.015528961084783077,
    -0.026852183043956757,
    0.09407926350831985,
    0.05944232642650604,
    -0.01565633900463581,
    0.029869088903069496,
    0.025490395724773407,
    0.008839471265673637,
    -0.0495256632566452,
    -0.021959181874990463,
    -0.02386905625462532,
    0.00016214640345424414,
    -0.027918150648474693,
    -0.10462938994169235,
    -0.05968574807047844,
    -0.020072434097528458,
    0.07083200663328171,
    0.029158368706703186,
    0.04656362906098366,
    -0.11024694889783859,
    -0.07736020535230637,
    -0.016624849289655685,
    0.046397581696510315,
    -0.0013831540709361434,
    -0.05856237933039665,
    0.0908498466014862,
    -0.009670918807387352,
    0.05958622321486473,
    0.08801118284463882,
    0.032755110412836075,
    0.041010577231645584,
    0.07329820096492767,
    -0.0015149989631026983,
    -0.007549025118350983,
    0.05058562010526657,
    0.07911348342895508,
    -0.05252043902873993,
    -5.060729790784535e-08,
    -0.08067469298839569,
    0.048313166946172714,
    0.007863549515604973,
    -0.022907251492142677,
    -0.045655507594347,
    -0.006722978316247463,
    0.02455553412437439,
    0.031548190861940384,
    -0.04613863676786423,
    -0.016470473259687424,
    0.004532823339104652,
    -0.0046005528420209885,
    0.015671616420149803,
    0.007959720678627491,
    0.02159961871802807,
    -0.01786028780043125,
    -0.048176463693380356,
    -0.00041546777356415987,
    -0.02618974633514881,
    0.09063296765089035,
    -0.06710968166589737,
    -0.01938607357442379,
    -0.08526382595300674,
    -0.005457041319459677,
    -0.0033754578325897455,
    -0.015999842435121536,
    -0.004304205533117056,
    0.12148132920265198,
    0.030942874029278755,
    -0.0038052552845329046,
    -0.07400179654359818,
    0.02856600098311901,
    0.033768560737371445,
    -0.09006622433662415,
    -0.01788865402340889,
    -0.007431700360029936,
    -0.03097461350262165,
    0.014581004157662392,
    0.018886655569076538,
    0.011715906672179699,
    -0.04988265037536621,
    -0.01869712956249714,
    0.025831425562500954,
    0.024887654930353165,
    0.04097269847989082,
    0.012500640004873276,
    -0.08114124089479446,
    0.06711520254611969,
    0.03550449386239052,
    -0.02036345936357975,
    -0.03128345310688019,
    -0.0035472139716148376,
    -0.01966678909957409,
    -0.05279112234711647,
    0.0034703859128057957,
    0.026516534388065338,
    0.08111748844385147,
    0.11174634099006653,
    -0.01149362325668335,
    -0.007532275747507811,
    0.07478871941566467,
    0.04008830711245537,
    0.07317393273115158,
    -0.055883970111608505
]