[
    -0.01721152663230896,
    0.060107648372650146,
    -0.031808506697416306,
    -0.05789189413189888,
    -0.038174256682395935,
    0.1027042493224144,
    -0.011737423948943615,
    -0.04503215476870537,
    0.013304612599313259,
    0.02575564756989479,
    0.02988182194530964,
    -0.06496873497962952,
    0.02198375202715397,
    -0.045795686542987823,
    0.09927210956811905,
    -0.04405617713928223,
    0.050306908786296844,
    0.07874822616577148,
    -0.14206838607788086,
    0.06794912368059158,
    0.027815954759716988,
    0.06083165109157562,
    -0.07527779042720795,
    0.003238092875108123,
    -0.12475717067718506,
    -0.028757860884070396,
    -0.005839281715452671,
    -0.0604327917098999,
    0.033667419105768204,
    -0.08301737159490585,
    0.01859218254685402,
    0.015178889967501163,
    0.013060424476861954,
    0.059585437178611755,
    0.024634933099150658,
    0.029679886996746063,
    -0.01883847452700138,
    0.033130574971437454,
    -0.007592460606247187,
    0.015263314358890057,
    -0.062305524945259094,
    -0.03472323343157768,
    -0.027543505653738976,
    -0.03424226865172386,
    0.06307519972324371,
    -0.03629660606384277,
    -0.06203870102763176,
    -0.040674660354852676,
    -0.009110257029533386,
    0.017184654250741005,
    -0.08083932846784592,
    -0.03086119145154953,
    -0.03615644574165344,
    0.0774335116147995,
    -0.04954588785767555,
    -0.059472400695085526,
    -0.028084037825465202,
    -0.024347035214304924,
    -0.09352579712867737,
    -0.032899875193834305,
    0.005647468380630016,
    0.010327525436878204,
    0.019350312650203705,
    0.07618605345487595,
    -0.05128498747944832,
    0.049367137253284454,
    -0.012796641327440739,
    -0.031602151691913605,
    -0.0168725848197937,
    0.009707924909889698,
    -0.07514374703168869,
    -0.057622868567705154,
    -0.01045199017971754,
    0.00955214910209179,
    0.0015560828614979982,
    0.024906642735004425,
    -0.024351026862859726,
    0.04678241163492203,
    0.08797530084848404,
    -0.12857751548290253,
    -0.002183250617235899,
    0.008302995003759861,
    -0.01284259743988514,
    0.06114688143134117,
    -0.07308599352836609,
    0.00052068562945351,
    -0.026702890172600746,
    -0.03187305107712746,
    -0.004595101810991764,
    -0.030141238123178482,
    0.08833444863557816,
    -0.012077577412128448,
    0.13629890978336334,
    -0.0804784968495369,
    0.07915960997343063,
    -0.03557674586772919,
    -0.026050370186567307,
    -0.11661174148321152,
    0.028156496584415436,
    -0.025896942242980003,
    0.0069994800724089146,
    0.025478830561041832,
    -0.0052336398512125015,
    0.018593907356262207,
    -0.014044045470654964,
    -0.0852876827120781,
    0.007900465279817581,
    0.017059320583939552,
    0.019592002034187317,
    0.035760022699832916,
    0.03796441853046417,
    0.0773247629404068,
    -0.045514654368162155,
    -0.13532310724258423,
    0.02559732273221016,
    0.004988886881619692,
    -0.020235717296600342,
    0.03137445077300072,
    0.06495169550180435,
    0.014666774310171604,
    -0.04972107335925102,
    0.029197463765740395,
    -0.07030919939279556,
    -0.1060769185423851,
    -0.018028419464826584,
    0.022564301267266273,
    -0.05776393413543701,
    1.970921990664959e-32,
    -0.009703204967081547,
    -0.025808826088905334,
    -0.061115577816963196,
    -0.008431789465248585,
    0.010723542422056198,
    -0.018163790926337242,
    0.01335094589740038,
    -0.003540205303579569,
    -0.07288720458745956,
    0.08967085927724838,
    -0.033350054174661636,
    0.03365836665034294,
    -0.026946010068058968,
    -0.025651132687926292,
    -0.032206080853939056,
    0.010780028067529202,
    -0.03993450850248337,
    0.07156097143888474,
    -0.020882567390799522,
    0.06575723737478256,
    -0.01594758965075016,
    -0.037171486765146255,
    0.015183217823505402,
    0.021105848252773285,
    -0.021579459309577942,
    -0.02010423131287098,
    0.0034380427096039057,
    -0.03500979021191597,
    0.0009536470752209425,
    0.0038906564004719257,
    0.040877364575862885,
    0.0376850925385952,
    0.04040062800049782,
    -0.0359189435839653,
    0.022435754537582397,
    0.1325792819261551,
    0.004863303154706955,
    -0.034482453018426895,
    0.05559558793902397,
    -0.056830789893865585,
    -0.0951937586069107,
    0.011493741534650326,
    0.05914927273988724,
    0.027508461847901344,
    0.04688373953104019,
    -0.002402881858870387,
    0.01713767647743225,
    -0.04904055595397949,
    0.04173055291175842,
    0.03271045163273811,
    -0.024006513878703117,
    0.004104084800928831,
    0.02662932500243187,
    -0.031688008457422256,
    0.009918469935655594,
    -0.04138442501425743,
    -0.03225017711520195,
    0.05282875522971153,
    -0.031662438064813614,
    0.06255984306335449,
    -0.03342389315366745,
    -0.018489781767129898,
    -0.030872708186507225,
    -0.007436740677803755,
    0.018906008452177048,
    -0.031576406210660934,
    -0.017663851380348206,
    -0.048083268105983734,
    0.03394228592514992,
    -0.007518462836742401,
    -0.01390543207526207,
    0.06399962306022644,
    0.025030234828591347,
    0.0398486889898777,
    -0.019053125753998756,
    -0.05392187088727951,
    -0.00655772490426898,
    -0.03067120537161827,
    0.04355603829026222,
    0.008864267729222775,
    -0.04421462491154671,
    0.004659867379814386,
    0.034158963710069656,
    0.05554767698049545,
    0.02136051654815674,
    -0.006580377463251352,
    0.089338019490242,
    0.019500013440847397,
    -0.07419464737176895,
    -0.10011491924524307,
    -0.015586264431476593,
    0.05592023953795433,
    0.0409802608191967,
    0.08779588341712952,
    0.041411370038986206,
    -2.0740895462384647e-32,
    -0.012702921405434608,
    -0.03134132921695709,
    -0.04238887131214142,
    0.009627671912312508,
    0.06365548074245453,
    -0.004396300762891769,
    -0.03962798789143562,
    -0.09111355245113373,
    0.036560092121362686,
    0.0038484353572130203,
    -0.00952560268342495,
    -0.049198850989341736,
    -0.03211227059364319,
    -0.006984158884733915,
    -0.03308093920350075,
    -0.08101239055395126,
    -0.07947415858507156,
    -0.039844200015068054,
    -0.007016979157924652,
    0.12165757268667221,
    -0.0011277800658717752,
    -0.005215020384639502,
    0.022255143150687218,
    0.12580685317516327,
    0.022681228816509247,
    0.05299200490117073,
    -0.04640519246459007,
    -0.0210653617978096,
    0.06376619637012482,
    -0.028547387570142746,
    -0.010541969910264015,
    -0.022514956071972847,
    -0.06820054352283478,
    0.06505181640386581,
    -0.09620560705661774,
    -0.19422078132629395,
    0.05680022016167641,
    -0.0659007802605629,
    -0.029721491038799286,
    -0.052748389542102814,
    0.07094861567020416,
    0.017381707206368446,
    -0.025619227439165115,
    0.002979596145451069,
    0.026734378188848495,
    -0.06490761041641235,
    0.05506462976336479,
    -0.06898472458124161,
    0.021958600729703903,
    0.004014729987829924,
    0.007110453210771084,
    -0.054385505616664886,
    -0.008883999660611153,
    0.0695728063583374,
    -0.03018716536462307,
    0.08681295812129974,
    0.08114412426948547,
    -0.07692528516054153,
    -0.03245621919631958,
    -0.008792460896074772,
    0.06104261800646782,
    0.0854744240641594,
    -0.008573242463171482,
    0.07858903706073761,
    0.0532364584505558,
    -0.0250298622995615,
    -0.014929048717021942,
    -0.06557933241128922,
    -0.06728524714708328,
    -0.0630568116903305,
    -0.09700439125299454,
    -0.07280833274126053,
    -0.03310549631714821,
    -0.075906902551651,
    0.06239811331033707,
    -0.023494109511375427,
    -0.02534661814570427,
    -0.10652033239603043,
    -0.0660945251584053,
    0.02105638198554516,
    0.08112270385026932,
    -0.024514002725481987,
    -0.020770173519849777,
    0.06963738799095154,
    -0.07006406784057617,
    0.010703044943511486,
    0.07546436041593552,
    -0.0755009576678276,
    0.008360621519386768,
    0.09686737507581711,
    -0.11933659017086029,
    -0.005113633349537849,
    -0.01586112007498741,
    0.01009175181388855,
    -0.07355381548404694,
    -5.8267644931220275e-08,
    -0.05548219010233879,
    0.04703661799430847,
    -0.022711152210831642,
    -0.030284244567155838,
    -0.012252273969352245,
    -0.043484583497047424,
    -0.07002925872802734,
    0.003174011129885912,
    -0.039609018713235855,
    -0.03840191662311554,
    0.04680296406149864,
    0.06872502714395523,
    -0.038411326706409454,
    0.012381053529679775,
    0.037266604602336884,
    -0.02675296925008297,
    -0.061030685901641846,
    -0.0029093024786561728,
    -0.044804539531469345,
    0.07928428798913956,
    -0.06472350656986237,
    -0.0009851246140897274,
    -0.046345073729753494,
    -0.03899744153022766,
    0.04424825310707092,
    0.015589021146297455,
    -0.021488552913069725,
    0.07951126992702484,
    0.1168849915266037,
    0.0281637255102396,
    -0.02892470173537731,
    0.012399922125041485,
    0.04587488994002342,
    -0.0350874625146389,
    -0.09082674980163574,
    -0.04312019422650337,
    0.01743827946484089,
    -0.020182808861136436,
    0.03318266570568085,
    0.03879104182124138,
    0.026110650971531868,
    0.00842395517975092,
    0.03869568556547165,
    0.06993073225021362,
    0.03878302127122879,
    -0.04920203983783722,
    -0.05866069346666336,
    0.02508540265262127,
    0.002840733854100108,
    -0.08788888156414032,
    -0.02089807763695717,
    -0.03679288551211357,
    0.0895087942481041,
    -0.01257061306387186,
    -0.031935807317495346,
    0.03580855578184128,
    0.036252375692129135,
    0.038406554609537125,
    -0.030579935759305954,
    0.026831571012735367,
    0.0792044922709465,
    -0.007578971330076456,
    0.06965681910514832,
    -0.013281977735459805
]