[
    -0.005811867769807577,
    0.009649431332945824,
    -0.02431608736515045,
    -0.07865798473358154,
    -0.08302117884159088,
    0.0602092370390892,
    0.010278204455971718,
    -0.025355391204357147,
    -0.003714672988280654,
    0.037838973104953766,
    0.0008583186427131295,
    -0.00013834534911438823,
    0.0048929303884506226,
    0.004877063911408186,
    0.11420722305774689,
    0.06309816241264343,
    0.07262621074914932,
    0.02334740199148655,
    -0.09878154844045639,
    0.045740820467472076,
    0.04050854966044426,
    0.024434516206383705,
    -0.06561645120382309,
    -0.05000424385070801,
    -0.11426600813865662,
    -0.026457224041223526,
    -0.044618941843509674,
    -0.03355930745601654,
    0.09103307127952576,
    -0.08649491518735886,
    0.030716080218553543,
    0.06874670088291168,
    0.07063156366348267,
    0.0553240105509758,
    -0.05323587357997894,
    -0.02273685112595558,
    -0.011346196755766869,
    -0.03668921813368797,
    0.042770951986312866,
    -0.004002583213150501,
    -0.04978373274207115,
    0.003442268818616867,
    -0.04741068184375763,
    -0.05076196789741516,
    0.0005370657308958471,
    0.01409490779042244,
    -0.030662251636385918,
    -0.005185090471059084,
    0.0010658713290467858,
    0.00024843381834216416,
    -0.07492035627365112,
    -0.015436387620866299,
    -0.033567555248737335,
    0.054180365055799484,
    -0.04891310632228851,
    -0.027043627575039864,
    -0.0058160871267318726,
    0.04135982319712639,
    -0.013830439187586308,
    -0.01500761415809393,
    -0.0352928563952446,
    -0.013680888339877129,
    -0.056276023387908936,
    0.051523782312870026,
    -0.05946316942572594,
    0.016615139320492744,
    -0.01750878244638443,
    -0.027510808780789375,
    -0.0035187117755413055,
    0.03338567167520523,
    -0.040418632328510284,
    0.036522362381219864,
    0.028392059728503227,
    -0.0036969638895243406,
    -0.047674935311079025,
    -0.03065343387424946,
    0.007039230782538652,
    0.00607267813757062,
    0.04983033612370491,
    -0.09820286184549332,
    -0.05653487518429756,
    0.03486672416329384,
    -0.06690225005149841,
    -0.026805387809872627,
    -0.08348716050386429,
    -0.021271085366606712,
    -0.04711328446865082,
    0.02909376285970211,
    0.020049916580319405,
    0.030703363940119743,
    0.02521817572414875,
    -0.06940880417823792,
    0.07414957880973816,
    -0.07191731780767441,
    0.06670954078435898,
    0.007258691359311342,
    -0.02123747207224369,
    -0.009370202198624611,
    0.05363546684384346,
    0.018527008593082428,
    0.031467124819755554,
    0.008171656168997288,
    -0.029581183567643166,
    -0.06529909372329712,
    -0.018747875466942787,
    -0.0667559877038002,
    -0.02488236501812935,
    -0.03529864922165871,
    -0.010995466262102127,
    0.0194337610155344,
    -0.01143927313387394,
    -0.013070591725409031,
    -0.025820476934313774,
    -0.05864952504634857,
    0.04406517744064331,
    0.028129467740654945,
    -0.0007904722588136792,
    0.06424815952777863,
    -0.004851510748267174,
    -0.07175963371992111,
    -0.027975181117653847,
    0.05014321953058243,
    -0.042327892035245895,
    -0.035576120018959045,
    0.00569549947977066,
    -0.0002527123433537781,
    -0.0351327545940876,
    2.0221168267583835e-32,
    -0.04589415714144707,
    -0.07144976407289505,
    -0.10129466652870178,
    0.05342405289411545,
    0.047328315675258636,
    0.012298625893890858,
    -0.01150332298129797,
    -0.029553931206464767,
    -0.07637572288513184,
    0.07106246799230576,
    0.025062989443540573,
    -0.0008117540855892003,
    0.005031479522585869,
    -0.08537030965089798,
    -0.032179947942495346,
    0.0027110420633107424,
    -0.07730581611394882,
    0.08169304579496384,
    -0.05459914356470108,
    -0.002447656821459532,
    0.028501112014055252,
    0.025330131873488426,
    0.013876909390091896,
    0.046375662088394165,
    -0.031157054007053375,
    -0.04624482989311218,
    0.08373823761940002,
    -0.048857491463422775,
    -0.007179795298725367,
    0.00029518830706365407,
    0.04852175712585449,
    -0.02285091020166874,
    -0.012018434703350067,
    0.015713995322585106,
    0.06338219344615936,
    0.106064572930336,
    0.014833576045930386,
    -0.015608562156558037,
    0.09615220874547958,
    -0.06499340385198593,
    -0.09513094276189804,
    -0.01137200091034174,
    -0.03117842599749565,
    -0.015037802048027515,
    0.01571362465620041,
    -0.0024238047190010548,
    -0.07252541184425354,
    -0.04050599783658981,
    0.06761762499809265,
    0.05391699820756912,
    0.009514671750366688,
    -0.01036178506910801,
    0.09399758279323578,
    0.001938304165378213,
    0.0513186976313591,
    -0.0007518277852796018,
    -0.09580855071544647,
    0.09419212490320206,
    -0.049437541514635086,
    0.03838711231946945,
    -0.018750404939055443,
    0.08057956397533417,
    -0.07388242334127426,
    0.036696769297122955,
    -0.06101851165294647,
    -0.05369209870696068,
    -0.05345127731561661,
    -0.05516871064901352,
    0.09240134060382843,
    -0.06107938662171364,
    -0.011225900612771511,
    0.029299244284629822,
    0.017973873764276505,
    0.020779071375727654,
    -0.0675770491361618,
    -0.013185794465243816,
    -0.007040903437882662,
    -0.022925965487957,
    0.03752946853637695,
    0.00852961279451847,
    -0.08770805597305298,
    0.007824113592505455,
    0.012235253117978573,
    0.03902154788374901,
    0.04313432797789574,
    -0.05597260966897011,
    0.002040531951934099,
    -0.053184978663921356,
    -0.004792088642716408,
    0.013057551346719265,
    0.014592347666621208,
    0.032614342868328094,
    -0.03371678292751312,
    0.060414012521505356,
    0.03800228238105774,
    -2.0607519465236534e-32,
    -0.005548523273319006,
    -0.044168777763843536,
    -0.06665611267089844,
    0.0780821144580841,
    0.05531882494688034,
    0.07456045597791672,
    -0.05478465184569359,
    -0.1009192168712616,
    0.07656165212392807,
    -0.04382672905921936,
    -0.05890538915991783,
    -0.011571814306080341,
    0.013587974943220615,
    -0.018781522288918495,
    -0.02829217165708542,
    -0.09634219855070114,
    -0.06530625373125076,
    -0.003009053645655513,
    0.05382229760289192,
    0.10297645628452301,
    0.0037263776175677776,
    -0.009871975518763065,
    -0.0309930257499218,
    0.08114155381917953,
    0.010401013307273388,
    -0.04000193998217583,
    -0.007539909798651934,
    -0.0716380849480629,
    0.08237399905920029,
    0.04674949496984482,
    -0.03389390558004379,
    -0.08311859518289566,
    -0.11396992206573486,
    0.06825637817382812,
    -0.04956117644906044,
    -0.14711757004261017,
    0.10705845803022385,
    -0.05667174234986305,
    -0.03787694871425629,
    -0.012477551586925983,
    0.015285804867744446,
    0.049688827246427536,
    0.04576024040579796,
    -0.04589655250310898,
    -0.026442890986800194,
    -0.033484846353530884,
    0.01308076735585928,
    -0.027165574952960014,
    -0.002140643773600459,
    -0.08641176670789719,
    0.026702769100666046,
    -0.01586955599486828,
    0.025576546788215637,
    -0.018760662525892258,
    -0.01361032947897911,
    0.015883324667811394,
    0.06833704560995102,
    -0.06377409398555756,
    -0.018214646726846695,
    0.031203800812363625,
    0.07193472236394882,
    0.06635265052318573,
    -0.036226313561201096,
    0.0072028543800115585,
    0.04441390931606293,
    0.003896782174706459,
    -0.07970576733350754,
    -0.008691132999956608,
    -0.030561544001102448,
    -0.04411768168210983,
    0.023027274757623672,
    -0.13511963188648224,
    -0.07524855434894562,
    -0.030873533338308334,
    0.13174918293952942,
    0.027275793254375458,
    -0.02344762347638607,
    -0.07752370089292526,
    -0.07005021721124649,
    -0.027459818869829178,
    0.04252978041768074,
    0.033569082617759705,
    -0.0514863058924675,
    0.05656271055340767,
    0.013575422577559948,
    0.11748608946800232,
    0.00936866831034422,
    -0.06712056696414948,
    0.030223466455936432,
    0.07742535322904587,
    -0.008647192269563675,
    0.016727840527892113,
    0.05090774968266487,
    0.02117750234901905,
    -0.04442558437585831,
    -5.53533077152224e-08,
    -0.055412448942661285,
    -0.015275274403393269,
    0.02798381820321083,
    -0.034625906497240067,
    -0.05354488641023636,
    -0.041572071611881256,
    0.008801314048469067,
    -0.015274045057594776,
    -0.035444315522909164,
    -0.03284435346722603,
    0.0706256553530693,
    0.007476527243852615,
    -0.022590938955545425,
    -0.042828790843486786,
    0.04530427232384682,
    -6.467109778895974e-05,
    -0.036955900490283966,
    -0.01448875293135643,
    -0.04698891192674637,
    0.015454924665391445,
    0.015565394423902035,
    -0.06790182739496231,
    -0.07284655421972275,
    0.07293769717216492,
    0.005919479764997959,
    -0.003318609669804573,
    0.0018200057093054056,
    0.11675267666578293,
    -0.006306084804236889,
    0.05705374479293823,
    -0.022473957389593124,
    0.05820905789732933,
    -0.006112503353506327,
    -0.0823301449418068,
    0.013502655550837517,
    -0.00833109114319086,
    -0.03191075101494789,
    0.02596578747034073,
    0.08412149548530579,
    0.03027571551501751,
    -0.09368185698986053,
    0.0056664529256522655,
    0.06451328843832016,
    0.03206215053796768,
    -0.0077143567614257336,
    0.04799828305840492,
    -0.023795226588845253,
    0.06569112837314606,
    0.005066849756985903,
    -0.06552168726921082,
    -0.03745882585644722,
    -0.03915967047214508,
    0.020451897755265236,
    -0.027912691235542297,
    -0.01539447158575058,
    0.14592641592025757,
    0.08059967309236526,
    0.05219186842441559,
    0.010516184382140636,
    -0.05725451931357384,
    0.1433466523885727,
    0.16926167905330658,
    0.0421246699988842,
    0.027830494567751884
]