[
    -0.046632617712020874,
    0.007696500048041344,
    0.002151553751900792,
    -0.039669834077358246,
    -0.025147298350930214,
    0.07604508846998215,
    0.003970802761614323,
    -0.051043469458818436,
    -0.015911318361759186,
    0.0245816633105278,
    0.031862515956163406,
    -0.07029371708631516,
    0.030709868296980858,
    -0.030096178874373436,
    0.06623340398073196,
    0.036033447831869125,
    0.09508413821458817,
    0.082906574010849,
    -0.1158372238278389,
    -0.010831193067133427,
    0.02322605811059475,
    0.03973650187253952,
    -0.091353639960289,
    -0.007830357179045677,
    -0.1746639758348465,
    -0.05429892614483833,
    -0.0014837903436273336,
    -0.056083813309669495,
    0.020592831075191498,
    -0.06360671669244766,
    -0.043115247040987015,
    -0.024669038131833076,
    0.08947505056858063,
    0.08206026256084442,
    -0.009135330095887184,
    0.016177082434296608,
    0.03720776364207268,
    0.008766681887209415,
    -0.012738953344523907,
    0.00639858515933156,
    -0.10111047327518463,
    -0.0679759681224823,
    -0.05638301372528076,
    -0.008555184118449688,
    0.028227752074599266,
    -0.0241722222417593,
    -0.03768148273229599,
    -0.08729586750268936,
    -0.047365885227918625,
    -0.02746313251554966,
    -0.027764927595853806,
    0.00033674651058390737,
    -0.005933178123086691,
    0.06565980613231659,
    -0.05640556663274765,
    -0.040432509034872055,
    0.0004341301682870835,
    0.005453214049339294,
    -0.08018428832292557,
    -0.02564908191561699,
    -0.008828050456941128,
    -0.027895702049136162,
    -0.04557089880108833,
    0.06413982808589935,
    -0.028569616377353668,
    0.0643293485045433,
    -0.05166460573673248,
    -0.017229875549674034,
    0.012545237317681313,
    0.06147661805152893,
    -0.06619483232498169,
    -0.0028521192725747824,
    -0.02840547077357769,
    0.03273454308509827,
    0.003468119539320469,
    0.06037703529000282,
    -0.006115575321018696,
    0.0817723274230957,
    0.10308516770601273,
    -0.15834647417068481,
    -0.027661919593811035,
    0.05665738135576248,
    0.01271886844187975,
    0.059766143560409546,
    -0.03306953236460686,
    -0.015166953206062317,
    -0.014618974179029465,
    6.649874558206648e-05,
    -0.024725915864109993,
    -0.005454547703266144,
    0.07664554566144943,
    -0.06762945652008057,
    0.14149321615695953,
    -0.0720047578215599,
    0.06532986462116241,
    -0.03447447344660759,
    -0.011673438362777233,
    -0.0816744789481163,
    0.03838781639933586,
    0.015006665140390396,
    -0.005573243368417025,
    -0.0048870970495045185,
    -0.09819696098566055,
    -0.017778877168893814,
    -0.03274533152580261,
    -0.08622647821903229,
    -0.017463628202676773,
    -0.024138005450367928,
    0.019331149756908417,
    0.03791208937764168,
    0.05515703558921814,
    0.0009103770717047155,
    -0.05564069375395775,
    -0.12019895017147064,
    0.014216631650924683,
    -0.039961911737918854,
    -0.014483213424682617,
    0.07975710183382034,
    0.011560296639800072,
    -0.0007642794516868889,
    -0.03509313985705376,
    -0.009634031914174557,
    -0.07264573127031326,
    -0.094563789665699,
    0.029243512079119682,
    0.019171573221683502,
    -0.04615561664104462,
    2.4703331166005094e-32,
    0.02059577777981758,
    0.007894511334598064,
    -0.05117880180478096,
    -0.017481252551078796,
    0.02299114316701889,
    -0.03764105960726738,
    -0.014695935882627964,
    -0.017531046643853188,
    -0.02915569394826889,
    0.06262010335922241,
    -0.029905131086707115,
    0.07553431391716003,
    -0.02630925178527832,
    -0.0003067541983909905,
    -0.022330516949295998,
    0.004627703223377466,
    -0.01573042944073677,
    0.08052598685026169,
    -0.007124993484467268,
    0.051985003054142,
    0.028263786807656288,
    -0.05393800511956215,
    0.01430121622979641,
    -0.006740249693393707,
    0.0009986883960664272,
    -0.024999890476465225,
    -0.01258288323879242,
    0.007009666413068771,
    0.035297147929668427,
    0.008815613575279713,
    0.028315545991063118,
    0.02437179535627365,
    0.02560325339436531,
    0.0022351210936903954,
    0.030260935425758362,
    0.09477504342794418,
    0.025559304282069206,
    -0.056564588099718094,
    0.05982479825615883,
    -0.07564257085323334,
    -0.081850565969944,
    0.03310361132025719,
    0.04882780462503433,
    -0.015076865442097187,
    0.06240326911211014,
    -0.046341974288225174,
    0.03557266294956207,
    -0.06290280818939209,
    0.03825099766254425,
    0.05818791687488556,
    -0.011139767244458199,
    -0.0031686779111623764,
    0.033542897552251816,
    -0.04759127274155617,
    -0.011107939295470715,
    -0.04448618367314339,
    -0.043479181826114655,
    0.08252285420894623,
    -0.033139731734991074,
    0.07303087413311005,
    -0.02776256948709488,
    0.022239189594984055,
    -0.027824029326438904,
    0.004991175141185522,
    -0.03820245712995529,
    -0.0012086696224287152,
    -0.039785657078027725,
    -0.045718904584646225,
    0.049580056220293045,
    -0.015798216685652733,
    -0.0004988701548427343,
    0.05529383197426796,
    -0.039839234203100204,
    0.03564264625310898,
    -0.05875532701611519,
    -0.028031496331095695,
    0.019355488941073418,
    -0.019118797034025192,
    0.07353521883487701,
    -0.022610127925872803,
    -0.08444823324680328,
    -0.021239928901195526,
    0.03125133365392685,
    0.0652557983994484,
    -0.0014603028539568186,
    -0.036006271839141846,
    0.06422591954469681,
    0.017721859738230705,
    -0.042239874601364136,
    -0.038141004741191864,
    -0.007586427498608828,
    0.01850651018321514,
    0.003740058047696948,
    0.08909500390291214,
    0.01679307408630848,
    -2.4284746443884909e-32,
    -0.0004567841242533177,
    -0.02487916685640812,
    -0.03875618800520897,
    -0.004362007137387991,
    0.03914330527186394,
    0.024282684549689293,
    -0.0057824826799333096,
    -0.09279757738113403,
    0.04228131100535393,
    0.017170310020446777,
    0.00462538143619895,
    -0.030285216867923737,
    -0.0031583253294229507,
    0.005240270402282476,
    -0.09596829861402512,
    -0.09557788074016571,
    -0.0741737112402916,
    0.035281237214803696,
    -0.015012625604867935,
    0.0862821638584137,
    0.02336159348487854,
    0.0501861572265625,
    -0.017564257606863976,
    0.09317409247159958,
    0.022844159975647926,
    0.05331462249159813,
    -0.02703203819692135,
    -0.03162515535950661,
    0.06756811589002609,
    -0.03548448160290718,
    -0.02766560949385166,
    -0.04827160760760307,
    -0.06762824952602386,
    0.024962937459349632,
    -0.05658090487122536,
    -0.18725080788135529,
    0.10155615955591202,
    -0.0535295270383358,
    -0.05757925286889076,
    -0.03980269655585289,
    0.06590819358825684,
    0.036546025425195694,
    -0.03536731377243996,
    -0.004889925941824913,
    0.024122541770339012,
    -0.06479724496603012,
    -0.0011595779797062278,
    -0.03602157160639763,
    0.00639334786683321,
    -0.040792811661958694,
    -0.03097868338227272,
    -0.08022632449865341,
    0.03753197565674782,
    0.08254281431436539,
    -0.014021262526512146,
    0.03087453916668892,
    0.060774460434913635,
    -0.05621689558029175,
    -0.0385294109582901,
    0.04079806059598923,
    0.02871246449649334,
    0.08257503807544708,
    -0.012858967296779156,
    0.06477141380310059,
    0.07942373305559158,
    -0.031086666509509087,
    0.0031386197078973055,
    -0.04744213446974754,
    -0.05047750845551491,
    -0.08032316714525223,
    0.004472728818655014,
    -0.06315641105175018,
    -0.05768728256225586,
    -0.1067463830113411,
    0.0760955661535263,
    -0.03899959474802017,
    -0.021562671288847923,
    -0.08475390076637268,
    -0.1000058650970459,
    0.03047848306596279,
    0.03945690393447876,
    -0.030258040875196457,
    -0.024642670527100563,
    0.07852809876203537,
    -0.04410640150308609,
    0.090925432741642,
    0.07582594454288483,
    -0.015788618475198746,
    0.05898831784725189,
    0.09869007766246796,
    -0.10169418901205063,
    0.006822383962571621,
    -0.05249490961432457,
    0.05913281813263893,
    -0.0795617327094078,
    -6.674464003708636e-08,
    -0.030622752383351326,
    0.05779720097780228,
    0.018609756603837013,
    -0.05752476677298546,
    -0.014043313451111317,
    0.0004910754505544901,
    -0.06334320455789566,
    -0.05556662753224373,
    -0.03911660239100456,
    -0.055447615683078766,
    0.03503769263625145,
    0.04167119413614273,
    -0.059021562337875366,
    -0.05291321873664856,
    0.08196625113487244,
    0.00569502217695117,
    -0.005475225392729044,
    -0.035842668265104294,
    -0.06169859692454338,
    0.028965918347239494,
    -0.05632258579134941,
    -0.01825268566608429,
    -0.035608045756816864,
    -0.01784147322177887,
    0.04379984363913536,
    -0.0033552662935107946,
    -0.018655845895409584,
    0.08419057726860046,
    0.07589130848646164,
    0.048029351979494095,
    -0.018304504454135895,
    0.017094101756811142,
    0.013726083561778069,
    -0.0711359903216362,
    -0.02881111018359661,
    -0.011219585314393044,
    0.034899912774562836,
    0.0014106335584074259,
    0.06275753676891327,
    0.014898655004799366,
    8.510375482728705e-05,
    0.032037779688835144,
    0.05959401652216911,
    0.07866156101226807,
    0.08201393485069275,
    -0.034092407673597336,
    -0.1107814610004425,
    0.03697950765490532,
    -0.034747056663036346,
    -0.08648965507745743,
    0.02626793272793293,
    -0.054021161049604416,
    0.019419046118855476,
    0.029876044020056725,
    -0.040674321353435516,
    0.04292873665690422,
    0.05090311914682388,
    0.014115775935351849,
    -0.024971913546323776,
    0.00040355275268666446,
    0.11883527785539627,
    0.007049638777971268,
    0.028870226815342903,
    -0.038068000227212906
]