[
    -0.04654695838689804,
    -0.012596002779901028,
    -0.059888217598199844,
    0.0031379559077322483,
    -0.07400606572628021,
    0.0851362869143486,
    -0.07909239828586578,
    -0.05474138259887695,
    -0.000606372719630599,
    -0.011592434719204903,
    -0.0004515646432992071,
    -0.026443248614668846,
    -0.0025132440496236086,
    0.016090204939246178,
    0.07997032254934311,
    0.02033001184463501,
    0.00349543453194201,
    0.0602540597319603,
    -0.09026920050382614,
    0.09765170514583588,
    0.013439788483083248,
    0.01636900193989277,
    -0.07881083339452744,
    -0.0030546614434570074,
    -0.07995188236236572,
    -0.042071014642715454,
    -0.011924775317311287,
    -0.054257892072200775,
    0.06259692460298538,
    -0.10912042111158371,
    0.023032277822494507,
    0.022221772000193596,
    0.034191835671663284,
    0.06773937493562698,
    0.03151043877005577,
    0.014424853958189487,
    -0.04156453534960747,
    -0.03846677020192146,
    0.021611372008919716,
    0.004289661068469286,
    -0.05357768386602402,
    -0.025499342009425163,
    -0.08478377014398575,
    0.0071419961750507355,
    -0.037421684712171555,
    -0.006992669310420752,
    -0.012412149459123611,
    0.0014968460891395807,
    -0.03462858870625496,
    -0.015292168594896793,
    -0.10224249958992004,
    0.002310357755050063,
    -0.0411110520362854,
    0.051254283636808395,
    -0.062323641031980515,
    -0.07713524252176285,
    -0.0167095847427845,
    0.002988701220601797,
    -0.037626463919878006,
    -0.007508804090321064,
    -0.05045885220170021,
    0.03812538832426071,
    -0.042836498469114304,
    0.04930884391069412,
    -0.059458665549755096,
    0.06444531679153442,
    -0.0379246324300766,
    0.010206727311015129,
    -0.01430280227214098,
    -0.005262434482574463,
    -0.09296218305826187,
    0.02053588256239891,
    -0.02527492120862007,
    0.02208641916513443,
    -0.010459758341312408,
    -0.02110099606215954,
    -0.01661493442952633,
    0.023004958406090736,
    0.05485815554857254,
    -0.07476504892110825,
    -0.05392688140273094,
    0.0031027859076857567,
    -0.022049253806471825,
    0.044132426381111145,
    -0.052606355398893356,
    -0.018457239493727684,
    0.0019267367897555232,
    0.043120067566633224,
    0.03016616776585579,
    0.03681817650794983,
    0.08239695429801941,
    -0.018844667822122574,
    0.05809285491704941,
    -0.08627783507108688,
    0.06742901355028152,
    0.012460312806069851,
    -0.00877353549003601,
    -0.013992877677083015,
    0.07199624925851822,
    -0.030762888491153717,
    0.017324142158031464,
    -0.008653110824525356,
    -0.024881791323423386,
    -0.055518053472042084,
    -0.03669501841068268,
    -0.022731194272637367,
    0.005714790895581245,
    0.005948591511696577,
    -0.025408372282981873,
    0.04144805297255516,
    0.007890067063272,
    -0.021348923444747925,
    -0.0737399160861969,
    -0.05715654417872429,
    0.0936354324221611,
    0.03767884522676468,
    -0.02587421052157879,
    0.09344251453876495,
    0.0293062012642622,
    -0.0446619912981987,
    -0.022769078612327576,
    0.05167815089225769,
    -0.02843136340379715,
    -0.06762346625328064,
    0.0235160980373621,
    0.03367852792143822,
    -0.06584838777780533,
    1.8427025933603163e-32,
    -0.08052979409694672,
    -0.039928097277879715,
    -0.11376266181468964,
    0.04319437965750694,
    0.006374978926032782,
    -0.006115717347711325,
    0.021636301651597023,
    0.04926227033138275,
    -0.11237602680921555,
    0.08437808603048325,
    0.05484930798411369,
    -0.027814658358693123,
    -0.008806884288787842,
    -0.026052111759781837,
    -0.09187871217727661,
    -0.022578049451112747,
    -0.0230360459536314,
    0.04982628673315048,
    -0.04426082223653793,
    -0.0045011006295681,
    0.008370350115001202,
    0.007126252632588148,
    0.042624134570360184,
    0.04887280985713005,
    -0.04904106259346008,
    -0.029596634209156036,
    0.0588422492146492,
    -0.02017039619386196,
    0.03334904462099075,
    -0.020479969680309296,
    0.07427918910980225,
    0.011956088244915009,
    0.031066806986927986,
    -0.003623383352532983,
    0.04386891797184944,
    0.16184592247009277,
    0.028606100007891655,
    -0.025005849078297615,
    0.09834446758031845,
    -0.032028164714574814,
    -0.04797457903623581,
    0.011963717639446259,
    0.029281990602612495,
    -0.0015853594522923231,
    -0.011438703164458275,
    0.013165373355150223,
    -0.0006251136655919254,
    -0.049516934901475906,
    0.025508787482976913,
    0.05935324355959892,
    -0.04245619475841522,
    0.024428023025393486,
    0.0439307726919651,
    0.007656812202185392,
    0.061258941888809204,
    -0.007344476412981749,
    -0.06674666702747345,
    0.07402749359607697,
    -0.098697729408741,
    -0.03102790378034115,
    -0.01598208025097847,
    0.006112740375101566,
    -0.030872121453285217,
    0.02428632602095604,
    -0.03897172212600708,
    -0.059702470898628235,
    -0.06232215091586113,
    -0.03502687066793442,
    0.09302514791488647,
    -0.04174065589904785,
    -0.04390156641602516,
    0.056599151343107224,
    0.03462325036525726,
    0.05117955803871155,
    -0.08356492966413498,
    -0.02927592024207115,
    -0.0059778387658298016,
    -0.06491270661354065,
    0.061633333563804626,
    0.020842041820287704,
    -0.12014089524745941,
    0.010562175884842873,
    0.016134455800056458,
    0.04883828014135361,
    0.08001869916915894,
    -0.08442647010087967,
    0.03541899845004082,
    -0.024533124640583992,
    -0.03911266848444939,
    -0.017252685502171516,
    0.021390777081251144,
    -0.02389978989958763,
    -0.020594624802470207,
    0.002797875087708235,
    0.02670406736433506,
    -1.9570636469527334e-32,
    0.0206777174025774,
    -0.06935176253318787,
    -0.03351904824376106,
    0.06678012013435364,
    0.07855537533760071,
    0.011770456098020077,
    -0.054758042097091675,
    -0.0554317869246006,
    0.09977009892463684,
    -0.011132126674056053,
    -0.052600596100091934,
    -0.03154103830456734,
    0.0018505445914343,
    -0.00947874877601862,
    -0.02410404197871685,
    -0.06925215572118759,
    -0.0902090072631836,
    -0.006414348725229502,
    0.08684264868497849,
    0.09630446135997772,
    -0.0014499236131086946,
    0.01914208196103573,
    0.018816551193594933,
    0.12315648794174194,
    0.022894326597452164,
    0.011301863007247448,
    0.018067600205540657,
    -0.04802766069769859,
    0.10600557923316956,
    0.05539290979504585,
    -0.0076010627672076225,
    -0.07516892999410629,
    -0.07869230210781097,
    0.025318339467048645,
    -0.08425282686948776,
    -0.15308745205402374,
    0.07865975797176361,
    -0.0206101443618536,
    -0.029031366109848022,
    -0.036916352808475494,
    0.04762043058872223,
    0.07125124335289001,
    0.04222181811928749,
    -0.02408037893474102,
    0.00027278202469460666,
    -0.0911095067858696,
    0.032571420073509216,
    -0.06691980361938477,
    -0.01679617166519165,
    -0.0886501744389534,
    -0.019980283454060555,
    -0.018360724672675133,
    -0.025597944855690002,
    0.0029432508163154125,
    -0.022507788613438606,
    0.022083789110183716,
    0.045995015650987625,
    -0.011124367825686932,
    0.021084927022457123,
    0.01486307755112648,
    0.0849444717168808,
    0.08642762899398804,
    -0.020517623052001,
    -0.010225137695670128,
    0.0640416368842125,
    -0.05296942964196205,
    -0.09155549108982086,
    -0.025348955765366554,
    -0.08170301467180252,
    -0.021740972995758057,
    0.0056882561184465885,
    -0.1279926896095276,
    -0.0782734677195549,
    -0.05835983157157898,
    0.062099356204271317,
    -0.0031182747334241867,
    -0.04782074689865112,
    -0.06087160110473633,
    -0.05200086906552315,
    -0.02893843688070774,
    0.07183224707841873,
    0.007130165584385395,
    -0.0600242093205452,
    0.05575263500213623,
    0.02734563499689102,
    0.07587721198797226,
    0.07072429358959198,
    0.010993828065693378,
    0.022677278146147728,
    0.08564116060733795,
    -0.01431741937994957,
    0.00525219039991498,
    0.023913659155368805,
    0.0699324682354927,
    -0.06062782555818558,
    -5.472199759992691e-08,
    -0.04872261732816696,
    0.014856366440653801,
    -0.004168830346316099,
    -0.03551315516233444,
    -0.016322415322065353,
    -0.03114214353263378,
    0.006718948017805815,
    -0.008099554106593132,
    -0.09179060906171799,
    -0.006806009449064732,
    0.04998048394918442,
    -0.03459114208817482,
    -0.017898553982377052,
    -0.0013341319281607866,
    0.0586429163813591,
    -0.0063837249763309956,
    -0.09164497256278992,
    0.005124247167259455,
    -0.05917038023471832,
    0.03261071816086769,
    -0.039447952061891556,
    -0.037738073617219925,
    -0.0819578692317009,
    0.04466458410024643,
    0.0072191939689219,
    0.004019028507173061,
    -0.04667205363512039,
    0.08801722526550293,
    0.03313992917537689,
    0.013768879696726799,
    -0.018649622797966003,
    0.04975708946585655,
    0.06506258249282837,
    -0.0790015384554863,
    -0.011510604061186314,
    -0.012237957678735256,
    -0.06664343178272247,
    -0.0008497944800183177,
    0.05513874441385269,
    0.050679463893175125,
    -0.034001536667346954,
    0.0066083804704248905,
    0.05079258978366852,
    0.008413584902882576,
    0.02342979423701763,
    0.017164943739771843,
    -0.08099095523357391,
    0.08115600049495697,
    -0.005479381885379553,
    -0.047758981585502625,
    -0.032806310802698135,
    -0.04565228149294853,
    -0.005347244907170534,
    -0.0453779436647892,
    0.013042004778981209,
    0.11355555057525635,
    0.08205472677946091,
    0.11211647093296051,
    -0.009336366318166256,
    -0.038155846297740936,
    0.12024208158254623,
    0.08594272285699844,
    0.06888876855373383,
    -0.028551075607538223
]