[
    -0.052689313888549805,
    0.011162137612700462,
    -0.00019131293811369687,
    -0.02219284698367119,
    -0.007076791021972895,
    0.02283134125173092,
    -0.06354012340307236,
    -0.025896752253174782,
    -0.020893840119242668,
    0.01979333907365799,
    0.016167065128684044,
    -0.06706442683935165,
    0.010450758971273899,
    0.001906133722513914,
    0.04056437313556671,
    0.03982396051287651,
    0.0815131813287735,
    0.014786062762141228,
    -0.07452747225761414,
    -0.005998548120260239,
    -0.005034346133470535,
    -0.028264453634619713,
    -0.046230703592300415,
    -0.01859823428094387,
    -0.09370733052492142,
    -0.02405632846057415,
    -0.0597238689661026,
    -0.06645432859659195,
    0.03152620419859886,
    -0.0922984704375267,
    0.06237174943089485,
    0.0107909319922328,
    0.01998978480696678,
    0.02570047415792942,
    -0.0015530904056504369,
    0.017385093495249748,
    0.006609207484871149,
    -0.041655298322439194,
    0.03812625631690025,
    -0.033379171043634415,
    -0.05716137960553169,
    -0.03410240262746811,
    -0.06367778778076172,
    -0.0491364449262619,
    -0.005050624720752239,
    0.002581606386229396,
    -0.02167787216603756,
    -0.031845636665821075,
    -0.04930242523550987,
    0.01627700962126255,
    -0.08331789821386337,
    -0.012686079367995262,
    0.014240342192351818,
    0.047282829880714417,
    -0.07429364323616028,
    -0.015379760414361954,
    0.005068671423941851,
    0.015438402071595192,
    -0.05375446751713753,
    -0.03287062421441078,
    -0.02070562168955803,
    -0.008328326046466827,
    -0.0880965068936348,
    0.05117909237742424,
    -0.04573115333914757,
    0.062182310968637466,
    0.01388302817940712,
    0.0023998182732611895,
    0.0845395028591156,
    0.052934084087610245,
    -0.042137511074543,
    0.03858521208167076,
    -0.03585323691368103,
    -0.007384967990219593,
    -0.04294375702738762,
    0.027939222753047943,
    0.0051599349826574326,
    -0.009627381339669228,
    0.07936667650938034,
    -0.09013186395168304,
    -0.05555161461234093,
    0.030682843178510666,
    -0.05540861934423447,
    -0.007840951904654503,
    -0.008933600969612598,
    -0.05905258655548096,
    -0.036631155759096146,
    0.03471190854907036,
    -0.020585302263498306,
    0.033209268003702164,
    0.03675147518515587,
    -0.014978532679378986,
    0.03582678735256195,
    -0.052891939878463745,
    0.104282446205616,
    -0.0458994098007679,
    -0.008351974189281464,
    0.04232136160135269,
    0.09412343055009842,
    0.03780750557780266,
    0.015410439111292362,
    0.05606425181031227,
    -0.05983203649520874,
    -0.06476438790559769,
    -0.07165335863828659,
    -0.0911630243062973,
    -0.031166711822152138,
    -0.016348503530025482,
    -0.011934163980185986,
    0.04757707193493843,
    -0.0048323990777134895,
    -0.008236492983996868,
    0.015830328688025475,
    -0.10599099099636078,
    0.030168114230036736,
    0.06585913151502609,
    -0.04664948955178261,
    0.07240431010723114,
    0.028822612017393112,
    -0.04349923133850098,
    0.04318598285317421,
    0.032978057861328125,
    0.0312088280916214,
    -0.07511039823293686,
    0.013287574984133244,
    -0.001769208232872188,
    -0.00010539520008023828,
    2.2417441341509057e-32,
    -0.018785562366247177,
    -0.043398868292570114,
    -0.12718011438846588,
    0.001901339623145759,
    0.027241175994277,
    -0.004197229165583849,
    -0.008252694271504879,
    -0.010633436031639576,
    -0.0736326053738594,
    0.03992367535829544,
    -0.01530036423355341,
    0.020951353013515472,
    -0.001812352449633181,
    -0.05852803215384483,
    -0.05393114313483238,
    -0.020400067791342735,
    -0.01976480893790722,
    0.11976920813322067,
    -0.046531666070222855,
    0.0029560839757323265,
    0.05019837245345116,
    -0.11235618591308594,
    0.010217058472335339,
    0.06480418145656586,
    0.009424860589206219,
    -0.061517249792814255,
    0.06081748381257057,
    0.01994556188583374,
    -0.027394244447350502,
    0.018304118886590004,
    0.06533423066139221,
    -0.016269048675894737,
    0.0030695318710058928,
    0.017573347315192223,
    0.08898428827524185,
    0.11544013768434525,
    0.049956414848566055,
    -0.06337561458349228,
    0.10962408035993576,
    -0.05726412311196327,
    -0.0464918315410614,
    0.008100544102489948,
    0.07176351547241211,
    -0.01876678317785263,
    0.01314201857894659,
    -0.028771717101335526,
    -0.04745479300618172,
    -0.04342879727482796,
    0.01669817417860031,
    0.05343804508447647,
    0.03285336121916771,
    -0.014553018845617771,
    0.06831484287977219,
    -0.043519437313079834,
    -0.006122041027992964,
    0.02664789929986,
    -0.06049071624875069,
    0.06132034957408905,
    -0.032280609011650085,
    0.04892590269446373,
    0.009113350883126259,
    0.03227867931127548,
    -0.08812426030635834,
    0.08029373735189438,
    -0.05168324336409569,
    -0.01535774115473032,
    -0.03316763788461685,
    -0.10318461805582047,
    0.09172896295785904,
    -0.08972011506557465,
    -0.010638397186994553,
    0.03979959338903427,
    -0.005513573996722698,
    0.006403959821909666,
    -0.028412019833922386,
    -0.07472969591617584,
    0.02247842215001583,
    0.008642689324915409,
    0.03872005268931389,
    0.023090513423085213,
    -0.0801163986325264,
    -0.021461399272084236,
    0.0002769978891592473,
    0.07358109205961227,
    0.06357710063457489,
    -0.05384106934070587,
    0.023283863440155983,
    -0.002775495871901512,
    -0.06274474412202835,
    -0.02744937315583229,
    0.04760836064815521,
    -0.006575981620699167,
    -0.020957961678504944,
    0.04025281220674515,
    0.07152043282985687,
    -2.152174844164506e-32,
    0.04876786470413208,
    -0.0016302759759128094,
    -0.021523866802453995,
    0.003823398146778345,
    0.05554747208952904,
    0.02944065071642399,
    -0.023597629740834236,
    -0.0810742974281311,
    0.11151488125324249,
    -0.003126962808892131,
    -0.02692609652876854,
    -0.04059656709432602,
    0.08795774728059769,
    -0.02585247904062271,
    -0.10952594131231308,
    -0.0683150663971901,
    0.017844917252659798,
    -0.01060306467115879,
    0.021719712764024734,
    0.07366888225078583,
    0.0942111685872078,
    0.03232061117887497,
    0.0021041042637079954,
    0.07197737693786621,
    0.003373048733919859,
    0.006542225368320942,
    -0.02854057587683201,
    -0.09844238311052322,
    0.06375407427549362,
    -0.017027994617819786,
    -0.03602049499750137,
    -0.09557317942380905,
    -0.051913708448410034,
    0.016135364770889282,
    -0.028450094163417816,
    -0.12745730578899384,
    0.11223004013299942,
    -0.046271029859781265,
    -0.05238809064030647,
    0.018381275236606598,
    0.04433336481451988,
    0.09154075384140015,
    -0.031157443299889565,
    -0.03501477465033531,
    -0.04092108830809593,
    -0.05225883796811104,
    -0.011657684110105038,
    -0.027672143653035164,
    0.007026797626167536,
    -0.0688231885433197,
    0.012795716524124146,
    0.0016534454189240932,
    0.00784339290112257,
    -0.012461932376027107,
    -0.0077891540713608265,
    0.04163116589188576,
    0.027246396988630295,
    -0.060188617557287216,
    -0.023283328860998154,
    0.046385012567043304,
    0.06519521772861481,
    0.1044418141245842,
    -0.011668633669614792,
    -0.0036211078986525536,
    0.09866252541542053,
    -0.009579537436366081,
    -0.07060056924819946,
    -0.01232579629868269,
    -0.015062456019222736,
    -0.01807762123644352,
    0.02537492662668228,
    -0.07781586050987244,
    -0.06297049671411514,
    -0.066546231508255,
    0.12798912823200226,
    -0.02858705446124077,
    -0.09360402822494507,
    -0.049189116805791855,
    -0.07305838912725449,
    0.021870223805308342,
    0.002900419058278203,
    0.017642349004745483,
    -0.018613062798976898,
    0.04769473895430565,
    0.017781928181648254,
    0.05055473744869232,
    0.0546540729701519,
    -0.0027527438942342997,
    0.04126759618520737,
    0.09935171157121658,
    -0.022034501656889915,
    -0.05185553804039955,
    0.032952338457107544,
    0.06788913905620575,
    -0.05192200094461441,
    -6.067461555403497e-08,
    0.006334769539535046,
    0.008419881574809551,
    0.037319961935281754,
    -0.009203164838254452,
    -0.026825616136193275,
    -0.05709414184093475,
    0.01984947919845581,
    -0.022606726735830307,
    -0.07260353863239288,
    -0.09587877988815308,
    0.08021146059036255,
    -0.023194216191768646,
    -0.02616857923567295,
    -0.05492517724633217,
    0.04464082047343254,
    -0.026174120604991913,
    -0.025438424199819565,
    0.010501749813556671,
    -0.11951838433742523,
    -0.04994966834783554,
    -0.0073781139217317104,
    -0.04867207258939743,
    -0.07476215809583664,
    0.035482268780469894,
    0.017173057422041893,
    0.0036422431003302336,
    -0.006097269244492054,
    0.06155994534492493,
    0.03657962381839752,
    0.022892091423273087,
    -0.053511057049036026,
    0.0018816743977367878,
    -0.022989045828580856,
    -0.09535156190395355,
    -0.06362929195165634,
    0.01600262150168419,
    -0.011457827873528004,
    0.003129915799945593,
    0.034055281430482864,
    0.04953938350081444,
    -0.0675651803612709,
    0.033967871218919754,
    0.06813126802444458,
    0.08090779185295105,
    0.04135580733418465,
    0.009662382304668427,
    -0.1319906860589981,
    0.03311477228999138,
    -0.03683897480368614,
    -0.07276101410388947,
    0.009180767461657524,
    -0.06154034286737442,
    0.0401730090379715,
    -0.003801229875534773,
    -0.023744851350784302,
    0.1254567950963974,
    0.1305442601442337,
    0.05448020249605179,
    0.002981726545840502,
    -0.039072342216968536,
    0.1252371221780777,
    0.09085606038570404,
    0.03135572373867035,
    0.014143378473818302
]