[
    -0.07973097264766693,
    0.006497421767562628,
    0.025582559406757355,
    -0.082771897315979,
    -0.04849279671907425,
    -0.01266177836805582,
    -0.07583744078874588,
    -0.014479138888418674,
    0.025093184784054756,
    0.022393029183149338,
    0.0010115467011928558,
    -0.015147021040320396,
    0.003173443488776684,
    -0.00743891904130578,
    0.04615967720746994,
    0.020981747657060623,
    0.07965461164712906,
    0.024381231516599655,
    -0.04029517620801926,
    0.004392942413687706,
    0.05116216838359833,
    -0.020618567243218422,
    -0.018516885116696358,
    -0.02362370491027832,
    -0.09033370763063431,
    0.005633718799799681,
    -0.037800129503011703,
    -0.03904746100306511,
    0.0857488289475441,
    -0.0583995021879673,
    0.06085522472858429,
    0.03002733364701271,
    0.05038813501596451,
    0.026258176192641258,
    -0.011992385610938072,
    -0.03274518623948097,
    0.024098126217722893,
    -0.05866425484418869,
    0.0837804302573204,
    0.011440308764576912,
    -0.01083238422870636,
    -0.05122682824730873,
    -0.015058300457894802,
    -0.006630646530538797,
    -0.0351966954767704,
    0.03956923261284828,
    -0.012724186293780804,
    0.0007842425256967545,
    -0.03300100564956665,
    0.03453324735164642,
    -0.07606347650289536,
    -0.050476592034101486,
    -0.05516752228140831,
    0.07425310462713242,
    -0.028847217559814453,
    -0.02873111329972744,
    0.03225129470229149,
    0.03715064376592636,
    0.006282176822423935,
    -0.014847462996840477,
    -0.0223009642213583,
    0.03421910107135773,
    -0.05253443494439125,
    0.031731899827718735,
    -0.028891127556562424,
    0.04502584785223007,
    -0.005497407633811235,
    0.015563619323074818,
    0.07029812037944794,
    0.06212287023663521,
    -0.004881375469267368,
    0.04123372957110405,
    0.015572892501950264,
    0.016968969255685806,
    -0.10881000757217407,
    -0.03226185217499733,
    0.0041092922911047935,
    -0.03508839011192322,
    -0.008141092956066132,
    -0.11024387925863266,
    -0.08474209159612656,
    0.0015370218316093087,
    -0.03088662028312683,
    -0.011559689417481422,
    -0.05320190638303757,
    -0.07969967275857925,
    0.019531771540641785,
    0.010373341850936413,
    -0.018580004572868347,
    0.030366715043783188,
    0.06311100721359253,
    -0.07249347865581512,
    0.014229285530745983,
    -0.08252765983343124,
    0.03544139862060547,
    0.007185495924204588,
    0.021883582696318626,
    0.01169565599411726,
    0.08986916393041611,
    0.007240152917802334,
    0.02951015532016754,
    0.0627533346414566,
    -0.013518578372895718,
    -0.023957151919603348,
    -0.027884211391210556,
    -0.06327871978282928,
    -0.03246213123202324,
    -0.02037912793457508,
    -0.005774275865405798,
    0.0506267286837101,
    0.01110988762229681,
    -0.019774841144680977,
    -0.034186650067567825,
    -0.0730365738272667,
    0.07741393148899078,
    0.036981888115406036,
    -0.016735903918743134,
    0.13606877624988556,
    -0.0012611174024641514,
    -0.04249575361609459,
    0.011625228449702263,
    0.030121855437755585,
    -0.019539909437298775,
    -0.07294747233390808,
    0.044608213007450104,
    -0.00584242632612586,
    0.013796777464449406,
    1.828072390669982e-32,
    0.00030700655770488083,
    -0.04000178724527359,
    -0.1391424536705017,
    0.058109574019908905,
    0.07709211856126785,
    0.006071510259062052,
    0.009442413225769997,
    0.0050748903304338455,
    -0.04367761313915253,
    0.046445801854133606,
    0.006637371610850096,
    -0.01961318776011467,
    -0.00802616961300373,
    -0.08874627202749252,
    -0.07981667667627335,
    0.006188662722706795,
    -0.03444817662239075,
    0.05299124866724014,
    -0.06158117577433586,
    0.014258070848882198,
    0.05805227905511856,
    -0.08721812069416046,
    0.03710568696260452,
    0.060001347213983536,
    -0.01511954516172409,
    -0.015266073867678642,
    0.0714690163731575,
    -0.0009405842865817249,
    -0.01429945882409811,
    -0.005348025821149349,
    0.030019419267773628,
    0.011658151634037495,
    0.04470417648553848,
    0.032049596309661865,
    0.10942075401544571,
    0.11051496118307114,
    0.01040799543261528,
    -0.08246295154094696,
    0.07560943067073822,
    -0.07920781522989273,
    -0.09399062395095825,
    -0.013911648653447628,
    -0.004357293713837862,
    -0.037330511957407,
    -0.0027830242179334164,
    -0.02456200122833252,
    -0.025167718529701233,
    0.011796954087913036,
    0.05701713636517525,
    0.0665426030755043,
    0.008255325257778168,
    -0.024123869836330414,
    0.05707872658967972,
    -0.05191035941243172,
    0.03680550307035446,
    0.017163248732686043,
    -0.07952786237001419,
    0.042948540300130844,
    -0.026505669578909874,
    0.04427822306752205,
    0.002711135195568204,
    0.028377415612339973,
    -0.03174108266830444,
    0.04414237663149834,
    -0.010242580436170101,
    -0.08036061376333237,
    -0.06523531675338745,
    -0.05053998529911041,
    0.13217255473136902,
    -0.058467600494623184,
    -0.017880726605653763,
    0.06469254940748215,
    -0.019091015681624413,
    0.02768750861287117,
    -0.023979168385267258,
    0.011198104359209538,
    0.04773763567209244,
    -0.04676830396056175,
    0.026606889441609383,
    -0.02155936136841774,
    -0.09877993911504745,
    -0.04080396145582199,
    0.05188874900341034,
    0.05851162225008011,
    0.06076645106077194,
    -0.011558927595615387,
    0.001644216594286263,
    -0.016613813117146492,
    -0.034104906022548676,
    -0.021861225366592407,
    0.05492442846298218,
    -0.028470072895288467,
    0.01931511051952839,
    -0.014484768733382225,
    0.0482383631169796,
    -1.730810959525389e-32,
    0.008157195523381233,
    -0.06294173747301102,
    -0.11358364671468735,
    0.05875813588500023,
    0.06953228265047073,
    0.022088032215833664,
    -0.08108492940664291,
    -0.06905030459165573,
    0.0440744012594223,
    0.01547923032194376,
    -0.07142864167690277,
    -0.015965253114700317,
    0.03853059932589531,
    -0.02817985974252224,
    -0.09242574870586395,
    -0.04720611870288849,
    0.06655051559209824,
    -0.04120105132460594,
    0.04107760637998581,
    0.061835743486881256,
    0.04595068842172623,
    0.008470865897834301,
    0.008436747826635838,
    0.0790293738245964,
    0.05933860316872597,
    -0.0030506765469908714,
    -0.011502264067530632,
    -0.04694968834519386,
    0.01703602820634842,
    0.05656534805893898,
    -0.0472620464861393,
    -0.07316303253173828,
    -0.04870130121707916,
    0.05671215429902077,
    -0.051322996616363525,
    -0.13152866065502167,
    0.14456577599048615,
    0.00831973273307085,
    -0.026481419801712036,
    -0.007822001352906227,
    0.012194926850497723,
    0.11948245018720627,
    0.07552818208932877,
    -0.06799156218767166,
    -0.027659662067890167,
    -0.023266222327947617,
    0.04501471668481827,
    0.04224886745214462,
    -0.013968979939818382,
    -0.052262600511312485,
    0.010220427066087723,
    -0.05242034047842026,
    0.012329336255788803,
    -0.012078708969056606,
    -0.045832958072423935,
    -0.000792537466622889,
    -0.000609451497439295,
    -0.03921530395746231,
    0.03382674604654312,
    0.007288952823728323,
    0.04305032640695572,
    0.0950997918844223,
    3.411571015021764e-05,
    0.0034807114861905575,
    0.059680212289094925,
    -0.0060298265889286995,
    -0.08792909979820251,
    -0.005557516124099493,
    -0.03388052433729172,
    -0.03565026447176933,
    0.002272571437060833,
    -0.14147847890853882,
    -0.045411672443151474,
    -0.07055050134658813,
    0.10875451564788818,
    0.0002928169851657003,
    0.01277231052517891,
    -0.05621342360973358,
    -0.09872323274612427,
    -0.0225626602768898,
    0.0606544129550457,
    0.05633193626999855,
    -0.1022656187415123,
    0.06115000694990158,
    -0.039430610835552216,
    0.08510348945856094,
    0.04397542029619217,
    -0.012287789955735207,
    0.03907651826739311,
    0.07039030641317368,
    -0.04350876435637474,
    0.047575730830430984,
    0.05190877243876457,
    0.058074720203876495,
    -0.01938154362142086,
    -4.737105285812504e-08,
    -0.04166458174586296,
    0.021999502554535866,
    0.014749196358025074,
    -0.045232657343149185,
    0.014053613878786564,
    -0.03027254343032837,
    -0.016864655539393425,
    -0.005323631223291159,
    -0.03511453792452812,
    -0.07648641616106033,
    0.05095250904560089,
    -0.041211798787117004,
    0.03331233933568001,
    -0.05196143686771393,
    0.02037123218178749,
    -0.03314081206917763,
    0.007869977504014969,
    -0.03503890335559845,
    -0.12017085403203964,
    -0.015852034091949463,
    -0.027819832786917686,
    -0.07040295749902725,
    -0.05786089226603508,
    0.06746047735214233,
    0.02182847075164318,
    -0.004400752484798431,
    -0.020671479403972626,
    0.04681241884827614,
    -0.015375125221908092,
    0.0654771476984024,
    -0.07288526743650436,
    0.0937497615814209,
    0.03235473856329918,
    -0.08446842432022095,
    -0.019755272194743156,
    0.012550425715744495,
    -0.028420232236385345,
    0.03493879362940788,
    0.052233897149562836,
    0.0334797203540802,
    -0.048011619597673416,
    -0.01125842984765768,
    0.03849608078598976,
    0.04991155117750168,
    -0.011827599257230759,
    -0.032089993357658386,
    -0.08469010889530182,
    0.023426299914717674,
    -0.04882132261991501,
    -0.04652737081050873,
    -0.020551545545458794,
    -0.07339832931756973,
    0.03466576337814331,
    0.0024311745073646307,
    0.02658059261739254,
    0.10536690056324005,
    0.13088954985141754,
    0.05223620682954788,
    0.021308658644557,
    -0.06623547524213791,
    0.11792123317718506,
    0.1273663341999054,
    0.06213570013642311,
    -0.0011331550776958466
]