[
    -0.052446018904447556,
    0.01263207383453846,
    -0.02405272237956524,
    -0.07966620475053787,
    0.013142572715878487,
    0.05348027125000954,
    0.06878488510847092,
    -0.009591021575033665,
    -0.03410506621003151,
    0.0038624140433967113,
    0.01981615275144577,
    -0.04621192067861557,
    0.016586828976869583,
    -0.014025292359292507,
    0.08774933964014053,
    -0.08613663166761398,
    0.037342239171266556,
    -0.025828883051872253,
    -0.09005028754472733,
    0.06964639574289322,
    0.049868565052747726,
    0.03364601358771324,
    -0.05209961161017418,
    -0.0057930233888328075,
    -0.08803301304578781,
    -0.013672090135514736,
    -0.022253096103668213,
    -0.093660369515419,
    -0.023872124031186104,
    -0.05302119627594948,
    0.01569530926644802,
    0.025029830634593964,
    -0.053446583449840546,
    0.056397631764411926,
    -0.03391421213746071,
    -0.020154308527708054,
    0.023204060271382332,
    0.052430659532547,
    -0.03268349543213844,
    -0.016546543687582016,
    -0.05653240531682968,
    -0.057233475148677826,
    -0.008203092962503433,
    -0.012679829262197018,
    0.08015472441911697,
    -0.01910189539194107,
    -0.05209849029779434,
    -0.02766062505543232,
    -0.029467690736055374,
    0.005877790041267872,
    -0.027127394452691078,
    -0.0338524766266346,
    -0.012215363793075085,
    0.09039021283388138,
    -0.044938646256923676,
    -0.07137100398540497,
    0.040082722902297974,
    0.00486034108325839,
    -0.06691671162843704,
    -0.011029341258108616,
    0.05344942957162857,
    0.020042719319462776,
    0.008336248807609081,
    0.03761851787567139,
    -0.06606916338205338,
    0.027148958295583725,
    0.008910303004086018,
    -0.015844939276576042,
    0.004209175240248442,
    -0.030047781765460968,
    -0.10316655784845352,
    -0.04343610256910324,
    -0.05264648050069809,
    0.04077284783124924,
    -0.025556443259119987,
    -0.013882403261959553,
    0.007600552402436733,
    0.05366019532084465,
    0.028875192627310753,
    -0.05895816907286644,
    -0.042585406452417374,
    -0.02262464538216591,
    0.020600449293851852,
    0.006553186569362879,
    -0.07395818829536438,
    -0.013501276262104511,
    -0.051571644842624664,
    -0.025604741647839546,
    -0.03739073500037193,
    -0.0734529122710228,
    0.06940273195505142,
    -0.047067321836948395,
    0.09723864495754242,
    -0.05092305317521095,
    0.0803215429186821,
    -0.03407362475991249,
    -0.013323618099093437,
    -0.06443320214748383,
    0.036389123648405075,
    -0.028442850336432457,
    0.006952893454581499,
    0.02715611271560192,
    0.014449129812419415,
    0.03896584361791611,
    -0.06259229779243469,
    -0.050323788076639175,
    0.048589982092380524,
    0.02146686054766178,
    0.019647980108857155,
    -0.0057535236701369286,
    0.003640425391495228,
    0.02058754675090313,
    -0.036965783685445786,
    -0.10383407771587372,
    0.020216627046465874,
    0.03162470832467079,
    -0.0929834395647049,
    0.052107781171798706,
    0.049341440200805664,
    0.06658554077148438,
    -0.02566780522465706,
    0.02183377370238304,
    -0.07321634143590927,
    -0.05378749594092369,
    0.00601118104532361,
    -0.008908500894904137,
    -0.0070823864080011845,
    2.491664518711294e-32,
    -0.03598877415060997,
    0.029507063329219818,
    -0.058710481971502304,
    0.019803041592240334,
    0.043482910841703415,
    0.00949949398636818,
    0.020616156980395317,
    0.014635158702731133,
    -0.012340164743363857,
    0.03770335391163826,
    -0.0411260649561882,
    0.07314521819353104,
    0.0013230580370873213,
    0.017806904390454292,
    -0.08608328551054001,
    0.013542943634092808,
    -0.015430753119289875,
    0.0628090649843216,
    0.05808693915605545,
    0.11037737131118774,
    0.045039959251880646,
    -0.05332092568278313,
    0.06889784336090088,
    0.016665076836943626,
    0.0028657601214945316,
    0.00868203304708004,
    -0.04990340769290924,
    -0.00869933795183897,
    0.08715502917766571,
    0.0011226771166548133,
    0.023291362449526787,
    0.004112084396183491,
    0.040979206562042236,
    -0.04438507556915283,
    -0.01069964375346899,
    0.1239856481552124,
    0.03843151777982712,
    -0.07205469161272049,
    0.1194642037153244,
    -0.12553399801254272,
    -0.011563855223357677,
    -0.0038127584848552942,
    -0.0033343604300171137,
    0.05484694242477417,
    0.0418025404214859,
    0.020424993708729744,
    0.04113056883215904,
    -0.0010602609254419804,
    0.04140287637710571,
    0.0730402022600174,
    -0.058184050023555756,
    -0.01691926084458828,
    -0.037020135670900345,
    -0.06829182058572769,
    0.010790235362946987,
    -0.02494073659181595,
    -0.06438416987657547,
    0.09482771903276443,
    -0.05641946196556091,
    0.05017726495862007,
    -0.009355993010103703,
    0.018776394426822662,
    -0.03438468277454376,
    -0.014277398586273193,
    0.027103839442133904,
    -0.03656699135899544,
    -0.009193367324769497,
    -0.08900140970945358,
    0.045121584087610245,
    0.021435068920254707,
    -0.07823958247900009,
    0.08728045970201492,
    0.028217943385243416,
    0.07135318964719772,
    0.028917627409100533,
    -0.03518646955490112,
    -0.031685084104537964,
    -0.04340872913599014,
    0.02753354236483574,
    0.03517000377178192,
    -0.1274992823600769,
    0.03440549597144127,
    0.005757992155849934,
    0.08991517871618271,
    0.03840029239654541,
    0.016930554062128067,
    0.018310919404029846,
    0.04820411652326584,
    -0.05442297086119652,
    -0.07129423320293427,
    0.0315735898911953,
    0.023272108286619186,
    0.060733694583177567,
    0.04193798452615738,
    0.045907579362392426,
    -2.4677728899044185e-32,
    0.013259144499897957,
    -0.020441390573978424,
    -0.06008002161979675,
    0.02177244797348976,
    0.03054950200021267,
    0.018353736028075218,
    -0.029676374047994614,
    -0.06684251129627228,
    0.14555595815181732,
    0.05132802203297615,
    0.013286488130688667,
    -0.04486283287405968,
    -0.013548341579735279,
    -0.03950813412666321,
    -0.05361451953649521,
    -0.09431640058755875,
    -0.11011964827775955,
    -0.03654070198535919,
    0.0013251116033643484,
    0.09661585837602615,
    0.01431277021765709,
    -0.010135399177670479,
    -0.014366806484758854,
    0.09165703505277634,
    0.003956799395382404,
    0.07858438789844513,
    -0.05180451273918152,
    -0.04086920619010925,
    0.018698640167713165,
    -0.06595221161842346,
    -0.047455765306949615,
    -0.04765641316771507,
    -0.03405342251062393,
    0.06119508668780327,
    -0.1232275441288948,
    -0.1703515499830246,
    0.04677363485097885,
    0.004664028529077768,
    -0.011160599999129772,
    -0.018873067572712898,
    0.06699205935001373,
    0.012771086767315865,
    0.017657369375228882,
    0.013791508041322231,
    -0.046109478920698166,
    -0.08334532380104065,
    -0.011565601453185081,
    -0.01572023332118988,
    0.03696748614311218,
    -0.052106473594903946,
    0.05651748180389404,
    -0.03144126385450363,
    -0.021457115188241005,
    0.014472936280071735,
    -0.048345886170864105,
    0.09092380851507187,
    0.06517571210861206,
    -0.018282044678926468,
    -0.07477805018424988,
    -0.005099887028336525,
    0.07888688147068024,
    0.04680926352739334,
    -0.01017672847956419,
    0.09206608682870865,
    0.043476402759552,
    -0.06805779784917831,
    -0.037268899381160736,
    -0.055212415754795074,
    0.002623031148687005,
    -0.0382746085524559,
    -0.03188678249716759,
    -0.11089105904102325,
    -0.02990398183465004,
    -0.06381340324878693,
    0.08418092131614685,
    -0.060862455517053604,
    0.006065149791538715,
    -0.12925688922405243,
    -0.07974406331777573,
    0.007445540279150009,
    0.05539590120315552,
    -0.01108971145004034,
    -0.04794447124004364,
    0.05217272415757179,
    -0.007809649687260389,
    0.016731780022382736,
    0.031082501634955406,
    -0.07216896861791611,
    0.05338246375322342,
    0.02275249920785427,
    -0.11112929880619049,
    -0.054055001586675644,
    0.00032237949199043214,
    0.008515781722962856,
    -0.06794426590204239,
    -6.395792695457203e-08,
    0.007242824882268906,
    0.07360921055078506,
    0.03989535570144653,
    0.001587850390933454,
    -0.044058702886104584,
    -0.025838878005743027,
    -0.03778696805238724,
    0.010974976234138012,
    -0.07931981235742569,
    -0.07116148620843887,
    0.03306179866194725,
    0.05526672303676605,
    -0.006580814253538847,
    -0.04176141694188118,
    0.07653310894966125,
    -0.051447056233882904,
    -0.04234131798148155,
    -0.04133058711886406,
    -0.06721992790699005,
    0.04562080651521683,
    -0.053854700177907944,
    -0.051993660628795624,
    -0.040733702480793,
    0.01886545866727829,
    0.02648886851966381,
    0.047454673796892166,
    0.03934318572282791,
    0.0899181067943573,
    0.0958804115653038,
    0.04072828218340874,
    -0.038844577968120575,
    -0.03235844522714615,
    0.019203953444957733,
    -0.013645350933074951,
    -0.0672352984547615,
    -0.05586475506424904,
    0.08106861263513565,
    0.0021078314166516066,
    -0.00039239582838490605,
    0.010212147608399391,
    -0.005013863556087017,
    -0.004984248895198107,
    -0.012594552710652351,
    0.037421174347400665,
    -0.0006637945189140737,
    -0.046189334243535995,
    -0.054565832018852234,
    0.02303156815469265,
    0.02603626251220703,
    -0.11418984085321426,
    -0.01259833388030529,
    -0.056177008897066116,
    0.05315751954913139,
    0.024194691330194473,
    -0.06381136924028397,
    0.06620210409164429,
    -0.008338908664882183,
    0.01759994775056839,
    0.0022658866364508867,
    0.02592574805021286,
    0.12211529910564423,
    0.04580312967300415,
    0.04985032230615616,
    -0.03643863648176193
]