[
    -0.0033372552134096622,
    -0.012867745943367481,
    -0.015071901492774487,
    -0.032713036984205246,
    0.0019225900759920478,
    0.03520214185118675,
    -0.03248312696814537,
    -0.015675218775868416,
    -0.040837500244379044,
    0.04821568727493286,
    0.08324291557073593,
    -0.034229639917612076,
    -0.019064096733927727,
    0.014528892934322357,
    0.034742869436740875,
    -0.0223420150578022,
    0.09251167625188828,
    0.03887420892715454,
    -0.12113495916128159,
    0.04180435836315155,
    0.04965607449412346,
    0.03764328733086586,
    -0.06941650062799454,
    -0.025178270414471626,
    -0.14003276824951172,
    -0.046372685581445694,
    -0.06112717464566231,
    -0.04284360632300377,
    0.06985485553741455,
    -0.03455224633216858,
    -0.0034074599388986826,
    0.029539378359913826,
    0.03557634726166725,
    0.032813362777233124,
    0.029831325635313988,
    0.026953790336847305,
    0.017794271931052208,
    -0.009920472279191017,
    0.017945444211363792,
    0.01059935986995697,
    -0.037348657846450806,
    -0.03243673965334892,
    -0.025999203324317932,
    0.00519828824326396,
    0.00889238715171814,
    -0.043945349752902985,
    -0.041637275367975235,
    -0.06897144764661789,
    -0.07138271629810333,
    -0.011555219069123268,
    -0.040523115545511246,
    -0.037870313972234726,
    -0.020973872393369675,
    0.04566565901041031,
    -0.029524093493819237,
    -0.005820055957883596,
    -0.01522087026387453,
    0.022794507443904877,
    -0.05222373828291893,
    -0.054041750729084015,
    0.009711090475320816,
    -0.018550170585513115,
    -0.08592747151851654,
    0.07040230929851532,
    -0.02849636971950531,
    0.06704054027795792,
    -0.01953190192580223,
    -0.06715206801891327,
    0.00590852415189147,
    -0.02194327861070633,
    -0.08395315706729889,
    -0.029529817402362823,
    -0.020676840096712112,
    0.05008098483085632,
    -0.0012110915267840028,
    -0.018965478986501694,
    -0.0371880866587162,
    0.04915387183427811,
    0.08402620255947113,
    -0.1424226462841034,
    -0.04278096184134483,
    0.030263245105743408,
    -0.003939436748623848,
    0.09080692380666733,
    -0.018467891961336136,
    -0.06889370828866959,
    -0.04761439561843872,
    -0.017805717885494232,
    -0.004359324928373098,
    -0.02396785281598568,
    0.16041937470436096,
    -0.10255948454141617,
    0.11067274957895279,
    -0.02428755909204483,
    -0.00034459956805221736,
    -0.02778828702867031,
    -0.033875543624162674,
    -0.029661934822797775,
    -0.02088106796145439,
    -0.01858443394303322,
    -0.00838145986199379,
    -0.022773154079914093,
    -0.14561711251735687,
    0.017656568437814713,
    -0.023209383711218834,
    -0.06745835393667221,
    -0.0031573912128806114,
    -0.0245412215590477,
    0.021076057106256485,
    0.057848066091537476,
    0.012419523671269417,
    0.05181358754634857,
    -0.011808081530034542,
    -0.1545228809118271,
    0.03261539712548256,
    0.013785935007035732,
    -0.06902050226926804,
    0.05955039709806442,
    0.051403503865003586,
    -0.04532049223780632,
    -0.029742011800408363,
    0.01995380036532879,
    -0.0073601724579930305,
    -0.11436287313699722,
    0.031004605814814568,
    0.04255567491054535,
    0.019495924934744835,
    1.666374620380333e-32,
    -0.004691782873123884,
    -0.0276214350014925,
    -0.06668335944414139,
    -0.018614666536450386,
    0.06399916857481003,
    0.022110264748334885,
    -0.014711374416947365,
    -0.01692117005586624,
    -0.056564345955848694,
    0.015293003059923649,
    0.01956910267472267,
    0.09936712682247162,
    -0.07439421862363815,
    -0.1386869251728058,
    -0.013947726227343082,
    0.03887593001127243,
    0.02731081284582615,
    0.11697079241275787,
    0.03851436451077461,
    0.09159323573112488,
    0.02948150597512722,
    -0.06566882133483887,
    0.015253322198987007,
    0.007752744015306234,
    0.00583434896543622,
    -0.012803135439753532,
    -0.005043742712587118,
    0.007926655001938343,
    0.05093875154852867,
    0.03548479825258255,
    0.06231432035565376,
    0.04717673361301422,
    0.06588752567768097,
    -0.008217372000217438,
    0.033079806715250015,
    0.05410001054406166,
    -0.009762234054505825,
    -0.030463295057415962,
    0.08144274353981018,
    -0.07169385254383087,
    -0.06411989033222198,
    -0.009795068763196468,
    0.023263638839125633,
    0.0089583620429039,
    0.01533473003655672,
    -0.06163856387138367,
    0.061201151460409164,
    -0.017650870606303215,
    0.07365822792053223,
    0.05839287117123604,
    -0.00953206978738308,
    0.014536445029079914,
    0.0732060894370079,
    -0.01710519567131996,
    -0.008640295825898647,
    -0.004831892438232899,
    -0.03396215662360191,
    0.045857854187488556,
    -0.047447070479393005,
    0.06416444480419159,
    0.004862308967858553,
    0.04558936133980751,
    -0.03393709659576416,
    0.00953498762100935,
    0.021862132474780083,
    -0.04638267681002617,
    -0.05041329190135002,
    -0.006008380092680454,
    0.01840062625706196,
    -0.016423946246504784,
    -0.11017002165317535,
    0.02767045609652996,
    -0.0002790269209071994,
    0.01319456472992897,
    -0.046149566769599915,
    -0.06623804569244385,
    0.07263422757387161,
    3.266481144237332e-05,
    0.030607016757130623,
    -0.08770616352558136,
    -0.10136482119560242,
    -0.014103079214692116,
    0.06687305867671967,
    0.06714976578950882,
    0.033525604754686356,
    -0.021742304787039757,
    0.023883920162916183,
    0.05331569164991379,
    -0.00572453485801816,
    -0.025701157748699188,
    -0.024436812847852707,
    -0.016718614846467972,
    0.0037077246233820915,
    0.12603022158145905,
    0.07592801004648209,
    -1.64265240969677e-32,
    0.049819424748420715,
    -0.06744153797626495,
    -0.05628003552556038,
    -0.010539725422859192,
    0.07079629600048065,
    0.003714699065312743,
    -0.08868472278118134,
    -0.07809197902679443,
    0.06420926004648209,
    -0.06601680815219879,
    -0.02529822662472725,
    -0.0572492741048336,
    0.028505386784672737,
    -0.028688177466392517,
    -0.08104230463504791,
    -0.027972333133220673,
    -0.06005095690488815,
    -0.041067495942115784,
    0.003673113649711013,
    0.06236734986305237,
    0.055589258670806885,
    -0.08807144314050674,
    -0.04163721576333046,
    0.04530102759599686,
    -0.0008334662998095155,
    0.05714242532849312,
    -0.08256720006465912,
    -0.041027478873729706,
    0.04412689059972763,
    0.0072386483661830425,
    -0.010659528896212578,
    -0.0848156288266182,
    -0.05500447005033493,
    0.0555114783346653,
    -0.07393469661474228,
    -0.14401693642139435,
    0.007197321392595768,
    -0.04166664555668831,
    -0.02294098399579525,
    0.036770258098840714,
    0.03115721046924591,
    0.044552240520715714,
    0.007966269738972187,
    -0.02312769740819931,
    0.026577867567539215,
    -0.011927369050681591,
    0.07829577475786209,
    -0.03249715641140938,
    -0.019667351618409157,
    -0.05524705350399017,
    0.022688180208206177,
    -0.05846606194972992,
    0.0008100999402813613,
    0.08039168268442154,
    -0.04144268482923508,
    0.06762455403804779,
    0.040185753256082535,
    -0.01637524925172329,
    -0.0152559420093894,
    0.034664493054151535,
    0.07144740223884583,
    0.07081369310617447,
    -0.0022728852927684784,
    -0.002951553324237466,
    0.06360410153865814,
    0.0014042387483641505,
    -0.007388444617390633,
    -0.0369509719312191,
    0.02160549722611904,
    -0.02818322740495205,
    -0.00415773643180728,
    -0.10054288804531097,
    -0.046491704881191254,
    -0.06438641995191574,
    0.09802597016096115,
    -0.007521938066929579,
    -0.013152788393199444,
    -0.10941392928361893,
    -0.08193289488554001,
    0.028155319392681122,
    0.022213701158761978,
    0.04100528731942177,
    -0.07172900438308716,
    0.059755660593509674,
    -0.05518798530101776,
    0.09372705966234207,
    0.059465400874614716,
    -0.031011387705802917,
    0.07834295928478241,
    0.0620231069624424,
    -0.037025660276412964,
    0.01556027214974165,
    0.0073832920752465725,
    0.05131449177861214,
    -0.061493221670389175,
    -5.1917453447458684e-08,
    -0.03032204881310463,
    0.01491339597851038,
    -0.02334871143102646,
    -0.03298081085085869,
    0.062366850674152374,
    -0.03047843836247921,
    -0.009877963922917843,
    -0.07926258444786072,
    -0.02144993469119072,
    -0.08742422610521317,
    0.0610136017203331,
    0.034667033702135086,
    -0.00853211060166359,
    -0.039731789380311966,
    0.03498100861907005,
    -0.02053363434970379,
    -0.04468384385108948,
    0.039937399327754974,
    -0.055222056806087494,
    0.0911189541220665,
    -0.0491899810731411,
    -0.05820600688457489,
    -0.037038590759038925,
    -0.026582317426800728,
    0.03589354828000069,
    -0.018840167671442032,
    -0.016759807243943214,
    0.09254325926303864,
    0.058834340423345566,
    0.09995635598897934,
    -0.01919533684849739,
    0.027284540235996246,
    0.05702928081154823,
    -0.030972637236118317,
    -0.06529856473207474,
    -0.010604863055050373,
    -0.018446585163474083,
    -0.019766684621572495,
    0.027916673570871353,
    -0.007930120453238487,
    0.03697095811367035,
    0.004142357502132654,
    0.057021427899599075,
    0.11630509048700333,
    0.002214208245277405,
    -0.034301020205020905,
    0.011349515058100224,
    0.04221239313483238,
    0.023365233093500137,
    -0.05653132125735283,
    -0.010438824072480202,
    -0.03755780681967735,
    0.029970716685056686,
    0.03351045772433281,
    -0.02066740021109581,
    0.05213172361254692,
    0.06247978284955025,
    0.01468079537153244,
    -0.05874805524945259,
    -0.027175212278962135,
    0.03286951780319214,
    0.028141940012574196,
    0.06510535627603531,
    -0.00345416902564466
]