[
    -0.06007065996527672,
    0.021177152171730995,
    -0.03231564164161682,
    -0.0645834431052208,
    -0.013362420722842216,
    0.06985199451446533,
    -0.0001438017498003319,
    -0.01858266443014145,
    0.00719365244731307,
    0.025987301021814346,
    0.011789062060415745,
    -0.06713143736124039,
    0.052846767008304596,
    0.0036262411158531904,
    0.050358157604932785,
    0.07621190696954727,
    0.10104890167713165,
    0.048343151807785034,
    -0.04165991395711899,
    0.06509951502084732,
    0.005188404582440853,
    0.01882103458046913,
    -0.08141691237688065,
    -0.028171682730317116,
    -0.11860976368188858,
    -0.0917181521654129,
    8.508327300660312e-05,
    -0.005553321447223425,
    0.02926006354391575,
    -0.07842667400836945,
    0.007001781836152077,
    0.03504256159067154,
    0.04807298257946968,
    0.09631168097257614,
    -0.039107780903577805,
    -0.01182613056153059,
    -0.027503475546836853,
    -0.028120633214712143,
    -0.023255538195371628,
    0.01828444004058838,
    -0.05197327956557274,
    -0.0073880646377801895,
    -0.07258220762014389,
    -0.011787821538746357,
    0.0006571835838258266,
    -0.0002474465291015804,
    0.03699024021625519,
    -0.018094465136528015,
    -0.023741288110613823,
    -0.04461558908224106,
    -0.06595079600811005,
    0.03116704523563385,
    -0.045989081263542175,
    0.02803078480064869,
    -0.05930129066109657,
    -0.03873984515666962,
    -0.007458901964128017,
    0.05373060703277588,
    -0.030653545632958412,
    0.00810953788459301,
    -0.005803544074296951,
    -0.015289791859686375,
    -0.01805257797241211,
    0.04198041930794716,
    0.04503097012639046,
    0.02268286794424057,
    -0.015085261315107346,
    0.0029816075693815947,
    -0.02211061865091324,
    0.09281191974878311,
    0.011792306788265705,
    0.05022395774722099,
    0.016054540872573853,
    -0.014409046620130539,
    -0.0018904816824942827,
    0.04634900391101837,
    0.0030929583590477705,
    0.046281903982162476,
    0.08833731710910797,
    -0.11770346760749817,
    -0.046882014721632004,
    0.028824415057897568,
    -0.04063199460506439,
    0.014971130527555943,
    -0.0261952206492424,
    -0.06948530673980713,
    -0.03127293288707733,
    -0.014222315512597561,
    -0.002422741614282131,
    0.033608388155698776,
    0.05340658128261566,
    -0.08247517794370651,
    0.10909124463796616,
    -0.05171914026141167,
    0.07535261660814285,
    -0.04285150021314621,
    0.028212666511535645,
    -0.02604503370821476,
    0.04452253878116608,
    0.025734825059771538,
    -0.007154419552534819,
    -0.00753346923738718,
    -0.09797590970993042,
    -0.07436485588550568,
    -0.03735848888754845,
    -0.0725022405385971,
    0.007469241041690111,
    -0.02895382046699524,
    0.01930120773613453,
    0.008004533126950264,
    0.055296070873737335,
    -0.046084750443696976,
    -0.03392533212900162,
    -0.06988169997930527,
    0.009021422825753689,
    0.016064077615737915,
    0.02135980874300003,
    0.10203663259744644,
    -0.021890368312597275,
    -0.08867495507001877,
    -0.04190826788544655,
    0.020287850871682167,
    -0.06186559796333313,
    -0.05111192166805267,
    -0.007548206485807896,
    -0.032198794186115265,
    -0.09059788286685944,
    2.5040174949704975e-32,
    -0.012719517573714256,
    -0.04591657593846321,
    -0.07632530480623245,
    0.00390037102624774,
    0.024150250479578972,
    -0.04340788722038269,
    -0.013740398921072483,
    -0.009892430156469345,
    -0.050851888954639435,
    0.06054571270942688,
    0.03335804492235184,
    0.03900132328271866,
    -0.019915631040930748,
    0.006499086041003466,
    -0.06849684566259384,
    0.03285253793001175,
    -0.06840850412845612,
    0.06018735468387604,
    -0.06369543820619583,
    -0.014462649822235107,
    0.026664912700653076,
    -0.053765904158353806,
    0.03480612486600876,
    -0.008865030482411385,
    -0.09276439994573593,
    -0.0522545725107193,
    0.07272505015134811,
    -0.014091555960476398,
    -0.00984160229563713,
    0.0011569894850254059,
    0.02360191009938717,
    0.018619125708937645,
    0.002686186460778117,
    0.04157749190926552,
    0.051132041960954666,
    0.1342148333787918,
    0.03337712958455086,
    -0.007404034957289696,
    0.025424979627132416,
    -0.0010140059748664498,
    -0.09006607532501221,
    0.03611524775624275,
    0.052713435143232346,
    -0.038975153118371964,
    0.04134155437350273,
    -0.07120110094547272,
    -0.04415763542056084,
    -0.04787140712141991,
    -0.00539781991392374,
    0.069637730717659,
    -0.0020107985474169254,
    -0.04822926223278046,
    0.1196364015340805,
    -0.06669902056455612,
    -0.00580634968355298,
    -0.016462033614516258,
    -0.10862485319375992,
    0.12344179302453995,
    -0.055241357535123825,
    0.028229447081685066,
    -0.02920437790453434,
    -0.011572185903787613,
    -0.09060924500226974,
    -0.008649356663227081,
    -0.07940198481082916,
    -0.0010166740976274014,
    -0.05000212788581848,
    -0.04108245298266411,
    0.09051556140184402,
    -0.025508996099233627,
    0.010915841907262802,
    0.059228625148534775,
    0.009184684604406357,
    0.06139856204390526,
    -0.04925907403230667,
    0.001228652778081596,
    0.03493005782365799,
    0.012034810148179531,
    0.09948763251304626,
    -0.04232049360871315,
    -0.07374314963817596,
    0.02068333886563778,
    -0.02646818198263645,
    0.0604160875082016,
    -0.036021362990140915,
    -0.04250035062432289,
    0.053691450506448746,
    -0.04339482635259628,
    -0.005737536121159792,
    -0.03500626981258392,
    0.050749000161886215,
    -0.023745235055685043,
    -0.021781349554657936,
    0.024926060810685158,
    0.007334900088608265,
    -2.3695601899564225e-32,
    -0.018383780494332314,
    -0.01743072271347046,
    -0.0755249559879303,
    0.0393688939511776,
    0.028150221332907677,
    0.035346757620573044,
    0.009865409694612026,
    -0.05031190067529678,
    0.046405088156461716,
    -0.006058905273675919,
    -0.021272893995046616,
    -0.01777813769876957,
    0.022953983396291733,
    -0.0029722326435148716,
    -0.0940890982747078,
    -0.044628068804740906,
    -0.0595809668302536,
    0.017934953793883324,
    -0.011910408735275269,
    0.06258159130811691,
    0.041997432708740234,
    0.06724288314580917,
    -0.018150705844163895,
    0.07224754244089127,
    0.0312548503279686,
    -0.0027043777517974377,
    -0.007603332865983248,
    -0.016074886545538902,
    0.06857559829950333,
    0.036417778581380844,
    -0.00774018419906497,
    -0.05271782726049423,
    -0.09401929378509521,
    0.004024367313832045,
    -0.021710427477955818,
    -0.12833856046199799,
    0.17336414754390717,
    -0.03827580064535141,
    -0.06645374745130539,
    -0.04712998494505882,
    0.014765394851565361,
    0.05656661465764046,
    -0.002554877893999219,
    -0.022165123373270035,
    0.035023897886276245,
    -0.030112693086266518,
    0.005128949414938688,
    -0.007833153009414673,
    0.0810227170586586,
    -0.0797187089920044,
    0.010702870786190033,
    -0.04671575501561165,
    0.028751719743013382,
    0.06055973097681999,
    0.006031374912708998,
    -0.04584958031773567,
    0.04470789432525635,
    -0.016575083136558533,
    -0.019545506685972214,
    0.046044494956731796,
    0.04315837845206261,
    0.09112188220024109,
    -0.018015434965491295,
    -0.002449775580316782,
    0.031239155679941177,
    -0.020886031910777092,
    -0.09184384346008301,
    -0.01414922159165144,
    -0.0446438305079937,
    -0.06753765791654587,
    0.0037548765540122986,
    -0.0783490240573883,
    -0.04155942425131798,
    -0.12190181761980057,
    0.08923419564962387,
    -0.014627187512814999,
    -0.00622448930516839,
    -0.01652420312166214,
    -0.08016657084226608,
    0.009245169349014759,
    0.08911821991205215,
    -0.03899557143449783,
    -0.028283769264817238,
    0.0783156156539917,
    -0.038481324911117554,
    0.09457151591777802,
    0.052181705832481384,
    0.02929881401360035,
    0.07244967669248581,
    0.11664152145385742,
    -0.04159370809793472,
    0.022457078099250793,
    -0.003242312930524349,
    0.05139460042119026,
    -0.07022721320390701,
    -6.39437871541304e-08,
    -0.018152611330151558,
    0.07427287101745605,
    0.012719187885522842,
    -0.051466137170791626,
    -0.08781760185956955,
    0.023535549640655518,
    -0.0057434821501374245,
    -0.04119054228067398,
    -0.03323527052998543,
    -0.10719132423400879,
    0.018491288647055626,
    0.015695862472057343,
    -0.030234478414058685,
    -0.0799277201294899,
    0.041644614189863205,
    0.033449213951826096,
    -0.0072478679940104485,
    -0.01289804931730032,
    -0.057784564793109894,
    0.03826586529612541,
    -0.00513483164831996,
    -0.030000299215316772,
    -0.07348663359880447,
    0.03160853683948517,
    0.04205365478992462,
    -0.022918932139873505,
    -0.032554104924201965,
    0.027094153687357903,
    0.0002874900819733739,
    -0.008954071439802647,
    -0.05592045187950134,
    0.08878137916326523,
    -0.011962566524744034,
    -0.13353826105594635,
    -0.023730849847197533,
    0.0006816735840402544,
    0.018508635461330414,
    0.05261480063199997,
    0.0841168612241745,
    0.007795784156769514,
    -0.04314406216144562,
    -0.011918852105736732,
    0.020676255226135254,
    0.014658068306744099,
    0.04273020848631859,
    -0.010565828531980515,
    -0.08268299698829651,
    0.0570540614426136,
    -0.04279452934861183,
    -0.04641237109899521,
    -0.013437940739095211,
    -0.06131855025887489,
    0.008666292764246464,
    -0.02627273090183735,
    -0.020209113135933876,
    0.08833848685026169,
    0.05375607684254646,
    0.05232232064008713,
    -0.03244363144040108,
    -0.043478455394506454,
    0.1817510724067688,
    0.07661143690347672,
    0.06782839447259903,
    -0.025203527882695198
]