[
    -0.01868547685444355,
    -0.025758782401680946,
    -0.01203447487205267,
    -0.030470315366983414,
    -0.04014646261930466,
    0.0031603577081114054,
    -0.026495270431041718,
    -0.01021664123982191,
    -0.02096444182097912,
    0.08782019466161728,
    0.02302289940416813,
    -0.03255319595336914,
    0.0321827195584774,
    0.011336504481732845,
    0.077702097594738,
    0.055404677987098694,
    0.057688552886247635,
    0.03299940004944801,
    -0.12763409316539764,
    0.024037601426243782,
    0.05670233443379402,
    -0.00503017520532012,
    -0.05614959076046944,
    -0.02261943742632866,
    -0.10948142409324646,
    -0.056011587381362915,
    -0.05305175110697746,
    -0.04533838480710983,
    0.07243809849023819,
    -0.07671482115983963,
    -0.017252366989850998,
    0.03613794222474098,
    0.04561431333422661,
    0.04440176859498024,
    -0.03579134866595268,
    0.011555767618119717,
    0.03535354137420654,
    -0.00938335433602333,
    0.018418287858366966,
    -0.029097843915224075,
    -0.035714663565158844,
    -0.04068661108613014,
    -0.04541385546326637,
    -0.059664029628038406,
    0.004398330580443144,
    0.025485863909125328,
    -0.0006826537428423762,
    -0.04399234056472778,
    -0.1072869747877121,
    -0.05713026970624924,
    -0.02443915605545044,
    -0.051306020468473434,
    -0.035359419882297516,
    0.07531692087650299,
    -0.031850751489400864,
    -0.02335672453045845,
    0.014360522851347923,
    0.012804369442164898,
    -0.03282317891716957,
    -0.03008735179901123,
    -0.023285452276468277,
    0.03196573257446289,
    -0.08977356553077698,
    0.05776035040616989,
    -0.0013537901686504483,
    0.009497370570898056,
    0.023112261667847633,
    -0.03621450811624527,
    -0.02691260166466236,
    -0.007987096905708313,
    -0.02114894799888134,
    -0.016030117869377136,
    0.044373877346515656,
    -8.610448276158422e-05,
    0.015959156677126884,
    -0.0401880107820034,
    -0.039424702525138855,
    0.04201740026473999,
    0.07399729639291763,
    -0.08729542791843414,
    -0.04672372341156006,
    0.0991806611418724,
    -0.040783610194921494,
    0.02589678019285202,
    -0.06260032951831818,
    -0.06112142652273178,
    -0.037627968937158585,
    -0.028187258169054985,
    0.011142449453473091,
    0.040670983493328094,
    0.06920964270830154,
    -0.08078031986951828,
    0.12212824076414108,
    -0.028402013704180717,
    0.022643910720944405,
    -0.0029217246919870377,
    0.03700116276741028,
    -0.0103521216660738,
    0.017535623162984848,
    -0.023949120193719864,
    0.013241260312497616,
    0.019041873514652252,
    -0.09168999642133713,
    -0.03240052983164787,
    -0.05377281829714775,
    -0.06074630469083786,
    -0.01808234117925167,
    -0.03621060773730278,
    0.013722268864512444,
    0.00195514177903533,
    -0.023979894816875458,
    -0.05489179119467735,
    -0.06444448977708817,
    -0.10362131893634796,
    0.0076920404098927975,
    0.04566306620836258,
    -0.05782315507531166,
    0.08995223790407181,
    0.021377677097916603,
    -0.07079211622476578,
    -0.025814417749643326,
    0.006709206849336624,
    -0.03830832242965698,
    -0.08615518361330032,
    0.04310235381126404,
    0.03285495191812515,
    -0.0031112998258322477,
    2.1088412734789994e-32,
    -0.03534379601478577,
    -0.03664858639240265,
    -0.07663681358098984,
    0.014936982654035091,
    0.07043290883302689,
    0.0053810616955161095,
    0.01193604152649641,
    0.02292395383119583,
    -0.09128408879041672,
    0.05794437974691391,
    0.014569764956831932,
    0.05504607409238815,
    -0.008198951371014118,
    -0.034903835505247116,
    -0.03702443093061447,
    -0.01424633152782917,
    0.0254803653806448,
    0.07870877534151077,
    -0.025434082373976707,
    0.06694548577070236,
    0.06004653871059418,
    0.011055403389036655,
    0.031768519431352615,
    -0.03364481404423714,
    0.03726949542760849,
    -0.02001749724149704,
    -0.0006282918620854616,
    0.012898868881165981,
    0.02275978960096836,
    0.0215909481048584,
    0.0637608990073204,
    0.036008670926094055,
    0.005322434473782778,
    0.004071599338203669,
    0.031940754503011703,
    0.07521452009677887,
    0.007006497588008642,
    -0.05379543825984001,
    0.09124762564897537,
    -0.1136416643857956,
    -0.09576931595802307,
    -0.008842305280268192,
    -0.0007889092084951699,
    0.0022284581791609526,
    0.0077131399884819984,
    -0.015531313605606556,
    -0.013873557560145855,
    -0.05042817443609238,
    0.09079049527645111,
    0.07009565085172653,
    0.03315466642379761,
    0.018067706376314163,
    0.10904360562562943,
    -0.03187122195959091,
    0.043657559901475906,
    -0.025707310065627098,
    -0.06096180900931358,
    0.055623386055231094,
    -0.07000222057104111,
    0.04891766980290413,
    -0.038381773978471756,
    0.030885610729455948,
    -0.019780851900577545,
    0.06517438590526581,
    -0.010265283286571503,
    -0.05091949179768562,
    -0.06325002759695053,
    -0.056492824107408524,
    0.07780735939741135,
    -0.03749992325901985,
    -0.052329037338495255,
    0.05022105574607849,
    0.05841425433754921,
    0.0160385612398386,
    -0.04809853434562683,
    -0.061640288680791855,
    -0.0028195432387292385,
    -0.004864297341555357,
    -0.017672842368483543,
    -0.03472338989377022,
    -0.11975926160812378,
    0.03333526849746704,
    0.03088916465640068,
    0.048996053636074066,
    0.07703807950019836,
    0.00548010878264904,
    -0.006748451851308346,
    0.011380253359675407,
    0.07227029651403427,
    0.012672459706664085,
    -0.03803623467683792,
    -0.0009311928297393024,
    -0.03191915526986122,
    0.08574844151735306,
    0.024977833032608032,
    -2.0526804145637322e-32,
    0.03432593494653702,
    -0.04698823019862175,
    -0.11000469326972961,
    0.021432476118206978,
    0.06140405684709549,
    0.040988143533468246,
    -0.10343846678733826,
    -0.11355901509523392,
    0.11292072385549545,
    -0.06285242736339569,
    -0.03295421972870827,
    -0.023173760622739792,
    -0.0035323502961546183,
    0.01745782420039177,
    -0.02255535125732422,
    -0.06956931203603745,
    -0.09394092112779617,
    -0.04121867194771767,
    0.05523047223687172,
    0.09554287046194077,
    0.04509446769952774,
    -0.03272711858153343,
    -0.06917812675237656,
    0.0681489035487175,
    0.010534550994634628,
    -0.03237001597881317,
    -0.03751745447516441,
    -0.01404546294361353,
    0.0555165633559227,
    0.03488350659608841,
    0.019807813689112663,
    -0.10644116997718811,
    -0.11126317083835602,
    0.030383212491869926,
    -0.07429112493991852,
    -0.16703249514102936,
    0.07554565370082855,
    -0.07347749173641205,
    -0.050675470381975174,
    0.021252594888210297,
    0.009373514913022518,
    0.03822882100939751,
    0.040111176669597626,
    0.01030825637280941,
    0.013575264252722263,
    -0.030200179666280746,
    0.025586415082216263,
    -0.04966212064027786,
    -0.005897664465010166,
    -0.06912248581647873,
    0.0637504979968071,
    0.00856728758662939,
    -0.025399619713425636,
    0.049976322799921036,
    0.008202211931347847,
    0.04935067892074585,
    0.04005596414208412,
    0.011445724405348301,
    -0.016417447477579117,
    0.008086924441158772,
    0.05967928469181061,
    0.07250552624464035,
    0.009084409102797508,
    0.050618767738342285,
    0.03630347549915314,
    0.011806529015302658,
    -0.03021004982292652,
    -0.01584683731198311,
    -0.008176670409739017,
    -0.03708135336637497,
    0.013904332183301449,
    -0.14030015468597412,
    -0.11979567259550095,
    -0.030067680403590202,
    0.16815730929374695,
    0.011164036579430103,
    -0.02361335977911949,
    -0.12868574261665344,
    -0.08860155194997787,
    0.04019694775342941,
    0.01473681814968586,
    0.04563869535923004,
    -0.0375460684299469,
    0.03864194080233574,
    -0.008979600854218006,
    0.10515247285366058,
    0.06544128805398941,
    -0.024720562621951103,
    0.06062384694814682,
    0.05445379018783569,
    -0.006103332620114088,
    -0.05292977765202522,
    0.027407094836235046,
    0.004834344610571861,
    -0.05497368425130844,
    -5.802888125572281e-08,
    -0.04080388322472572,
    0.03239112347364426,
    -0.048663560301065445,
    -0.013933083042502403,
    -0.011566023342311382,
    -0.013063134625554085,
    0.013234147801995277,
    -0.015162952244281769,
    -0.05624730512499809,
    -0.0666051059961319,
    0.08027446269989014,
    -0.021818537265062332,
    -0.01408107578754425,
    -0.03894459456205368,
    0.07914543896913528,
    -0.022331221029162407,
    -0.026248613372445107,
    0.005417481064796448,
    -0.08825363218784332,
    0.025285737589001656,
    -0.005942278541624546,
    -0.050011925399303436,
    -0.06248268485069275,
    -0.000964782782830298,
    0.01898750104010105,
    0.013223153539001942,
    0.02311503328382969,
    0.07817988842725754,
    -0.015063085593283176,
    0.08753488957881927,
    -0.006648242473602295,
    0.04345798119902611,
    0.004917449783533812,
    -0.056076351553201675,
    0.050115443766117096,
    0.009678345173597336,
    -0.0015406275633722544,
    0.011527475900948048,
    0.0430619902908802,
    0.007764293346554041,
    -0.057583022862672806,
    0.007904671132564545,
    0.06570254266262054,
    0.0891246497631073,
    0.014332437887787819,
    0.008787905797362328,
    -0.058389246463775635,
    0.012462499551475048,
    0.03300117701292038,
    -0.08644542098045349,
    0.0070518082939088345,
    -0.05218685045838356,
    0.03195583447813988,
    0.01130862720310688,
    0.004303213208913803,
    0.04938766360282898,
    0.0478905625641346,
    0.05353297293186188,
    -0.03120487369596958,
    -0.015064568258821964,
    0.12783758342266083,
    0.039694491773843765,
    0.04292680695652962,
    0.001091374084353447
]