[
    -0.0075739710591733456,
    0.04568253085017204,
    -0.0007307789637707174,
    -0.04825764521956444,
    -0.04482351243495941,
    0.011070220731198788,
    0.04357415810227394,
    -0.03304231911897659,
    0.009757356718182564,
    0.010189670138061047,
    0.01275935210287571,
    0.02780243568122387,
    -0.016811294481158257,
    -0.008821533061563969,
    0.07143203169107437,
    0.04467054456472397,
    0.08827277272939682,
    0.06256814301013947,
    -0.08982770889997482,
    0.02056116610765457,
    0.011670342646539211,
    0.04445026069879532,
    -0.05215561389923096,
    0.010811458341777325,
    -0.06960544735193253,
    -0.05977662280201912,
    -0.03740128502249718,
    -0.036119211465120316,
    0.04646589607000351,
    -0.08154040575027466,
    0.05424433946609497,
    0.07629365473985672,
    0.01659032516181469,
    0.022237444296479225,
    -0.06506563723087311,
    -0.04613664373755455,
    0.012927492149174213,
    -0.040047693997621536,
    0.009643839672207832,
    -0.016710519790649414,
    0.020588790997862816,
    0.01682092621922493,
    -0.05407091602683067,
    -0.0894576907157898,
    -0.014134635217487812,
    0.033935293555259705,
    -0.04210156202316284,
    -0.03425111621618271,
    -0.053433191031217575,
    0.02248946577310562,
    0.009661956690251827,
    -0.017277222126722336,
    -0.02512112259864807,
    0.15216146409511566,
    -0.03930320590734482,
    0.0358910895884037,
    0.06240447610616684,
    0.04441053792834282,
    0.012337454594671726,
    0.02642388828098774,
    0.012687568552792072,
    -0.033591918647289276,
    -0.06101413816213608,
    0.029274050146341324,
    -0.024103587493300438,
    0.042087189853191376,
    0.022520646452903748,
    -0.05076277628540993,
    0.03582695126533508,
    -0.006722565274685621,
    -0.026610400527715683,
    0.01625058613717556,
    0.011666194535791874,
    -0.050847820937633514,
    -0.026076722890138626,
    -0.04046112298965454,
    0.002184225246310234,
    0.004406124819070101,
    0.08528375625610352,
    -0.05206575617194176,
    -0.049337491393089294,
    -0.020333748310804367,
    -0.038352254778146744,
    -0.024740755558013916,
    -0.08930261433124542,
    -0.08609296381473541,
    -0.04316423460841179,
    -0.026852073147892952,
    0.056648481637239456,
    0.0028422039467841387,
    0.04177513346076012,
    -0.014981950633227825,
    0.04900679737329483,
    -0.00959848053753376,
    0.07315623760223389,
    0.006696529686450958,
    0.036680757999420166,
    -0.01124893594533205,
    0.04092804342508316,
    0.007046101614832878,
    0.06682934612035751,
    0.02483793906867504,
    -0.06769342720508575,
    -0.11701846867799759,
    -0.003350213635712862,
    -0.097083181142807,
    -0.0691903680562973,
    -0.04093371704220772,
    -0.013775872997939587,
    -0.004365928471088409,
    -0.033528558909893036,
    -0.017756490036845207,
    -0.002362186787649989,
    -0.0457126758992672,
    0.03571559861302376,
    0.08971977233886719,
    -0.008984146639704704,
    0.10527706891298294,
    -0.0018206898821517825,
    -0.06719425320625305,
    -0.00040175215690396726,
    0.06460579484701157,
    -0.0625481903553009,
    -0.053164441138505936,
    -0.0002585798210930079,
    0.026815684512257576,
    -0.021342530846595764,
    1.693138128823061e-32,
    -0.04592518508434296,
    -0.06505060195922852,
    -0.11746468394994736,
    -0.006140199489891529,
    0.10190461575984955,
    -0.04299281910061836,
    -0.01582684926688671,
    0.004317093640565872,
    -0.0019350798102095723,
    -0.03354361280798912,
    -0.019471215084195137,
    0.01808115281164646,
    0.023661324754357338,
    -0.09883607178926468,
    -0.011393003165721893,
    -0.011332226917147636,
    0.01418349053710699,
    0.106624074280262,
    -0.04103516787290573,
    0.04064882919192314,
    0.08016170561313629,
    0.0649251863360405,
    -0.01466180570423603,
    0.06922530382871628,
    0.035224735736846924,
    -0.012075063772499561,
    0.0007443346548825502,
    -0.050634488463401794,
    -0.04228975623846054,
    -0.0006332105840556324,
    0.006545314099639654,
    0.026059465482831,
    0.0011989641934633255,
    -0.006464831996709108,
    0.094235360622406,
    0.04621918499469757,
    0.008231813088059425,
    0.013083660043776035,
    0.04696965962648392,
    -0.10335878282785416,
    -0.039589136838912964,
    0.010938236489892006,
    -0.00932417344301939,
    -0.04105091094970703,
    -0.010595004074275494,
    -0.06461595743894577,
    -0.024599792435765266,
    -0.04680968075990677,
    0.07912305742502213,
    0.055270783603191376,
    0.025271810591220856,
    0.015653662383556366,
    0.07011205703020096,
    0.017849281430244446,
    0.06664018332958221,
    -0.04444904252886772,
    -0.08331461250782013,
    0.05569751188158989,
    -0.033844951540231705,
    -0.011214385740458965,
    0.028446918353438377,
    0.05950985103845596,
    -0.03296567127108574,
    0.06447473913431168,
    0.027317151427268982,
    -0.038378115743398666,
    -0.062200892716646194,
    -0.03280356153845787,
    0.0027994373813271523,
    -0.12213791906833649,
    -0.030459744855761528,
    0.04872201755642891,
    0.014572082087397575,
    0.005429976154118776,
    -0.04460524767637253,
    -0.03857472166419029,
    0.003573282388970256,
    -0.019114643335342407,
    0.08185576647520065,
    -0.03830922394990921,
    -0.06570319831371307,
    0.04879186302423477,
    0.015116848051548004,
    0.03990960121154785,
    0.1049458310008049,
    -0.03650306165218353,
    -0.014214840717613697,
    -0.10201168805360794,
    0.02370361052453518,
    -0.029791656881570816,
    0.024594543501734734,
    0.05021360144019127,
    -0.08770744502544403,
    0.07732073217630386,
    0.08472514897584915,
    -1.6420442383070132e-32,
    -0.018696019425988197,
    -0.04535643756389618,
    -0.08048617839813232,
    -0.0006464083562605083,
    0.032086532562971115,
    0.08823804557323456,
    -0.032037533819675446,
    -0.06300842016935349,
    0.04572436958551407,
    -0.0193591620773077,
    -0.04925021156668663,
    -0.06512729823589325,
    -0.019140511751174927,
    0.05774400383234024,
    -0.08776456117630005,
    -0.07568979263305664,
    -0.021411731839179993,
    -0.030169032514095306,
    -0.002882506465539336,
    0.07422710955142975,
    0.055574193596839905,
    -0.010669911280274391,
    -0.03803899139165878,
    0.02371138148009777,
    -0.009363280609250069,
    -0.05418678745627403,
    -0.03630641847848892,
    -0.05033760890364647,
    0.06822926551103592,
    -0.029112985357642174,
    -0.08321449160575867,
    -0.07818648219108582,
    -0.0818018689751625,
    0.012503706850111485,
    -0.016137707978487015,
    -0.10958996415138245,
    0.06532442569732666,
    0.02964618243277073,
    -0.07924267649650574,
    0.018351517617702484,
    0.014769868925213814,
    0.08363506197929382,
    0.067332424223423,
    -0.049156177788972855,
    8.319350308738649e-05,
    -0.0013274061493575573,
    0.07843384146690369,
    -0.031347766518592834,
    -0.021910300478339195,
    -0.06216441094875336,
    0.05369498208165169,
    -0.04964173585176468,
    0.08195489645004272,
    0.03787929564714432,
    -0.04143654555082321,
    0.015775218605995178,
    0.05742217227816582,
    -0.053169913589954376,
    -0.04802348092198372,
    -0.03859301283955574,
    0.11060459911823273,
    0.05742575600743294,
    -0.007838018238544464,
    -0.0019656294025480747,
    0.039635077118873596,
    0.028663726523518562,
    -0.0448218509554863,
    -0.029377266764640808,
    -0.016986310482025146,
    -0.07361684739589691,
    0.01061184797435999,
    -0.15149064362049103,
    -0.01820610836148262,
    -0.03419187292456627,
    0.16689510643482208,
    0.029524967074394226,
    -0.07493580132722855,
    -0.13481058180332184,
    -0.11258847266435623,
    -0.019437339156866074,
    0.010567550547420979,
    0.051653265953063965,
    -0.03329122066497803,
    0.05657195299863815,
    -0.030706387013196945,
    0.04264984279870987,
    -0.020061714574694633,
    -0.03926943987607956,
    0.0602332279086113,
    0.06078997254371643,
    0.07164856791496277,
    1.180463641503593e-05,
    0.06263525038957596,
    0.06401149183511734,
    -0.05580791085958481,
    -4.824917354540048e-08,
    -0.05797402188181877,
    -0.0034983553923666477,
    0.007500313222408295,
    -0.04988165572285652,
    0.005070738960057497,
    -0.0028421359602361917,
    0.02070256508886814,
    0.0014444622211158276,
    -0.05650551617145538,
    -0.034575946629047394,
    0.029430385679006577,
    -0.008847539313137531,
    0.0011222074972465634,
    -0.003238916164264083,
    0.013950549066066742,
    0.006738326512277126,
    0.06547626107931137,
    0.0017134600784629583,
    -0.05039425939321518,
    -0.03660100698471069,
    -0.01834743842482567,
    -0.03299766033887863,
    -0.05936897546052933,
    0.044847629964351654,
    0.017247488722205162,
    0.02135234698653221,
    0.06447739899158478,
    0.13140998780727386,
    0.009535814635455608,
    0.0017747170059010386,
    -0.023504937067627907,
    0.08782656490802765,
    -0.01445711124688387,
    -0.04674750939011574,
    -0.06702250242233276,
    -0.00913973432034254,
    -0.00824499037116766,
    0.03305625170469284,
    0.029515502974390984,
    -0.0012703153770416975,
    -0.03914683312177658,
    0.022798195481300354,
    0.002429633866995573,
    0.07235012948513031,
    0.053521979600191116,
    0.0004679571429733187,
    0.0015823501162230968,
    -0.005175831262022257,
    0.01571376994252205,
    -0.040142692625522614,
    -0.03132879361510277,
    -0.0698271095752716,
    0.034852027893066406,
    -0.029785124585032463,
    0.02674892731010914,
    0.11976107954978943,
    0.09266653656959534,
    0.015218814834952354,
    -0.08726254105567932,
    -0.0570957250893116,
    0.11899009346961975,
    0.0786125436425209,
    0.027101382613182068,
    0.025466887280344963
]