[
    -0.021290762349963188,
    0.031409405171871185,
    -0.010127040557563305,
    -0.04420892521739006,
    -0.018930330872535706,
    0.07280002534389496,
    -0.062265656888484955,
    -0.019167466089129448,
    -0.001979213673621416,
    0.05621635541319847,
    0.013606737367808819,
    -0.0389886200428009,
    -0.013887261040508747,
    0.03661780059337616,
    0.09745858609676361,
    -0.02486243098974228,
    0.007833125069737434,
    0.025541482493281364,
    -0.08928664773702621,
    0.03361750766634941,
    0.06079229712486267,
    0.004777317866683006,
    -0.08283292502164841,
    0.020796513184905052,
    -0.0768626481294632,
    -0.0022488110698759556,
    -0.04222080484032631,
    -0.015029758214950562,
    0.04875607416033745,
    -0.08034462481737137,
    -0.015260321088135242,
    0.06295610219240189,
    -0.010402991436421871,
    0.07211829721927643,
    -0.03980519250035286,
    -0.022925902158021927,
    0.03208106756210327,
    -0.07687181234359741,
    -0.0054934280924499035,
    -0.005763260647654533,
    -0.04164601117372513,
    -0.005873329937458038,
    -0.004101623315364122,
    0.03308676555752754,
    -0.019973738119006157,
    0.02293795347213745,
    0.013221175409853458,
    0.0006786793237552047,
    -0.07714837044477463,
    0.01306996215134859,
    -0.05051834136247635,
    0.014446347020566463,
    -0.042913537472486496,
    0.12119175493717194,
    0.007857528515160084,
    -0.026334194466471672,
    0.017241859808564186,
    0.04965151846408844,
    -0.021319998428225517,
    -0.06719374656677246,
    -0.019053634256124496,
    0.03064565360546112,
    -0.04489714652299881,
    0.025700872763991356,
    -0.02863103151321411,
    0.006728748790919781,
    -0.06875315308570862,
    -0.027669480070471764,
    -0.009916751645505428,
    0.02259467914700508,
    -0.09351290017366409,
    0.017985956743359566,
    0.006517011672258377,
    0.047807954251766205,
    -0.04288223013281822,
    -0.021992838010191917,
    0.0005556214600801468,
    0.0713433027267456,
    0.03980658948421478,
    -0.1097344160079956,
    -0.0609145425260067,
    0.017018089070916176,
    -0.017308883368968964,
    0.017991943284869194,
    -0.0016195480711758137,
    -0.06739117205142975,
    -0.01831815019249916,
    0.09823500365018845,
    0.03879528492689133,
    0.002295627724379301,
    0.10810600221157074,
    -0.026140477508306503,
    0.12566617131233215,
    -0.048842672258615494,
    -0.012223907746374607,
    -0.04046623781323433,
    0.02335495688021183,
    -0.007971640676259995,
    0.05944141000509262,
    0.04041742905974388,
    0.05338974669575691,
    0.056125298142433167,
    -0.059786345809698105,
    -0.029342731460928917,
    0.0025375981349498034,
    0.008488048799335957,
    -0.029471617192029953,
    0.005488154478371143,
    -0.07828222215175629,
    -0.05500122904777527,
    0.032226063311100006,
    0.008929084986448288,
    -0.014868300408124924,
    -0.11023484170436859,
    0.045849014073610306,
    0.04205358400940895,
    -0.00870845839381218,
    0.09189186245203018,
    0.06660382449626923,
    -0.058782242238521576,
    -0.01098291389644146,
    0.03691929951310158,
    -0.030764563009142876,
    -0.1082412600517273,
    -0.029289403930306435,
    0.025631489232182503,
    -0.018904050812125206,
    1.7662168493721563e-32,
    -0.09278459846973419,
    -0.06482363492250443,
    -0.08954042196273804,
    -0.012195216491818428,
    0.06273385882377625,
    -0.05696853622794151,
    -0.016597401350736618,
    0.011991332285106182,
    -0.033905237913131714,
    0.02988755889236927,
    0.0264358539134264,
    -0.010881157591938972,
    0.0023137026000767946,
    -0.026053491979837418,
    -0.032668065279722214,
    0.016839465126395226,
    -0.027335138991475105,
    0.09789608418941498,
    0.03895768150687218,
    0.011374200694262981,
    0.08603981137275696,
    -0.11160437762737274,
    0.026709381490945816,
    0.019451037049293518,
    -0.011294692754745483,
    -0.04045762121677399,
    0.03757961466908455,
    -0.009028138592839241,
    -0.006882956251502037,
    -0.028331443667411804,
    0.08028202503919601,
    0.03914448618888855,
    0.08974131941795349,
    0.053395744413137436,
    0.10430596768856049,
    0.10968855768442154,
    0.03893046826124191,
    -0.02457943931221962,
    0.05062364041805267,
    -0.06247840076684952,
    -0.07237348705530167,
    -0.047274667769670486,
    -0.026023846119642258,
    -0.01120136771351099,
    0.02324361726641655,
    -0.009594079107046127,
    -0.0010482227662578225,
    -0.06983369588851929,
    0.046762071549892426,
    0.08101056516170502,
    0.04748493805527687,
    -0.008998185396194458,
    0.10650769621133804,
    -0.08474349975585938,
    -0.014940683729946613,
    0.036519840359687805,
    -0.06774189323186874,
    0.022217847406864166,
    -0.07576964050531387,
    0.06068176403641701,
    0.012895067222416401,
    -0.04849652945995331,
    -0.02582789771258831,
    -0.019019944593310356,
    -0.038289137184619904,
    -0.007518535014241934,
    -0.049451183527708054,
    -0.01468857005238533,
    0.05855916067957878,
    -0.015320103615522385,
    0.020536016672849655,
    0.06516291201114655,
    0.028399746865034103,
    -0.014147261157631874,
    -0.01820571906864643,
    -0.030417582020163536,
    0.09819994121789932,
    -0.039213068783283234,
    0.05727602168917656,
    -0.04241488501429558,
    -0.06411915272474289,
    0.007493090350180864,
    0.020858418196439743,
    -0.005367496982216835,
    -0.029040584340691566,
    -0.022827759385108948,
    0.029586700722575188,
    0.015023095533251762,
    -0.029570212587714195,
    -0.05850978195667267,
    -0.013904930092394352,
    -0.047958482056856155,
    0.015189845114946365,
    0.04199685528874397,
    0.07414927333593369,
    -1.6523214384794587e-32,
    0.020846238359808922,
    -0.09124960005283356,
    -0.08224990218877792,
    0.08419814705848694,
    0.03880860283970833,
    0.020233608782291412,
    -0.09700900316238403,
    -0.021079672500491142,
    0.05474817752838135,
    -0.0003998346219304949,
    -0.021326282992959023,
    -0.05508503317832947,
    -0.02038010209798813,
    -0.009136381559073925,
    -0.054751381278038025,
    -0.05335875228047371,
    0.012311898171901703,
    -0.07120412588119507,
    0.015305796638131142,
    0.09078800678253174,
    0.07505577802658081,
    -0.012970976531505585,
    -0.03809486702084541,
    0.05329379439353943,
    0.04360080137848854,
    0.029062673449516296,
    -0.0616060309112072,
    -0.08731004595756531,
    0.07318031042814255,
    0.011046950705349445,
    -0.003302129916846752,
    -0.13816487789154053,
    -0.08294155448675156,
    -0.018627958372235298,
    -0.044698603451251984,
    -0.14464212954044342,
    0.06039884686470032,
    -0.003933446481823921,
    -0.0031154246535152197,
    0.01328954566270113,
    0.009870992042124271,
    0.07106583565473557,
    0.03059570863842964,
    -0.00159437395632267,
    -0.007079230155795813,
    0.06292097270488739,
    -0.006021140608936548,
    0.004652504343539476,
    0.02344648167490959,
    -0.04024641215801239,
    0.026867762207984924,
    -0.04108775034546852,
    -0.022142861038446426,
    0.013064241968095303,
    -0.008533189073204994,
    0.015062777325510979,
    0.06307484209537506,
    -0.09057669341564178,
    -0.06046270206570625,
    0.07958882302045822,
    0.036965757608413696,
    -0.002018715487793088,
    -0.046257540583610535,
    0.020867619663476944,
    0.020325839519500732,
    -0.04214880242943764,
    -0.08047981560230255,
    -0.04877858981490135,
    0.019465290009975433,
    -0.03366471454501152,
    -0.018578438088297844,
    -0.09130415320396423,
    -0.09075764566659927,
    -0.0878087505698204,
    0.04891764000058174,
    -0.034864526242017746,
    0.05563303828239441,
    -0.024130595847964287,
    -0.09348227828741074,
    0.02135419100522995,
    0.015203306451439857,
    0.04596574977040291,
    -0.05342528969049454,
    0.08040950447320938,
    -0.07627382129430771,
    0.043417930603027344,
    0.03204677999019623,
    0.013956834562122822,
    0.10795359313488007,
    0.10547955334186554,
    -0.028341243043541908,
    0.016366269439458847,
    0.006137937307357788,
    0.08497688919305801,
    -0.06028583645820618,
    -5.112902456971824e-08,
    -0.006264723837375641,
    0.008175909519195557,
    -0.04392298310995102,
    -0.027974538505077362,
    -0.06137942150235176,
    -0.04224039614200592,
    0.04342418536543846,
    -0.056747209280729294,
    -0.03156202286481857,
    -0.06340380012989044,
    0.09758414328098297,
    -0.03412053361535072,
    0.007259709294885397,
    -0.037162087857723236,
    0.022810794413089752,
    0.020454619079828262,
    -0.012695109471678734,
    0.0012012640945613384,
    -0.055206164717674255,
    0.07901546359062195,
    -0.004732056055217981,
    -0.07750115543603897,
    -0.017802724614739418,
    -0.002589945215731859,
    0.02907124161720276,
    0.013868129812180996,
    0.002756724366918206,
    0.14020632207393646,
    0.07221361994743347,
    0.04153266176581383,
    -0.028665900230407715,
    0.07324965298175812,
    0.016447260975837708,
    -0.12100445479154587,
    -0.04288380593061447,
    -0.044742655009031296,
    -0.03348911181092262,
    0.022565186023712158,
    0.012703260406851768,
    0.03840590640902519,
    -0.014504524879157543,
    0.0004557766078505665,
    0.0339198112487793,
    0.03383255377411842,
    0.03505745902657509,
    -0.04006662592291832,
    -0.12235033512115479,
    0.056550201028585434,
    -0.0031099633779376745,
    -0.06310594826936722,
    -0.035288117825984955,
    -0.044425420463085175,
    0.01567821577191353,
    0.003090527607128024,
    0.01176966167986393,
    0.09952764213085175,
    0.09727130830287933,
    0.019548574462532997,
    0.00010360218584537506,
    -0.05524721369147301,
    0.10445093363523483,
    0.058321766555309296,
    0.03406798094511032,
    -0.004720638506114483
]