[
    -0.05478198826313019,
    0.0321941152215004,
    -0.02295321226119995,
    -0.1318064033985138,
    -0.0451628603041172,
    0.03921285271644592,
    0.013027590699493885,
    -0.010199707001447678,
    0.02136581763625145,
    -0.011251794174313545,
    -0.01009307336062193,
    -0.017451979219913483,
    0.01757412776350975,
    -0.041066188365221024,
    0.11789467185735703,
    -0.044295404106378555,
    0.01621648482978344,
    0.032593563199043274,
    -0.08887132257223129,
    0.06153498589992523,
    0.0327533558011055,
    0.058904390782117844,
    -0.031065547838807106,
    -0.013978553004562855,
    -0.1369311511516571,
    -0.019223520532250404,
    -0.016080761328339577,
    -0.05349741876125336,
    0.007525057066231966,
    -0.040859173983335495,
    0.062871053814888,
    0.017552074044942856,
    0.020113689824938774,
    0.11496397852897644,
    -0.06423091143369675,
    -0.025564013049006462,
    0.029516836628317833,
    0.028261911123991013,
    -0.05576739460229874,
    0.040384139865636826,
    -0.008241097442805767,
    -0.04781801998615265,
    -0.02879299782216549,
    0.00275169569067657,
    0.061932522803545,
    0.019423482939600945,
    -0.08396155387163162,
    -0.019649287685751915,
    -0.004170805215835571,
    -0.006094191689044237,
    -0.03731585294008255,
    -0.002316327765583992,
    -0.03894355893135071,
    0.10904920846223831,
    -0.026094330474734306,
    -0.05030663684010506,
    -0.0028721403796225786,
    0.02105710096657276,
    -0.07082713395357132,
    0.03053344041109085,
    0.060446903109550476,
    0.020560456439852715,
    0.015166981145739555,
    0.06304609030485153,
    -0.05730631947517395,
    0.038368284702301025,
    0.02205599471926689,
    -0.029643086716532707,
    0.0075187901966273785,
    -0.04492980241775513,
    -0.13314507901668549,
    -0.04230789095163345,
    -0.005336783826351166,
    0.07692252844572067,
    -0.01062684878706932,
    -0.005940025672316551,
    -0.03081255964934826,
    0.021797707304358482,
    0.03937234356999397,
    -0.08454807847738266,
    -0.0589970164000988,
    0.015437937341630459,
    0.005508171860128641,
    0.05057176202535629,
    -0.05609908327460289,
    0.023333078250288963,
    -0.028763629496097565,
    -0.05734894052147865,
    -0.0713007003068924,
    -0.03909965977072716,
    0.034637317061424255,
    -0.07612051069736481,
    0.13327977061271667,
    -0.0020889239385724068,
    0.08317773789167404,
    -0.0033958253916352987,
    0.006844378542155027,
    -0.11505872011184692,
    0.028562089428305626,
    -0.043766673654317856,
    -0.028483953326940536,
    0.025045296177268028,
    0.02674957551062107,
    0.028119338676333427,
    -0.05389519780874252,
    -0.06900957971811295,
    0.0031867853831499815,
    0.01303173042833805,
    0.006241458933800459,
    0.036268897354602814,
    0.013945006765425205,
    0.024570127949118614,
    -0.09851731359958649,
    -0.13234201073646545,
    0.010476107709109783,
    0.010272190906107426,
    -0.055246781557798386,
    0.06672914326190948,
    0.06403721868991852,
    -0.004412640817463398,
    -0.05074314773082733,
    -0.01925049163401127,
    -0.08063162118196487,
    -0.0877380222082138,
    -0.004335083998739719,
    -0.023828750476241112,
    0.0051886579021811485,
    1.8006084345309578e-32,
    -0.05890404433012009,
    0.0596565417945385,
    -0.06444273889064789,
    0.033303119242191315,
    0.010557646863162518,
    0.04658281058073044,
    0.018050167709589005,
    0.030758565291762352,
    -0.0338062159717083,
    0.03235553205013275,
    -0.050588786602020264,
    0.05946585163474083,
    -0.0006425747415050864,
    0.009096370078623295,
    -0.05007779225707054,
    0.024750834330916405,
    -0.031473852694034576,
    0.06413241475820541,
    0.0463201105594635,
    0.07533491402864456,
    0.026969151571393013,
    -0.0009983292547985911,
    -0.0019827319774776697,
    0.005966329947113991,
    -0.0069067832082509995,
    0.04145895317196846,
    0.012244747951626778,
    -0.030772095546126366,
    0.04877980053424835,
    -0.007694258354604244,
    0.03798503056168556,
    0.006627265363931656,
    0.013827483169734478,
    -0.044986993074417114,
    0.02659735269844532,
    0.11867129802703857,
    0.02556362934410572,
    -0.07966696470975876,
    0.08841864764690399,
    -0.07060576230287552,
    -0.017157617956399918,
    0.007899570278823376,
    0.012215268798172474,
    0.04912650212645531,
    0.001606111996807158,
    0.028428319841623306,
    0.022588232532143593,
    -0.00032991095213219523,
    0.06408623605966568,
    0.05614938586950302,
    -0.03786409646272659,
    -0.02568354457616806,
    0.011347501538693905,
    -0.01836472377181053,
    0.02945895306766033,
    -0.003143258858472109,
    -0.04237716272473335,
    0.04631906747817993,
    -0.06327678263187408,
    0.06824852526187897,
    -0.024355392903089523,
    -0.011059211567044258,
    -0.01582779921591282,
    -0.006524252705276012,
    0.03236890584230423,
    -0.061677172780036926,
    0.016996460035443306,
    -0.10804669559001923,
    0.047692835330963135,
    -0.005126123782247305,
    -0.057813066989183426,
    0.08390071243047714,
    0.007333455607295036,
    0.009956850670278072,
    -0.01597253419458866,
    -0.05061318352818489,
    -0.014007407240569592,
    -0.0555226169526577,
    0.005211927462369204,
    0.060258228331804276,
    -0.12539145350456238,
    0.04965575784444809,
    0.05010246858000755,
    0.0487569160759449,
    0.001152987009845674,
    0.006847052369266748,
    0.009836256504058838,
    0.042652565985918045,
    -0.05232870951294899,
    -0.05270112305879593,
    0.010810740292072296,
    0.042637016624212265,
    0.05157468095421791,
    0.074104905128479,
    0.06673895567655563,
    -1.8713339623265009e-32,
    -0.006576234009116888,
    -0.013795353472232819,
    -0.08734706789255142,
    0.010237673297524452,
    0.07903553545475006,
    -0.024627236649394035,
    -0.0328080840408802,
    -0.047718435525894165,
    0.04549277573823929,
    0.04834023490548134,
    0.0593537874519825,
    -0.07933254539966583,
    0.0184022244066,
    -0.06702281534671783,
    -0.05734989047050476,
    -0.03368176892399788,
    -0.12052899599075317,
    -0.0742856115102768,
    -0.008357128128409386,
    0.1159113273024559,
    -0.009489329531788826,
    -0.007485710084438324,
    0.016743863001465797,
    0.11369296163320541,
    0.04040762782096863,
    0.05279601365327835,
    -0.04045169800519943,
    -0.030960164964199066,
    0.07259153574705124,
    -0.08838866651058197,
    -0.024619095027446747,
    -0.04273292422294617,
    -0.04829907417297363,
    0.02983248606324196,
    -0.08510260283946991,
    -0.14970624446868896,
    0.0819099098443985,
    -0.015987420454621315,
    -0.0021227882243692875,
    -0.03635784983634949,
    0.09025128930807114,
    0.022516582161188126,
    -0.005836785770952702,
    0.022959308698773384,
    -0.003943191841244698,
    -0.024142226204276085,
    0.06372493505477905,
    0.03938627988100052,
    0.022205818444490433,
    -0.0006212786538526416,
    0.037298157811164856,
    -0.036679066717624664,
    -0.030043745413422585,
    0.02004355750977993,
    -0.03518109768629074,
    0.06193651258945465,
    0.060984689742326736,
    -0.016691628843545914,
    -0.05835657939314842,
    -0.050868112593889236,
    0.08373324573040009,
    0.03909517824649811,
    -0.015370918437838554,
    0.08774146437644958,
    0.014399048872292042,
    -0.05092574656009674,
    -0.0012586690718308091,
    -0.04869748651981354,
    -0.03767744079232216,
    -0.06655869632959366,
    -0.07938234508037567,
    -0.12081091850996017,
    -0.09345247596502304,
    -0.11114621162414551,
    0.036682818084955215,
    -0.11182454973459244,
    -0.04785533249378204,
    -0.0917087122797966,
    -0.06355872005224228,
    0.005775540601462126,
    0.054087597876787186,
    0.0015306576387956738,
    -0.050864070653915405,
    0.06484168767929077,
    -0.005155353341251612,
    0.02096611261367798,
    0.07824709266424179,
    -0.05706791207194328,
    -0.0033014866057783365,
    0.044248998165130615,
    -0.07480408996343613,
    0.016654912382364273,
    -0.07528101652860641,
    0.03655446693301201,
    -0.06337089091539383,
    -5.3032398028562966e-08,
    -0.005856742151081562,
    0.07541383802890778,
    -0.014704475179314613,
    -0.031047990545630455,
    -0.04744139686226845,
    -0.054219167679548264,
    -0.04857156053185463,
    0.014023484662175179,
    -0.00502981198951602,
    -0.031710829585790634,
    0.016344361007213593,
    0.052265238016843796,
    -0.03679417446255684,
    -0.0015269522555172443,
    0.11377082765102386,
    -0.05483170971274376,
    -0.06544584035873413,
    -0.038777001202106476,
    -0.05156978964805603,
    0.07115370035171509,
    -0.03916440159082413,
    -0.05949288234114647,
    -0.03216611221432686,
    -0.0009191177086904645,
    0.030302058905363083,
    0.06483915448188782,
    0.01214043702930212,
    0.04704441875219345,
    0.09082705527544022,
    0.05646450072526932,
    -0.04505854472517967,
    0.012320359237492085,
    0.019723085686564445,
    0.012957093305885792,
    -0.06677669286727905,
    -0.05704271420836449,
    0.0445806048810482,
    0.0005551044014282525,
    0.010773632675409317,
    -0.019642964005470276,
    -0.004267193842679262,
    0.0062923738732934,
    -0.007285505998879671,
    0.08337908983230591,
    0.0005595722468569875,
    -0.016710085794329643,
    -0.01725107990205288,
    0.017174718901515007,
    0.031289830803871155,
    -0.06409022212028503,
    -0.026371564716100693,
    -0.031171681359410286,
    0.07038955390453339,
    0.0028700977563858032,
    -0.08800484985113144,
    0.084304578602314,
    -0.005169643554836512,
    -0.006667626556009054,
    -0.0008139109704643488,
    0.03576347231864929,
    0.06218425929546356,
    0.013850871473550797,
    0.06891586631536484,
    -0.0168306827545166
]