[
    -0.04535006731748581,
    -0.03327656909823418,
    -0.044458504766225815,
    -0.05118412896990776,
    0.028021499514579773,
    0.08942295610904694,
    -0.008112601935863495,
    -0.08222334086894989,
    -0.07538162171840668,
    0.015046856366097927,
    0.013014120049774647,
    -0.06518151611089706,
    0.021781401708722115,
    -0.029565095901489258,
    0.10883091390132904,
    0.01777910441160202,
    0.07170980423688889,
    0.05786982551217079,
    -0.021834608167409897,
    -0.0075373575091362,
    0.011175040155649185,
    0.03255828842520714,
    -0.05466266721487045,
    -0.014184098690748215,
    -0.1126905307173729,
    -0.012938352301716805,
    0.0032028076238930225,
    -0.011282119899988174,
    0.0021980286110192537,
    -0.029069582000374794,
    -0.04614560678601265,
    0.0067070527002215385,
    0.023379536345601082,
    0.1120326966047287,
    0.016562875360250473,
    0.00349624315276742,
    -0.0002807184064295143,
    0.04551127552986145,
    0.0013784784823656082,
    0.0002397673815721646,
    -0.08794049173593521,
    -0.01477281004190445,
    -0.03403627499938011,
    -0.019496211782097816,
    -0.011316845193505287,
    -0.013038979843258858,
    -0.045417558401823044,
    -0.07425367832183838,
    -0.022749414667487144,
    0.015438620001077652,
    -0.002324642613530159,
    -0.05452311411499977,
    0.011660933494567871,
    0.06363938748836517,
    -0.06710806488990784,
    -0.09477799385786057,
    -0.0021514608524739742,
    0.012462062761187553,
    -0.04298409819602966,
    0.01800263486802578,
    0.03546768054366112,
    -0.01305810920894146,
    -0.026841364800930023,
    0.04761980101466179,
    -0.03177381679415703,
    0.025795621797442436,
    -0.06906631588935852,
    -0.03331157565116882,
    0.0026170324999839067,
    -0.04154181107878685,
    -0.11497706174850464,
    -0.035009127110242844,
    -0.07110431045293808,
    0.008701871149241924,
    0.012252699583768845,
    0.04376926273107529,
    -0.019829552620649338,
    0.034672707319259644,
    0.10641668736934662,
    -0.147220179438591,
    -0.04957841336727142,
    0.006661524996161461,
    -0.007419786415994167,
    0.06568939238786697,
    -0.08761662244796753,
    -0.01748596504330635,
    0.02015841379761696,
    -0.019403915852308273,
    0.01480480283498764,
    0.022629907354712486,
    0.04803895950317383,
    -0.07416016608476639,
    0.09687351435422897,
    -0.044413525611162186,
    0.04228707775473595,
    -0.04924909397959709,
    0.02370726689696312,
    -0.01818825863301754,
    0.016432031989097595,
    -0.021334314718842506,
    -0.01950921304523945,
    -0.04674476012587547,
    0.007251155097037554,
    0.0026981914415955544,
    -0.09681394696235657,
    -0.038874104619026184,
    0.056411951780319214,
    -0.007633723318576813,
    -0.008596677333116531,
    0.014631222933530807,
    0.05328293889760971,
    0.0857899859547615,
    -0.08137901872396469,
    -0.07698339223861694,
    0.027952494099736214,
    -0.013458145782351494,
    -0.02547617070376873,
    0.05292493849992752,
    -0.01120814960449934,
    0.026406293734908104,
    -0.014291451312601566,
    0.012512439861893654,
    -0.08445006608963013,
    -0.09130249917507172,
    -0.009612014517188072,
    -0.007136461324989796,
    -0.049697764217853546,
    1.9852991681962786e-32,
    0.040373221039772034,
    0.0031664706766605377,
    -0.04203581064939499,
    0.05297822505235672,
    0.05220761150121689,
    -0.011601410806179047,
    0.0747857317328453,
    0.0059189144521951675,
    -0.009808613918721676,
    0.07457391172647476,
    -0.050757091492414474,
    0.08078154176473618,
    -0.01874258555471897,
    0.013019871897995472,
    -0.07386863231658936,
    0.0033318225760012865,
    0.016329752281308174,
    0.0786530077457428,
    -0.02747327648103237,
    0.08250795304775238,
    0.03351578488945961,
    -0.045941948890686035,
    -0.01683308370411396,
    0.015384423546493053,
    -0.032414454966783524,
    0.018653513863682747,
    0.009316577576100826,
    0.0037774150259792805,
    0.01817174069583416,
    0.04325484484434128,
    0.021769531071186066,
    0.03322741761803627,
    0.04123420640826225,
    -0.015142575837671757,
    -0.010506057180464268,
    0.1333831250667572,
    0.07157284766435623,
    -0.035069774836301804,
    0.07914914935827255,
    -0.11048474907875061,
    -0.058674897998571396,
    -0.006713904906064272,
    0.11278054118156433,
    -0.029770251363515854,
    0.03880305215716362,
    -0.053336355835199356,
    0.038017239421606064,
    -0.007786748930811882,
    0.009228777140378952,
    0.13205492496490479,
    -0.038935985416173935,
    -0.005281476303935051,
    0.04726557061076164,
    -0.06800393760204315,
    -0.010669808834791183,
    -0.007991165854036808,
    -0.012236389331519604,
    0.10291443765163422,
    -0.08231859654188156,
    0.06696311384439468,
    -0.05788912996649742,
    0.04668642580509186,
    -0.0032535730861127377,
    0.02230193093419075,
    0.006628365255892277,
    -0.009774493053555489,
    -0.022697709500789642,
    -0.04241083189845085,
    0.10651502013206482,
    0.008879007771611214,
    -0.030044348910450935,
    0.07602973282337189,
    -0.002424146281555295,
    0.028022509068250656,
    -0.02430611662566662,
    -0.017396721988916397,
    0.03999723494052887,
    -0.025763344019651413,
    0.04767386615276337,
    0.03614325448870659,
    -0.08646827191114426,
    0.022903617471456528,
    0.019296761602163315,
    0.007245386019349098,
    -0.005522978026419878,
    0.02502264827489853,
    0.0376066155731678,
    0.017561908811330795,
    -0.017911918461322784,
    -0.054285965859889984,
    0.04033316299319267,
    -0.02131953462958336,
    0.04580094665288925,
    0.06929260492324829,
    0.016855167225003242,
    -1.9690367915998277e-32,
    0.015601610764861107,
    -0.04286064952611923,
    -0.063125841319561,
    -0.03433749079704285,
    0.06813132762908936,
    0.022143617272377014,
    -0.013026644475758076,
    -0.08163484930992126,
    0.00919524859637022,
    0.028553666546940804,
    0.011764980852603912,
    -0.07316150516271591,
    -0.04781484976410866,
    -0.03722767159342766,
    -0.04735579714179039,
    -0.06970737129449844,
    -0.1169530600309372,
    -0.02647027187049389,
    -0.008533407002687454,
    0.12212752550840378,
    -0.005932637955993414,
    -0.004880896303802729,
    0.060054343193769455,
    0.10088729113340378,
    0.08496524393558502,
    0.03428155928850174,
    -0.038598429411649704,
    0.007983536459505558,
    0.08371838182210922,
    -0.0009174495935440063,
    -0.012475891038775444,
    -0.05962558090686798,
    -0.03527723625302315,
    0.008086244575679302,
    -0.06268409639596939,
    -0.22710193693637848,
    0.036665212363004684,
    -0.0539754293859005,
    -0.021369999274611473,
    -0.03898910805583,
    0.043175581842660904,
    -0.004834613297134638,
    -0.05696898326277733,
    0.012479974888265133,
    0.030723320320248604,
    -0.07987720519304276,
    0.07045657932758331,
    -0.07364518940448761,
    0.015439337119460106,
    -0.018792498856782913,
    0.033381421118974686,
    -0.03803819790482521,
    0.007473730016499758,
    0.03432966768741608,
    -0.01843469962477684,
    0.030278638005256653,
    0.02747996523976326,
    -0.015746984630823135,
    -0.06090133637189865,
    0.008055043406784534,
    0.06618758291006088,
    0.050243206322193146,
    0.045845530927181244,
    0.10203788429498672,
    0.0729740560054779,
    -0.08750587701797485,
    -0.049511902034282684,
    -0.046521492302417755,
    -0.0569295808672905,
    -0.06275492906570435,
    -0.03572329133749008,
    -0.07660239934921265,
    -0.005196339916437864,
    -0.0810769647359848,
    0.041283510625362396,
    -0.05228138342499733,
    -0.007167144678533077,
    -0.09779789298772812,
    -0.07699379324913025,
    0.02687803842127323,
    0.03277643769979477,
    -0.00479876808822155,
    -0.06150144338607788,
    0.06862762570381165,
    0.01983853243291378,
    0.09973643720149994,
    0.0392046757042408,
    0.023424336686730385,
    0.006351695861667395,
    0.05904827266931534,
    -0.10448455810546875,
    -0.05081506818532944,
    -0.04724368453025818,
    0.008074775338172913,
    -0.07428403943777084,
    -5.6433179906889563e-08,
    0.014623329043388367,
    0.13079072535037994,
    -0.05006978288292885,
    -0.03016231767833233,
    -0.04351415857672691,
    -0.03564724326133728,
    -0.04511740058660507,
    -0.05816885828971863,
    0.0016274739755317569,
    -0.053295500576496124,
    0.04345284402370453,
    0.02305523492395878,
    0.003493537660688162,
    0.0044444105587899685,
    0.08184044808149338,
    0.0011340018827468157,
    -0.039442770183086395,
    -0.0340774729847908,
    -0.07103438675403595,
    0.07000135630369186,
    -0.006928796414285898,
    -0.029943246394395828,
    -0.06165894865989685,
    0.023881230503320694,
    0.025878403335809708,
    0.023808516561985016,
    -0.08983304351568222,
    0.05991865694522858,
    0.1140543594956398,
    0.021825680509209633,
    -0.011063175275921822,
    0.020049169659614563,
    -0.026895005255937576,
    -0.08744874596595764,
    -0.032932721078395844,
    -0.02492532506585121,
    0.050516530871391296,
    -0.0411825105547905,
    0.027641937136650085,
    -0.003854736452922225,
    0.005455721169710159,
    0.0005944051081314683,
    0.01899893395602703,
    0.04855281487107277,
    0.000672925787512213,
    -0.01917196996510029,
    -0.06680193543434143,
    0.03913973271846771,
    -0.0015192644204944372,
    -0.06382939964532852,
    -0.06266233325004578,
    -0.03895682469010353,
    0.038286153227090836,
    -0.009663989767432213,
    -0.052397679537534714,
    0.04232329875230789,
    0.037523191422224045,
    0.02757229655981064,
    -0.02166600525379181,
    -0.01900784857571125,
    0.08690078556537628,
    0.0020425065886229277,
    0.03310849517583847,
    -0.021384084597229958
]