[
    -0.021033044904470444,
    0.09149383008480072,
    -0.03318898007273674,
    -0.04821522906422615,
    0.012874131090939045,
    0.04475228860974312,
    -0.013347216881811619,
    -0.05420509725809097,
    -0.011262093670666218,
    -0.011365274898707867,
    0.06305793672800064,
    -0.024921437725424767,
    0.04040646553039551,
    -0.014009851031005383,
    0.08468151837587357,
    -0.03630123659968376,
    0.03192310780286789,
    0.042912740260362625,
    -0.10549622774124146,
    0.06460710614919662,
    0.052180420607328415,
    0.09799005091190338,
    -0.02849256433546543,
    0.002982735401019454,
    -0.11081363260746002,
    0.03267310559749603,
    0.047203488647937775,
    -0.09451182931661606,
    0.004584448412060738,
    -0.06895940005779266,
    0.05627356842160225,
    -0.021758677437901497,
    0.017256731167435646,
    0.09174013137817383,
    0.015862923115491867,
    -0.047974471002817154,
    -0.0018014042871072888,
    0.05272961035370827,
    -0.02304811216890812,
    0.017999865114688873,
    -0.11218470335006714,
    -0.04163345322012901,
    -0.016521310433745384,
    0.011749491095542908,
    0.057662803679704666,
    0.008096166886389256,
    -0.07049781829118729,
    -0.056240513920784,
    0.03704769164323807,
    0.03603744134306908,
    -0.07013750076293945,
    -0.005104071460664272,
    -0.015324092470109463,
    0.02560276910662651,
    -0.0565885454416275,
    -0.05632371827960014,
    -0.060285694897174835,
    -0.009947104379534721,
    -0.09903940558433533,
    -0.01021736953407526,
    0.0261812973767519,
    0.014989345334470272,
    0.01965256966650486,
    0.06660879403352737,
    -0.05403467267751694,
    0.022952018305659294,
    -0.02408246137201786,
    -0.018865687772631645,
    0.0598464235663414,
    0.0329451747238636,
    -0.06590144336223602,
    0.008617677725851536,
    -0.0059280903078615665,
    0.046846091747283936,
    0.017878124490380287,
    0.009687485173344612,
    -0.026646723970770836,
    0.02586146630346775,
    0.06610659509897232,
    -0.09976755827665329,
    -0.05184522271156311,
    -0.011897632852196693,
    0.0041831922717392445,
    0.007701179478317499,
    -0.057189177721738815,
    -0.0310868788510561,
    -0.007314903195947409,
    -0.013948792591691017,
    -0.04142436757683754,
    -0.01991877891123295,
    0.01551440916955471,
    -0.037055350840091705,
    0.05841926485300064,
    0.010012011975049973,
    0.1268576681613922,
    -0.047592561691999435,
    -0.016659388318657875,
    -0.07609135657548904,
    0.042140983045101166,
    -0.01232859119772911,
    -0.0664592757821083,
    0.004423375241458416,
    -0.002782176248729229,
    0.030087506398558617,
    -0.06666123867034912,
    -0.08514963090419769,
    0.045741546899080276,
    0.0062465728260576725,
    0.012232433073222637,
    0.04458828270435333,
    0.033021342009305954,
    0.019319482147693634,
    -0.04090005159378052,
    -0.10857777297496796,
    0.08057291060686111,
    -0.06283597648143768,
    0.03490430861711502,
    0.05131574347615242,
    -0.0013894292060285807,
    -0.010423317551612854,
    -0.02214863710105419,
    -0.05170009657740593,
    -0.013158745132386684,
    -0.07025539129972458,
    -0.01384107768535614,
    -0.061071496456861496,
    -0.0822473019361496,
    2.1859697190034714e-32,
    -0.0014303488424047828,
    0.011723289266228676,
    -0.06633500754833221,
    0.04957020282745361,
    0.003987145610153675,
    0.004723569843918085,
    0.02924262546002865,
    -0.023797785863280296,
    -0.041129931807518005,
    0.0869416669011116,
    0.01211088802665472,
    0.022338764742016792,
    -0.04457573592662811,
    -0.004512290470302105,
    0.01133636198937893,
    0.04631457477807999,
    0.0023562300484627485,
    0.1090310588479042,
    0.0023334561847150326,
    0.033102650195360184,
    0.08276893198490143,
    -0.03542367368936539,
    0.04874199628829956,
    0.026845598593354225,
    -0.07296745479106903,
    0.04066060483455658,
    0.042097121477127075,
    -0.018320057541131973,
    0.02253546565771103,
    0.0002387629938311875,
    0.06520973145961761,
    -0.013710417784750462,
    -0.0283883735537529,
    -0.061516985297203064,
    0.07944778352975845,
    0.1315513700246811,
    0.07799451798200607,
    -0.04186799377202988,
    0.04806466028094292,
    -0.07858273386955261,
    -0.006743359379470348,
    -0.015499875880777836,
    0.05880773812532425,
    0.051817093044519424,
    0.07759696990251541,
    -0.019266406074166298,
    -0.049295637756586075,
    0.021767763420939445,
    0.0004986500134691596,
    0.03518550843000412,
    -0.07421830296516418,
    -0.005923636257648468,
    -0.02745387703180313,
    -0.08805728703737259,
    -0.006328018847852945,
    -0.0120648592710495,
    -0.10247956216335297,
    0.07515738159418106,
    -0.09226840734481812,
    0.0496329739689827,
    -0.05504009872674942,
    0.06081448122859001,
    -0.035195332020521164,
    -0.0693374052643776,
    -0.00636762659996748,
    -0.10589176416397095,
    -0.005968840327113867,
    -0.09999648481607437,
    0.07903294265270233,
    -0.03709302097558975,
    -0.020074428990483284,
    0.06955531984567642,
    -0.00930751021951437,
    0.03804675489664078,
    0.011587895452976227,
    -0.03268705680966377,
    0.013139414601027966,
    -0.06058737635612488,
    0.057349320501089096,
    0.028552019968628883,
    -0.06339371204376221,
    0.004988931585103273,
    0.02232251688838005,
    0.022185487672686577,
    -0.026649881154298782,
    0.03695729002356529,
    0.03909932076931,
    0.021410198882222176,
    -0.05549529194831848,
    -0.05368249863386154,
    0.004663670435547829,
    0.012981072999536991,
    0.03297834470868111,
    0.037441499531269073,
    -0.01723066158592701,
    -2.158784355025592e-32,
    -0.011493304744362831,
    -0.03610353171825409,
    -0.06804052740335464,
    0.010317246429622173,
    0.052926138043403625,
    -0.027429725974798203,
    0.0042771585285663605,
    -0.07250875979661942,
    0.06508874148130417,
    0.01992459036409855,
    0.03861634060740471,
    -0.07175147533416748,
    0.009909664280712605,
    -0.011332749389111996,
    -0.06153678894042969,
    0.05022565647959709,
    -0.08341805636882782,
    -0.01682409644126892,
    -0.0166213046759367,
    0.12403812259435654,
    -0.05249379947781563,
    0.019182786345481873,
    -0.012247461825609207,
    0.13519053161144257,
    0.04255242273211479,
    0.020498091354966164,
    -0.07809414714574814,
    0.03938841447234154,
    0.10556285828351974,
    0.018254313617944717,
    0.020364321768283844,
    -0.061772484332323074,
    -0.05141395330429077,
    -0.021084504202008247,
    -0.1425933539867401,
    -0.2048363983631134,
    0.05449647083878517,
    -0.011895623989403248,
    -0.034796278923749924,
    0.0029925156850367785,
    0.08378865569829941,
    0.01701212115585804,
    -0.045088618993759155,
    -0.03634066507220268,
    0.008567238226532936,
    -0.026807084679603577,
    0.08806399255990982,
    0.005793622694909573,
    0.006320090964436531,
    0.009188654832541943,
    0.08587057143449783,
    -0.04619603231549263,
    -0.02148725464940071,
    -0.006709156092256308,
    0.036878641694784164,
    0.03539571911096573,
    0.00904071144759655,
    0.020986150950193405,
    -0.08057647943496704,
    -0.003581054974347353,
    0.08360972255468369,
    0.0392901785671711,
    -0.04349086433649063,
    0.08023151010274887,
    0.043781496584415436,
    -0.040652889758348465,
    -0.060165490955114365,
    -0.039406102150678635,
    -0.04715960472822189,
    -0.027631321921944618,
    -0.06629496812820435,
    -0.08312500268220901,
    -0.035505156964063644,
    -0.12484272569417953,
    0.09146834909915924,
    -0.054548945277929306,
    -0.01745285652577877,
    -0.03366707265377045,
    -0.04082932323217392,
    0.016653666272759438,
    0.07124114781618118,
    -0.01357256155461073,
    -0.07662095129489899,
    0.03497977554798126,
    0.009314315393567085,
    0.011650466360151768,
    0.0637725368142128,
    -0.01902233436703682,
    0.024235719814896584,
    0.07452911883592606,
    -0.08557172864675522,
    0.019861657172441483,
    -0.04378240555524826,
    -0.028677670285105705,
    -0.07583443075418472,
    -5.5959279876560686e-08,
    0.021833252161741257,
    0.04552512988448143,
    -0.008827227167785168,
    -0.02027653343975544,
    -0.010570834390819073,
    0.0023872219026088715,
    -0.025736434385180473,
    -0.024265887215733528,
    -0.02307739481329918,
    -0.07518378645181656,
    0.025323551148176193,
    0.05523146316409111,
    -0.030306152999401093,
    -0.03678806126117706,
    0.04459087550640106,
    -0.0104074627161026,
    -0.049232423305511475,
    -0.043434061110019684,
    -0.015478696674108505,
    0.017539048567414284,
    -0.02246156521141529,
    -0.07985059916973114,
    -0.05764458328485489,
    0.11667146533727646,
    0.02940593846142292,
    0.008627772331237793,
    -0.04455534741282463,
    -0.02794460393488407,
    0.06665604561567307,
    0.07159890979528427,
    -0.015449527651071548,
    -0.03430585190653801,
    0.00904205534607172,
    -0.03039354830980301,
    -0.02428496815264225,
    -0.04333169758319855,
    0.002424415899440646,
    -0.004088257905095816,
    0.03864774480462074,
    0.022161776199936867,
    -0.007819140329957008,
    -0.015451503917574883,
    0.03175899758934975,
    0.0743761956691742,
    0.011784951202571392,
    -0.029949089512228966,
    -0.014451638795435429,
    -0.002493762644007802,
    0.004694405011832714,
    -0.07198577374219894,
    -0.0724610686302185,
    -0.04292254522442818,
    0.054723259061574936,
    -0.04833085089921951,
    -0.030363552272319794,
    0.08268120139837265,
    0.047035884112119675,
    0.031192529946565628,
    0.008570241741836071,
    -0.013788099400699139,
    0.12658721208572388,
    0.051532208919525146,
    -0.00519294198602438,
    -0.01871461793780327
]