[
    -0.039416417479515076,
    0.01485421136021614,
    -0.0563194714486599,
    -0.07551248371601105,
    0.03495550900697708,
    0.08132114261388779,
    0.01852544955909252,
    -0.00833816733211279,
    -0.05868446081876755,
    0.04438500106334686,
    0.026391105726361275,
    -0.04105977714061737,
    0.011399342678487301,
    -0.02773512713611126,
    0.10966373234987259,
    -0.01647311821579933,
    0.050766751170158386,
    0.031423963606357574,
    -0.11467615514993668,
    0.10187951475381851,
    0.01670948602259159,
    0.045183103531599045,
    -0.06799491494894028,
    0.0022334835957735777,
    -0.166652649641037,
    0.004210351034998894,
    0.0028205248527228832,
    -0.07740111649036407,
    0.044259507209062576,
    -0.02761220373213291,
    0.04540007561445236,
    -0.024037884548306465,
    0.048340942710638046,
    0.07187359035015106,
    -0.006115769501775503,
    -0.04165269061923027,
    0.011908207088708878,
    -0.005731078330427408,
    0.007093918509781361,
    0.0037356805987656116,
    -0.08935514837503433,
    -0.08693620562553406,
    -0.03901819512248039,
    0.008616788312792778,
    0.02381911501288414,
    0.022004248574376106,
    -0.05973300710320473,
    -0.011186981573700905,
    0.017398156225681305,
    -0.05969691276550293,
    -0.021553941071033478,
    -0.017572684213519096,
    -0.021230734884738922,
    0.03732598200440407,
    -0.041541337966918945,
    -0.07083484530448914,
    -0.004224215634167194,
    -0.006612869445234537,
    -0.07881958037614822,
    -0.012610535137355328,
    0.027652785181999207,
    -0.04288947954773903,
    -0.015513353049755096,
    0.05929911509156227,
    0.007078422699123621,
    0.030051743611693382,
    -0.021641142666339874,
    -0.01264647301286459,
    0.06625808775424957,
    0.001469644601456821,
    -0.11353015899658203,
    -0.0047055562026798725,
    0.009626302868127823,
    0.06398629397153854,
    0.005019300617277622,
    -0.008894109167158604,
    -0.01692364737391472,
    0.014597554691135883,
    0.07897915691137314,
    -0.08652369678020477,
    -0.06143634021282196,
    -0.008068643510341644,
    0.058054372668266296,
    0.08047714084386826,
    -0.044544823467731476,
    0.0026884654071182013,
    -0.06172708049416542,
    -0.019856195896863937,
    -0.03317052125930786,
    -0.018138602375984192,
    0.01341685838997364,
    -0.014830079860985279,
    0.10203332453966141,
    -0.004566294606775045,
    0.06554042547941208,
    0.029438035562634468,
    -0.004204554948955774,
    -0.08530783653259277,
    -0.01060992106795311,
    0.003168715164065361,
    -0.05265932157635689,
    -0.0224296972155571,
    -0.03520938381552696,
    0.031065674498677254,
    -0.01302836462855339,
    -0.06153488904237747,
    -0.021663596853613853,
    -0.051857855170965195,
    0.026752030476927757,
    0.08399135619401932,
    -0.00039760887739248574,
    -0.01700848527252674,
    -0.022687608376145363,
    -0.12421464920043945,
    0.05968804284930229,
    -0.0630907267332077,
    -0.025106830522418022,
    0.009456269443035126,
    0.003155054757371545,
    -0.011237597092986107,
    -0.015342680737376213,
    -0.04331102594733238,
    -0.06379809975624084,
    -0.10001161694526672,
    0.026346661150455475,
    0.0143880071118474,
    -0.016989201307296753,
    1.9338402866843006e-32,
    -0.03260894492268562,
    0.02112724632024765,
    -0.03338058665394783,
    0.04300674796104431,
    0.002810980658978224,
    -0.009591801092028618,
    -0.023013250902295113,
    -0.04683662950992584,
    -0.06674777716398239,
    0.06747443228960037,
    0.019811097532510757,
    0.038708142936229706,
    0.022431785240769386,
    -0.006095907185226679,
    -0.025102099403738976,
    0.025204544886946678,
    0.01660657301545143,
    0.07673054188489914,
    0.031725358217954636,
    0.020111694931983948,
    0.03986142575740814,
    -0.06872827559709549,
    0.03410233557224274,
    0.005792098119854927,
    -0.005772970151156187,
    0.0060097770765423775,
    0.024400953203439713,
    -0.03166104853153229,
    0.07731569558382034,
    0.011581997387111187,
    0.042102713137865067,
    0.039094384759664536,
    -0.012325496412813663,
    -0.09494544565677643,
    0.039249639958143234,
    0.06414557248353958,
    0.02463519386947155,
    -0.06490147858858109,
    0.057477064430713654,
    -0.06497358530759811,
    -0.030776701867580414,
    -0.01198909804224968,
    0.024239961057901382,
    0.043801020830869675,
    0.0796036571264267,
    0.010061603970825672,
    -0.036271099001169205,
    0.0324280709028244,
    0.03554149344563484,
    0.05334670469164848,
    -0.03471579775214195,
    0.013151741586625576,
    0.0020878224167972803,
    -0.0527619943022728,
    -0.020515408366918564,
    -0.029143348336219788,
    -0.06792158633470535,
    0.049790654331445694,
    -0.05543295666575432,
    0.053690195083618164,
    -0.006282504182308912,
    0.05208848416805267,
    0.0020720637403428555,
    -0.0016397053841501474,
    0.02586487866938114,
    -0.06861351430416107,
    -0.0055174631997942924,
    -0.07496143877506256,
    0.04054128751158714,
    0.03223993629217148,
    -0.0363379567861557,
    0.06506489962339401,
    -0.05828457325696945,
    0.016592511907219887,
    -0.05745571851730347,
    -0.027909813448786736,
    0.014764639548957348,
    0.015275128185749054,
    0.028429919853806496,
    0.013538548722863197,
    -0.09521070867776871,
    0.012638300657272339,
    0.04568983614444733,
    0.06264784932136536,
    -0.026552191004157066,
    -0.013951102271676064,
    -0.0005478793173097074,
    0.04590480402112007,
    -0.0422927625477314,
    -0.02115640603005886,
    -0.019144980236887932,
    0.011874739080667496,
    0.039298899471759796,
    0.06689242273569107,
    -0.05281301215291023,
    -1.9788437940319442e-32,
    -0.012796575203537941,
    -0.06264735758304596,
    -0.10976365208625793,
    0.006089505739510059,
    0.08994011580944061,
    0.026801496744155884,
    -0.04794707149267197,
    -0.13701197504997253,
    0.07563874870538712,
    0.08741292357444763,
    0.023730158805847168,
    -0.07342305034399033,
    0.014478534460067749,
    -0.00044162830454297364,
    -0.04740411788225174,
    0.010619665496051311,
    -0.08721626549959183,
    -0.03947143629193306,
    -0.054541390389204025,
    0.10205979645252228,
    -0.012998602353036404,
    -0.0004441664495971054,
    -0.03949633240699768,
    0.12306240946054459,
    0.015658272430300713,
    0.03918536379933357,
    -0.09309753030538559,
    -0.03336887061595917,
    0.07769637554883957,
    -0.044890087097883224,
    -0.05632743984460831,
    -0.02295779436826706,
    -0.041954219341278076,
    0.032039985060691833,
    -0.0909121111035347,
    -0.1460648626089096,
    0.08645609766244888,
    -0.06923352181911469,
    -0.004942634142935276,
    -0.012935747392475605,
    0.05563291162252426,
    0.05443243309855461,
    0.006238309666514397,
    0.0013775289990007877,
    -0.005147987511008978,
    0.00790109671652317,
    0.05730420723557472,
    -0.05020209774374962,
    -0.030184078961610794,
    -0.004756322130560875,
    0.05925657972693443,
    -0.0346912145614624,
    0.010332121513783932,
    0.04095876216888428,
    -0.03283630311489105,
    0.03770873695611954,
    0.02567797526717186,
    -0.02679627388715744,
    -0.050979916006326675,
    -0.007345197722315788,
    0.08619987219572067,
    0.05737901106476784,
    -0.1054755300283432,
    0.07976091653108597,
    0.03960379585623741,
    -0.05274469032883644,
    -0.020784500986337662,
    -0.11909262835979462,
    0.022659841924905777,
    -0.07194359600543976,
    -0.07121090590953827,
    -0.11611064523458481,
    -0.057849980890750885,
    -0.09096697717905045,
    0.05615474283695221,
    -0.05861467868089676,
    -0.009387688711285591,
    -0.04547503590583801,
    -0.04742569848895073,
    0.023581674322485924,
    0.06148451566696167,
    -0.01056721992790699,
    -0.07365825027227402,
    0.02295907773077488,
    -0.01424246933311224,
    0.036739811301231384,
    0.06911241263151169,
    -0.054452747106552124,
    0.021037373691797256,
    0.07080554962158203,
    -0.1191202774643898,
    -0.011738138273358345,
    -0.04025789722800255,
    0.016174007207155228,
    -0.03773066774010658,
    -5.929173951813027e-08,
    0.04844687879085541,
    0.028501097112894058,
    0.0005402867682278156,
    -0.009705689735710621,
    -0.035937532782554626,
    0.023441554978489876,
    -0.056252241134643555,
    -0.05719580873847008,
    -0.05031796544790268,
    -0.045060258358716965,
    0.0357511006295681,
    0.0748939961194992,
    -0.026412196457386017,
    0.023081498220562935,
    0.04734349250793457,
    -0.06135803833603859,
    -0.06091561168432236,
    -0.028410594910383224,
    -0.06678549200296402,
    0.03282574564218521,
    -0.02706916444003582,
    -0.040300849825143814,
    -0.07776044309139252,
    0.022881288081407547,
    0.06558912247419357,
    0.04558253288269043,
    0.005859484430402517,
    0.021970361471176147,
    0.0659685879945755,
    0.07422887533903122,
    -0.007082905620336533,
    -0.028166513890028,
    -0.024210073053836823,
    -0.00866036955267191,
    -0.04558829590678215,
    0.02043292485177517,
    0.019828354939818382,
    0.011897241696715355,
    0.052035972476005554,
    0.00025132938753813505,
    0.028069717809557915,
    0.07517879456281662,
    0.030286939814686775,
    0.09496697038412094,
    0.009004060178995132,
    -0.030168553814291954,
    -0.027953412383794785,
    0.013026689179241657,
    0.03503866866230965,
    -0.15217353403568268,
    -0.0232596043497324,
    -0.08589846640825272,
    0.07392006367444992,
    0.05238169804215431,
    -0.05705064907670021,
    0.0984930768609047,
    0.021108515560626984,
    0.04022890329360962,
    0.014108848758041859,
    -0.014598540961742401,
    0.1471283733844757,
    0.0869051143527031,
    -0.022740064188838005,
    -0.013530952855944633
]