[
    -0.06416527926921844,
    0.02235110104084015,
    -0.02893904782831669,
    -0.07268722355365753,
    -0.022597379982471466,
    0.04680223390460014,
    -0.012432311661541462,
    -0.0426441952586174,
    0.016711752861738205,
    0.05517612397670746,
    -0.0036713804583996534,
    0.006069194059818983,
    -0.00601204764097929,
    -0.002090661320835352,
    0.02575942501425743,
    0.07707945257425308,
    0.08526700735092163,
    0.04048025608062744,
    -0.07786604017019272,
    0.04315132275223732,
    0.027552522718906403,
    0.05026102066040039,
    -0.0431484654545784,
    -0.03159226477146149,
    -0.08992014825344086,
    -0.044284388422966,
    -0.03461427614092827,
    -0.05889450013637543,
    0.05212164670228958,
    -0.11108052730560303,
    0.022903205826878548,
    0.08033213764429092,
    0.022884400561451912,
    0.05963514745235443,
    -0.003987803123891354,
    -0.02900766208767891,
    -0.005410820711404085,
    -0.06316874921321869,
    0.0147626968100667,
    -0.005974906962364912,
    -0.012873307801783085,
    0.013390381820499897,
    -0.020596304908394814,
    -0.052336908876895905,
    -0.009672091342508793,
    0.010893827304244041,
    0.0037203251849859953,
    -0.0001578800438437611,
    -0.01568523235619068,
    0.049916546791791916,
    -0.08171767741441727,
    -0.039286643266677856,
    -0.01856713742017746,
    0.08056890219449997,
    -0.01819283701479435,
    -0.04638485610485077,
    0.0042334869503974915,
    0.0255522970110178,
    -0.05515551194548607,
    -0.0034379183780401945,
    -0.004229574929922819,
    -0.010997523553669453,
    -0.050236526876688004,
    0.05023729056119919,
    -0.028964322060346603,
    0.008813239634037018,
    0.012251624837517738,
    -0.013367749750614166,
    0.006438667420297861,
    -0.010580863803625107,
    -0.01334291324019432,
    0.03618597239255905,
    0.0316162109375,
    0.02166413702070713,
    -0.03431025519967079,
    0.0029180622659623623,
    -0.007624256890267134,
    0.004244448617100716,
    0.05169321969151497,
    -0.09024935960769653,
    -0.07770620286464691,
    0.006697225384414196,
    -0.052774809300899506,
    -0.00374756776727736,
    -0.07064919173717499,
    -0.06986678391695023,
    -0.025799909606575966,
    -0.0003475942648947239,
    0.020111484453082085,
    0.04721643030643463,
    0.039812054485082626,
    -0.10299734026193619,
    0.07456400990486145,
    -0.05193281173706055,
    0.04839133098721504,
    0.005241863429546356,
    -0.009565724991261959,
    0.011270438320934772,
    0.06839544326066971,
    0.0054407790303230286,
    0.01781550794839859,
    0.03508985415101051,
    -0.028531085699796677,
    -0.03692875802516937,
    -0.02420581877231598,
    -0.0628855898976326,
    -0.015398336574435234,
    -0.03937208279967308,
    0.0013123225653544068,
    0.011569617316126823,
    0.005853263661265373,
    -0.008662303909659386,
    -0.011837516911327839,
    -0.10456200689077377,
    0.05790024995803833,
    0.013786295428872108,
    -0.027846338227391243,
    0.10450710356235504,
    -0.01527249626815319,
    -0.08986666798591614,
    -0.017290344461798668,
    0.04800587147474289,
    -0.04732200503349304,
    -0.03415900468826294,
    0.007298073265701532,
    0.005559674929827452,
    -0.06970919668674469,
    2.0134243399076404e-32,
    -0.013036170974373817,
    -0.05832643434405327,
    -0.1049932986497879,
    0.02424096316099167,
    0.04752099886536598,
    -0.013344699516892433,
    -0.013299955055117607,
    -0.016497453674674034,
    -0.08706968277692795,
    0.03738947585225105,
    0.009461832232773304,
    0.07876575738191605,
    0.021750077605247498,
    -0.11474490910768509,
    -0.05358340963721275,
    0.010932857170701027,
    -0.04762886092066765,
    0.09618064761161804,
    -0.04384031891822815,
    -0.012374790385365486,
    0.026477603241801262,
    -0.017366398125886917,
    0.019669126719236374,
    0.0500526949763298,
    -0.004313168581575155,
    -0.017312316223978996,
    0.06943348795175552,
    -0.02879967913031578,
    -0.010486139915883541,
    0.009559973143041134,
    0.03551093116402626,
    -0.00565424794331193,
    0.028460489585995674,
    0.06666058301925659,
    0.08058172464370728,
    0.14432279765605927,
    -0.042049750685691833,
    -0.07346033304929733,
    0.09023693203926086,
    -0.05494556948542595,
    -0.05505992844700813,
    -0.030694127082824707,
    0.0026412380393594503,
    -0.0406329445540905,
    -0.030018659308552742,
    -0.03030325472354889,
    -0.0642714723944664,
    -0.020629316568374634,
    0.030372431501746178,
    0.058145396411418915,
    0.026121044531464577,
    -0.031645141541957855,
    0.0949823409318924,
    -0.02661016583442688,
    0.021664965897798538,
    -1.886125210148748e-05,
    -0.08337890356779099,
    0.05378461629152298,
    -0.03635593131184578,
    0.033382292836904526,
    -0.018335506319999695,
    0.04263408109545708,
    -0.02819197252392769,
    0.056694597005844116,
    -0.06334729492664337,
    -0.03920784965157509,
    -0.065034881234169,
    -0.06153476983308792,
    0.09726618230342865,
    -0.05495784431695938,
    0.01789328269660473,
    0.04785993695259094,
    0.06511346250772476,
    0.028584476560354233,
    -0.01416377816349268,
    -0.041425302624702454,
    -0.023560905829072,
    -0.0396164208650589,
    0.026562746614217758,
    -0.015752360224723816,
    -0.13035035133361816,
    -0.03927348554134369,
    0.05055556073784828,
    0.054802604019641876,
    0.012426706962287426,
    -0.033424824476242065,
    0.009093358181416988,
    -0.0027590251993387938,
    -0.01179348025470972,
    -0.006230357103049755,
    -0.007646775804460049,
    0.04289327934384346,
    -0.04587974026799202,
    0.07698250561952591,
    0.05556922405958176,
    -1.982489002013844e-32,
    -0.031536512076854706,
    -0.07218055427074432,
    -0.06093215197324753,
    0.006225597113370895,
    0.04344423487782478,
    0.015010453760623932,
    -0.09474840760231018,
    -0.09175149351358414,
    0.07210387289524078,
    -0.05061328038573265,
    -0.03895629569888115,
    -0.04422576352953911,
    -0.006701021920889616,
    -0.03643253818154335,
    -0.014513337053358555,
    -0.052958130836486816,
    -0.005853393115103245,
    -0.047027669847011566,
    0.02489406429231167,
    0.05885967239737511,
    0.05618418753147125,
    0.021090902388095856,
    -0.07899899780750275,
    0.09592416882514954,
    0.016249027103185654,
    -0.03159663453698158,
    -0.009671945124864578,
    -0.1196412667632103,
    0.08177737146615982,
    0.05137109383940697,
    -0.03751498833298683,
    -0.08545394986867905,
    -0.0941711813211441,
    0.037268366664648056,
    -0.06350325047969818,
    -0.13082069158554077,
    0.11729405075311661,
    -0.04992751404643059,
    -0.04609263315796852,
    -0.013892004266381264,
    0.019413378089666367,
    0.11035152524709702,
    0.025104377418756485,
    -0.022406933829188347,
    0.0003238108183722943,
    -0.06381900608539581,
    0.027888454496860504,
    0.01990709826350212,
    0.014668113552033901,
    -0.07167955487966537,
    0.024563195183873177,
    -0.016539381816983223,
    0.041693828999996185,
    -0.0020915926434099674,
    -0.0330396443605423,
    0.07256550341844559,
    0.003537507960572839,
    -0.04136118292808533,
    -0.01291442010551691,
    0.028063621371984482,
    0.08341087400913239,
    0.10555296391248703,
    -0.028928589075803757,
    0.016033533960580826,
    0.025992227718234062,
    -0.007713564205914736,
    -0.08379620313644409,
    0.005103803239762783,
    -0.03020869754254818,
    -0.05088108777999878,
    0.02352479286491871,
    -0.10054730623960495,
    -0.07264719903469086,
    -0.04632570967078209,
    0.1206846684217453,
    0.004739345982670784,
    -0.004842459224164486,
    -0.0636855959892273,
    -0.10047699511051178,
    0.023225152865052223,
    0.01744229346513748,
    0.0411536879837513,
    -0.033479005098342896,
    0.08421660959720612,
    -0.00042138263233937323,
    0.10189849883317947,
    0.05056922882795334,
    -0.020044585689902306,
    0.017765656113624573,
    0.07497253268957138,
    -0.02829570882022381,
    -0.021680083125829697,
    0.018459593877196312,
    0.03377696871757507,
    -0.06445327401161194,
    -5.644935541226914e-08,
    -0.05715642124414444,
    0.013965539634227753,
    -0.00471231946721673,
    -0.018380779772996902,
    -0.0016163801774382591,
    -0.0187787264585495,
    -0.009464023634791374,
    0.07224132120609283,
    -0.08035656809806824,
    -0.05284391716122627,
    0.09227366000413895,
    0.0027927341870963573,
    -0.02983623370528221,
    -0.04231242090463638,
    0.05607185140252113,
    -0.03951242193579674,
    0.0010749329812824726,
    -0.02192654088139534,
    -0.08552780002355576,
    -0.0028242894914001226,
    0.012939127162098885,
    -0.058785367757081985,
    -0.04785774648189545,
    0.07531648874282837,
    0.018023522570729256,
    0.00813633669167757,
    0.015084190294146538,
    0.051145993173122406,
    0.007858785800635815,
    0.068024642765522,
    -0.06108412519097328,
    0.06768371909856796,
    -0.0067536188289523125,
    -0.07736166566610336,
    0.014735773205757141,
    0.05466601997613907,
    0.006415389943867922,
    0.026140311732888222,
    0.034426819533109665,
    0.06150297820568085,
    -0.07969984412193298,
    -0.0007725259638391435,
    0.10073371231555939,
    0.07259581983089447,
    -0.0010163907427340746,
    0.0019646710716187954,
    -0.04305322468280792,
    -0.020160803571343422,
    0.013145443052053452,
    -0.0910169929265976,
    -0.0059165130369365215,
    -0.0809144601225853,
    0.015459608286619186,
    -0.007814187556505203,
    -3.908403596142307e-05,
    0.13117705285549164,
    0.1070016622543335,
    0.05421542003750801,
    -0.004659755155444145,
    -0.0522308386862278,
    0.15850304067134857,
    0.08659297972917557,
    0.0527951605618,
    0.04590355604887009
]