[
    -0.008033202961087227,
    0.022673603147268295,
    -0.02502986416220665,
    -0.12712782621383667,
    -0.0489489883184433,
    0.011876806616783142,
    -0.005646471865475178,
    0.03851732611656189,
    -0.0802202895283699,
    0.009274101816117764,
    0.02211090549826622,
    -0.08111738413572311,
    0.02464139647781849,
    -0.006741729564964771,
    0.09433044493198395,
    -0.03844272717833519,
    0.04224644973874092,
    -0.006644399370998144,
    -0.06214605271816254,
    0.01742134988307953,
    0.08070465922355652,
    0.05902455002069473,
    -0.044497277587652206,
    0.015825988724827766,
    -0.13191092014312744,
    0.01149070356041193,
    -0.0038538456428796053,
    -0.044253528118133545,
    0.05005117878317833,
    0.0016540212091058493,
    0.021437594667077065,
    -0.032775748521089554,
    0.07450469583272934,
    0.05839630216360092,
    0.023058582097291946,
    -0.002024688059464097,
    0.028418907895684242,
    -0.030981330201029778,
    -0.004387161694467068,
    0.015542800538241863,
    -0.07020212709903717,
    -0.0257736686617136,
    -0.0776861235499382,
    -0.013005114160478115,
    0.06785159558057785,
    0.021627387031912804,
    -0.05352037027478218,
    -0.034364666789770126,
    -0.025172390043735504,
    0.005852119531482458,
    -0.07795912772417068,
    -0.016641482710838318,
    -0.014476735144853592,
    0.028046011924743652,
    -0.010034631006419659,
    -0.05561649799346924,
    0.008096749894320965,
    0.037341635674238205,
    -0.013653813861310482,
    -0.043707385659217834,
    0.06510304659605026,
    0.0010981098748743534,
    -0.044815339148044586,
    0.055655449628829956,
    -0.003010399406775832,
    0.029478812590241432,
    -0.02798672951757908,
    -0.06132792681455612,
    0.016527589410543442,
    0.03420135751366615,
    -0.1316649615764618,
    -0.0296611525118351,
    -0.010034612379968166,
    0.05632757768034935,
    -0.07101833820343018,
    0.02206421084702015,
    -0.031211180612444878,
    0.035243839025497437,
    0.03724009543657303,
    -0.12509045004844666,
    -0.06899394094944,
    0.02066098153591156,
    -0.0006114952266216278,
    0.03811578452587128,
    -0.06271820515394211,
    -0.01495361514389515,
    0.0009653228335082531,
    -0.0029842606745660305,
    -0.017571071162819862,
    0.026630308479070663,
    0.0639224722981453,
    -0.09332474321126938,
    0.06630280613899231,
    -0.0531984381377697,
    0.08100712299346924,
    -0.018288271501660347,
    0.013390407897531986,
    -0.097784623503685,
    0.027152659371495247,
    -0.0354466550052166,
    0.010782994329929352,
    0.011982057243585587,
    -0.02447904273867607,
    -0.002951947273686528,
    -0.08660854399204254,
    -0.027165953069925308,
    0.024263402447104454,
    0.0018896280089393258,
    0.02523289993405342,
    0.005806987639516592,
    0.0026213277596980333,
    0.00428104167804122,
    -0.07421334087848663,
    -0.14355874061584473,
    0.021017126739025116,
    0.010503372177481651,
    -0.018488584086298943,
    0.04815948009490967,
    0.013337649405002594,
    -0.011566834524273872,
    -0.02624255232512951,
    -0.03450845554471016,
    -0.03141485154628754,
    -0.09557202458381653,
    0.033604640513658524,
    -0.006089362315833569,
    -0.026303980499505997,
    1.4911145840180717e-32,
    -0.05871834233403206,
    0.006344360765069723,
    -0.12584517896175385,
    0.06788330525159836,
    0.03599207475781441,
    -0.0136970030143857,
    0.02226274088025093,
    0.0131755992770195,
    -0.07059239596128464,
    0.03498239070177078,
    0.0034859497100114822,
    0.0377013273537159,
    -0.06015555560588837,
    -0.009287877939641476,
    -0.01145088393241167,
    0.02172124572098255,
    -0.0051275137811899185,
    0.06419803947210312,
    0.004142131190747023,
    0.03968486562371254,
    0.037762682884931564,
    -0.06971240043640137,
    0.021726585924625397,
    0.020251482725143433,
    0.02988102287054062,
    0.046744126826524734,
    0.01371405553072691,
    0.010121259838342667,
    0.004565890412777662,
    0.017977163195610046,
    0.08792691677808762,
    -0.0026276768185198307,
    0.03066396899521351,
    -0.049875739961862564,
    0.026786895468831062,
    0.10828623920679092,
    0.04779931902885437,
    -0.07250471413135529,
    0.10148079693317413,
    -0.07858408987522125,
    -0.026424730196595192,
    -0.006468236446380615,
    0.0067177945747971535,
    0.029854504391551018,
    0.07367218285799026,
    -0.0013617631047964096,
    0.012604651972651482,
    0.01976291835308075,
    0.09636769443750381,
    0.05664459615945816,
    -0.04460272938013077,
    -0.007575179450213909,
    0.041347257792949677,
    -0.07682400196790695,
    0.014094021171331406,
    -0.054175153374671936,
    -0.04815661162137985,
    0.019489595666527748,
    -0.04599896818399429,
    0.08437274396419525,
    -0.04019686207175255,
    0.06125839054584503,
    -0.034333087503910065,
    0.05582869052886963,
    0.008250358514487743,
    -0.056164976209402084,
    -0.015338625758886337,
    -0.038243651390075684,
    0.06701149791479111,
    -0.009136496111750603,
    -0.0901380106806755,
    0.04005114361643791,
    -0.019545650109648705,
    0.028269054368138313,
    -0.05342671275138855,
    -0.03000253066420555,
    0.008283824659883976,
    -0.05337590351700783,
    0.013400508090853691,
    0.009522921405732632,
    -0.13040782511234283,
    0.08753468841314316,
    0.04226316884160042,
    0.025336187332868576,
    0.01986435428261757,
    -0.026910733431577682,
    0.03127950429916382,
    0.07528706640005112,
    -0.0420248806476593,
    -0.04060147702693939,
    0.021047690883278847,
    0.0020291253458708525,
    0.019379856064915657,
    0.08965937793254852,
    0.038592323660850525,
    -1.579765959853273e-32,
    0.06455311179161072,
    -0.01382935605943203,
    -0.03453617915511131,
    0.02159748785197735,
    0.0435907281935215,
    0.023579807952046394,
    -0.04541201889514923,
    -0.08291216194629669,
    0.08765639364719391,
    0.03569187968969345,
    0.049461834132671356,
    -0.056228213012218475,
    -0.005234054755419493,
    -0.007239524740725756,
    -0.07691598683595657,
    -0.021252354606986046,
    -0.10226849466562271,
    -0.04177289828658104,
    0.02189260721206665,
    0.08921180665493011,
    0.015223932452499866,
    -0.018536759540438652,
    0.0007801727624610066,
    0.11409022659063339,
    0.010315370745956898,
    0.028654856607317924,
    -0.06081458553671837,
    -0.036909379065036774,
    0.053227946162223816,
    -0.04835446923971176,
    -0.005619898438453674,
    -0.08286499232053757,
    -0.03674619644880295,
    0.045210059732198715,
    -0.07904893904924393,
    -0.18730516731739044,
    0.06253321468830109,
    -0.032687339931726456,
    -0.007704503834247589,
    -0.0002925734152086079,
    0.08456666022539139,
    0.03080972284078598,
    -0.030378689989447594,
    0.01826586201786995,
    -0.01810586452484131,
    -0.04493183642625809,
    0.09148617088794708,
    -0.055648114532232285,
    -0.004652233794331551,
    -0.05078382045030594,
    0.08818156272172928,
    -0.04867935925722122,
    0.001794670126400888,
    -0.015446572564542294,
    -0.023985357955098152,
    0.07088813930749893,
    0.015226935036480427,
    0.022309357300400734,
    -0.06049118936061859,
    -0.01971491426229477,
    0.08065097033977509,
    0.032826777547597885,
    0.02125144563615322,
    0.07878085970878601,
    0.07186048477888107,
    -0.033939260989427567,
    -0.02457738108932972,
    -0.027345988899469376,
    -0.03309953212738037,
    -0.04064324498176575,
    -0.11364862322807312,
    -0.0943937599658966,
    -0.06404131650924683,
    -0.06502387672662735,
    0.06429584324359894,
    -0.09093427658081055,
    -0.03543342277407646,
    -0.0851205587387085,
    -0.061575815081596375,
    0.007308715023100376,
    0.028095753863453865,
    0.0598798431456089,
    -0.06882144510746002,
    0.07044586539268494,
    -0.015983756631612778,
    0.058088771998882294,
    -0.004044235218316317,
    -0.011726041324436665,
    0.022319162264466286,
    0.0795377790927887,
    -0.11339231580495834,
    0.007100298535078764,
    -0.024219302460551262,
    0.05723276361823082,
    -0.07474313676357269,
    -4.6683361176746985e-08,
    -0.06441226601600647,
    0.07803403586149216,
    -0.0393105112016201,
    -0.01221480593085289,
    -0.05127006396651268,
    0.02482934482395649,
    -0.04902024194598198,
    -0.047727182507514954,
    -0.03278201445937157,
    -0.10422597825527191,
    0.015645042061805725,
    0.022603819146752357,
    -0.024729467928409576,
    0.0415559783577919,
    0.050390541553497314,
    -0.01985728181898594,
    -0.07836083322763443,
    0.05166228115558624,
    -0.059092551469802856,
    0.09835940599441528,
    -0.01461859978735447,
    -0.021063601598143578,
    -0.02507838048040867,
    0.014793969690799713,
    0.05091404169797897,
    -0.006281975656747818,
    -0.020527366548776627,
    0.10245456546545029,
    0.04784534126520157,
    0.08046039193868637,
    0.003305982332676649,
    0.00381161505356431,
    0.007985159754753113,
    -0.04003262519836426,
    -0.0637902095913887,
    -0.07925024628639221,
    0.007765703834593296,
    0.05933671444654465,
    0.08537602424621582,
    -0.006225239019840956,
    -0.032861482352018356,
    0.0390024334192276,
    0.018211783841252327,
    0.08143620938062668,
    -0.017004290595650673,
    -0.023241808637976646,
    -0.05869549140334129,
    0.05545010045170784,
    0.0027541848830878735,
    -0.0871492549777031,
    -0.02256028912961483,
    -0.03175465390086174,
    0.02774505317211151,
    0.024930773302912712,
    -0.05058829113841057,
    0.05682075396180153,
    0.035548605024814606,
    0.010202465578913689,
    -0.002360785147175193,
    -0.022321468219161034,
    0.06869550794363022,
    0.05489140376448631,
    0.04498192295432091,
    -0.017657045274972916
]