[
    -0.013527323491871357,
    0.06480444222688675,
    -0.015815049409866333,
    -0.026048362255096436,
    -0.0763443186879158,
    0.08010351657867432,
    -0.045102618634700775,
    -0.008651531301438808,
    0.031116625294089317,
    -0.02881453186273575,
    0.10706517845392227,
    -0.009863700717687607,
    0.038554832339286804,
    -0.022236742079257965,
    0.005135184153914452,
    -0.0005462307599373162,
    0.051906146109104156,
    0.05874243751168251,
    -0.11178222298622131,
    0.006839726120233536,
    0.021185562014579773,
    0.07107453793287277,
    -0.051580339670181274,
    0.006316481623798609,
    -0.13628995418548584,
    -0.048295553773641586,
    -0.02385333925485611,
    -0.05068641155958176,
    0.038138967007398605,
    -0.06713440269231796,
    0.01358070783317089,
    0.0016747962217777967,
    0.06404256075620651,
    0.0869280993938446,
    -0.026315651834011078,
    -0.01629752293229103,
    0.011542989872395992,
    -0.021537326276302338,
    -0.040796276181936264,
    -0.04160388559103012,
    -0.05657710134983063,
    -0.035292286425828934,
    -0.024698104709386826,
    -0.003123828209936619,
    -0.0034854684490710497,
    -0.01921427622437477,
    -0.02165485918521881,
    -0.05876094102859497,
    -0.04523603245615959,
    -0.014271434396505356,
    -0.09110681712627411,
    -0.042186006903648376,
    0.008023029193282127,
    0.1111011654138565,
    -0.06708307564258575,
    -0.019182497635483742,
    0.004555943422019482,
    0.05131665989756584,
    -0.0656498521566391,
    -0.0157063789665699,
    0.03344295918941498,
    -0.0017569066258147359,
    -0.00025952677242457867,
    0.0408305898308754,
    -0.03805403411388397,
    0.0780828669667244,
    0.005599085241556168,
    -0.08321187645196915,
    0.056936267763376236,
    0.06490162014961243,
    -0.08858614414930344,
    -0.04595789313316345,
    -0.013445520773530006,
    0.04921841621398926,
    -0.03661699593067169,
    0.03933800011873245,
    -0.04065243527293205,
    0.061902061104774475,
    0.08586306124925613,
    -0.11623388528823853,
    -0.04672389477491379,
    0.023173805326223373,
    -0.05577310919761658,
    0.08311902731657028,
    -0.04170919582247734,
    -0.061622440814971924,
    -0.014091720804572105,
    0.005788043607026339,
    0.036773793399333954,
    -0.011629648506641388,
    0.08109625428915024,
    -0.03535395488142967,
    0.13014528155326843,
    -0.09983055293560028,
    0.04440281540155411,
    -0.0458335280418396,
    -0.02583589404821396,
    -0.08127597719430923,
    -0.02075246348977089,
    0.0052240039221942425,
    -0.0008333654841408134,
    0.01878822222352028,
    -0.06555004417896271,
    0.006183917168527842,
    0.030524572357535362,
    -0.053533148020505905,
    -0.0015705262776464224,
    -0.03770466148853302,
    -0.06472709774971008,
    0.02969110943377018,
    0.047136787325143814,
    0.03668738901615143,
    0.010874397121369839,
    -0.12876470386981964,
    0.045798905193805695,
    0.04944662004709244,
    -0.05704224482178688,
    0.08578554540872574,
    0.04588637128472328,
    -0.030975140631198883,
    0.02216625213623047,
    0.017857005819678307,
    -0.010059425607323647,
    -0.06369010359048843,
    -0.02208990976214409,
    0.0029983699787408113,
    -0.03889510780572891,
    2.052101630532746e-32,
    0.02937410958111286,
    -0.0131013048812747,
    -0.08661472052335739,
    -0.0276020560413599,
    0.024388756603002548,
    -0.03933672606945038,
    -0.0011540221748873591,
    -0.02085207775235176,
    -0.004448939114809036,
    0.021156759932637215,
    -0.022435536608099937,
    0.013433626852929592,
    0.02520904503762722,
    -0.0543425977230072,
    -0.045093510299921036,
    0.04799504950642586,
    0.02838742546737194,
    0.12196309864521027,
    -0.005451953038573265,
    0.05946394428610802,
    0.041789837181568146,
    -0.05975279211997986,
    0.03185844421386719,
    0.03098239190876484,
    -0.058079417794942856,
    -0.016249950975179672,
    0.006221849005669355,
    -0.003147551789879799,
    -0.012266443111002445,
    -0.004200800321996212,
    0.05651959776878357,
    0.06666267663240433,
    0.04694311320781708,
    0.0026666601188480854,
    0.0428268238902092,
    0.09781945496797562,
    0.005714199040085077,
    -0.03906688839197159,
    0.08122733235359192,
    -0.05965282395482063,
    -0.07661988586187363,
    0.027471886947751045,
    0.01798572763800621,
    -0.014826986938714981,
    0.040466420352458954,
    -0.03765338659286499,
    0.035127513110637665,
    -0.059653349220752716,
    0.01459786482155323,
    0.0730796828866005,
    -0.010696617886424065,
    0.0047946497797966,
    0.04409460723400116,
    -0.009962345473468304,
    -0.060758065432310104,
    0.008835976012051105,
    0.004711512941867113,
    0.01820797473192215,
    -0.04578821733593941,
    0.05788935720920563,
    0.032146308571100235,
    0.01715371012687683,
    -0.031984951347112656,
    0.023645954206585884,
    0.0067949797958135605,
    -0.06550271809101105,
    -0.0004099337966181338,
    -0.03239623084664345,
    -0.003252045949921012,
    -0.02484823949635029,
    0.012061449699103832,
    0.05766329914331436,
    0.005270102992653847,
    -0.003125299233943224,
    -0.042306508868932724,
    -0.061809517443180084,
    0.0560600608587265,
    -0.06339336931705475,
    0.06986676901578903,
    -0.013607592321932316,
    -0.05631791055202484,
    -0.018081597983837128,
    0.016108283773064613,
    0.01769014075398445,
    -0.033706121146678925,
    -0.012161163613200188,
    0.06211482733488083,
    0.03908482939004898,
    -0.08427172899246216,
    -0.008196016773581505,
    0.016103217378258705,
    0.004691121634095907,
    0.0006829774938523769,
    0.09984903037548065,
    0.05893983319401741,
    -2.0194159815505754e-32,
    0.00612943759188056,
    -0.031414322555065155,
    -0.04348868131637573,
    0.012349390424787998,
    0.05383279174566269,
    -0.01233882550150156,
    -0.043309733271598816,
    -0.07457676529884338,
    0.03428500518202782,
    0.003624553559347987,
    -0.04246053472161293,
    -0.07242219895124435,
    -0.01729249767959118,
    0.01705571822822094,
    -0.024926887825131416,
    -0.025424985215067863,
    -0.0007974884356372058,
    -0.08043619990348816,
    -0.03251684457063675,
    0.07025448232889175,
    0.05674396827816963,
    0.026830468326807022,
    -0.030324064195156097,
    0.12188965827226639,
    -0.03963698074221611,
    0.053082868456840515,
    0.026234768331050873,
    -0.04433209449052811,
    -0.03789278864860535,
    -0.06186756491661072,
    -0.002074830699712038,
    -0.04451729729771614,
    -0.032912127673625946,
    0.05696854740381241,
    -0.04279559105634689,
    -0.14709478616714478,
    0.05193248763680458,
    -0.08612169325351715,
    -0.06992518156766891,
    -0.06236672401428223,
    0.050817783921957016,
    0.08899536728858948,
    -0.05125894770026207,
    -0.007540201302617788,
    0.05703939124941826,
    -0.05849221721291542,
    0.0032332323025912046,
    -0.03875713422894478,
    0.004775955341756344,
    -0.005176967009902,
    -0.016114089637994766,
    -0.05172942578792572,
    0.020518286153674126,
    0.056152164936065674,
    -0.026112951338291168,
    0.06561844050884247,
    0.09042171388864517,
    -0.07452673465013504,
    -0.06779716163873672,
    0.02955598570406437,
    0.027102798223495483,
    0.012476450763642788,
    -0.02785758674144745,
    0.041309650987386703,
    0.04629060998558998,
    -0.028285237029194832,
    -0.0003373835643287748,
    -0.028105653822422028,
    -0.02526448853313923,
    -0.0722399652004242,
    0.0075431396253407,
    -0.03981100767850876,
    -0.06313756853342056,
    -0.13354255259037018,
    0.05495184287428856,
    -0.03745197877287865,
    -0.006852119229733944,
    -0.07040445506572723,
    -0.12680067121982574,
    -0.05765070766210556,
    0.00773510430008173,
    -0.02160499431192875,
    0.02432049997150898,
    0.05887601897120476,
    -0.09734192490577698,
    0.05558396875858307,
    0.07082197070121765,
    -0.033541176468133926,
    0.0665380209684372,
    0.13441231846809387,
    -0.07768572121858597,
    -0.003758094273507595,
    -0.05681019648909569,
    0.01247491966933012,
    -0.06775546073913574,
    -5.7656500018765655e-08,
    -0.0730912908911705,
    0.0819215252995491,
    -0.000607940717600286,
    -0.009985501877963543,
    0.02037542127072811,
    -0.05652628093957901,
    -0.01917864754796028,
    0.04835363104939461,
    -0.043589431792497635,
    -0.05829641968011856,
    0.03183211386203766,
    0.0013258940307423472,
    -0.01601925492286682,
    -0.021927280351519585,
    0.09889041632413864,
    -0.002244870411232114,
    -0.04790996015071869,
    0.009695096872746944,
    -0.07989940047264099,
    0.062603659927845,
    -0.0561002679169178,
    -0.026408616453409195,
    -0.038216475397348404,
    -0.02702903561294079,
    -0.001185789005830884,
    -0.0010714589152485132,
    -0.030404113233089447,
    0.12929581105709076,
    0.054157886654138565,
    0.03418740630149841,
    0.016461575403809547,
    0.019272331148386,
    0.08538887649774551,
    -0.059275053441524506,
    -0.08845522254705429,
    -0.04787255451083183,
    0.04646269604563713,
    -0.00446639908477664,
    0.006856850814074278,
    -0.012947019189596176,
    -0.005326094105839729,
    0.06072754040360451,
    0.05567430332303047,
    0.10829512029886246,
    0.013487536460161209,
    -0.060753535479307175,
    -0.09842921048402786,
    0.02700020559132099,
    -0.006842915900051594,
    -0.08689237385988235,
    0.018414217978715897,
    -0.006210566032677889,
    0.013051565736532211,
    0.0474914088845253,
    -0.01812920905649662,
    0.06623487174510956,
    0.0977383628487587,
    0.020910803228616714,
    -0.048387590795755386,
    -0.005516177974641323,
    0.1241508424282074,
    0.02478514052927494,
    0.02636728249490261,
    -0.04740943759679794
]