[
    0.011584501713514328,
    0.06473258882761002,
    0.008293318562209606,
    -0.03119472786784172,
    0.0069353519938886166,
    0.08958442509174347,
    -0.02679271250963211,
    0.03927009180188179,
    -0.09416534751653671,
    -0.03690122440457344,
    -0.026604950428009033,
    0.04580075666308403,
    0.02777363918721676,
    -0.0521085187792778,
    0.07263614237308502,
    -0.047099679708480835,
    0.03913533315062523,
    0.025330768898129463,
    -0.04470391198992729,
    0.12552188336849213,
    0.0353405587375164,
    0.08104754239320755,
    -0.03242899104952812,
    0.04133695363998413,
    -0.04336126521229744,
    0.04089069738984108,
    -0.006357256788760424,
    -0.038527961820364,
    0.02767864242196083,
    0.03538719564676285,
    0.08347665518522263,
    0.08813615888357162,
    0.024644598364830017,
    0.087374247610569,
    0.03858606144785881,
    -0.07070205360651016,
    -0.0894528180360794,
    0.07072950154542923,
    -0.06432972848415375,
    0.033386021852493286,
    -0.05546945706009865,
    -0.06772430986166,
    -0.05170776695013046,
    0.05322333425283432,
    0.0659090057015419,
    -0.05006293207406998,
    -0.08664698153734207,
    -0.010705992579460144,
    0.03446408733725548,
    0.05553918331861496,
    -0.012665730901062489,
    0.01209640596061945,
    0.0016572644235566258,
    0.05308184772729874,
    -0.005590249318629503,
    -0.04445943981409073,
    -0.0690050944685936,
    0.013022433035075665,
    -0.06369439512491226,
    0.036149151623249054,
    0.03935423120856285,
    -0.019836150109767914,
    0.0045500765554606915,
    0.04645092785358429,
    -0.11871225386857986,
    0.1201564148068428,
    0.027943210676312447,
    -0.04502875357866287,
    0.034738462418317795,
    -0.05626671761274338,
    -0.08779998868703842,
    -0.013593345880508423,
    0.008893799968063831,
    0.02235967293381691,
    0.004321586340665817,
    -0.011161421425640583,
    0.049147624522447586,
    0.009255630895495415,
    0.023745553568005562,
    -0.13844352960586548,
    -0.07832004129886627,
    -0.021456783637404442,
    -0.030847759917378426,
    0.0475027859210968,
    -0.023655008524656296,
    -0.0033341916278004646,
    -0.01581132970750332,
    -0.028430603444576263,
    0.003607166698202491,
    -0.06243975833058357,
    -0.005334358662366867,
    -0.018479976803064346,
    0.05236123129725456,
    -0.062094178050756454,
    0.04234255850315094,
    -0.03438393026590347,
    0.009982211515307426,
    -0.11029023677110672,
    -0.004709877073764801,
    -0.013168174773454666,
    0.0010183032136410475,
    -0.06768418848514557,
    0.040015917271375656,
    0.01158634852617979,
    -0.03460505232214928,
    -0.0782974362373352,
    0.07486404478549957,
    -0.012623241171240807,
    0.01282458659261465,
    0.04621966928243637,
    0.01764718070626259,
    -0.01460166648030281,
    0.006784719415009022,
    -0.03873398154973984,
    -0.0005094403168186545,
    -0.016964904963970184,
    -0.03402959555387497,
    0.0470551997423172,
    0.08423145115375519,
    -0.0012017320841550827,
    -0.04125720262527466,
    -0.013118802569806576,
    -0.008067392744123936,
    -0.0829496830701828,
    -0.042662329971790314,
    -0.028913602232933044,
    -0.015962587669491768,
    1.7730896709678265e-32,
    0.006803239230066538,
    0.005179929081350565,
    -0.04211755469441414,
    0.031091216951608658,
    0.04538506641983986,
    -0.02253936417400837,
    0.063919797539711,
    -0.05120544880628586,
    -0.03705059736967087,
    0.05114486441016197,
    -0.056107811629772186,
    0.015804100781679153,
    -0.04922160506248474,
    0.15702347457408905,
    -0.05348954349756241,
    0.003475896082818508,
    -0.0037404787726700306,
    0.05189323425292969,
    -0.012090793810784817,
    0.056193020194768906,
    0.007106753531843424,
    0.012831351719796658,
    0.00798653531819582,
    0.023519955575466156,
    -0.06366055458784103,
    0.03970550373196602,
    0.02193489857017994,
    -0.023368684574961662,
    -0.02584138698875904,
    0.00974488165229559,
    0.010669746436178684,
    0.02264266647398472,
    0.004131566267460585,
    -0.096380814909935,
    -0.02781914547085762,
    0.08318693190813065,
    0.030500022694468498,
    -0.030567342415452003,
    0.00987069308757782,
    -0.09830227494239807,
    -0.0497652105987072,
    -0.0005646888166666031,
    0.07287225127220154,
    0.01622743532061577,
    0.0555863119661808,
    -0.028673533350229263,
    -0.03357982262969017,
    0.01247143093496561,
    0.031303368508815765,
    0.07385978102684021,
    -0.07144036889076233,
    0.007014377973973751,
    -0.010681970044970512,
    -0.05685749277472496,
    -0.026414530351758003,
    -0.050505079329013824,
    -0.11156941950321198,
    0.05261332914233208,
    -0.04383741319179535,
    0.03251626715064049,
    0.011701607145369053,
    0.006917473394423723,
    -0.004391975235193968,
    -0.03904422000050545,
    0.030732471495866776,
    0.02522585354745388,
    -0.027718976140022278,
    -0.09418392926454544,
    0.056733712553977966,
    0.04581376165151596,
    -0.02476295828819275,
    0.06389707326889038,
    -0.04366745799779892,
    0.0440792590379715,
    0.060870882123708725,
    0.014928114600479603,
    0.03908194229006767,
    -0.039606839418411255,
    0.06740659475326538,
    0.03200148791074753,
    -0.047610294073820114,
    -0.016950983554124832,
    -0.03852175176143646,
    0.021517857909202576,
    -0.003971399273723364,
    0.04633733257651329,
    0.03463452309370041,
    0.03445855528116226,
    -0.016985172405838966,
    -0.11969520151615143,
    0.0001676160900387913,
    0.012668701820075512,
    0.01011519692838192,
    0.017036037519574165,
    0.02676261216402054,
    -1.9678648237320578e-32,
    -0.011985165067017078,
    -0.0065283821895718575,
    0.024151574820280075,
    -0.047576904296875,
    0.0532665029168129,
    0.006476511247456074,
    -0.06849586963653564,
    -0.10686452686786652,
    0.08672638237476349,
    0.006834171246737242,
    -0.01984352432191372,
    -0.048611417412757874,
    -0.0052794418297708035,
    -0.043217629194259644,
    -0.09453992545604706,
    -0.05473707243800163,
    -0.11761295050382614,
    -0.07156335562467575,
    -0.024119915440678596,
    0.12475430965423584,
    -0.043668005615472794,
    0.02445056661963463,
    -0.03829816356301308,
    0.08849530667066574,
    0.05263633653521538,
    0.01932493969798088,
    -0.00431186705827713,
    0.013323242776095867,
    0.05623689666390419,
    -0.07425392419099808,
    -0.02552679553627968,
    -0.03579077869653702,
    -0.057817745953798294,
    0.011296025477349758,
    -0.09466765820980072,
    -0.11817356944084167,
    0.029396817088127136,
    -0.02367684617638588,
    -0.06682468950748444,
    -0.05645471066236496,
    0.09114097058773041,
    -0.044903241097927094,
    0.014675082638859749,
    0.03875317797064781,
    -0.011369955725967884,
    -0.015198903158307076,
    0.051624592393636703,
    -0.053452908992767334,
    0.015305260196328163,
    -0.007434737402945757,
    0.005890045780688524,
    -0.0049469140358269215,
    0.0626569613814354,
    0.05340567231178284,
    -0.012970189563930035,
    -0.053130581974983215,
    -0.0031554866582155228,
    -0.044993236660957336,
    -0.04067915678024292,
    -0.021807195618748665,
    0.04782150685787201,
    0.038361262530088425,
    -0.0323440320789814,
    0.04285451024770737,
    -0.0034874079283326864,
    -0.10226746648550034,
    -0.030991507694125175,
    -0.12490542232990265,
    -0.020645685493946075,
    -0.03662937134504318,
    -0.069691002368927,
    -0.10373245179653168,
    0.01384173147380352,
    -0.08492830395698547,
    0.054783958941698074,
    -0.04170273616909981,
    -0.026832422241568565,
    -0.011835671029984951,
    -0.06981144100427628,
    -0.010619503445923328,
    0.10344427824020386,
    -0.014769286848604679,
    -0.0876033827662468,
    0.07073374092578888,
    -0.05831369385123253,
    0.05211639404296875,
    0.0005243790219537914,
    -0.002437788527458906,
    0.02840087190270424,
    0.0849950835108757,
    -0.056767042726278305,
    0.04368304833769798,
    -0.04316040500998497,
    0.05820755288004875,
    -0.07405559718608856,
    -5.605421904419927e-08,
    0.10032160580158234,
    0.09165447950363159,
    -0.0372607596218586,
    -0.006972009316086769,
    -0.04148535430431366,
    0.005898609757423401,
    -0.06857079267501831,
    -0.05428048223257065,
    -0.00471817422658205,
    -0.05817798152565956,
    0.016651926562190056,
    0.1148684024810791,
    -0.0047574881464242935,
    -0.03873523697257042,
    0.010769838467240334,
    -0.012602435424923897,
    -0.02846408821642399,
    0.02619144693017006,
    -0.0010834946297109127,
    0.09749572724103928,
    -0.07744435966014862,
    -0.06699947267770767,
    -0.06813462823629379,
    0.02374347671866417,
    0.007478730287402868,
    0.04984697699546814,
    -0.0038721805904060602,
    0.03939509019255638,
    0.07648008316755295,
    0.02544386312365532,
    0.02027982845902443,
    0.025766540318727493,
    0.005614183377474546,
    -0.027711980044841766,
    -0.04102405160665512,
    -0.04192820563912392,
    0.016926828771829605,
    0.008087476715445518,
    0.06915724277496338,
    -0.06447487324476242,
    -0.0018937907880172133,
    0.02047700248658657,
    -0.020129237323999405,
    0.04393937811255455,
    -0.02389051392674446,
    -0.03894379734992981,
    0.014945135451853275,
    -0.052448246628046036,
    -0.008119672536849976,
    -0.1002381220459938,
    -0.054637469351291656,
    -0.025317354127764702,
    0.10142844915390015,
    -0.07533123344182968,
    -0.06783657521009445,
    0.10147137194871902,
    -0.013428954407572746,
    -0.02335314266383648,
    -0.008869717828929424,
    -0.07347126305103302,
    0.09721527993679047,
    0.008805115707218647,
    0.014404780231416225,
    0.01978767290711403
]