[
    -0.04020019620656967,
    -0.003563336795195937,
    -0.014840534888207912,
    -0.02789304405450821,
    -0.05865368992090225,
    0.04314860701560974,
    -0.04027019068598747,
    -0.05095021799206734,
    0.04625128209590912,
    -0.016046805307269096,
    -0.0035442097578197718,
    -0.025119777768850327,
    -0.0038417570758610964,
    -0.009679981507360935,
    0.03032558225095272,
    0.027929922565817833,
    0.09229480475187302,
    0.014363148249685764,
    -0.04670057073235512,
    0.020160431042313576,
    0.028557633981108665,
    0.03104526922106743,
    -0.07143155485391617,
    -0.018005412071943283,
    -0.0933653861284256,
    -0.04369591176509857,
    -0.05040040239691734,
    -0.09811949729919434,
    0.0815146416425705,
    -0.05854354053735733,
    0.00601833825930953,
    0.021257413551211357,
    0.04906672239303589,
    0.05180257558822632,
    0.056337133049964905,
    0.016610555350780487,
    0.002644159598276019,
    -0.027467375621199608,
    0.05283341556787491,
    -0.013564333319664001,
    -0.06033976748585701,
    -0.05244164913892746,
    -0.037798259407281876,
    -0.04031234234571457,
    -0.01970699056982994,
    -0.019353529438376427,
    0.01238936372101307,
    -0.009348243474960327,
    0.004313813056796789,
    0.006484587676823139,
    -0.0445379875600338,
    -0.03331156075000763,
    -0.026811569929122925,
    0.058241792023181915,
    -0.05755732208490372,
    -0.013460864312946796,
    -0.012649125419557095,
    -0.0008199792355298996,
    -0.001562069053761661,
    0.015234570018947124,
    0.002423487603664398,
    0.04157983139157295,
    -0.06440597772598267,
    0.08132348954677582,
    -0.05258490517735481,
    0.01764659211039543,
    -0.006463619880378246,
    0.015078128315508366,
    0.056424595415592194,
    0.018542714416980743,
    -0.04579955339431763,
    0.044986315071582794,
    0.004244429524987936,
    0.0508887842297554,
    -0.028819233179092407,
    0.003021150827407837,
    -0.017873039469122887,
    -0.026818685233592987,
    0.026522409170866013,
    -0.12047579884529114,
    -0.020590027794241905,
    0.025885773822665215,
    -0.02222532033920288,
    0.03302771970629692,
    -0.06743842363357544,
    -0.06109113246202469,
    -0.013847635127604008,
    -0.00699434382840991,
    -0.010567675344645977,
    0.023869391530752182,
    0.03696468099951744,
    -0.07880288362503052,
    0.03853251412510872,
    -0.05261819437146187,
    0.019265713170170784,
    -0.030650407075881958,
    0.01181554514914751,
    0.01631692796945572,
    0.04325834661722183,
    0.022155048325657845,
    0.017522482201457024,
    0.04235250875353813,
    -0.05822625011205673,
    -0.03168526291847229,
    -0.11280110478401184,
    -0.05545685812830925,
    -0.016391873359680176,
    -0.038429729640483856,
    0.028448905795812607,
    0.06574436277151108,
    0.028917547315359116,
    -0.0008292010170407593,
    -0.024005722254514694,
    -0.08949508517980576,
    0.07771120220422745,
    -0.021901791915297508,
    0.0034609977155923843,
    0.1174221932888031,
    -0.016105636954307556,
    -0.0002375485928496346,
    0.0033765227999538183,
    0.009079725481569767,
    -0.010472350753843784,
    -0.06948448717594147,
    0.03989117592573166,
    -0.001304979668930173,
    -0.04211777076125145,
    2.0633108507885997e-32,
    0.04597162827849388,
    -0.00885765440762043,
    -0.07831978052854538,
    0.05763281136751175,
    0.03364253789186478,
    0.01730625331401825,
    0.033924464136362076,
    0.01902388408780098,
    -0.05093054100871086,
    0.08611265569925308,
    0.032339129596948624,
    0.004195918794721365,
    0.010080342181026936,
    -0.08072682470083237,
    -0.06225331500172615,
    0.018605662509799004,
    -0.02367297373712063,
    0.04549696668982506,
    -0.02398357167840004,
    -0.002208468969911337,
    0.028460325673222542,
    -0.025576243177056313,
    0.056906312704086304,
    0.08251181244850159,
    0.017604824155569077,
    -0.08914153277873993,
    0.03850904852151871,
    0.012030389159917831,
    0.0026161116547882557,
    0.04233784228563309,
    0.04406825825572014,
    -0.009328264743089676,
    0.007917325012385845,
    0.022864511236548424,
    0.05594233050942421,
    0.11082503199577332,
    0.07955381274223328,
    -0.10731982439756393,
    0.09572723507881165,
    -0.10897443443536758,
    -0.06639128178358078,
    0.010865995660424232,
    0.03829207643866539,
    -0.013827224262058735,
    -0.01788376085460186,
    -0.029856346547603607,
    -0.01821400597691536,
    -0.0024079373106360435,
    0.01002065185457468,
    0.06087419018149376,
    -0.035944025963544846,
    0.00432247668504715,
    0.0183640755712986,
    -0.047063712030649185,
    0.05126519128680229,
    0.029584987089037895,
    -0.05835234746336937,
    0.056065261363983154,
    -0.021311279386281967,
    0.019511578604578972,
    -0.02185397408902645,
    0.049548227339982986,
    -0.0502067394554615,
    0.014331333339214325,
    -0.032111868262290955,
    -0.07289476692676544,
    -0.048932094126939774,
    -0.08701532334089279,
    0.10515139997005463,
    -0.02357809990644455,
    -0.0713144913315773,
    0.06356429308652878,
    0.0019429043168202043,
    0.013105914928019047,
    -0.04811524972319603,
    -0.025865882635116577,
    -0.014536955393850803,
    0.009899440221488476,
    0.08332320302724838,
    0.04727696627378464,
    -0.08247236162424088,
    -0.0526263602077961,
    0.030468294396996498,
    0.0790679082274437,
    0.04211035370826721,
    -0.03860057145357132,
    0.054050613194704056,
    -0.04278649762272835,
    0.0030728555284440517,
    -0.010047326795756817,
    0.016353974118828773,
    -0.025053802877664566,
    -0.00466241966933012,
    -0.004177257418632507,
    -0.0076340679079294205,
    -1.9841125066491235e-32,
    4.226253440720029e-05,
    -0.08300279825925827,
    -0.09386960417032242,
    0.05024242773652077,
    0.02883329801261425,
    -0.031521618366241455,
    -0.06963280588388443,
    -0.0852133184671402,
    0.04398822784423828,
    0.01707068458199501,
    -0.025720516219735146,
    0.028045842424035072,
    0.015292298048734665,
    -0.029190760105848312,
    -0.07015443593263626,
    -0.05628788471221924,
    -0.009799432940781116,
    -0.010725267231464386,
    0.030476702377200127,
    0.0678587406873703,
    0.02531268820166588,
    0.04371987655758858,
    0.02670479007065296,
    0.0540386401116848,
    0.07093282788991928,
    -0.010424457490444183,
    -0.0014077037340030074,
    -0.0030103090684860945,
    0.04829055070877075,
    0.04862266033887863,
    -0.0037474760320037603,
    -0.07292377948760986,
    -0.046925246715545654,
    0.0349009670317173,
    -0.11316188424825668,
    -0.11476856470108032,
    0.13795670866966248,
    -0.07457458227872849,
    -0.05090070888400078,
    -0.037432391196489334,
    0.03307364881038666,
    0.08370384573936462,
    0.050508663058280945,
    -0.05885804817080498,
    -0.058550942689180374,
    -0.06955192983150482,
    0.0060523818247020245,
    0.02367360144853592,
    0.003905554534867406,
    -0.06735697388648987,
    -0.01959731988608837,
    -0.03742190822958946,
    0.028355592861771584,
    0.03125232085585594,
    -0.021849827840924263,
    0.00013950158609077334,
    -0.01941641792654991,
    -0.01456417702138424,
    -0.023197995498776436,
    -0.0005731582641601562,
    0.09234312921762466,
    0.10956179350614548,
    -0.032670196145772934,
    0.040273088961839676,
    0.10390312969684601,
    -0.058170560747385025,
    -0.08972565084695816,
    0.021513862535357475,
    -0.0636683776974678,
    -0.03619453310966492,
    -0.02039642073214054,
    -0.18933790922164917,
    0.0009214240708388388,
    -0.07871774584054947,
    0.08047467470169067,
    -0.015778569504618645,
    -0.02389995940029621,
    -0.099746473133564,
    -0.10302296280860901,
    0.004206350073218346,
    0.022555317729711533,
    0.017649773508310318,
    -0.04639534279704094,
    0.07111110538244247,
    0.015100114047527313,
    0.07402530312538147,
    0.07218697667121887,
    0.044189244508743286,
    0.056768521666526794,
    0.089051753282547,
    -0.05040880665183067,
    -0.021484913304448128,
    0.0437629334628582,
    0.01571483165025711,
    -0.012204527854919434,
    -5.4958039896746413e-08,
    -0.058709871023893356,
    0.05093156173825264,
    0.01546940952539444,
    -0.04034652188420296,
    0.041792131960392,
    -0.06591901183128357,
    -0.06211351230740547,
    -0.0015987600199878216,
    -0.04573436081409454,
    -0.07714973390102386,
    0.053799837827682495,
    -0.03401301056146622,
    -0.007560417987406254,
    -0.09111444652080536,
    0.04056927561759949,
    -0.05952886492013931,
    0.016855677589774132,
    -0.02698337472975254,
    -0.08289136737585068,
    -0.033128660172224045,
    -0.012110999785363674,
    -0.05977382883429527,
    -0.047931041568517685,
    0.07053447514772415,
    0.015106706880033016,
    0.009313760325312614,
    -0.06177343800663948,
    -0.019993919879198074,
    0.01246131956577301,
    0.049396172165870667,
    -0.07232212275266647,
    0.02868702821433544,
    0.048109740018844604,
    -0.05578896030783653,
    -0.02416136860847473,
    0.06399063766002655,
    -0.06776873022317886,
    0.007532730232924223,
    0.07758023589849472,
    0.024911148473620415,
    -0.034281402826309204,
    0.001174567616544664,
    0.09078200906515121,
    0.10090094059705734,
    -0.02629491128027439,
    -0.0265568345785141,
    -0.045258406549692154,
    0.0491144098341465,
    0.014590741135179996,
    -0.12637796998023987,
    -0.02417530119419098,
    -0.0657249391078949,
    0.013010460883378983,
    0.026105452328920364,
    0.01603374257683754,
    0.09041682630777359,
    0.10369943827390671,
    0.10831940174102783,
    0.013162937015295029,
    -0.032339002937078476,
    0.13791492581367493,
    0.09879105538129807,
    -0.007912899367511272,
    -0.05611871927976608
]