[
    -0.03458143398165703,
    -0.025332016870379448,
    0.007270294241607189,
    -0.09240689128637314,
    -0.057222504168748856,
    -0.004127870313823223,
    -0.003181018866598606,
    -0.028553055599331856,
    -0.041569944471120834,
    0.06873463094234467,
    -0.019724329933524132,
    -0.025632033124566078,
    -0.022774962708353996,
    -0.03379732742905617,
    0.02682354301214218,
    0.06842220574617386,
    0.06481842696666718,
    0.04273991659283638,
    -0.12035693228244781,
    0.0010953122982755303,
    0.041348230093717575,
    0.0650893971323967,
    -0.017614876851439476,
    -0.006505755707621574,
    -0.1321641057729721,
    -0.04659782722592354,
    -0.042015668004751205,
    -0.06857848167419434,
    0.049732308834791183,
    -0.08602707833051682,
    0.04364051669836044,
    0.0023177494294941425,
    0.07142943888902664,
    0.003886752063408494,
    -0.04134105518460274,
    -0.029158940538764,
    0.04824347048997879,
    -0.07670605927705765,
    0.026362106204032898,
    -0.026112044230103493,
    0.01625284180045128,
    0.00011478862870717421,
    -0.04931115359067917,
    -0.04223508760333061,
    -0.0051687308587133884,
    0.0013957920018583536,
    -0.008505472913384438,
    -0.04663269221782684,
    0.004046752117574215,
    0.02036973088979721,
    -0.026337191462516785,
    -0.05696608126163483,
    0.009404752403497696,
    0.06990013271570206,
    -0.03684006258845329,
    0.024916963651776314,
    0.010226457379758358,
    0.023718271404504776,
    0.00916579645127058,
    0.003278919029980898,
    -0.03329607471823692,
    -0.024806370958685875,
    -0.0804746150970459,
    0.05912512540817261,
    -0.008194733411073685,
    -0.007606456987559795,
    -0.019027819857001305,
    -0.046357665210962296,
    0.014065739698708057,
    -0.02383277751505375,
    -0.04377680644392967,
    0.0319165363907814,
    0.10066865384578705,
    -0.012804349884390831,
    -0.05100619047880173,
    0.02806900069117546,
    -0.0237239059060812,
    -0.0030921578872948885,
    0.05025621876120567,
    -0.05386030301451683,
    -0.038208287209272385,
    -0.00591628672555089,
    -0.0370267778635025,
    -0.006202096119523048,
    -0.04162176698446274,
    -0.0474274717271328,
    -0.024586353451013565,
    -0.046763528138399124,
    0.008946392685174942,
    0.03660711646080017,
    0.08912473171949387,
    -0.09074653685092926,
    0.06242171302437782,
    -0.04440602287650108,
    0.008377186954021454,
    0.023763837292790413,
    0.026097822934389114,
    0.01877249963581562,
    0.05200007185339928,
    0.019115833565592766,
    0.04620983079075813,
    0.009198925457894802,
    -0.012471207417547703,
    -0.018153207376599312,
    -0.02517092600464821,
    -0.07598180323839188,
    -0.032011259347200394,
    -0.00727131636813283,
    -0.03496735170483589,
    -0.01879570260643959,
    -0.007493108045309782,
    -0.05119924619793892,
    -0.02370043843984604,
    -0.05318440496921539,
    0.04357967525720596,
    0.03521858900785446,
    -0.003939696121960878,
    0.041565053164958954,
    0.00692507391795516,
    -0.07816306501626968,
    -0.048739537596702576,
    0.052723344415426254,
    -0.04284540191292763,
    -0.07091735303401947,
    0.02373749017715454,
    0.01873817667365074,
    -0.012686989270150661,
    1.763087977283855e-32,
    -0.03701509162783623,
    -0.05808873474597931,
    -0.10417512059211731,
    -0.04000603407621384,
    0.06437278538942337,
    -0.032770268619060516,
    -0.02416732721030712,
    -0.014588907361030579,
    -0.05232178419828415,
    0.03212902694940567,
    0.021686110645532608,
    0.03941046819090843,
    0.002504433039575815,
    -0.12331201881170273,
    -0.06200588122010231,
    -0.022867195308208466,
    -0.06185924634337425,
    0.07677599787712097,
    -0.029107779264450073,
    0.015192938968539238,
    0.018953559920191765,
    -0.014683011919260025,
    -0.01850685104727745,
    0.04156673327088356,
    0.041210830211639404,
    0.000990266096778214,
    0.06583254039287567,
    -0.04992807283997536,
    0.0016702787252143025,
    0.020899299532175064,
    0.013667374849319458,
    0.011934018693864346,
    0.0414678193628788,
    0.005247180815786123,
    0.08055008202791214,
    0.10100258141756058,
    -0.006480472162365913,
    -0.006429079920053482,
    0.06759653240442276,
    -0.12201420217752457,
    -0.02666090428829193,
    -0.0069365655072033405,
    0.042455043643713,
    -0.02944471314549446,
    -0.003745157038792968,
    -0.014780831523239613,
    -0.05651862919330597,
    -0.005061496514827013,
    0.13398441672325134,
    0.05604894459247589,
    0.03666909784078598,
    -0.027908282354474068,
    0.07963231205940247,
    -0.013607448898255825,
    0.03460419178009033,
    -0.025759099051356316,
    -0.028573554009199142,
    0.029886171221733093,
    -0.02186407893896103,
    0.05045299977064133,
    -0.005643649026751518,
    0.051592715084552765,
    -0.07135313004255295,
    0.07232339680194855,
    -0.05434238910675049,
    -0.05549752712249756,
    -0.05435283109545708,
    -0.08436808735132217,
    0.06907536089420319,
    -0.0799546092748642,
    -0.0475691519677639,
    0.06108187884092331,
    0.031898535788059235,
    0.04135404899716377,
    -0.08119025826454163,
    0.005061525385826826,
    -0.016987640410661697,
    -0.012006226927042007,
    0.0022740010172128677,
    -0.05326223745942116,
    -0.10582569241523743,
    0.025263305753469467,
    0.020993607118725777,
    0.03790299966931343,
    0.05830514058470726,
    -0.04294835031032562,
    -0.026714660227298737,
    0.02944173291325569,
    0.04063785821199417,
    -0.010736254043877125,
    0.034657303243875504,
    0.04072681814432144,
    0.0034064415376633406,
    0.061840906739234924,
    0.029640905559062958,
    -1.7789167434016465e-32,
    -0.004627763759344816,
    -0.030248600989580154,
    -0.06334349513053894,
    0.04402530565857887,
    0.06987983733415604,
    0.08361789584159851,
    -0.07527856528759003,
    -0.08762248605489731,
    0.0810694769024849,
    -0.04090393707156181,
    -0.024756502360105515,
    -0.004343545529991388,
    0.03232872858643532,
    0.006196470931172371,
    -0.053757358342409134,
    -0.10616124421358109,
    -0.005680260714143515,
    -0.036104679107666016,
    0.04129631072282791,
    0.04021361097693443,
    0.0843491479754448,
    0.040378864854574203,
    -0.048496440052986145,
    0.07144112884998322,
    -0.031685177236795425,
    -0.04866906255483627,
    -0.030746011063456535,
    -0.07284826785326004,
    0.06670372933149338,
    0.061901986598968506,
    -0.06270203739404678,
    -0.0644073337316513,
    -0.08879469335079193,
    0.0674847736954689,
    -0.035005051642656326,
    -0.16951905190944672,
    0.13382692635059357,
    -0.02071932889521122,
    -0.046617474406957626,
    0.004969672299921513,
    0.023207927122712135,
    0.09128928929567337,
    0.001527681015431881,
    -0.0351761057972908,
    0.0029345753137022257,
    -0.012410546652972698,
    0.030227284878492355,
    -0.02506360225379467,
    -0.03891546651721001,
    -0.10725400596857071,
    0.0032258997671306133,
    -0.05968765169382095,
    0.05546854808926582,
    0.02766602672636509,
    -0.0038996217772364616,
    0.07241860032081604,
    0.03539928421378136,
    -0.046742863953113556,
    -0.0062974439933896065,
    0.019216058775782585,
    0.07581327855587006,
    0.0910702496767044,
    -0.029474593698978424,
    -0.014499202370643616,
    0.03835010528564453,
    0.03916824236512184,
    -0.07572735100984573,
    -0.012550564482808113,
    -0.014712718315422535,
    -0.0352737195789814,
    0.02087504416704178,
    -0.13678252696990967,
    -0.08405902981758118,
    -0.037032563239336014,
    0.1168275997042656,
    0.03768518939614296,
    -0.02437051571905613,
    -0.0851873904466629,
    -0.09849417954683304,
    0.05266508087515831,
    0.025400573387742043,
    0.0437249094247818,
    -0.04208280146121979,
    0.07396958023309708,
    0.0023052035830914974,
    0.10580150038003922,
    0.05786700174212456,
    -0.08950451761484146,
    0.015824442729353905,
    0.07199627161026001,
    -0.032625313848257065,
    -0.012845376506447792,
    0.025950901210308075,
    0.048319172114133835,
    -0.07066147029399872,
    -4.951225207605603e-08,
    -0.042136628180742264,
    0.009860232472419739,
    -0.025112047791481018,
    -0.018292933702468872,
    -0.03808596730232239,
    -0.03275243565440178,
    -0.012031076475977898,
    0.002278774743899703,
    -0.05525943264365196,
    -0.01699814945459366,
    0.06364130973815918,
    -0.001698409323580563,
    -0.027055567130446434,
    -0.005722535774111748,
    0.06246037036180496,
    -0.005111229605972767,
    -0.026394743472337723,
    0.060755930840969086,
    -0.0688672885298729,
    0.0048737176693975925,
    0.006225309334695339,
    -0.03046329878270626,
    -0.009515332989394665,
    0.04029674828052521,
    0.03500363603234291,
    0.019001498818397522,
    0.025693273171782494,
    0.11156640946865082,
    0.0015535845886915922,
    0.09043648093938828,
    -0.022214600816369057,
    0.08308353275060654,
    -0.011434048414230347,
    -0.1033538207411766,
    -0.014858376234769821,
    -0.025032924488186836,
    -0.02750999853014946,
    0.023380490019917488,
    0.07271809130907059,
    0.05175529047846794,
    -0.07130401581525803,
    0.0090649938210845,
    0.08139825612306595,
    0.04489435628056526,
    0.028211040422320366,
    0.018132975324988365,
    -0.048940397799015045,
    0.044009819626808167,
    0.03025294467806816,
    -0.06374916434288025,
    -0.0018033337546512485,
    -0.0491657517850399,
    0.046180881559848785,
    -0.03913985565304756,
    0.010802228935062885,
    0.07585028558969498,
    0.08575182408094406,
    -0.004471421707421541,
    -0.0787435993552208,
    -0.05218144506216049,
    0.14864253997802734,
    0.09214963018894196,
    0.06476633250713348,
    0.02140824869275093
]