[
    -0.0037425151094794273,
    0.021999789401888847,
    -0.031843338161706924,
    -0.0508079007267952,
    -0.02557140216231346,
    0.05122491717338562,
    -0.09577003866434097,
    -0.05190862715244293,
    -0.0706493929028511,
    0.012657995335757732,
    -0.0099292928352952,
    -0.0019468831596896052,
    0.017944999039173126,
    -0.03262758255004883,
    0.07510814815759659,
    -0.022786442190408707,
    0.050190284848213196,
    0.027870550751686096,
    -0.07551107555627823,
    0.10147316753864288,
    0.09200786799192429,
    0.06785982847213745,
    -0.0841079130768776,
    0.006544606294482946,
    -0.12219898402690887,
    0.036724723875522614,
    -0.05727256089448929,
    -0.07857672870159149,
    0.008566517382860184,
    -0.03869757056236267,
    0.011711648665368557,
    -0.012080546468496323,
    -0.0018793769413605332,
    0.031540822237730026,
    -0.022564783692359924,
    0.0027375153731554747,
    0.02166249416768551,
    0.019769735634326935,
    0.017819073051214218,
    0.011847814545035362,
    -0.07212363183498383,
    -0.009339873678982258,
    -0.021153634414076805,
    -0.012775895185768604,
    0.007394727319478989,
    0.01580202952027321,
    -0.05514022335410118,
    -0.03777915611863136,
    0.010489127598702908,
    -0.01760944165289402,
    -0.09356746077537537,
    -0.009706697426736355,
    -0.006366211920976639,
    0.0767393708229065,
    0.014769207686185837,
    -0.03282855823636055,
    -0.0010675675002858043,
    0.04915288835763931,
    -0.09113246947526932,
    0.009701846167445183,
    -0.01403758954256773,
    -0.017054405063390732,
    -0.02532804198563099,
    0.05692888796329498,
    0.038714341819286346,
    0.06617565453052521,
    -0.028575915843248367,
    -0.0369444340467453,
    -0.009265835396945477,
    0.00263317977078259,
    -0.0824124664068222,
    0.008633577264845371,
    -0.0029450561851263046,
    0.0445207878947258,
    0.012485022656619549,
    0.042651668190956116,
    -0.018888667225837708,
    0.06325393915176392,
    0.056733693927526474,
    -0.1278047263622284,
    -0.05215991660952568,
    0.010607059113681316,
    0.0608382523059845,
    0.04294344782829285,
    -0.03738250583410263,
    -0.01080656610429287,
    -0.031811174005270004,
    -0.03481200709939003,
    -0.009886829182505608,
    -0.04553654044866562,
    0.027746066451072693,
    -0.09323570132255554,
    0.09993612766265869,
    -0.05135749280452728,
    0.06017972156405449,
    0.038322631269693375,
    0.0008194235269911587,
    -0.08408279716968536,
    0.04122452810406685,
    -0.024850299581885338,
    0.034969229251146317,
    -0.04787431284785271,
    0.012228869833052158,
    0.0168604739010334,
    -0.002795957261696458,
    -0.04831850156188011,
    -0.009484035894274712,
    -0.02544085495173931,
    -0.02889256179332733,
    0.05339565873146057,
    0.08217739313840866,
    0.02054479904472828,
    0.0006545069627463818,
    -0.09434157609939575,
    0.048065826296806335,
    0.005488786846399307,
    0.017200052738189697,
    0.0210984256118536,
    0.05363026633858681,
    -0.06271763890981674,
    -0.048647280782461166,
    -0.05025200918316841,
    -0.031747832894325256,
    -0.07637444138526917,
    0.028563974425196648,
    0.012026866897940636,
    -0.054722048342227936,
    1.690007052682852e-32,
    -0.034836798906326294,
    -0.05822065845131874,
    -0.05119236558675766,
    0.04470290616154671,
    0.023675108328461647,
    -0.010566472075879574,
    0.014649400487542152,
    -0.05628824606537819,
    -0.048440463840961456,
    0.06442853063344955,
    0.011404639109969139,
    0.0835145115852356,
    -0.013355504721403122,
    -0.017116734758019447,
    -0.05910723656415939,
    -0.03756227716803551,
    -0.013055065646767616,
    0.07760687172412872,
    -0.00589158246293664,
    0.02728894352912903,
    0.032628707587718964,
    -0.052678804844617844,
    -0.01003329548984766,
    0.00647688889876008,
    0.010133759118616581,
    0.042855918407440186,
    0.015436340123414993,
    0.0026628044433891773,
    -0.048981714993715286,
    0.0031302396673709154,
    0.02143295481801033,
    0.030501393601298332,
    0.06555724889039993,
    -0.010590911842882633,
    -0.006760443095117807,
    0.11943172663450241,
    0.058627013117074966,
    -0.048536285758018494,
    0.00730396481230855,
    -0.1070527583360672,
    -0.009622673504054546,
    0.033689312636852264,
    0.00976883340626955,
    0.048413682729005814,
    0.07417996227741241,
    -0.033262286335229874,
    -0.03244304656982422,
    0.007806960493326187,
    0.02683473937213421,
    0.03726259991526604,
    -0.023411866277456284,
    0.006467999424785376,
    0.027690481394529343,
    -0.07541150599718094,
    0.003814045572653413,
    -0.03948932886123657,
    -0.05584041029214859,
    0.033157143741846085,
    -0.04755713418126106,
    0.10078185796737671,
    -0.035072147846221924,
    0.023952221497893333,
    -0.03417762368917465,
    0.03556210920214653,
    0.021919498220086098,
    -0.03534340113401413,
    -0.022213207557797432,
    -0.019855313003063202,
    0.061798203736543655,
    0.03436563163995743,
    -0.06802041083574295,
    0.029495298862457275,
    -0.014839284121990204,
    0.03145143389701843,
    -0.005717980209738016,
    0.007021615281701088,
    0.016170881688594818,
    -0.04732729494571686,
    0.05418404936790466,
    -0.037156470119953156,
    -0.10943403840065002,
    0.022264663130044937,
    0.02433275431394577,
    0.08052121847867966,
    -0.046597838401794434,
    -0.019859779626131058,
    0.00275869807228446,
    0.03901829198002815,
    -0.054594919085502625,
    -0.04750386252999306,
    -0.03598960116505623,
    0.03808458521962166,
    0.09991589188575745,
    0.0764555037021637,
    0.018051395192742348,
    -1.8111800960382842e-32,
    0.0508478507399559,
    -0.05228627845644951,
    -0.031021805480122566,
    0.0023215431720018387,
    0.06557934731245041,
    0.022426053881645203,
    -0.04068475589156151,
    -0.14357014000415802,
    0.05751872807741165,
    -0.02630332112312317,
    0.03618818148970604,
    -0.0435192696750164,
    0.005087327677756548,
    0.013866836205124855,
    -0.06801457703113556,
    0.003133800346404314,
    -0.08318708837032318,
    -0.06127243861556053,
    0.0005975106614641845,
    0.09255500137805939,
    -0.015134147368371487,
    0.02814493142068386,
    -0.03745784983038902,
    0.12262692302465439,
    -0.02859545685350895,
    0.02851126343011856,
    -0.04586281254887581,
    -0.07814537733793259,
    0.05878390744328499,
    -0.05637502670288086,
    -0.03905116766691208,
    -0.11476808786392212,
    0.010237718932330608,
    0.06605181843042374,
    -0.09763450920581818,
    -0.14108321070671082,
    0.048992544412612915,
    -0.10924410820007324,
    -0.031236346811056137,
    -0.03827163204550743,
    0.050937313586473465,
    0.04833217337727547,
    -0.037878911942243576,
    0.03407195955514908,
    -0.013014202006161213,
    -0.022694287821650505,
    0.02818942442536354,
    -0.017810216173529625,
    -0.03407837450504303,
    -0.038099803030490875,
    -0.011420248076319695,
    -0.0641409382224083,
    -0.027364620938897133,
    -0.003930787090212107,
    -0.04655008763074875,
    0.020685188472270966,
    0.04303716868162155,
    -0.010318106040358543,
    -0.05324655771255493,
    0.05156126618385315,
    0.08874717354774475,
    0.0622638501226902,
    -0.046735767275094986,
    0.050324998795986176,
    0.060952331870794296,
    -0.04432347044348717,
    -0.053142812103033066,
    -0.07470336556434631,
    0.015196261927485466,
    -0.01358699332922697,
    -0.0627301037311554,
    -0.08476552367210388,
    -0.05938257277011871,
    -0.04412167891860008,
    0.09101501107215881,
    -0.041062261909246445,
    0.028382977470755577,
    -0.059104468673467636,
    -0.08876460045576096,
    0.0236482173204422,
    0.03778291121125221,
    0.018091896548867226,
    -0.07717383652925491,
    0.06622613221406937,
    -0.06387871503829956,
    0.15304358303546906,
    0.03509283438324928,
    -0.039086032658815384,
    0.06629441678524017,
    0.09831145405769348,
    -0.12449904531240463,
    -0.004498863127082586,
    -0.019133271649479866,
    0.011920959688723087,
    -0.05217667669057846,
    -5.178670647865147e-08,
    -0.007091070059686899,
    0.11109437793493271,
    -0.033214062452316284,
    -0.007154947146773338,
    -0.07957713305950165,
    -0.021410658955574036,
    -0.017491323873400688,
    -0.0267267357558012,
    -0.054045118391513824,
    -0.06423678249120712,
    0.018650727346539497,
    0.10689476877450943,
    -0.014158809557557106,
    -0.014490330591797829,
    0.045719824731349945,
    -0.06383109092712402,
    -0.07334819436073303,
    0.010425951331853867,
    -0.06553936749696732,
    0.053799793124198914,
    -0.06036835163831711,
    -0.06197588890790939,
    -0.04448987543582916,
    0.008546311408281326,
    0.04739430174231529,
    0.0034685132559388876,
    -0.008940760977566242,
    0.07834398746490479,
    0.07472093403339386,
    0.09107629209756851,
    -0.00361318769864738,
    0.01045951060950756,
    -0.01565835252404213,
    -0.02502557262778282,
    -0.024069292470812798,
    -0.060792550444602966,
    -0.014157901518046856,
    0.030551698058843613,
    0.08205144107341766,
    -0.014923316426575184,
    0.004625645000487566,
    0.06730619817972183,
    0.015387527644634247,
    0.07625243812799454,
    -0.024992583319544792,
    -0.017979057505726814,
    -0.019995689392089844,
    0.026913784444332123,
    0.058917850255966187,
    -0.102028988301754,
    -0.06163332611322403,
    -0.037128958851099014,
    0.045060914009809494,
    -0.010474839247763157,
    -0.026043200865387917,
    0.09645906835794449,
    0.0065240515395998955,
    0.04552881419658661,
    -0.020886119455099106,
    -0.04336607828736305,
    0.13595207035541534,
    0.04291117191314697,
    0.05147496238350868,
    -0.005274991039186716
]