[
    -0.029769020155072212,
    0.013002785854041576,
    -0.028047939762473106,
    -0.03179796412587166,
    -0.058784179389476776,
    0.02244573086500168,
    -0.03444645181298256,
    0.001240086043253541,
    -0.02854178473353386,
    0.018016783520579338,
    0.0016861992189660668,
    -0.046734459698200226,
    0.02579640969634056,
    -0.011448508128523827,
    0.06687956303358078,
    0.010213058441877365,
    0.02404111810028553,
    0.011805472895503044,
    -0.07905483990907669,
    0.07797335088253021,
    0.04090088605880737,
    0.04413843899965286,
    -0.03564968332648277,
    -0.03894420340657234,
    -0.10932949930429459,
    -0.01745375618338585,
    -0.06206666678190231,
    -0.052301302552223206,
    0.014940324239432812,
    -0.09315107762813568,
    0.06418181955814362,
    0.03248307481408119,
    0.05411973595619202,
    0.06973709166049957,
    0.051228538155555725,
    0.00677474495023489,
    0.019708301872015,
    0.0017626627814024687,
    0.02440546080470085,
    -0.028275134041905403,
    -0.05887195095419884,
    -0.03216451779007912,
    -0.04876701533794403,
    0.022411130368709564,
    -0.025087369605898857,
    0.004379967227578163,
    -0.03801760450005531,
    0.0035289786756038666,
    -0.042826030403375626,
    0.024082405492663383,
    -0.10635782033205032,
    -0.04888146370649338,
    -0.02532636933028698,
    0.06199808418750763,
    -0.039194364100694656,
    -0.05493294447660446,
    -0.005209505092352629,
    0.05857861414551735,
    -0.06446319818496704,
    -0.051562994718551636,
    -0.019830996170639992,
    0.032858289778232574,
    -0.033188242465257645,
    0.02727796509861946,
    -0.00755867687985301,
    0.049954336136579514,
    0.002496437169611454,
    -0.004368714056909084,
    0.015649789944291115,
    0.024062568321824074,
    -0.05126594379544258,
    0.0371771864593029,
    -0.03204544633626938,
    0.033306729048490524,
    -0.06225557625293732,
    -0.00882554892450571,
    -0.03687632828950882,
    0.07084217667579651,
    0.01476994063705206,
    -0.07451159507036209,
    -0.04509589821100235,
    0.03561406955122948,
    -0.03404152765870094,
    0.006962660234421492,
    -0.06818363070487976,
    -0.0415884368121624,
    0.0038430062122642994,
    0.03319336101412773,
    -0.004803722258657217,
    -0.0009586007217876613,
    0.08198832720518112,
    -0.05760837346315384,
    0.061838481575250626,
    -0.077060766518116,
    0.04065093398094177,
    -0.026314329355955124,
    0.06250203400850296,
    -0.005178771447390318,
    0.10037928074598312,
    0.0037260090466588736,
    0.01303421426564455,
    -0.020740991458296776,
    -0.019653651863336563,
    -0.05549678951501846,
    -0.028323549777269363,
    -0.025376753881573677,
    0.006628361996263266,
    -0.0244454275816679,
    -0.027531934902071953,
    0.018457090482115746,
    0.02700054831802845,
    -0.011219858191907406,
    -0.10638505220413208,
    -0.11872401088476181,
    0.04654470086097717,
    0.0153187345713377,
    -0.01916094869375229,
    0.0960882157087326,
    0.008570334874093533,
    -0.04910269379615784,
    -0.044577986001968384,
    -0.009606447070837021,
    -0.057656072080135345,
    -0.08700955659151077,
    -0.003985520917922258,
    -0.008764899335801601,
    -0.018121125176548958,
    1.6651102292692297e-32,
    -0.046149224042892456,
    0.016048403456807137,
    -0.1365247666835785,
    0.07461994886398315,
    0.05843689665198326,
    -0.018180692568421364,
    0.04935549944639206,
    0.014658226631581783,
    -0.08592218905687332,
    0.04092680290341377,
    0.0006252870080061257,
    -0.010876401327550411,
    0.010193261317908764,
    -0.03405449539422989,
    -0.05529949441552162,
    -0.020022127777338028,
    -0.043598540127277374,
    0.03722819313406944,
    -0.03422906622290611,
    -0.010742180980741978,
    0.04242578521370888,
    -0.052936021238565445,
    0.03226807340979576,
    0.029257899150252342,
    0.018049197271466255,
    0.031971849501132965,
    0.06069496273994446,
    -0.018582681193947792,
    -0.03319064527750015,
    -0.009865810163319111,
    0.05973896384239197,
    -0.020420724526047707,
    0.05096329748630524,
    -0.0013839076273143291,
    0.060085441917181015,
    0.12133868038654327,
    -0.0206537377089262,
    -0.06760501116514206,
    0.08771426230669022,
    -0.047661758959293365,
    -0.0449233241379261,
    0.016629215329885483,
    0.023466942831873894,
    0.00456612603738904,
    -0.0008390038856305182,
    -0.009709561243653297,
    -0.004077837336808443,
    0.0004472288128454238,
    0.045356784015893936,
    0.04693571850657463,
    0.002776498207822442,
    -0.05157819390296936,
    0.05354001373052597,
    -0.023732436820864677,
    0.03372671455144882,
    -0.002592435572296381,
    -0.06934159994125366,
    0.015419794246554375,
    -0.06961550563573837,
    0.02536137029528618,
    -0.047179535031318665,
    -0.023116158321499825,
    -0.0713459700345993,
    0.05782622843980789,
    -0.019171906635165215,
    -0.08492664247751236,
    -0.02867550030350685,
    -0.025815585628151894,
    0.11296965926885605,
    -0.060441646724939346,
    -0.03842700645327568,
    0.022384949028491974,
    -0.004089148715138435,
    0.0152507359161973,
    0.0035362334456294775,
    -0.021013863384723663,
    0.046851951628923416,
    -0.08446403592824936,
    0.008752897381782532,
    0.015074302442371845,
    -0.10778022557497025,
    0.0007333155372180045,
    0.023305807262659073,
    0.03444276750087738,
    0.06347855925559998,
    -0.032541945576667786,
    0.02782893180847168,
    0.015065694227814674,
    -0.09708855301141739,
    -0.023523420095443726,
    0.0499933660030365,
    -0.016498545184731483,
    -0.048358142375946045,
    0.0436137355864048,
    0.04969286546111107,
    -1.6855539862083494e-32,
    0.0364590622484684,
    -0.0753990113735199,
    -0.056253112852573395,
    0.056685250252485275,
    0.030801575630903244,
    0.032542306929826736,
    -0.02965962514281273,
    -0.1079796552658081,
    0.08146706968545914,
    -0.016914203763008118,
    -0.0416579432785511,
    -0.03098464570939541,
    0.010211453773081303,
    -0.01871454529464245,
    -0.07384945452213287,
    -0.04875143989920616,
    -0.07277238368988037,
    0.014553967863321304,
    0.051406677812337875,
    0.05344155803322792,
    0.005089006386697292,
    0.0009072697721421719,
    0.010427207686007023,
    0.11431056261062622,
    0.036311663687229156,
    -0.005127971060574055,
    -0.04333661496639252,
    -0.037275347858667374,
    0.07865478843450546,
    0.07294896245002747,
    0.020866775885224342,
    -0.09464088082313538,
    -0.06758561730384827,
    0.030402248725295067,
    -0.07609760761260986,
    -0.15441857278347015,
    0.12006716430187225,
    -0.00903426855802536,
    -0.012683642096817493,
    0.0315101183950901,
    0.04337412118911743,
    0.10456393659114838,
    0.04243528097867966,
    0.03761090710759163,
    -0.05218898132443428,
    -0.06495025008916855,
    0.05160127207636833,
    0.006519861984997988,
    -0.033001791685819626,
    -0.0392819344997406,
    0.033329982310533524,
    -0.048092134296894073,
    -0.013257735408842564,
    -0.0038450995925813913,
    -0.002869402291253209,
    0.05576781556010246,
    -0.011971021071076393,
    -0.017283970490098,
    -0.04283323884010315,
    0.04097810760140419,
    0.06217103824019432,
    0.09631022065877914,
    0.007600934244692326,
    0.010104748420417309,
    0.08932863175868988,
    -0.09143707901239395,
    -0.08272818475961685,
    -0.052478332072496414,
    -0.027093002572655678,
    -0.020146925002336502,
    -0.04060548543930054,
    -0.1378701627254486,
    -0.06436942517757416,
    -0.018820662051439285,
    0.09058639407157898,
    -0.0150571558624506,
    -0.004659499507397413,
    -0.04914611205458641,
    -0.07317771017551422,
    0.0033747500274330378,
    0.0518353134393692,
    0.048742733895778656,
    -0.07678065448999405,
    0.09001041948795319,
    0.033324409276247025,
    0.07837750762701035,
    0.051099225878715515,
    0.023259781301021576,
    0.05901055410504341,
    0.09893610328435898,
    -0.012777977623045444,
    0.011002239771187305,
    0.01951875537633896,
    0.056538328528404236,
    -0.08475998044013977,
    -5.071164821401908e-08,
    -0.06901891529560089,
    0.03739069402217865,
    -0.0345948226749897,
    -0.03754851967096329,
    -0.02341512404382229,
    0.014759643003344536,
    0.029294196516275406,
    0.024136150255799294,
    -0.07203608006238937,
    -0.09282529354095459,
    0.09498349577188492,
    -0.0017559976549819112,
    -0.07209083437919617,
    -0.026714365929365158,
    0.03821461647748947,
    -0.04466211795806885,
    -0.021366292610764503,
    0.00457626860588789,
    -0.09339757263660431,
    0.048701900988817215,
    -0.04284483194351196,
    -0.08991556614637375,
    -0.07512916624546051,
    0.04424513876438141,
    0.02693791501224041,
    -0.03358843922615051,
    0.0036309235729277134,
    0.10937705636024475,
    0.004357887431979179,
    -0.003491853829473257,
    -0.02087934873998165,
    0.021128783002495766,
    0.0522509403526783,
    -0.05867945775389671,
    -0.05222838744521141,
    0.009790158830583096,
    0.004476967733353376,
    0.007923823781311512,
    0.05001932382583618,
    0.027477212250232697,
    -0.03749873489141464,
    0.06184583902359009,
    0.04025411233305931,
    0.0328412763774395,
    -8.739970508031547e-05,
    0.005428960546851158,
    -0.08829338103532791,
    0.04445492848753929,
    -0.008455904200673103,
    -0.08032902330160141,
    -0.014783080667257309,
    -0.0660400390625,
    0.033506494015455246,
    0.026489440351724625,
    -0.03086450695991516,
    0.08615168929100037,
    0.07198820263147354,
    0.11047708243131638,
    0.08553583920001984,
    -0.06132993847131729,
    0.13115863502025604,
    0.09384062886238098,
    0.06323220580816269,
    -0.010766670107841492
]