[
    -0.02295065112411976,
    0.033025264739990234,
    0.006648885551840067,
    -0.03380390629172325,
    -0.03249127045273781,
    0.03644512966275215,
    -0.04606061801314354,
    -0.024319441989064217,
    -0.02235080674290657,
    -0.0010747377527877688,
    -0.0032304497435688972,
    -0.08226433396339417,
    -0.0091863377019763,
    0.011890733614563942,
    0.04622598737478256,
    0.04337777942419052,
    0.07220815867185593,
    0.028656823560595512,
    -0.06442118436098099,
    0.02600722946226597,
    0.0586552768945694,
    0.050320304930210114,
    -0.00831044465303421,
    -0.03666187450289726,
    -0.11070749163627625,
    -0.048510998487472534,
    -0.036084551364183426,
    -0.03894636407494545,
    0.05157468840479851,
    -0.04679003730416298,
    0.07443341612815857,
    0.04358777031302452,
    0.08041871339082718,
    0.0703299343585968,
    -0.0016069690464064479,
    0.0017844330286607146,
    0.024633554741740227,
    -0.061427097767591476,
    -0.007639180403202772,
    -0.016095684841275215,
    -0.07124172896146774,
    -0.040260136127471924,
    -0.03559388592839241,
    -0.018745753914117813,
    -0.03515421971678734,
    -0.009223628789186478,
    0.006602323614060879,
    -0.012310570105910301,
    -0.06006094813346863,
    0.0008400109363719821,
    -0.08145254850387573,
    -0.013013685122132301,
    -0.003699938068166375,
    0.06041477248072624,
    -0.04704295098781586,
    -0.0029003131203353405,
    0.0026671153027564287,
    0.055430684238672256,
    -0.018769027665257454,
    -0.023606449365615845,
    -0.019182151183485985,
    -0.04722731187939644,
    -0.08718188852071762,
    0.055829379707574844,
    -0.007474557496607304,
    0.06065618246793747,
    -0.05479789525270462,
    -0.020888011902570724,
    0.04411585256457329,
    0.06057378649711609,
    -0.04063895344734192,
    0.046542998403310776,
    -0.04183240234851837,
    0.0054297056049108505,
    -0.023990394547581673,
    0.029455792158842087,
    -0.018342912197113037,
    0.03390234708786011,
    0.06721062958240509,
    -0.09919586777687073,
    -0.07982847839593887,
    0.008617162704467773,
    -0.0671120211482048,
    0.014917869120836258,
    -0.012039955705404282,
    -0.087415911257267,
    -0.022400405257940292,
    0.01839950494468212,
    0.021227262914180756,
    0.02565591223537922,
    0.08008188009262085,
    -0.07905299216508865,
    0.03200139105319977,
    -0.034182630479335785,
    0.06802896410226822,
    -0.02361414209008217,
    0.04231251776218414,
    -0.03984147310256958,
    0.0727737620472908,
    0.017710762098431587,
    0.02071734145283699,
    -0.009725218638777733,
    -0.07603099197149277,
    -0.07374853640794754,
    -0.022836051881313324,
    -0.06402906775474548,
    -0.03706768527626991,
    -0.02634252794086933,
    -0.03446226194500923,
    0.01609829254448414,
    0.03678716719150543,
    -0.04392961412668228,
    -0.01482423022389412,
    -0.07786434143781662,
    0.0442267581820488,
    0.035338204354047775,
    -0.02751298062503338,
    0.08034248650074005,
    -0.009881348349153996,
    -0.027300121262669563,
    -0.018458498641848564,
    0.04373637214303017,
    -0.07247379422187805,
    -0.11180062592029572,
    0.03295120596885681,
    -0.025237293913960457,
    -0.0338965579867363,
    1.993627986482236e-32,
    -0.009955614805221558,
    -0.017298413440585136,
    -0.12086925655603409,
    0.004317568149417639,
    0.04504073038697243,
    -0.047311291098594666,
    0.006155680399388075,
    0.0018579598981887102,
    -0.04892485588788986,
    0.019723160192370415,
    0.037239573895931244,
    0.0229902695864439,
    0.001318279537372291,
    -0.08528819680213928,
    -0.07637320458889008,
    -0.001748236478306353,
    -0.030751653015613556,
    0.10203955322504044,
    -0.05297479405999184,
    0.03191864490509033,
    0.06697698682546616,
    -0.08110865950584412,
    0.037875182926654816,
    0.024414388462901115,
    0.03862498700618744,
    -0.054140470921993256,
    0.034461334347724915,
    -0.015179771929979324,
    -0.018121585249900818,
    0.00036363425897434354,
    0.04116464778780937,
    -0.005003842059522867,
    0.01889858767390251,
    -0.007333572022616863,
    0.07736492902040482,
    0.12170785665512085,
    0.04758037254214287,
    -0.03683670982718468,
    0.07161296904087067,
    -0.06399744004011154,
    -0.07177415490150452,
    -0.006660141982138157,
    -0.003445672569796443,
    -0.008874642662703991,
    0.022311357781291008,
    -0.0563436783850193,
    -0.02097056247293949,
    -0.04187091067433357,
    0.05691242218017578,
    0.09518657624721527,
    0.014852763153612614,
    -0.02028251253068447,
    0.07554440200328827,
    -0.05341879650950432,
    0.023210817947983742,
    -0.011770895682275295,
    -0.10455173999071121,
    0.05209246277809143,
    -0.06585091352462769,
    0.03280105069279671,
    0.03885874152183533,
    0.01819293200969696,
    -0.051516007632017136,
    0.022973868995904922,
    -0.011696651577949524,
    -0.0550360307097435,
    -0.04772493988275528,
    -0.013353644870221615,
    0.08471168577671051,
    -0.07745613157749176,
    -0.02142726257443428,
    0.0326136089861393,
    -0.019714772701263428,
    0.016717037186026573,
    -0.029444972053170204,
    -0.03275557607412338,
    0.05523715168237686,
    -0.003518614685162902,
    0.06850887835025787,
    -0.04229450598359108,
    -0.06335855275392532,
    -0.010993804782629013,
    -0.002718841191381216,
    0.06533557176589966,
    0.0727555975317955,
    -0.020032264292240143,
    0.046409737318754196,
    -0.03321295976638794,
    -0.03271753713488579,
    -0.03818720951676369,
    0.03624098375439644,
    -0.0025409930385649204,
    -0.07320887595415115,
    0.02939203754067421,
    0.06291967630386353,
    -1.8558663668479996e-32,
    0.017074305564165115,
    -0.04970540478825569,
    -0.06908343732357025,
    0.044966183602809906,
    0.09110784530639648,
    0.0606842041015625,
    -0.05403520166873932,
    -0.07478565722703934,
    0.1021798700094223,
    0.03272910416126251,
    -0.03376002237200737,
    -0.06941510736942291,
    0.020367302000522614,
    -0.03191409632563591,
    -0.10003528743982315,
    -0.05694232136011124,
    -0.009898833930492401,
    -0.018416786566376686,
    0.0656295195221901,
    0.09986744076013565,
    0.05982039496302605,
    0.027801305055618286,
    -0.021351272240281105,
    0.043846406042575836,
    -0.02080145664513111,
    -0.009384437464177608,
    -0.03505141660571098,
    -0.05143463611602783,
    0.03273047134280205,
    0.02110801450908184,
    -0.03864448517560959,
    -0.09616469591856003,
    -0.10390813648700714,
    0.012203664518892765,
    -0.0037103635258972645,
    -0.12782779335975647,
    0.11549101024866104,
    -0.048321716487407684,
    -0.030223527923226357,
    0.04017369821667671,
    0.042029593139886856,
    0.07032793760299683,
    0.004947492387145758,
    -0.01816667430102825,
    -0.008371771313250065,
    -0.0242311954498291,
    0.05663342773914337,
    -0.0198128130286932,
    0.020465146750211716,
    -0.0956350564956665,
    0.032843898981809616,
    -0.010799003764986992,
    0.034989528357982635,
    0.059694334864616394,
    -0.0234927237033844,
    0.024366924539208412,
    0.030720336362719536,
    -0.04722050949931145,
    -0.0343874953687191,
    0.038720037788152695,
    0.03499854728579521,
    0.0900057926774025,
    0.0035456917248666286,
    -0.050058767199516296,
    0.1005517765879631,
    -0.037219103425741196,
    -0.04839695990085602,
    -0.06081043928861618,
    -0.02595200203359127,
    -0.03533592447638512,
    0.008599604479968548,
    -0.08640672266483307,
    -0.025659440085291862,
    -0.053713519126176834,
    0.12139897793531418,
    0.01496072206646204,
    -0.041558679193258286,
    -0.06407969444990158,
    -0.10149191319942474,
    0.019182978197932243,
    0.01862701214849949,
    0.0682501420378685,
    -0.06898782402276993,
    0.08788129687309265,
    -0.00716808345168829,
    0.08081012964248657,
    0.049978893250226974,
    -0.0024358562659472227,
    0.08271264284849167,
    0.11191587150096893,
    0.046103585511446,
    0.0031590512953698635,
    0.04080215469002724,
    0.08403945714235306,
    -0.09094657003879547,
    -5.412750070377115e-08,
    -0.03090517781674862,
    0.02587912417948246,
    -0.005723516922444105,
    -0.034240417182445526,
    -0.0029783553909510374,
    0.04878139868378639,
    0.032696228474378586,
    -0.035027023404836655,
    -0.04509323835372925,
    -0.10645613819360733,
    0.07195671647787094,
    0.002865755930542946,
    -0.004190470091998577,
    -0.03759102523326874,
    0.015312312170863152,
    -0.022943323478102684,
    -0.02740189991891384,
    -0.010273538529872894,
    -0.09224360436201096,
    -0.016629870980978012,
    0.000737457477953285,
    -0.06217468902468681,
    -0.05470652878284454,
    0.03706178441643715,
    0.020776575431227684,
    -0.015142509713768959,
    0.009836352430284023,
    0.066614530980587,
    -0.017462337389588356,
    0.013597426936030388,
    -0.04321727529168129,
    0.058672741055488586,
    -0.012054105289280415,
    -0.11052597314119339,
    -0.044683992862701416,
    -0.014279073104262352,
    -0.027160977944731712,
    0.011559966020286083,
    0.06803998351097107,
    0.034387532621622086,
    -0.04951677471399307,
    0.07229132950305939,
    0.04057938605546951,
    0.0734027624130249,
    0.05030231550335884,
    0.0052256532944738865,
    -0.08633510768413544,
    0.02003207616508007,
    -0.024470996111631393,
    -0.07654339075088501,
    -0.006788815371692181,
    -0.08802886307239532,
    0.03703449293971062,
    -0.004664063453674316,
    0.01108322013169527,
    0.1257319301366806,
    0.08898446708917618,
    0.0315258651971817,
    -0.028819391503930092,
    -0.048459671437740326,
    0.1239263117313385,
    0.11409760266542435,
    0.03073260746896267,
    0.012060661800205708
]