[
    0.005924491211771965,
    -0.015648510307073593,
    -0.033322565257549286,
    -0.09553397446870804,
    -0.03853345662355423,
    0.06177139654755592,
    -0.07296784222126007,
    0.0030812157783657312,
    -0.06653689593076706,
    0.03047749772667885,
    0.013620599173009396,
    -0.0380149781703949,
    -0.00699068745598197,
    0.012575089000165462,
    0.06215917319059372,
    -0.0075534638017416,
    0.06903008371591568,
    0.0338420532643795,
    -0.06017732992768288,
    0.010279112495481968,
    0.04472330957651138,
    0.002947017550468445,
    -0.06078629195690155,
    0.009760793298482895,
    -0.14191719889640808,
    -0.015410473570227623,
    -0.024366723373532295,
    -0.029925663024187088,
    0.04257378727197647,
    -0.05460546910762787,
    -0.022377390414476395,
    0.024327591061592102,
    0.05755070969462395,
    0.04977793246507645,
    0.029479622840881348,
    0.005125049967318773,
    0.03421556204557419,
    -0.012337964028120041,
    0.034214287996292114,
    -0.011631795205175877,
    -0.0711098238825798,
    -0.035007841885089874,
    -0.045576922595500946,
    -0.03522806242108345,
    0.01065125036984682,
    0.021396463736891747,
    -0.02722569927573204,
    -0.05683726817369461,
    -0.040033046156167984,
    -0.00601586839184165,
    -0.02419128641486168,
    -0.02778066135942936,
    -0.012684063985943794,
    -0.008421748876571655,
    -0.005068337079137564,
    -0.03343038260936737,
    -0.038391657173633575,
    0.018392015248537064,
    -0.014437020756304264,
    -0.027116823941469193,
    0.07246730476617813,
    0.021487073972821236,
    -0.07280544191598892,
    0.09062503278255463,
    -0.027956116944551468,
    0.021289613097906113,
    -0.04523330181837082,
    -0.022085878998041153,
    0.015190261416137218,
    -0.053009841591119766,
    -0.11805089563131332,
    -0.020934876054525375,
    -0.03785098344087601,
    0.03011096641421318,
    -0.04036035016179085,
    0.009107743389904499,
    -0.01029263436794281,
    0.04565107449889183,
    0.09326981008052826,
    -0.15182869136333466,
    -0.054590076208114624,
    0.0441792756319046,
    0.026546800509095192,
    0.048153337091207504,
    -0.07234153896570206,
    -0.04655603691935539,
    -0.02206784300506115,
    0.010366231203079224,
    0.008446780033409595,
    -0.0020799182821065187,
    0.08298708498477936,
    -0.03971631079912186,
    0.1301485300064087,
    -0.0215007234364748,
    0.03028707392513752,
    0.00028133083833381534,
    -0.007455532904714346,
    -0.013873403891921043,
    0.04573923349380493,
    -0.011996827088296413,
    0.006753931287676096,
    0.01591302827000618,
    -0.08676714450120926,
    0.010402508080005646,
    -0.06975774466991425,
    -0.05170058831572533,
    0.02058389224112034,
    -0.01005439180880785,
    0.06228986009955406,
    0.02864750660955906,
    -0.038195643573999405,
    0.04910563305020332,
    -0.05427108705043793,
    -0.1474771350622177,
    0.022221853956580162,
    -0.03672925382852554,
    -0.05960962548851967,
    0.04267773777246475,
    -0.001278178533539176,
    -0.004222354851663113,
    0.006364540662616491,
    -0.03485902026295662,
    -0.04496784880757332,
    -0.11059918999671936,
    0.059157539159059525,
    0.0535397082567215,
    0.00591104943305254,
    1.49946441426555e-32,
    0.002023776061832905,
    -0.005634654313325882,
    -0.08844853937625885,
    0.06268806755542755,
    0.06234196200966835,
    -0.025146441534161568,
    0.03979722037911415,
    0.009925177320837975,
    -0.07985711842775345,
    0.03622991964221001,
    0.021392786875367165,
    0.04035324975848198,
    -0.09696207195520401,
    -0.05466845631599426,
    0.006204487755894661,
    -0.02095256932079792,
    0.020028898492455482,
    0.0866379588842392,
    0.037492651492357254,
    0.053610097616910934,
    -0.0018004844896495342,
    -0.03561278432607651,
    0.02699878253042698,
    0.017177408561110497,
    0.06000823527574539,
    -0.03406959027051926,
    -0.01770678348839283,
    0.03258217126131058,
    0.02840510569512844,
    0.040477149188518524,
    0.09396467357873917,
    -0.013682510703802109,
    0.007459992542862892,
    -0.036467209458351135,
    0.009344245307147503,
    0.08977124840021133,
    0.02816997654736042,
    -0.0672031044960022,
    0.07874795794487,
    -0.0702076107263565,
    -0.05169755220413208,
    -0.025239374488592148,
    0.0063641308806836605,
    0.012228542938828468,
    0.07033175975084305,
    -0.02929753065109253,
    0.034656595438718796,
    -0.016802644357085228,
    0.05544724315404892,
    0.07461097836494446,
    -0.06343940645456314,
    0.005697719752788544,
    0.03136801719665527,
    -0.06058528646826744,
    0.010081375949084759,
    -0.03859328478574753,
    -0.03979681804776192,
    0.04746134579181671,
    -0.07686052471399307,
    0.0733535960316658,
    -0.03137432411313057,
    0.06636930257081985,
    -0.03944479301571846,
    0.03398863598704338,
    0.02453327551484108,
    -0.06534767895936966,
    -0.02091366983950138,
    -0.05075499415397644,
    0.06263141334056854,
    0.026438593864440918,
    -0.05346677079796791,
    0.02683199569582939,
    0.0036491542123258114,
    0.023020952939987183,
    -0.048924949020147324,
    -0.06662290543317795,
    0.01905120722949505,
    -0.03337233141064644,
    0.012411607429385185,
    -0.0032371964771300554,
    -0.12053690105676651,
    0.06198727712035179,
    0.05155155807733536,
    0.054667580872774124,
    0.03992236405611038,
    -0.042342398315668106,
    0.06553958356380463,
    0.03185730427503586,
    -0.014714005403220654,
    0.008277487009763718,
    -0.03963365778326988,
    0.0007160566747188568,
    0.046431515365839005,
    0.08419853448867798,
    0.07374317944049835,
    -1.5269592271312834e-32,
    0.04409988224506378,
    -0.023286907002329826,
    -0.03872521594166756,
    -0.011371749453246593,
    0.041781045496463776,
    0.026592476293444633,
    -0.08006487786769867,
    -0.07431486994028091,
    0.0846129059791565,
    0.007346867583692074,
    0.04484239220619202,
    -0.062069546431303024,
    0.02810312621295452,
    -0.009760422632098198,
    -0.08414909988641739,
    -0.039409272372722626,
    -0.10037534683942795,
    -0.03636430948972702,
    0.00839731190353632,
    0.09325350821018219,
    0.019017089158296585,
    -0.0035190703347325325,
    -0.008244756609201431,
    0.09829651564359665,
    0.03690844401717186,
    0.037458259612321854,
    -0.0554511658847332,
    -0.04584990441799164,
    0.07198469340801239,
    -0.04213685169816017,
    -0.061776526272296906,
    -0.11796729266643524,
    -0.040024008601903915,
    0.07274392247200012,
    -0.0934506356716156,
    -0.1728908270597458,
    0.013564560562372208,
    -0.06350073218345642,
    -0.027318526059389114,
    -0.0010594894411042333,
    0.05084856599569321,
    0.023125674575567245,
    -0.010309728793799877,
    -0.002025579335168004,
    -0.011929728090763092,
    -0.06628654897212982,
    0.08310320228338242,
    -0.09221316874027252,
    0.008667643181979656,
    -0.053417544811964035,
    0.043370433151721954,
    -0.02266097627580166,
    -0.012137588113546371,
    0.02114427648484707,
    -0.013365007936954498,
    0.0661030039191246,
    0.058100372552871704,
    0.01899748109281063,
    -0.030763786286115646,
    -0.001661051413975656,
    0.04447135329246521,
    0.07101932913064957,
    0.023207075893878937,
    0.05492229759693146,
    0.06431359052658081,
    -0.033318910747766495,
    -0.05391257256269455,
    -0.03671877458691597,
    -0.01358029805123806,
    -0.04744376242160797,
    -0.0500338040292263,
    -0.12247375398874283,
    -0.07531134784221649,
    -0.025249598547816277,
    0.04784795269370079,
    -0.08539944142103195,
    -0.040420856326818466,
    -0.11574697494506836,
    -0.09873588383197784,
    0.02144891396164894,
    0.005812595598399639,
    0.05639305338263512,
    -0.03331219032406807,
    0.06789016723632812,
    -0.0184357687830925,
    0.06938710063695908,
    0.05326538160443306,
    -0.028609905391931534,
    0.05139835178852081,
    0.07238664478063583,
    -0.09327009320259094,
    -0.0022659620735794306,
    0.005624161101877689,
    0.04848385229706764,
    -0.058340586721897125,
    -4.839424505576062e-08,
    -0.03349028155207634,
    0.04760660603642464,
    -0.03698604181408882,
    0.011959287337958813,
    -0.009729106910526752,
    -0.007486733607947826,
    -0.04021310806274414,
    -0.05954599007964134,
    -0.049753379076719284,
    -0.06425946950912476,
    0.05043412744998932,
    0.03769269585609436,
    -0.022728800773620605,
    -0.006501638796180487,
    0.07667955011129379,
    -0.007443596143275499,
    -0.07062193006277084,
    0.02961842156946659,
    -0.08470243215560913,
    0.08637165278196335,
    -0.057947613298892975,
    0.008332048542797565,
    -0.034397415816783905,
    0.024486327543854713,
    0.0061184111982584,
    -0.01706046238541603,
    -0.047110531479120255,
    0.06681138277053833,
    0.0710834413766861,
    0.09856531769037247,
    0.03329549729824066,
    0.033942755311727524,
    0.0011724410578608513,
    -0.03673689439892769,
    -0.05728612467646599,
    -0.032293651252985,
    -0.03414499759674072,
    0.02984458953142166,
    0.03846125304698944,
    0.05179895833134651,
    -0.0019103733357042074,
    0.059335291385650635,
    0.01820209063589573,
    0.1309972107410431,
    0.0028346010949462652,
    -0.03982709348201752,
    -0.05856878310441971,
    0.04202205315232277,
    0.0029667953494936228,
    -0.09847094863653183,
    0.00729453656822443,
    -0.0392661951482296,
    0.038191430270671844,
    -0.007939482107758522,
    -0.021675605326890945,
    0.07048309594392776,
    0.04343683645129204,
    0.0481824167072773,
    -0.02268126979470253,
    -0.010802898555994034,
    0.039729345589876175,
    0.08428443968296051,
    0.05289091542363167,
    -0.021755674853920937
]