[
    -0.02620672434568405,
    0.02040918357670307,
    -0.0130396019667387,
    -0.05526411533355713,
    -0.05842375010251999,
    0.01945864036679268,
    -0.03387166187167168,
    -0.031255099922418594,
    -0.007189701311290264,
    0.03082103468477726,
    -0.03842733055353165,
    -0.028447404503822327,
    -0.012072503566741943,
    -0.0024328853469341993,
    0.06560457497835159,
    0.04208957403898239,
    0.1161370798945427,
    0.03626310080289841,
    -0.0743248462677002,
    -0.012183128856122494,
    0.037852611392736435,
    -0.008193457499146461,
    -0.04750469699501991,
    -0.009353556670248508,
    -0.07432492077350616,
    -0.052486319094896317,
    -0.07884662598371506,
    -0.04024576395750046,
    0.05263843014836311,
    -0.10967712104320526,
    0.020977145060896873,
    0.040943607687950134,
    0.06908083707094193,
    0.04425068199634552,
    -0.006461759097874165,
    -0.020520415157079697,
    -0.005912734195590019,
    -0.018484607338905334,
    0.005506366956979036,
    -0.018690336495637894,
    -0.03629568591713905,
    -0.009798402898013592,
    -0.04057634249329567,
    -0.058387741446495056,
    -0.021440641954541206,
    0.029205678030848503,
    -0.04073071479797363,
    -0.035795409232378006,
    -0.01523081585764885,
    0.03109629824757576,
    -0.053774088621139526,
    -0.028512634336948395,
    -0.005541423335671425,
    0.08383993804454803,
    -0.03457261994481087,
    -0.005364590790122747,
    0.014550929889082909,
    0.03247428312897682,
    -0.03302023187279701,
    -0.012518202885985374,
    -0.0342632457613945,
    0.001996479230001569,
    -0.06397626549005508,
    0.063568115234375,
    -0.03692344203591347,
    0.03808888420462608,
    0.007380653638392687,
    0.022255796939134598,
    0.03932614251971245,
    0.03464537858963013,
    -0.0064755091443657875,
    0.04688465967774391,
    0.04665081202983856,
    0.009208950214087963,
    -0.02854437381029129,
    -0.01097556110471487,
    -0.017380792647600174,
    -0.026041759178042412,
    0.05542285740375519,
    -0.055059097707271576,
    -0.06368999928236008,
    0.018626775592565536,
    -0.06682683527469635,
    -0.06526397168636322,
    -0.07761785387992859,
    -0.03236989304423332,
    -0.029492387548089027,
    -0.012324685230851173,
    -0.007577660493552685,
    0.016104988753795624,
    0.03367314860224724,
    -0.05088664963841438,
    0.03173542767763138,
    -0.05352684110403061,
    0.05278891324996948,
    0.006799878086894751,
    -0.0035037165507674217,
    0.025073401629924774,
    0.08579880744218826,
    0.0018224354134872556,
    0.057930830866098404,
    0.03848849609494209,
    0.005683180410414934,
    -0.08369467407464981,
    -0.07063081115484238,
    -0.10408354550600052,
    -0.008936767466366291,
    -0.006299836095422506,
    0.0029246830381453037,
    -0.0038680918514728546,
    -0.01049463264644146,
    -0.000622443447355181,
    0.0131202582269907,
    -0.09535040706396103,
    0.05758281424641609,
    0.03468284010887146,
    -0.015463430434465408,
    0.07001946866512299,
    0.00684557156637311,
    -0.017741737887263298,
    0.012337836436927319,
    0.026471760123968124,
    -0.040784452110528946,
    -0.05205673351883888,
    0.006192444358021021,
    0.011995588429272175,
    -0.03662841022014618,
    1.719123166131957e-32,
    -0.007665253710001707,
    -0.06032999977469444,
    -0.11301185190677643,
    0.01197107881307602,
    0.0903116911649704,
    0.006157662719488144,
    -0.009435259737074375,
    -0.00869663991034031,
    -0.11166263371706009,
    0.036743149161338806,
    -0.0210378710180521,
    0.011989550665020943,
    0.01013330277055502,
    -0.1049179658293724,
    -0.008692222647368908,
    -0.04943106696009636,
    -0.0678340345621109,
    0.14226092398166656,
    -0.05971691384911537,
    0.0024597044102847576,
    0.03708864748477936,
    -0.04761801287531853,
    -0.0028378586284816265,
    0.08225499093532562,
    0.04213611036539078,
    -0.02246994711458683,
    0.08473455905914307,
    -0.00011093655484728515,
    -0.023062927648425102,
    0.00499371811747551,
    0.012657827697694302,
    -0.001621404429897666,
    0.014617616310715675,
    0.01223764568567276,
    0.07201849669218063,
    0.10960487276315689,
    0.00307451537810266,
    -0.03153150528669357,
    0.08995416015386581,
    -0.06959199905395508,
    -0.08142080903053284,
    -0.0113312853500247,
    -0.0004978476208634675,
    -0.025411395356059074,
    0.01602177880704403,
    -0.00293184956535697,
    -0.06418786942958832,
    -0.021041572093963623,
    0.021208416670560837,
    0.03100920096039772,
    0.0020931316539645195,
    0.0015168521786108613,
    0.06243506073951721,
    -0.00972855556756258,
    0.0744689553976059,
    0.004646306857466698,
    -0.02988964319229126,
    0.01934054307639599,
    -0.04129752516746521,
    0.051699090749025345,
    -0.03681466728448868,
    0.06473151594400406,
    -0.0737738087773323,
    0.07479529827833176,
    -0.004054045770317316,
    -0.0527072511613369,
    -0.07340891659259796,
    -0.08191145211458206,
    0.10564975440502167,
    -0.09811587631702423,
    -0.028232619166374207,
    0.02456955425441265,
    -0.00255657103843987,
    0.032621338963508606,
    -0.019823981449007988,
    -0.038504458963871,
    0.03367558494210243,
    -0.018979305401444435,
    0.050485704094171524,
    -0.0026482229586690664,
    -0.12638448178768158,
    0.01472378522157669,
    0.009905442595481873,
    0.08077841252088547,
    0.038216691464185715,
    -0.045343007892370224,
    -0.000988281681202352,
    -0.02781061828136444,
    -0.048710938543081284,
    -0.030404021963477135,
    0.05562692880630493,
    0.01454805489629507,
    -0.013212956488132477,
    0.0344131737947464,
    0.02405601367354393,
    -1.6846517942940933e-32,
    0.05212138220667839,
    -0.01235141046345234,
    -0.06031978502869606,
    0.026675773784518242,
    0.06690697371959686,
    0.06681279838085175,
    -0.06653554737567902,
    -0.0963638573884964,
    0.013902739621698856,
    -0.0719405934214592,
    -0.05851906165480614,
    -0.01158025860786438,
    -0.0050510079599916935,
    0.0036738873459398746,
    -0.06152848154306412,
    -0.09702467918395996,
    0.005172991193830967,
    -0.0388183668255806,
    0.04826420545578003,
    0.0713958889245987,
    0.07139284163713455,
    0.02590595744550228,
    -0.029384372755885124,
    0.08214505761861801,
    -0.0011415551416575909,
    -0.057564396411180496,
    -0.06713937968015671,
    -0.0661311149597168,
    0.09041070193052292,
    0.01896512880921364,
    -0.05266892537474632,
    -0.0925731360912323,
    -0.09285292029380798,
    0.02959630824625492,
    -0.008911332115530968,
    -0.14320150017738342,
    0.171164408326149,
    -0.05150029435753822,
    -0.02893473021686077,
    -0.00984177365899086,
    0.0355248898267746,
    0.06956584006547928,
    0.030039474368095398,
    -0.06061585620045662,
    -0.020709726959466934,
    -0.030063536018133163,
    0.021504422649741173,
    -0.01644151099026203,
    -0.03530329465866089,
    -0.06133158877491951,
    -0.005104402080178261,
    -0.05560903623700142,
    -0.002626519650220871,
    -0.00045065319864079356,
    -0.03057200089097023,
    0.03167182207107544,
    0.009451748803257942,
    -0.04867865890264511,
    -0.04054814577102661,
    0.008706167340278625,
    0.06630898267030716,
    0.08249461650848389,
    -0.005663734395056963,
    0.039833832532167435,
    0.039033547043800354,
    0.024512577801942825,
    -0.07268378138542175,
    0.023461736738681793,
    -0.05230960249900818,
    -0.022096451371908188,
    -0.0011613311944529414,
    -0.11217238754034042,
    -0.016774090006947517,
    0.006750381086021662,
    0.12002114951610565,
    -0.012970063835382462,
    -0.05027925223112106,
    -0.0817740261554718,
    -0.10191766172647476,
    0.0043138605542480946,
    0.011981595307588577,
    0.037321537733078,
    -0.049720246344804764,
    0.07039568573236465,
    0.005070275627076626,
    0.10560745745897293,
    0.06974237412214279,
    -0.0010512974113225937,
    0.038113515824079514,
    0.07747121900320053,
    -0.0508478544652462,
    -0.04401495307683945,
    0.042295895516872406,
    0.06696367263793945,
    -0.06401695311069489,
    -5.035898098526559e-08,
    -0.07446087896823883,
    0.0019069550326094031,
    0.01428071316331625,
    -0.028168439865112305,
    -0.019859647378325462,
    -0.035920388996601105,
    0.011677483096718788,
    0.025321241468191147,
    -0.02678481489419937,
    -0.031728390604257584,
    0.06651007384061813,
    -0.008714381605386734,
    -0.0210968479514122,
    0.0016626635333523154,
    0.0735669657588005,
    0.00043865307816304266,
    -0.013434788212180138,
    0.014146717265248299,
    -0.06335748732089996,
    -0.03829309716820717,
    -0.017412595450878143,
    -0.05375261977314949,
    -0.07334942370653152,
    0.07927455008029938,
    0.02537882700562477,
    0.001708436175249517,
    0.0011733259307220578,
    0.10168518126010895,
    0.0077036586590111256,
    0.03481481596827507,
    -0.034759558737277985,
    0.0758327916264534,
    -0.011841356754302979,
    -0.04880925640463829,
    0.004539425019174814,
    0.008096415549516678,
    -0.06212478131055832,
    0.02925427258014679,
    0.07619690150022507,
    0.045487940311431885,
    -0.07164452970027924,
    0.0035360874608159065,
    0.09096745401620865,
    0.07969072461128235,
    0.03390071913599968,
    -0.010476050898432732,
    -0.0678744986653328,
    0.025997336953878403,
    -0.013745205476880074,
    -0.10069495439529419,
    -0.021735157817602158,
    -0.02210598811507225,
    0.02958948351442814,
    -0.010288887657225132,
    0.020700842142105103,
    0.14145435392856598,
    0.14569315314292908,
    0.06314963102340698,
    0.0032050563022494316,
    -0.024327024817466736,
    0.13302572071552277,
    0.11238215118646622,
    0.030414316803216934,
    0.027261506766080856
]