[
    -0.05431174859404564,
    0.04722917079925537,
    -0.0481465645134449,
    -0.016659598797559738,
    -0.0010313623351976275,
    0.1308080106973648,
    0.007431585341691971,
    0.022731851786375046,
    -0.03882184624671936,
    0.0470857247710228,
    0.031100811436772346,
    -0.05010489746928215,
    -0.002608967712149024,
    0.04727127030491829,
    0.05199284106492996,
    0.04008188471198082,
    0.042694542557001114,
    0.06140579283237457,
    -0.05066986754536629,
    0.06783921271562576,
    0.0006047672359272838,
    0.028903519734740257,
    -0.07398483902215958,
    0.023686235770583153,
    -0.10629735141992569,
    -0.045936472713947296,
    -0.012983383610844612,
    -0.02648817002773285,
    0.1042083352804184,
    -0.08027538657188416,
    0.022481480613350868,
    0.044649720191955566,
    -0.011240432038903236,
    0.09188345819711685,
    -0.05740984156727791,
    0.0019128815038129687,
    -0.044341251254081726,
    -0.08182266354560852,
    -0.03213014081120491,
    0.02511218562722206,
    -0.030865216627717018,
    0.035693392157554626,
    -0.0775899663567543,
    0.021313244476914406,
    0.022779235616326332,
    0.04824023321270943,
    0.03153710439801216,
    0.005513248033821583,
    -0.05396188795566559,
    -0.009368362836539745,
    -0.06077621877193451,
    -0.011605530977249146,
    -0.05207200348377228,
    0.042521726340055466,
    -0.07522615790367126,
    -0.05789921432733536,
    0.0293992031365633,
    0.00018820998957380652,
    -0.039976999163627625,
    0.010362275876104832,
    -0.02238522469997406,
    -0.017393695190548897,
    -0.06430093944072723,
    0.024736296385526657,
    -0.01420966349542141,
    0.03704122453927994,
    -0.012146878987550735,
    -0.007326243910938501,
    -0.030342724174261093,
    0.09367077052593231,
    -0.04765220731496811,
    0.016142593696713448,
    0.014676914550364017,
    0.010941301472485065,
    -0.004968889057636261,
    -0.01456091646105051,
    0.001973921898752451,
    0.0742889866232872,
    0.04229075461626053,
    -0.12734200060367584,
    -0.014472310431301594,
    0.033474359661340714,
    -0.0054584345780313015,
    0.038960572332143784,
    -0.030932515859603882,
    -0.07526751607656479,
    -0.061300404369831085,
    -0.006762001663446426,
    0.023252001032233238,
    0.03204696625471115,
    0.12250184267759323,
    -0.08902755379676819,
    0.11512749642133713,
    -0.04286300390958786,
    0.051119424402713776,
    -0.025352967903017998,
    -0.007829983718693256,
    -0.038516566157341,
    0.0018148322124034166,
    -0.03707829490303993,
    -0.01609877683222294,
    0.016959715634584427,
    -0.05727970600128174,
    -0.052523013204336166,
    -0.014236237853765488,
    -0.04925090819597244,
    0.0028705266304314137,
    -0.04610350728034973,
    -0.010190251283347607,
    0.02270408719778061,
    0.051208943128585815,
    -0.033402420580387115,
    -0.06995851546525955,
    -0.10444927215576172,
    0.06632737815380096,
    0.006017779931426048,
    0.03255850821733475,
    0.07790903002023697,
    -0.023622432723641396,
    -0.10321659594774246,
    -0.045405518263578415,
    0.043123532086610794,
    -0.05424508452415466,
    -0.07374244928359985,
    -0.02709425799548626,
    -0.05044246464967728,
    -0.06613389402627945,
    1.838947917466996e-32,
    -0.03872588649392128,
    -0.05249630659818649,
    -0.10640812665224075,
    0.04822831600904465,
    -0.015905696898698807,
    -0.008062797598540783,
    0.00687713548541069,
    0.054803267121315,
    -0.07654023170471191,
    0.0797029584646225,
    0.004486559424549341,
    0.027623698115348816,
    -0.018236227333545685,
    -0.03777570649981499,
    -0.04286013916134834,
    0.007331558968871832,
    -0.054720476269721985,
    0.11954259127378464,
    -0.036080874502658844,
    0.013307361863553524,
    0.03767082095146179,
    -0.03328574821352959,
    0.05845276266336441,
    -0.019978467375040054,
    -0.05495431646704674,
    0.008843580260872841,
    0.04098081588745117,
    -0.0549447126686573,
    -0.050692588090896606,
    -0.012413832359015942,
    0.05324752256274223,
    0.025582296773791313,
    0.0021135371644049883,
    -0.01812964677810669,
    0.026194369420409203,
    0.10554039478302002,
    -0.03610672801733017,
    -0.004471718333661556,
    0.03742488846182823,
    0.0012191511923447251,
    -0.0837428867816925,
    0.023702243342995644,
    0.05715630203485489,
    0.007129088044166565,
    0.036844201385974884,
    -0.06166031211614609,
    0.026308806613087654,
    -0.06165770813822746,
    -0.003935930319130421,
    0.07618267834186554,
    -0.0334966741502285,
    -0.04147966206073761,
    0.0924425795674324,
    -0.03529638424515724,
    0.01396210864186287,
    -0.0062576704658567905,
    -0.0949895977973938,
    0.08629607409238815,
    -0.054284192621707916,
    -0.003038759808987379,
    0.017465272918343544,
    -0.02762841060757637,
    -0.12777386605739594,
    0.05493331328034401,
    -0.02003542147576809,
    0.0012942691100761294,
    -0.07601473480463028,
    0.005025978200137615,
    0.041047368198633194,
    -0.04232235997915268,
    -0.01116101536899805,
    0.011568841524422169,
    0.005405695643275976,
    0.0091056814417243,
    -0.05941799655556679,
    0.022160999476909637,
    -0.014829307794570923,
    -0.03062628209590912,
    0.058530330657958984,
    -0.030409349128603935,
    -0.11875077337026596,
    0.00359429232776165,
    0.0009896380361169577,
    0.021548718214035034,
    0.0300452783703804,
    -0.007982602342963219,
    0.07583723217248917,
    -0.07720267027616501,
    -0.016348961740732193,
    -0.014493179507553577,
    0.051170311868190765,
    -0.024157365784049034,
    -0.048132140189409256,
    0.05844152346253395,
    0.05556395649909973,
    -1.8263799726783857e-32,
    0.001739167608320713,
    -0.01651832088828087,
    -0.12291545420885086,
    0.040767453610897064,
    0.08408268541097641,
    0.028991028666496277,
    -0.03337749466300011,
    -0.044676728546619415,
    0.047440093010663986,
    0.0384753979742527,
    -0.07961130887269974,
    -0.08384273946285248,
    -0.025733621791005135,
    0.030686814337968826,
    -0.07294755429029465,
    -0.06670107692480087,
    -0.05863160267472267,
    0.021831579506397247,
    0.02661750651896,
    0.047025054693222046,
    0.021680807694792747,
    0.03027094155550003,
    -0.04258465766906738,
    0.05903920903801918,
    0.03274770453572273,
    -0.016195250675082207,
    0.021028859540820122,
    -0.03170173242688179,
    0.07781315594911575,
    0.02703462354838848,
    -0.019328154623508453,
    -0.09123609215021133,
    -0.06945973634719849,
    0.0005427182768471539,
    -0.05349210277199745,
    -0.10590550303459167,
    0.09672117978334427,
    0.02623925171792507,
    -0.023224743083119392,
    0.024529539048671722,
    0.06043319031596184,
    0.06244763731956482,
    -0.013869661837816238,
    -0.032202430069446564,
    0.01081402599811554,
    -0.017785219475626945,
    0.008695225231349468,
    -0.035858575254678726,
    0.061643533408641815,
    -0.0293711107224226,
    0.05339134484529495,
    -0.030564820393919945,
    0.030972978100180626,
    0.06813297420740128,
    -0.004661347717046738,
    -0.007535279728472233,
    0.02082975208759308,
    -0.024994943290948868,
    -0.012941536493599415,
    0.048883069306612015,
    0.06187231093645096,
    0.07842946797609329,
    0.0030155915301293135,
    -0.02900102734565735,
    0.05656992644071579,
    -0.03448977321386337,
    -0.03893888369202614,
    -0.036883775144815445,
    -0.02905481867492199,
    -0.03256446495652199,
    -0.09347125142812729,
    -0.05672648176550865,
    -0.007126935292035341,
    -0.10798344016075134,
    0.08818928897380829,
    -0.032791439443826675,
    -0.006834988947957754,
    -0.05043397098779678,
    -0.07014187425374985,
    0.007602798752486706,
    0.09907215088605881,
    -0.04710261523723602,
    -0.015236161649227142,
    0.08078721165657043,
    -0.02485816366970539,
    0.035473842173814774,
    0.08327484130859375,
    0.03588408976793289,
    0.09220696240663528,
    0.12410304695367813,
    0.010972969233989716,
    0.04142658784985542,
    -0.019161613658070564,
    0.05248594656586647,
    -0.06926007568836212,
    -5.473733821759197e-08,
    -0.04275587201118469,
    0.03888360410928726,
    0.01836990751326084,
    -0.0513947494328022,
    -0.037734609097242355,
    0.03714568167924881,
    0.02522074058651924,
    -0.008261648006737232,
    -0.10710614174604416,
    -0.07337683439254761,
    0.0425884984433651,
    -0.012245616875588894,
    0.01328569557517767,
    0.002921238774433732,
    0.017683641985058784,
    0.035858895629644394,
    -0.022164415568113327,
    -0.02726963348686695,
    -0.06649409234523773,
    0.06425324082374573,
    -0.02678046189248562,
    -0.055336907505989075,
    -0.059289250522851944,
    0.03143277391791344,
    0.035954926162958145,
    -0.015531203709542751,
    -0.01273791491985321,
    0.055829305201768875,
    0.044697392731904984,
    -0.03706350177526474,
    -0.02752600982785225,
    0.08053417503833771,
    -0.023743141442537308,
    -0.10992305725812912,
    -0.04190223291516304,
    -0.011186381801962852,
    -0.0017001545056700706,
    0.015399699099361897,
    0.07935270667076111,
    0.06236577779054642,
    -0.03343197703361511,
    0.06463374197483063,
    0.016772983595728874,
    0.06498456746339798,
    0.05556213855743408,
    -0.0070702494122087955,
    -0.11351083964109421,
    0.03872903808951378,
    -0.057958539575338364,
    -0.07107622176408768,
    -0.03173417970538139,
    -0.05922602117061615,
    0.014935064129531384,
    0.04180199280381203,
    0.008296086452901363,
    0.05841318517923355,
    0.04826486110687256,
    0.03267449513077736,
    -0.06918995827436447,
    -0.0044925520196557045,
    0.14409604668617249,
    0.04352644085884094,
    0.08524268865585327,
    0.0028402984607964754
]