[
    0.006266338750720024,
    0.06886160373687744,
    0.01082020066678524,
    -0.03399128466844559,
    0.024462122470140457,
    0.1057056114077568,
    -0.000779480382334441,
    -0.031348973512649536,
    -0.07381545007228851,
    -0.022440824657678604,
    -0.02529226988554001,
    -0.04609300196170807,
    -0.034489791840314865,
    -0.043695446103811264,
    0.10573258250951767,
    -0.03193385899066925,
    0.06983747333288193,
    0.025363413617014885,
    -0.09143947064876556,
    0.002915944205597043,
    0.036224864423274994,
    -0.0002198108850279823,
    -0.02576559968292713,
    -0.012574130669236183,
    -0.06485350430011749,
    -0.045047830790281296,
    0.047754622995853424,
    -0.0025375215336680412,
    -0.0014621180016547441,
    -0.009730811230838299,
    0.04196138307452202,
    -0.011544042266905308,
    0.05379626527428627,
    0.0503271110355854,
    0.012701923958957195,
    -0.05207553133368492,
    -0.018115496262907982,
    0.037282153964042664,
    -0.05207643657922745,
    0.04485277831554413,
    -0.0939142033457756,
    -0.024560734629631042,
    -0.0333126075565815,
    0.03340679779648781,
    0.021799711510539055,
    -0.015100821852684021,
    -0.058294493705034256,
    -0.030835358425974846,
    -0.04230647161602974,
    0.06906545907258987,
    0.026755835860967636,
    -0.0038559911772608757,
    0.01175334956496954,
    0.053835224360227585,
    -0.03038451448082924,
    -0.06965062767267227,
    -0.03350263833999634,
    -0.04791486635804176,
    -0.10059638321399689,
    0.03351365402340889,
    0.0496654249727726,
    -0.052693914622068405,
    0.005419276189059019,
    0.02772160805761814,
    -0.1217142641544342,
    0.054430440068244934,
    -0.019933925941586494,
    -0.024668145924806595,
    -0.020609542727470398,
    -0.015715576708316803,
    -0.11496884375810623,
    -0.08273451775312424,
    -0.0363997220993042,
    0.03535421937704086,
    0.03131116181612015,
    0.008881126530468464,
    -0.025354230776429176,
    0.03643477335572243,
    0.07724674791097641,
    -0.1536559909582138,
    -0.04736620932817459,
    0.010542746633291245,
    -0.013285447843372822,
    0.0735229030251503,
    -0.06044349819421768,
    -0.002780546899884939,
    -0.017775176092982292,
    0.008223787881433964,
    -0.023143580183386803,
    -0.0314023420214653,
    0.048047859221696854,
    -0.018909404054284096,
    0.036404725164175034,
    -0.04301303252577782,
    0.08950917422771454,
    -0.04787345975637436,
    -0.04073825478553772,
    -0.06190631166100502,
    0.02017296850681305,
    -0.03907719627022743,
    -0.004235963802784681,
    -0.03008357807993889,
    0.02864391915500164,
    0.019451329484581947,
    -0.09783214330673218,
    -0.052617501467466354,
    0.07269411534070969,
    0.004263616632670164,
    0.01286682765930891,
    0.008161108940839767,
    0.03738446533679962,
    0.029814407229423523,
    -0.015447942540049553,
    -0.08878017216920853,
    0.007432322483509779,
    -0.03741702064871788,
    0.012081240303814411,
    0.03254742547869682,
    0.02258940599858761,
    0.020849840715527534,
    -0.015399298630654812,
    0.02196473814547062,
    -0.023634759709239006,
    -0.03360126167535782,
    -0.016980096697807312,
    -0.01817643642425537,
    -0.0707392618060112,
    1.975139958269297e-32,
    0.03812558576464653,
    0.018632449209690094,
    -0.045289210975170135,
    0.029128355905413628,
    0.04175200313329697,
    -0.015774371102452278,
    0.023858940228819847,
    -0.030899297446012497,
    -0.023532191291451454,
    0.04864330589771271,
    -0.06262046098709106,
    0.006290374789386988,
    -0.008371606469154358,
    0.03952488303184509,
    -0.03606951981782913,
    0.02335873618721962,
    0.0345483161509037,
    0.09153714776039124,
    -0.06450448930263519,
    0.055032938718795776,
    -0.006967602763324976,
    -0.059776607900857925,
    -0.02226005494594574,
    0.02559073083102703,
    -0.04294327273964882,
    0.056809745728969574,
    -0.0035817015450447798,
    -0.031247245147824287,
    0.020017540082335472,
    0.008748347871005535,
    0.030894536525011063,
    -0.001451555173844099,
    0.02218220941722393,
    -0.08185344934463501,
    -0.030300166457891464,
    0.08992152661085129,
    0.04145964980125427,
    0.032697126269340515,
    0.06260712444782257,
    -0.12014097720384598,
    -0.04132876917719841,
    0.007811518386006355,
    0.10130026936531067,
    0.0019484884105622768,
    0.03848487138748169,
    -0.06316106766462326,
    0.03316991403698921,
    0.01998070441186428,
    0.0744536742568016,
    0.04932132363319397,
    -0.051569413393735886,
    -0.006038189399987459,
    0.06901969760656357,
    -0.03989947959780693,
    0.008082578890025616,
    -0.04284542426466942,
    -0.05747980996966362,
    0.05017060786485672,
    -0.02292216569185257,
    0.06855245679616928,
    -0.006866233889013529,
    0.030486557632684708,
    -0.04009632393717766,
    -0.007405868265777826,
    0.04445996135473251,
    0.048897311091423035,
    0.009061465971171856,
    -0.0748206079006195,
    0.0504341647028923,
    0.04569483920931816,
    -0.03606569394469261,
    0.07228606194257736,
    -0.003109193406999111,
    0.005155456252396107,
    -0.03912491351366043,
    0.02017679251730442,
    0.013528806157410145,
    0.0008637600694783032,
    0.029292035847902298,
    0.030673280358314514,
    -0.05012953281402588,
    0.005841725040227175,
    0.003873770358040929,
    0.00453962991014123,
    0.018133878707885742,
    0.043048419058322906,
    0.055672988295555115,
    0.033009644597768784,
    -0.055919304490089417,
    -0.050315361469984055,
    0.014337226748466492,
    -0.01234977412968874,
    0.02874508500099182,
    0.09217194467782974,
    0.03362499549984932,
    -2.0519114943215006e-32,
    -0.012182259000837803,
    0.015284541063010693,
    -0.05942285433411598,
    -0.09624328464269638,
    0.11021099239587784,
    0.011331431567668915,
    0.00939005333930254,
    -0.09021284431219101,
    0.041450537741184235,
    0.01449302677065134,
    0.04301808774471283,
    -0.09658267349004745,
    -0.03647381439805031,
    -0.02612154744565487,
    -0.07675368338823318,
    -0.027895087376236916,
    -0.09962732344865799,
    -0.06483418494462967,
    0.00630977563560009,
    0.1026679053902626,
    -0.04421338438987732,
    0.01200078148394823,
    -0.013627342879772186,
    0.10836844146251678,
    0.0688256025314331,
    0.08385675400495529,
    -0.06827874481678009,
    0.0013781957095488906,
    0.07853724807500839,
    -0.03849654644727707,
    -0.0713186264038086,
    -0.08937124162912369,
    -0.018351251259446144,
    -0.0011787723051384091,
    -0.02602900005877018,
    -0.1770966351032257,
    -0.01774374209344387,
    -0.053998854011297226,
    -0.002779767382889986,
    -0.026422780007123947,
    0.10491824895143509,
    -0.023814169690012932,
    0.014781433157622814,
    0.04523422569036484,
    0.041858971118927,
    -0.02492460422217846,
    0.07651582360267639,
    -0.04848794639110565,
    -0.06374039500951767,
    -0.02895577810704708,
    0.0307500958442688,
    -0.005151438992470503,
    0.004840416833758354,
    0.0558675192296505,
    -0.02430737018585205,
    -0.011304493062198162,
    0.0012092411052435637,
    -0.045021191239356995,
    -0.0741630345582962,
    -0.03806367889046669,
    0.043612781912088394,
    0.05737218260765076,
    0.025643587112426758,
    0.06386729329824448,
    -0.0026494322810322046,
    -0.11720120161771774,
    -0.027289951220154762,
    -0.09907089173793793,
    -0.014390152879059315,
    -0.04545845836400986,
    -0.13545647263526917,
    -0.10997923463582993,
    -0.008818695321679115,
    -0.08728834241628647,
    0.05305919796228409,
    -0.06656737625598907,
    -0.024561772122979164,
    -0.07422086596488953,
    -0.09412413835525513,
    0.052642859518527985,
    0.002932431874796748,
    0.01658639870584011,
    -0.07146197557449341,
    0.08990727365016937,
    0.024783728644251823,
    0.024753401055932045,
    0.006584954913705587,
    0.010559198446571827,
    0.03602101653814316,
    0.1272374391555786,
    -0.05859948694705963,
    -0.03152509778738022,
    -0.03955404460430145,
    0.06764498353004456,
    -0.10051321983337402,
    -5.924613333263551e-08,
    0.041220977902412415,
    0.10524996370077133,
    0.011975315399467945,
    -0.07002656161785126,
    -0.028276681900024414,
    -0.030092893168330193,
    -0.04165298864245415,
    -0.02325526624917984,
    -0.010504694655537605,
    -0.04598250240087509,
    0.026182150468230247,
    0.07448204606771469,
    -0.04432327300310135,
    -0.014520939439535141,
    0.0473751462996006,
    -0.0048768469132483006,
    -0.05126611515879631,
    0.005838475655764341,
    -0.007419086992740631,
    0.04862489178776741,
    -0.0391504280269146,
    -0.06251764297485352,
    -0.06660730391740799,
    0.004141464363783598,
    0.015427513048052788,
    0.06818497180938721,
    -0.0661037489771843,
    0.00034351416979916394,
    0.09070080518722534,
    -0.012267036363482475,
    0.039525341242551804,
    0.013147695921361446,
    0.014289258979260921,
    -0.019523467868566513,
    -0.02521858923137188,
    -0.05400301516056061,
    -0.00735634658485651,
    0.008926996961236,
    0.035793982446193695,
    -0.0440305732190609,
    0.027121443301439285,
    0.03598608449101448,
    -0.0005947547615505755,
    0.09403777867555618,
    -0.012958953157067299,
    -0.04134020209312439,
    -0.05425359308719635,
    -0.06681475788354874,
    -0.018368873745203018,
    -0.08576345443725586,
    -0.02856447920203209,
    -0.07562241703271866,
    0.09348839521408081,
    -0.02654847875237465,
    -0.0795292928814888,
    0.08325830101966858,
    -0.01030015666037798,
    0.0007928595878183842,
    -0.018665220588445663,
    -0.05878543481230736,
    0.12772713601589203,
    0.06208732724189758,
    -0.002886139787733555,
    0.015964407473802567
]