[
    0.02727033570408821,
    0.03639540448784828,
    -0.033718932420015335,
    -0.04841391369700432,
    -0.05204340070486069,
    0.027673231437802315,
    -0.02104644663631916,
    0.015124444849789143,
    -0.028271054849028587,
    0.04927259683609009,
    0.0699726864695549,
    -0.04970566928386688,
    0.026266541332006454,
    -0.037231557071208954,
    0.05193585157394409,
    -0.017385009676218033,
    0.07665327936410904,
    -0.0036047303583472967,
    -0.111862413585186,
    0.10104062408208847,
    0.027742432430386543,
    0.055880870670080185,
    -0.04375506192445755,
    0.04144568741321564,
    -0.11845019459724426,
    -0.028891198337078094,
    0.0020928578451275826,
    -0.05291100963950157,
    0.08084924519062042,
    -0.04628140851855278,
    6.856620166217908e-05,
    0.027511680498719215,
    0.07777880132198334,
    0.06193133816123009,
    -0.010257364250719547,
    0.009708593599498272,
    -0.00857669860124588,
    -0.004815329797565937,
    -0.007496291305869818,
    -0.023137284442782402,
    -0.0353221520781517,
    -0.0185028538107872,
    -0.07651538401842117,
    0.008455096744000912,
    0.009380031377077103,
    -0.014650567434728146,
    -0.04219154641032219,
    -0.04849489405751228,
    -0.035761699080467224,
    -0.037681542336940765,
    -0.1154167577624321,
    -0.06657931208610535,
    -0.0146514056250453,
    0.0774957612156868,
    -0.07336249202489853,
    -0.0701926201581955,
    -0.0003986660158261657,
    0.03798682615160942,
    -0.04116549715399742,
    -0.01590029150247574,
    -0.011579612269997597,
    0.006258420180529356,
    0.016356458887457848,
    0.05838310718536377,
    -0.03952611982822418,
    0.07888031005859375,
    -0.0006820156704634428,
    -0.05423640459775925,
    0.02381063438951969,
    0.06765782088041306,
    -0.07949541509151459,
    -0.016804594546556473,
    -0.007050737272948027,
    0.06200258433818817,
    -0.020550325512886047,
    -0.007456621620804071,
    -0.03181812912225723,
    0.04750773310661316,
    0.017464913427829742,
    -0.09264098107814789,
    -0.05856598913669586,
    0.036613475531339645,
    -0.029628433287143707,
    0.03160461410880089,
    -0.05451475828886032,
    -0.027643606066703796,
    -0.026478668674826622,
    -0.006275441497564316,
    0.057149238884449005,
    -0.056738343089818954,
    0.06979313492774963,
    -0.07464391738176346,
    0.1044829860329628,
    -0.09392276406288147,
    0.10653475672006607,
    -0.029037771746516228,
    0.0009178048931062222,
    -0.10013508051633835,
    -0.0023923059925436974,
    -0.034238334745168686,
    -0.0028226820286363363,
    0.01373069453984499,
    -0.06302328407764435,
    -0.016493743285536766,
    0.020032981410622597,
    -0.04955822601914406,
    0.007445980794727802,
    -0.05268716812133789,
    -0.015400251373648643,
    0.026071926578879356,
    0.03055107593536377,
    0.005275938659906387,
    -0.026448192074894905,
    -0.1206221878528595,
    0.06471174210309982,
    0.009185523726046085,
    -0.02114703319966793,
    0.08123590797185898,
    0.016227690503001213,
    -0.0323314443230629,
    -0.0416029654443264,
    0.004744105506688356,
    -0.010987512767314911,
    -0.05587942525744438,
    0.017948614433407784,
    -0.0024156186264008284,
    -0.05706079304218292,
    2.1967253453767015e-32,
    0.02271469123661518,
    -0.023448551073670387,
    -0.09650617092847824,
    0.004146764054894447,
    0.0021959536243230104,
    -0.03916916623711586,
    0.014101316221058369,
    -0.02940170094370842,
    0.01758379489183426,
    0.06785688549280167,
    0.016039997339248657,
    -0.010554851032793522,
    -0.009767219424247742,
    -0.03456784039735794,
    -0.06280917674303055,
    0.034032225608825684,
    -0.02037693001329899,
    0.06356017291545868,
    -0.026128510013222694,
    0.06573831290006638,
    0.00481091532856226,
    -0.032430801540613174,
    0.010580519214272499,
    -0.030293019488453865,
    -0.04762871190905571,
    0.0165431946516037,
    0.009429525583982468,
    0.014694785699248314,
    0.0016132860910147429,
    -0.006969781592488289,
    0.06536278873682022,
    0.023110609501600266,
    0.052557580173015594,
    0.003828305285423994,
    0.0359632708132267,
    0.10027072578668594,
    -0.039593350142240524,
    -0.01738993637263775,
    0.10629930347204208,
    -0.06408300995826721,
    -0.06984695047140121,
    0.002817817497998476,
    0.04184819012880325,
    -0.02116628922522068,
    0.06328556686639786,
    -0.01478229183703661,
    0.01418484840542078,
    -0.04687034338712692,
    0.017900342121720314,
    0.05122772604227066,
    -0.013062378391623497,
    -0.0015287073329091072,
    0.09944907575845718,
    -0.02271175943315029,
    -0.04712635278701782,
    -0.016959968954324722,
    -0.008103081956505775,
    0.020689882338047028,
    -0.0656663253903389,
    0.07766789942979813,
    -0.051230538636446,
    0.007962748408317566,
    -0.04980257898569107,
    0.04311379790306091,
    0.0020869136787950993,
    -0.06496081501245499,
    -0.041784193366765976,
    -0.019522858783602715,
    -0.0007877526804804802,
    -0.023066703230142593,
    -0.025276707485318184,
    0.04065544530749321,
    -0.028718966990709305,
    -0.002470139181241393,
    -0.01648024655878544,
    -0.02230590581893921,
    0.055491745471954346,
    -0.05439750477671623,
    0.06103511154651642,
    -0.03174491599202156,
    -0.08881266415119171,
    0.0013696795795112848,
    0.0003861656005028635,
    0.04290785267949104,
    -0.040134452283382416,
    -0.01747165434062481,
    0.05566782504320145,
    0.04127936810255051,
    -0.06380441039800644,
    -0.014295121654868126,
    0.04101617634296417,
    0.021768273785710335,
    0.007063078694045544,
    0.06242711842060089,
    0.0003216636541765183,
    -2.2479798378084303e-32,
    0.030986623838543892,
    -0.002660959493368864,
    -0.03951560705900192,
    0.03761561959981918,
    0.05454539135098457,
    0.017603609710931778,
    -0.023817386478185654,
    -0.12179788947105408,
    0.050343409180641174,
    -0.011123276315629482,
    -0.028113650158047676,
    -0.047936562448740005,
    -0.051684487611055374,
    -0.011781039647758007,
    -0.03908634930849075,
    -0.0426020585000515,
    -0.04602057486772537,
    -0.05878765508532524,
    -0.029341429471969604,
    0.0698673352599144,
    0.02152751199901104,
    0.0030754967592656612,
    -0.025623654946684837,
    0.10264164954423904,
    0.006860325112938881,
    0.058183878660202026,
    -0.016153983771800995,
    -0.003586449194699526,
    0.024796267971396446,
    -0.03991443291306496,
    -0.02522462233901024,
    -0.027317825704813004,
    -0.04070734232664108,
    0.002693210495635867,
    -0.09129219502210617,
    -0.16809973120689392,
    0.052791085094213486,
    -0.01202609296888113,
    -0.04392743110656738,
    -0.05700470507144928,
    0.031760893762111664,
    0.07415273040533066,
    -0.04034435376524925,
    -0.021021530032157898,
    0.013728317804634571,
    -0.09619419276714325,
    0.05152998864650726,
    -0.0653897151350975,
    -0.007421774324029684,
    -0.01589161343872547,
    0.014283248223364353,
    -0.038658734411001205,
    0.01627631112933159,
    0.09120816737413406,
    -0.02264009602367878,
    0.08115533739328384,
    0.04520313814282417,
    -0.022545626387000084,
    -0.019093215465545654,
    -0.020473698154091835,
    0.07303182780742645,
    0.05570615828037262,
    -0.02718547359108925,
    0.05700536444783211,
    0.043311335146427155,
    -0.03007718175649643,
    -0.01930387318134308,
    -0.044354815036058426,
    -0.013622712343931198,
    -0.07655191421508789,
    -0.0208014827221632,
    -0.06208686903119087,
    -0.07000135630369186,
    -0.14631053805351257,
    0.09565668553113937,
    -0.03540511056780815,
    -0.017496848478913307,
    -0.10379456728696823,
    -0.07810726016759872,
    -0.026607394218444824,
    0.11555299162864685,
    -0.032457537949085236,
    -0.011606435291469097,
    0.04720206931233406,
    -0.06718754023313522,
    0.07520602643489838,
    0.01630566269159317,
    -0.06610776484012604,
    0.025773294270038605,
    0.11055953055620193,
    -0.0775020644068718,
    0.016103651374578476,
    -0.05279862508177757,
    0.037140145897865295,
    -0.08946350961923599,
    -6.374411753995446e-08,
    -0.0731581524014473,
    0.05003344640135765,
    -0.01989017426967621,
    -0.05290260165929794,
    0.018723709508776665,
    -0.053823988884687424,
    -0.052232977002859116,
    0.03157544508576393,
    -0.07593673467636108,
    -0.049971386790275574,
    0.01447785459458828,
    0.01361419353634119,
    -0.03105967864394188,
    0.01634529046714306,
    0.0791785940527916,
    -0.005823055282235146,
    -0.0862325131893158,
    0.023140721023082733,
    -0.08405889570713043,
    0.05389212816953659,
    -0.08087882399559021,
    -0.06296919286251068,
    -0.10002166032791138,
    -0.015668312087655067,
    0.055361557751894,
    0.0203107800334692,
    -0.05638028681278229,
    0.13863793015480042,
    0.058935172855854034,
    0.05777892470359802,
    0.022541072219610214,
    0.022452056407928467,
    0.058536943048238754,
    -0.059904471039772034,
    -0.05994250997900963,
    -0.03657809644937515,
    0.046264562755823135,
    0.0029374174773693085,
    0.03615046292543411,
    0.0013810989912599325,
    -0.006893906742334366,
    0.07263317704200745,
    0.08418983966112137,
    0.10665060579776764,
    0.025085169821977615,
    -0.04987616837024689,
    -0.05004662275314331,
    0.056862909346818924,
    0.016136473044753075,
    -0.0819224938750267,
    0.011135132983326912,
    -0.009024457074701786,
    0.02863875962793827,
    0.017957234755158424,
    -0.0361810065805912,
    0.048184145241975784,
    0.0671609565615654,
    0.06293042749166489,
    -0.03786780312657356,
    -0.008393867872655392,
    0.16048230230808258,
    0.05454114079475403,
    0.07586134225130081,
    -0.029592258855700493
]