[
    -0.024634459987282753,
    0.010781547985970974,
    -0.012263787910342216,
    -0.010683796368539333,
    0.01724875345826149,
    0.017903465777635574,
    0.009655398316681385,
    0.04297330975532532,
    -0.0629352331161499,
    0.01780584454536438,
    0.058704059571027756,
    -0.021127240732312202,
    0.01958472840487957,
    -0.015242042019963264,
    0.0363268107175827,
    0.04182986170053482,
    0.12483277171850204,
    0.00817163661122322,
    -0.11177094280719757,
    0.04151909798383713,
    0.02679176814854145,
    -0.007756704930216074,
    -0.04301709309220314,
    -0.05381851643323898,
    -0.10335340350866318,
    -0.042302366346120834,
    -0.01191114541143179,
    -0.022734683007001877,
    0.07886714488267899,
    -0.06654037535190582,
    0.020659789443016052,
    0.08551142364740372,
    0.0723656490445137,
    0.037280190736055374,
    -0.02307993546128273,
    -0.011997253634035587,
    -0.001674623810686171,
    -0.012570608407258987,
    0.0323166698217392,
    -0.027957111597061157,
    -0.021911904215812683,
    -0.03950933739542961,
    -0.03512951359152794,
    -0.060243330895900726,
    -0.0319439060986042,
    0.01168152131140232,
    -0.019911084324121475,
    -0.03531523421406746,
    -0.03203195333480835,
    -0.025673262774944305,
    -0.06591162085533142,
    -0.018645046278834343,
    -0.01056667510420084,
    0.025859061628580093,
    -0.05072340741753578,
    -0.01213157456368208,
    -0.03344804048538208,
    0.025648299604654312,
    -0.030488213524222374,
    -0.02185875177383423,
    0.00048580378643237054,
    -0.019923347979784012,
    -0.03310219570994377,
    0.016972657293081284,
    0.012586892582476139,
    0.05330909788608551,
    -0.034169524908065796,
    -0.002894903300330043,
    0.0558285154402256,
    0.05283180624246597,
    0.004162433557212353,
    0.06044486165046692,
    -0.029720554128289223,
    -0.014425596222281456,
    0.009772228077054024,
    -0.01342716719955206,
    0.0040954360738396645,
    -0.01094841305166483,
    0.06302513182163239,
    -0.02144632488489151,
    -0.09011352807283401,
    -0.008666851557791233,
    -0.04734261706471443,
    -0.07698323577642441,
    -0.017189009115099907,
    -0.05967184901237488,
    -0.05975465476512909,
    -0.028904331848025322,
    -0.0063391318544745445,
    0.0609593391418457,
    0.05350211262702942,
    -0.12086847424507141,
    0.02233566716313362,
    -0.010754449293017387,
    0.10766922682523727,
    -0.015874551609158516,
    0.002534204861149192,
    -0.011446130461990833,
    0.06391823291778564,
    -0.0014871088787913322,
    0.043135080486536026,
    0.010033239610493183,
    -0.09111695736646652,
    -0.03481556475162506,
    0.006068134214729071,
    -0.12141432613134384,
    -0.048749879002571106,
    -0.07599495351314545,
    -0.017803387716412544,
    -0.01578671671450138,
    -0.003375838277861476,
    -0.03347485139966011,
    -0.01311261486262083,
    -0.08268262445926666,
    0.03885352611541748,
    0.015789171680808067,
    -0.030938997864723206,
    0.05440452694892883,
    -0.04155367985367775,
    -0.043087925761938095,
    0.019495688378810883,
    0.08110494911670685,
    -0.0027306191623210907,
    -0.024335462599992752,
    -0.01934676431119442,
    -0.04506336897611618,
    -0.07385477423667908,
    1.57722968385458e-32,
    -0.02573513425886631,
    -0.05258946865797043,
    -0.13767267763614655,
    -0.011043449863791466,
    0.07496650516986847,
    -0.0021510650403797626,
    -0.027734000235795975,
    -0.03192716836929321,
    -0.0548475980758667,
    0.11139997094869614,
    0.050196465104818344,
    0.06018143147230148,
    0.03962844982743263,
    -0.14450669288635254,
    -0.02837177738547325,
    0.06882565468549728,
    -0.06714005768299103,
    0.08156594634056091,
    -0.04196810722351074,
    0.051238179206848145,
    0.057888422161340714,
    -0.044000327587127686,
    0.02257954515516758,
    0.050869718194007874,
    -0.05306282266974449,
    -0.045450881123542786,
    0.0944819226861,
    0.006231402978301048,
    0.03625974804162979,
    0.013455216772854328,
    0.014290953055024147,
    0.0034329467453062534,
    0.03185708820819855,
    0.005410294514149427,
    0.06737936288118362,
    0.11088688671588898,
    -0.020411046221852303,
    -0.02428678423166275,
    0.08586642891168594,
    -0.03698059543967247,
    -0.060144081711769104,
    -0.012534096837043762,
    0.029708174988627434,
    -0.060299962759017944,
    0.022114671766757965,
    0.03601895645260811,
    -0.03331930562853813,
    -0.03503121808171272,
    0.01799153722822666,
    0.0522645004093647,
    -0.009296633303165436,
    0.00619706604629755,
    0.09214387834072113,
    0.0075968480668962,
    0.0027417426463216543,
    0.023323912173509598,
    -0.07153434306383133,
    0.10347524285316467,
    -0.050339777022600174,
    0.0018856726819649339,
    0.023729655891656876,
    0.035280514508485794,
    -0.0517791323363781,
    0.03854723647236824,
    -0.023376688361167908,
    -0.038281023502349854,
    -0.0439029298722744,
    -0.057985205203294754,
    0.03513449430465698,
    -0.09004199504852295,
    0.010125624015927315,
    0.009824426844716072,
    0.0062136417254805565,
    0.019301269203424454,
    -0.034908752888441086,
    -0.04206281900405884,
    0.001863256562501192,
    -0.013150752522051334,
    0.06673255562782288,
    -0.0599273256957531,
    -0.11768805980682373,
    0.05294947698712349,
    0.0344572514295578,
    0.02996227517724037,
    -0.021836578845977783,
    -0.008558550849556923,
    -0.02485186792910099,
    -0.031442880630493164,
    -0.02388022281229496,
    -0.004941029008477926,
    0.09748368710279465,
    0.017868975177407265,
    -0.0739545002579689,
    0.017127180472016335,
    0.03951869159936905,
    -1.633071542990393e-32,
    0.0344633124768734,
    -0.035749200731515884,
    -0.0755474641919136,
    -0.019017107784748077,
    0.07997362315654755,
    0.06697185337543488,
    -0.006045076996088028,
    -0.061882179230451584,
    0.04533107578754425,
    -0.02556474506855011,
    -0.06708040833473206,
    -0.01779245026409626,
    0.0615229569375515,
    -0.01506019663065672,
    -0.08435306698083878,
    -0.07477394491434097,
    -0.020981794223189354,
    1.4738707250216976e-05,
    0.054469674825668335,
    0.0968451127409935,
    0.14813359081745148,
    -0.01735612563788891,
    0.012791486456990242,
    0.07693324983119965,
    0.0002291309501742944,
    -0.05027309060096741,
    -0.06136975809931755,
    -0.08447137475013733,
    0.004534044768661261,
    -0.016594454646110535,
    -0.06923975050449371,
    -0.03954044356942177,
    -0.10111358016729355,
    -0.000736360321752727,
    -0.005969338584691286,
    -0.13898780941963196,
    0.12665127217769623,
    -0.039972808212041855,
    -0.04316873103380203,
    -0.028146959841251373,
    -0.01176239363849163,
    0.09294577687978745,
    0.033596333116292953,
    -0.056560177356004715,
    0.016146983951330185,
    -0.013135675340890884,
    0.05968673527240753,
    -0.04143030196428299,
    0.05714736506342888,
    -0.09830038249492645,
    0.039886992424726486,
    -0.0494970828294754,
    0.061509475111961365,
    0.04837019369006157,
    -0.03419998660683632,
    0.02790028229355812,
    0.037338148802518845,
    -0.06308108568191528,
    -0.03581925481557846,
    0.027553562074899673,
    0.07891469448804855,
    0.06711520254611969,
    -0.059708643704652786,
    -0.025763364508748055,
    0.03556618094444275,
    0.011744600720703602,
    -0.09846629947423935,
    -0.03461606800556183,
    0.0016729559283703566,
    -0.055987391620874405,
    0.0058968886733055115,
    -0.0979829654097557,
    -0.09812034666538239,
    -0.055169302970170975,
    0.11999023705720901,
    0.026940781623125076,
    -0.03329402953386307,
    -0.07256773114204407,
    -0.07863494008779526,
    -0.031040377914905548,
    -0.0043294476345181465,
    0.01941540092229843,
    -0.030148854479193687,
    0.05568668246269226,
    -0.010355242528021336,
    0.05790935084223747,
    0.056802451610565186,
    -0.0365205816924572,
    0.033638209104537964,
    0.06422325223684311,
    -0.01903664506971836,
    0.028663698583841324,
    0.02045937068760395,
    0.02302415855228901,
    -0.05184794217348099,
    -5.0888864677745005e-08,
    -0.03907106816768646,
    -0.004005536437034607,
    0.004981019534170628,
    -0.033522386103868484,
    -0.014819441363215446,
    -0.031673986464738846,
    -0.02302568405866623,
    -0.022347770631313324,
    -0.060294900089502335,
    -0.06400138884782791,
    0.0045112911611795425,
    -0.03218752518296242,
    -0.0006886358605697751,
    0.006136811338365078,
    0.06144457310438156,
    -0.012413290329277515,
    0.004609174560755491,
    0.05129333585500717,
    -0.05032836273312569,
    0.032842446118593216,
    0.0011406653793528676,
    -0.020544545724987984,
    -0.04654247686266899,
    0.025371655821800232,
    0.0171242356300354,
    0.002963404403999448,
    0.005620410665869713,
    0.04031798243522644,
    0.005267374683171511,
    0.02511390671133995,
    -0.022257402539253235,
    0.05404094606637955,
    0.02537744864821434,
    -0.09451358020305634,
    -0.07186850905418396,
    0.0018276034388691187,
    -0.00121791020501405,
    -0.016189031302928925,
    0.05429505184292793,
    0.041774194687604904,
    -0.0425412543118,
    0.04663130268454552,
    0.07709981501102448,
    0.0895751565694809,
    0.039245620369911194,
    -0.010393243283033371,
    -0.045051030814647675,
    0.028728662058711052,
    -0.012500401586294174,
    -0.03595252335071564,
    0.002716090762987733,
    0.004949571564793587,
    0.010215148329734802,
    -0.03690946102142334,
    0.01863190345466137,
    0.13723120093345642,
    0.1352871209383011,
    0.05355413258075714,
    -0.04706861823797226,
    -0.02169247902929783,
    0.13748116791248322,
    0.1256984919309616,
    0.010588739067316055,
    0.03481394052505493
]