[
    -0.03004089929163456,
    0.04142437502741814,
    -0.007338324096053839,
    -0.02582412399351597,
    -0.027136389166116714,
    0.04610837623476982,
    -0.017201581969857216,
    -0.053933367133140564,
    0.028198128566145897,
    0.02865907922387123,
    0.0055601042695343494,
    -0.05887768790125847,
    0.010509341023862362,
    -0.008318513631820679,
    0.07171451300382614,
    -0.014682999812066555,
    0.0424986258149147,
    0.052656203508377075,
    -0.08659662306308746,
    0.02252792939543724,
    0.003907454200088978,
    0.04684775322675705,
    -0.03899617865681648,
    -0.010533896274864674,
    -0.16558045148849487,
    -0.0583326518535614,
    -0.027250926941633224,
    -0.06632614880800247,
    0.04477512836456299,
    -0.07172274589538574,
    0.02909136191010475,
    0.01713065430521965,
    0.03394400700926781,
    0.1072409525513649,
    -0.01794648915529251,
    0.05400441214442253,
    0.055744778364896774,
    -0.04048331081867218,
    -0.02469131350517273,
    0.01718812994658947,
    -0.03031342662870884,
    -0.012369940988719463,
    -0.04328515753149986,
    -0.025258179754018784,
    0.021569861099123955,
    0.0176099706441164,
    0.025500310584902763,
    -0.00935062300413847,
    -0.05645602196455002,
    -0.0514908991754055,
    -0.06188929080963135,
    -0.05173906683921814,
    -0.012349274940788746,
    0.09362172335386276,
    -0.0661836639046669,
    -0.018211709335446358,
    -0.013172468170523643,
    -0.01538149081170559,
    -0.0627332478761673,
    0.011929601430892944,
    0.046481747180223465,
    0.018118176609277725,
    -0.05238309130072594,
    0.06724588572978973,
    -0.0650249719619751,
    0.040350645780563354,
    -0.015295617282390594,
    -0.004931387957185507,
    0.021159518510103226,
    0.002601672662422061,
    -0.049593500792980194,
    0.0011346989776939154,
    0.033125702291727066,
    0.02928386628627777,
    -0.017326204106211662,
    0.006492980290204287,
    -0.04932033643126488,
    0.032897550612688065,
    0.049646493047475815,
    -0.11709750443696976,
    -0.028818093240261078,
    0.04920640587806702,
    -0.02516089752316475,
    0.13445837795734406,
    -0.03455676883459091,
    -0.05956701934337616,
    -0.014237945899367332,
    -0.03163571655750275,
    -0.09530968219041824,
    -0.003398407017812133,
    0.09969297051429749,
    -0.0874488428235054,
    0.1101224273443222,
    -0.025693466886878014,
    0.04325756058096886,
    -0.017979586496949196,
    0.0031039004679769278,
    -0.004370481241494417,
    0.028825659304857254,
    -0.01581321842968464,
    -0.01889864355325699,
    -0.004278548061847687,
    -0.05477610602974892,
    -0.010660908184945583,
    -0.06516110897064209,
    -0.04909383878111839,
    -0.03722045198082924,
    -0.03324788808822632,
    -0.028636930510401726,
    0.025371477007865906,
    -0.004507880657911301,
    -0.022508684545755386,
    -0.09847459197044373,
    -0.11288870126008987,
    0.0835089236497879,
    -0.02925785444676876,
    -0.03269582986831665,
    0.07460111379623413,
    -0.015396093018352985,
    -0.04039052128791809,
    0.003947216086089611,
    0.025715818628668785,
    -0.1103491485118866,
    -0.07289371639490128,
    0.019407086074352264,
    0.024158023297786713,
    -0.010784457437694073,
    1.8648894614849115e-32,
    -0.011321322992444038,
    0.09547109156847,
    -0.058484192937612534,
    0.004921709652990103,
    0.03113844059407711,
    0.04022965207695961,
    0.035191554576158524,
    0.029003946110606194,
    -0.008458704687654972,
    0.09737440943717957,
    -0.0165143683552742,
    0.04899061843752861,
    -0.007882587611675262,
    -0.07389242202043533,
    -0.11318441480398178,
    0.04335706681013107,
    -0.0062245591543614864,
    0.12905572354793549,
    -0.04687603563070297,
    0.0286653283983469,
    0.011665533296763897,
    0.018807392567396164,
    0.014779282733798027,
    -0.003845848608762026,
    0.020485354587435722,
    -0.031029412522912025,
    0.04440998658537865,
    -0.034036099910736084,
    0.029502205550670624,
    0.014707853086292744,
    0.05596768483519554,
    0.03826165944337845,
    0.04061521217226982,
    0.030771641060709953,
    0.025889696553349495,
    0.07854616641998291,
    0.013491491787135601,
    -0.06313835829496384,
    0.046514060348272324,
    -0.06369219720363617,
    -0.06748495250940323,
    0.025006622076034546,
    -0.0031066816300153732,
    -0.026291383430361748,
    -0.010576128028333187,
    0.006595485843718052,
    -0.0015652902657166123,
    -0.04774723947048187,
    0.04821281135082245,
    0.06979890167713165,
    0.00048568594502285123,
    0.000854350277222693,
    0.11390013247728348,
    0.027361813932657242,
    0.08019541949033737,
    0.004709274973720312,
    0.007883229292929173,
    -0.0044733136892318726,
    -0.03324182331562042,
    0.04437015578150749,
    0.02164621837437153,
    0.03794342279434204,
    -0.034576717764139175,
    0.04083330184221268,
    -0.0172144565731287,
    -0.08621914684772491,
    -0.008947376161813736,
    -0.08901890367269516,
    0.06416640430688858,
    -0.0634339228272438,
    -0.09496277570724487,
    0.08160511404275894,
    0.035980090498924255,
    0.020541347563266754,
    -0.08451943844556808,
    -0.07259348034858704,
    -0.022963296622037888,
    -0.01305002998560667,
    0.03229089826345444,
    0.015718281269073486,
    -0.10004248470067978,
    -0.0342620424926281,
    0.08220875263214111,
    0.04097048565745354,
    -0.010515551082789898,
    -0.030116833746433258,
    0.018394239246845245,
    -0.022341452538967133,
    0.011522251181304455,
    0.02746019884943962,
    -0.046275682747364044,
    -0.018237899988889694,
    -0.010437740944325924,
    0.14360950887203217,
    0.01571313664317131,
    -1.7455747277613354e-32,
    0.014831457287073135,
    -0.053500283509492874,
    -0.09436032176017761,
    0.016529960557818413,
    0.017156681045889854,
    0.015702947974205017,
    -0.042571526020765305,
    -0.08147970587015152,
    0.09801756590604782,
    0.04144970327615738,
    -0.017113255336880684,
    -0.04508016258478165,
    -0.06079035624861717,
    -0.02045494318008423,
    -0.05675007775425911,
    -0.03717944398522377,
    -0.009177576750516891,
    -0.06107647344470024,
    0.0364990271627903,
    0.05262969806790352,
    0.022426027804613113,
    0.021421248093247414,
    -0.00533853005617857,
    0.009582646191120148,
    0.017859216779470444,
    -0.0027558940928429365,
    0.044204048812389374,
    -0.05368582531809807,
    0.06924978643655777,
    -0.006944731343537569,
    0.0065285684540867805,
    -0.04865455627441406,
    -0.06858628988265991,
    0.026727495715022087,
    -0.09040316939353943,
    -0.1430767923593521,
    0.10598333179950714,
    -0.05309203267097473,
    -0.017409928143024445,
    -0.02610010653734207,
    0.07659134268760681,
    0.06686994433403015,
    0.015630286186933517,
    0.025071492418646812,
    0.020348098129034042,
    -0.04790493845939636,
    0.03986314311623573,
    -0.030696772038936615,
    0.025094857439398766,
    -0.03541741892695427,
    0.008244253695011139,
    -0.061940647661685944,
    0.011177697218954563,
    0.06289418786764145,
    0.001113568083383143,
    0.07137306779623032,
    0.0009208653937093914,
    -0.036167021840810776,
    -0.05739971622824669,
    -0.010991415940225124,
    0.11769364774227142,
    0.055429380387067795,
    -0.03774985671043396,
    -0.00788672175258398,
    0.07599104195833206,
    -0.021141450852155685,
    0.0005173812969587743,
    -0.01146060973405838,
    0.003012476721778512,
    -0.051686469465494156,
    -0.05806729197502136,
    -0.14086221158504486,
    -0.05175960808992386,
    -0.07449944317340851,
    0.10307049006223679,
    -0.023788711056113243,
    -0.10073745250701904,
    -0.12782946228981018,
    -0.1146705150604248,
    0.06948360055685043,
    0.044027265161275864,
    -0.018946273252367973,
    -0.04181913658976555,
    0.07121074199676514,
    0.014328695833683014,
    0.05887964367866516,
    0.10425319522619247,
    0.003555945586413145,
    0.04305074363946915,
    0.04930805787444115,
    -0.029327750205993652,
    -0.043708253651857376,
    0.010514392517507076,
    0.019244765862822533,
    -0.03199704363942146,
    -5.381852474783955e-08,
    -0.03739006817340851,
    0.005649034399539232,
    -0.007441894616931677,
    -0.0741317868232727,
    -0.030320169404149055,
    -0.06832171231508255,
    -0.004170023370534182,
    0.05905868858098984,
    -0.028258295729756355,
    -0.050592806190252304,
    0.02777126431465149,
    -0.02836436778306961,
    -0.029172899201512337,
    -0.042303603142499924,
    0.09357167780399323,
    -0.061393238604068756,
    -0.04672710970044136,
    -0.01550963893532753,
    -0.0644432008266449,
    0.042708322405815125,
    0.005812067538499832,
    -0.01912880130112171,
    -0.0616626963019371,
    0.005018934607505798,
    0.04380502551794052,
    -0.027373263612389565,
    0.023182928562164307,
    0.03974713385105133,
    0.020382214337587357,
    0.07877936214208603,
    -0.04094315692782402,
    0.015130526386201382,
    0.04960138723254204,
    -0.04115736484527588,
    -0.02106883004307747,
    0.027972709387540817,
    -0.002469857921823859,
    0.014999580569565296,
    0.05644560605287552,
    -0.04806977137923241,
    -0.036181651055812836,
    0.028597744181752205,
    0.05416882783174515,
    0.09226982295513153,
    0.04601990059018135,
    -0.021136237308382988,
    -0.05774432420730591,
    0.03921334818005562,
    0.008930373005568981,
    -0.0991760641336441,
    -0.025809815153479576,
    -0.008450341410934925,
    -0.002540710847824812,
    0.05259251222014427,
    -0.010554628446698189,
    0.06945201009511948,
    0.09343048185110092,
    0.0032343880739063025,
    -0.01726979948580265,
    0.01304960809648037,
    0.0969674214720726,
    0.05989141762256622,
    0.025412751361727715,
    -0.014945892617106438
]