[
    -0.013926098123192787,
    0.04091012850403786,
    -0.025087399408221245,
    -0.05136989802122116,
    -0.03619871661067009,
    0.05822332203388214,
    -0.06467688083648682,
    0.00770622817799449,
    -0.08414721488952637,
    0.04626111686229706,
    -0.004948132671415806,
    -0.0852813720703125,
    0.016860580071806908,
    0.010452819056808949,
    0.04469137638807297,
    -0.009898047894239426,
    0.03929205983877182,
    0.010555523447692394,
    -0.09131757915019989,
    -0.001575274160131812,
    0.08499620109796524,
    0.04952533170580864,
    -0.10321575403213501,
    -0.03516928479075432,
    -0.12511391937732697,
    -0.012726523913443089,
    -0.015058773569762707,
    -0.03450803831219673,
    0.04024385288357735,
    -0.058173052966594696,
    -0.004771631211042404,
    0.010798819363117218,
    0.028746426105499268,
    0.047089364379644394,
    0.024769295006990433,
    -0.017644410952925682,
    0.03227647766470909,
    -0.014294126071035862,
    0.011612647213041782,
    0.0014009427977725863,
    -0.0979456827044487,
    -0.03187541291117668,
    -0.026984546333551407,
    -0.030920254066586494,
    0.008943509310483932,
    -0.045037973672151566,
    -0.02909577451646328,
    -0.06838149577379227,
    -0.05685562267899513,
    -0.029781006276607513,
    -0.06629724055528641,
    0.016945255920290947,
    0.017727339640259743,
    0.013505030423402786,
    -0.04807375743985176,
    -0.03660900890827179,
    -0.008953897282481194,
    0.04063504934310913,
    -0.05759299546480179,
    -0.02910899557173252,
    0.0021287209820002317,
    -0.00776384212076664,
    -0.06242229789495468,
    0.07097811251878738,
    -0.011773920617997646,
    0.05665245279669762,
    -0.05735722929239273,
    -0.07457438856363297,
    0.025133145973086357,
    -0.019638875499367714,
    -0.10488516092300415,
    0.0164421908557415,
    -0.04142530634999275,
    0.05373753607273102,
    -0.012931152246892452,
    -0.00281695369631052,
    -0.010937168262898922,
    0.01906692609190941,
    0.05173493176698685,
    -0.11226583272218704,
    -0.0698789432644844,
    0.044958557933568954,
    -0.04399533197283745,
    0.05972747877240181,
    0.012425157241523266,
    -0.033086009323596954,
    -0.026736155152320862,
    -0.02988709695637226,
    0.03110472857952118,
    0.027252860367298126,
    0.10282242298126221,
    -0.08937321603298187,
    0.0895325168967247,
    -0.03132597357034683,
    0.05101190507411957,
    -0.00997274462133646,
    0.0013968651182949543,
    -0.06308804452419281,
    0.05839972570538521,
    -0.01898415945470333,
    0.007278033997863531,
    -0.01781526394188404,
    -0.07006428390741348,
    -0.014347543939948082,
    -0.061661992222070694,
    -0.03295131400227547,
    0.04532459378242493,
    0.016035187989473343,
    0.0042049516923725605,
    0.01928204856812954,
    0.004107397980988026,
    0.022779041901230812,
    -0.007250756025314331,
    -0.1058511734008789,
    0.042481303215026855,
    -0.04312192648649216,
    -0.02480458654463291,
    0.05765485763549805,
    -0.008407505229115486,
    -0.03917202726006508,
    -0.04336821660399437,
    -0.002671342110261321,
    -0.0037556500174105167,
    -0.10452336072921753,
    0.02175285294651985,
    0.005699375178664923,
    -0.013506680727005005,
    1.8345574460666748e-32,
    -0.0443827249109745,
    -0.019845375791192055,
    -0.08043023198843002,
    0.047787945717573166,
    0.006430884823203087,
    -0.022055111825466156,
    0.03870021924376488,
    -0.008800437673926353,
    -0.07953540980815887,
    0.05101293697953224,
    0.0302650798112154,
    0.056061338633298874,
    -0.048517849296331406,
    -0.03314538300037384,
    0.010037112981081009,
    -0.011517577804625034,
    0.035902753472328186,
    0.06518862396478653,
    -0.003268364816904068,
    0.05083692818880081,
    0.020742494612932205,
    -0.04636463522911072,
    0.07516311854124069,
    -0.012209055945277214,
    0.05360467731952667,
    -0.000592678552493453,
    0.019390996545553207,
    -0.0006555976578965783,
    -0.004594774451106787,
    0.01885922998189926,
    0.07574407756328583,
    0.013902471400797367,
    0.017931561917066574,
    -0.027113061398267746,
    0.02887422777712345,
    0.08857272565364838,
    0.05095790699124336,
    -0.03876420855522156,
    0.06699878722429276,
    -0.10882099717855453,
    -0.05625927075743675,
    -0.024686254560947418,
    0.048328325152397156,
    0.03743806853890419,
    0.005371032748371363,
    -0.03684105724096298,
    -0.019259216263890266,
    -0.0026266102213412523,
    0.08095403015613556,
    0.07375269383192062,
    -0.009926090948283672,
    -0.0227106511592865,
    0.09417661279439926,
    -0.01938049867749214,
    0.013105177320539951,
    -0.009686783887445927,
    -0.053120147436857224,
    0.028980400413274765,
    -0.06383203715085983,
    0.0894908607006073,
    -0.04577178880572319,
    0.03963664919137955,
    -0.05009656026959419,
    0.010070297867059708,
    0.02469537779688835,
    -0.09048651903867722,
    -0.029686879366636276,
    -0.04339538887143135,
    0.041517019271850586,
    -0.029069850221276283,
    -0.07735515385866165,
    0.005304152611643076,
    0.05473852902650833,
    0.0329061821103096,
    -0.016829470172524452,
    -0.06397099792957306,
    0.0387529581785202,
    -0.009706408716738224,
    0.023262137547135353,
    -0.05196383222937584,
    -0.12277808785438538,
    0.0451282300055027,
    0.029199698939919472,
    0.005175335332751274,
    0.0644865557551384,
    -0.027147747576236725,
    0.02024398371577263,
    0.04826951399445534,
    -0.010343003086745739,
    -0.03912883251905441,
    0.006022800225764513,
    -0.0052357991226017475,
    0.022121161222457886,
    0.07819560915231705,
    0.048336248844861984,
    -1.7783116576845607e-32,
    0.020047487691044807,
    -0.05380946770310402,
    -0.057332053780555725,
    0.0042659989558160305,
    0.03183567896485329,
    0.016859203577041626,
    -0.06956515461206436,
    -0.11136648803949356,
    0.09331925213336945,
    -0.032818444073200226,
    0.03059522435069084,
    -0.06000681221485138,
    0.009008355438709259,
    0.018409064039587975,
    -0.09069536626338959,
    -0.03280290961265564,
    -0.1246865764260292,
    -0.028536111116409302,
    0.05340171977877617,
    0.10734108090400696,
    0.004537287168204784,
    0.020033735781908035,
    -0.03588061407208443,
    0.06251030415296555,
    -0.010664374567568302,
    0.03470901772379875,
    -0.05260055884718895,
    -0.03381876274943352,
    0.03543934226036072,
    0.02216815948486328,
    0.007721833419054747,
    -0.11707152426242828,
    -0.07160988450050354,
    0.08646609634160995,
    -0.08013717830181122,
    -0.23096120357513428,
    0.07083725184202194,
    -0.0684850811958313,
    -0.038797035813331604,
    0.028272878378629684,
    -0.011703929863870144,
    0.08910047262907028,
    0.022446943446993828,
    0.012604393064975739,
    0.013197274878621101,
    -0.00590403750538826,
    0.0720212310552597,
    -0.01242733746767044,
    -0.018360484391450882,
    -0.06603366136550903,
    0.04879777878522873,
    -0.027743622660636902,
    -0.0008644890622235835,
    0.047282032668590546,
    -0.012461713515222073,
    0.04451947659254074,
    0.043938275426626205,
    0.02033001370728016,
    -0.015616800636053085,
    0.03270867094397545,
    0.0394878163933754,
    0.08413049578666687,
    0.039758000522851944,
    0.014685598202049732,
    0.09803962707519531,
    -0.02611406147480011,
    -0.04045608267188072,
    -0.043630797415971756,
    -0.03121493011713028,
    -0.03176970034837723,
    -0.0493839792907238,
    -0.12226582318544388,
    -0.028512319549918175,
    -0.02519940212368965,
    0.11693780869245529,
    -0.04130258038640022,
    -0.04088836535811424,
    -0.06693634390830994,
    -0.05221094191074371,
    0.02529953047633171,
    0.005415581166744232,
    0.06781373172998428,
    -0.08687504380941391,
    0.05074634775519371,
    -0.018075665459036827,
    0.1090366467833519,
    0.05275290086865425,
    -0.006319697014987469,
    0.10770413279533386,
    0.06586107611656189,
    -0.04709719866514206,
    -0.012457307428121567,
    0.034101929515600204,
    0.030557192862033844,
    -0.053040873259305954,
    -5.373383160645062e-08,
    -0.03064928576350212,
    0.048654258251190186,
    -0.06701842695474625,
    -0.0016924845986068249,
    -0.037753500044345856,
    0.030152106657624245,
    -0.004408240783959627,
    -0.07203716039657593,
    -0.07435678690671921,
    -0.15913571417331696,
    0.037470538169145584,
    0.024291101843118668,
    -0.0318562351167202,
    0.003028717590495944,
    0.04435543715953827,
    -0.06655330955982208,
    -0.02262384444475174,
    0.06714420020580292,
    -0.06024850904941559,
    0.06656248867511749,
    0.0020269881933927536,
    -0.04543931782245636,
    -0.0641922876238823,
    0.06406925618648529,
    0.025718042626976967,
    -0.025466900318861008,
    -0.021162493154406548,
    0.030742347240447998,
    0.0364006906747818,
    0.07116793096065521,
    0.020478080958127975,
    0.041516076773405075,
    0.0526014044880867,
    -0.030584895983338356,
    -0.0038840994238853455,
    -0.008194336667656898,
    -0.045895516872406006,
    0.021148795261979103,
    0.058865923434495926,
    0.04464821144938469,
    -0.005261566955596209,
    0.07159930467605591,
    0.060781046748161316,
    0.07520303130149841,
    0.0028240003157407045,
    -0.0022229275200515985,
    -0.04146561026573181,
    0.030550450086593628,
    0.026936952024698257,
    -0.08534261584281921,
    -0.05065867304801941,
    -0.0780089944601059,
    -0.008386504836380482,
    0.018950752913951874,
    -0.014556784182786942,
    0.050324227660894394,
    0.03979084640741348,
    0.04239293187856674,
    -0.03161713480949402,
    -0.021404188126325607,
    0.09403042495250702,
    0.07481633126735687,
    0.02534404769539833,
    0.015148362144827843
]