[
    -0.017795206978917122,
    -0.0079902159050107,
    -0.021514201536774635,
    -0.11050622165203094,
    0.004523709416389465,
    0.03303784504532814,
    0.00419785687699914,
    0.01494650449603796,
    -0.04984936863183975,
    -0.009011097252368927,
    -0.01698608137667179,
    -0.015660826116800308,
    0.025895506143569946,
    0.008807193487882614,
    0.09615310281515121,
    -0.02084539644420147,
    0.04714244604110718,
    0.06918411701917648,
    -0.051915720105171204,
    0.11060261726379395,
    0.06008943170309067,
    0.0778285562992096,
    -0.07909916341304779,
    0.032193828374147415,
    -0.10694445669651031,
    0.015524826012551785,
    -0.05369767174124718,
    -0.0691363662481308,
    0.07960052788257599,
    -0.04502027481794357,
    0.0036140207666903734,
    0.010064356960356236,
    0.0278455950319767,
    0.070376455783844,
    -0.0033194157294929028,
    -0.04133967310190201,
    0.02666347660124302,
    0.012827434577047825,
    -0.02281196601688862,
    0.03009454347193241,
    -0.014096295461058617,
    0.026817897334694862,
    -0.06009413301944733,
    0.03135569766163826,
    0.058203913271427155,
    0.01722089946269989,
    -0.05039751157164574,
    -0.03700900450348854,
    -0.02359084226191044,
    -0.006735364906489849,
    -0.05855628848075867,
    -0.04749705642461777,
    -0.06183449551463127,
    0.050917576998472214,
    -0.022204842418432236,
    -0.06789195537567139,
    0.013572811149060726,
    0.05112748593091965,
    -0.04648764058947563,
    -0.007965868338942528,
    0.04221324622631073,
    -0.014645963907241821,
    -0.0052465759217739105,
    0.02537076734006405,
    -0.03071632608771324,
    0.019610552117228508,
    -0.0008595664985477924,
    -0.07016409933567047,
    0.006445617415010929,
    0.03251466900110245,
    -0.11067049950361252,
    -0.01399369165301323,
    -0.012774057686328888,
    0.06104745715856552,
    -0.045166708528995514,
    -0.01799064315855503,
    -0.05298018455505371,
    0.04083527252078056,
    0.05086102709174156,
    -0.13498757779598236,
    -0.05652683600783348,
    0.021236829459667206,
    0.033485960215330124,
    0.04263436049222946,
    -0.043914321810007095,
    -0.04978969320654869,
    -0.012207679450511932,
    -0.03339143469929695,
    -0.0626000463962555,
    -0.02850526198744774,
    0.06302578747272491,
    -0.1038617417216301,
    0.13445401191711426,
    -0.03631892055273056,
    0.0604839026927948,
    0.0025142058730125427,
    -0.003450209740549326,
    -0.07315875589847565,
    0.07257126271724701,
    -0.04284322261810303,
    -0.03350689634680748,
    0.004151124507188797,
    -0.026365872472524643,
    0.02020736038684845,
    -0.05425933003425598,
    -0.054546765983104706,
    0.015087483450770378,
    -0.0038599723484367132,
    0.04361067712306976,
    0.006001315079629421,
    0.005581417120993137,
    0.021080294623970985,
    -0.06454452872276306,
    -0.08760163187980652,
    0.03945789113640785,
    -0.03534702956676483,
    0.008729557506740093,
    0.038413889706134796,
    0.010383188724517822,
    -0.012575298547744751,
    -0.034895021468400955,
    -0.03947829455137253,
    -0.014703758992254734,
    -0.10942894220352173,
    0.005405024159699678,
    -0.008207310922443867,
    -0.03041026182472706,
    2.0434248659189452e-32,
    -0.020443953573703766,
    -0.008613435551524162,
    -0.0999273881316185,
    0.03582688421010971,
    0.058340974152088165,
    -0.0021270106080919504,
    0.04287178814411163,
    0.029505878686904907,
    -0.04766659066081047,
    0.06821786612272263,
    0.007253611925989389,
    0.05977195128798485,
    -0.019653670489788055,
    0.0075291236862540245,
    -0.04098944365978241,
    -0.0012113265693187714,
    0.007247460074722767,
    0.058324702084064484,
    0.01791641302406788,
    0.04222404211759567,
    0.008250712417066097,
    0.003405587049201131,
    0.002340535633265972,
    -0.00044664391316473484,
    0.004740808624774218,
    0.00852108933031559,
    -0.02060779556632042,
    -0.017063628882169724,
    -0.02417931891977787,
    0.011398067697882652,
    0.05242914706468582,
    0.00655387295410037,
    0.036771260201931,
    -0.03493020683526993,
    0.04127126932144165,
    0.068586066365242,
    0.06534945964813232,
    -0.04550313949584961,
    0.09729079902172089,
    -0.11523067951202393,
    -0.010662666521966457,
    -0.021838970482349396,
    0.017325928434729576,
    0.021735787391662598,
    0.04977836832404137,
    0.03244598209857941,
    -0.029393529519438744,
    0.005171278025954962,
    0.04779559001326561,
    0.04161251336336136,
    -0.060258179903030396,
    -0.003963355906307697,
    0.03142637759447098,
    -0.05947926267981529,
    0.02005154639482498,
    -0.017384596168994904,
    -0.12832751870155334,
    0.06667136400938034,
    -0.09650681912899017,
    0.05561725050210953,
    0.04426229000091553,
    0.06867816299200058,
    -0.006314976140856743,
    0.05417950451374054,
    -0.013757877051830292,
    -0.06780901551246643,
    -0.018041448667645454,
    -0.08885762095451355,
    0.053765129297971725,
    0.030768882483243942,
    -0.0516720786690712,
    0.09743142873048782,
    -0.0049500009045004845,
    0.030702859163284302,
    -0.021464878693223,
    -0.04509725421667099,
    0.027737408876419067,
    -0.052633073180913925,
    -0.0055428496561944485,
    -0.02308810129761696,
    -0.14002667367458344,
    0.07313872873783112,
    0.0370667539536953,
    0.040608491748571396,
    -0.012746510095894337,
    -0.023423034697771072,
    0.053748857229948044,
    0.031105974689126015,
    -0.024378366768360138,
    -0.0390472412109375,
    -0.013876822777092457,
    -0.019810128957033157,
    0.050597913563251495,
    0.051664236932992935,
    0.0006967806839384139,
    -2.0172518964507116e-32,
    0.04465053603053093,
    -0.032753974199295044,
    -0.023280786350369453,
    -0.0201009102165699,
    0.010583089664578438,
    0.02402929961681366,
    -0.02849721536040306,
    -0.09371144324541092,
    0.08348892629146576,
    -0.008295257575809956,
    0.030984170734882355,
    -0.04887053743004799,
    -0.008317863568663597,
    -0.0030312445014715195,
    -0.045257747173309326,
    -0.022172123193740845,
    -0.11796198040246964,
    -0.04354902356863022,
    0.01147813443094492,
    0.08441958576440811,
    -0.004473669920116663,
    -0.029817843809723854,
    -0.019290219992399216,
    0.0990513414144516,
    0.0471283383667469,
    0.03067673183977604,
    -0.04649867117404938,
    -0.012559677474200726,
    0.07264697551727295,
    -0.02558620274066925,
    -0.027941081672906876,
    -0.05339306220412254,
    -0.027944166213274002,
    0.03272738307714462,
    -0.16700373589992523,
    -0.16375507414340973,
    0.05924810469150543,
    -0.05142127722501755,
    -0.015273558907210827,
    -0.09590215235948563,
    0.04802963510155678,
    0.03676605224609375,
    -0.013375270180404186,
    -0.02664237655699253,
    0.005800812039524317,
    -0.0507865771651268,
    0.08818606287240982,
    -0.0027580957394093275,
    0.004896898753941059,
    -0.052780717611312866,
    0.06857603788375854,
    -0.06563340127468109,
    0.011409832164645195,
    0.03291323781013489,
    -0.03220386430621147,
    0.0658845379948616,
    0.04326114058494568,
    0.00945309828966856,
    -0.012082426808774471,
    -0.0017102730926126242,
    0.0960819199681282,
    0.07290530204772949,
    -0.035469770431518555,
    0.059569817036390305,
    0.04129437729716301,
    -0.02823430858552456,
    -0.04860309883952141,
    -0.08243507891893387,
    -0.017670083791017532,
    -0.055828943848609924,
    -0.097885861992836,
    -0.10306773334741592,
    -0.07271566987037659,
    -0.029879700392484665,
    0.016690190881490707,
    -0.03955085575580597,
    0.0013170846505090594,
    -0.10401339828968048,
    -0.08728652447462082,
    -0.018315693363547325,
    0.0700640082359314,
    0.030891695991158485,
    -0.0831649899482727,
    0.02945105731487274,
    0.012930694967508316,
    0.07133135944604874,
    0.004396704491227865,
    -0.01659536175429821,
    0.06220509111881256,
    0.07878075540065765,
    -0.07916401326656342,
    -0.009383889846503735,
    -0.04697525501251221,
    0.03377995267510414,
    -0.06415530294179916,
    -5.5045234148565214e-08,
    -0.029112745076417923,
    0.09282705932855606,
    -0.04100387543439865,
    -0.029684314504265785,
    -0.06007745489478111,
    -0.017350515350699425,
    3.20571634802036e-05,
    -0.03311334177851677,
    -0.050567351281642914,
    -0.07802555710077286,
    0.021612679585814476,
    0.044566549360752106,
    -0.04175549000501633,
    -0.013589965179562569,
    0.08469710499048233,
    -0.006987105123698711,
    -0.0641757994890213,
    0.0019127834821119905,
    -0.04270614683628082,
    0.10681650042533875,
    -0.07664921134710312,
    -0.02706567384302616,
    -0.049230996519327164,
    0.011030499823391438,
    0.019253918901085854,
    0.022486798465251923,
    0.015195375308394432,
    0.11376264691352844,
    0.08764045685529709,
    0.05642407387495041,
    0.013794566504657269,
    0.061402495950460434,
    -0.023353200405836105,
    -0.030450113117694855,
    -0.053595468401908875,
    -0.06954950094223022,
    0.004947333596646786,
    0.011292966082692146,
    0.07019346207380295,
    -0.005113138817250729,
    0.034766122698783875,
    -0.01237329188734293,
    0.00026009176508523524,
    0.07838760316371918,
    -0.008713630959391594,
    -0.01608353666961193,
    -0.03772250562906265,
    0.0641661211848259,
    0.058419134467840195,
    -0.07139573991298676,
    -0.009981370531022549,
    -0.003943054471164942,
    0.048339344561100006,
    -0.013878011144697666,
    -0.05426974594593048,
    0.062281932681798935,
    0.019110510125756264,
    0.009527969174087048,
    -0.02366429753601551,
    -0.01399926282465458,
    0.11274095624685287,
    0.06436370313167572,
    0.10073474049568176,
    -0.0515129491686821
]