[
    -0.05812869593501091,
    -0.012114697135984898,
    0.024374336004257202,
    -0.07612931728363037,
    -0.042448077350854874,
    0.036686643958091736,
    -0.03677938133478165,
    -0.023791031911969185,
    0.022549914196133614,
    0.006832501385360956,
    0.012304694391787052,
    -0.023109611123800278,
    0.021677933633327484,
    -0.034890662878751755,
    0.05207594856619835,
    0.01840522140264511,
    0.1148257851600647,
    0.029256390407681465,
    -0.03079276531934738,
    -0.00371597521007061,
    0.021035322919487953,
    -0.010479123331606388,
    -0.047430913895368576,
    -0.038152072578668594,
    -0.08581027388572693,
    0.001424887916073203,
    -0.060852233320474625,
    -0.0647757425904274,
    0.0812487080693245,
    -0.07470758259296417,
    0.05378808081150055,
    0.051468562334775925,
    0.030432401224970818,
    0.02566365897655487,
    0.018510030582547188,
    -0.019304737448692322,
    0.008217004127800465,
    -0.044961512088775635,
    0.10092385113239288,
    -0.0032522508408874273,
    -0.016355277970433235,
    -0.0522598996758461,
    -0.023522740229964256,
    -0.06139726564288139,
    -0.015140293166041374,
    0.0104657132178545,
    -0.013519025407731533,
    0.012673893943428993,
    0.02073390781879425,
    0.03713216632604599,
    -0.06736200302839279,
    -0.05578228831291199,
    -0.03342396020889282,
    0.07899097353219986,
    -0.04675685241818428,
    -0.03668297454714775,
    0.04735620319843292,
    0.02634657360613346,
    -0.011431800201535225,
    -0.004835731349885464,
    -0.03260444849729538,
    0.036007609218358994,
    -0.0643906444311142,
    0.05136946588754654,
    -0.025642555207014084,
    0.029630368575453758,
    -0.013941342942416668,
    -0.022512365132570267,
    0.06314842402935028,
    0.06702201068401337,
    -0.0028349889907985926,
    0.05937901511788368,
    0.030454056337475777,
    0.02952645719051361,
    -0.1090700551867485,
    0.0015106069622561336,
    -0.0022509086411446333,
    -0.01877770386636257,
    0.0010391472605988383,
    -0.12400367856025696,
    -0.06342332065105438,
    0.02790183573961258,
    -0.030181029811501503,
    -0.025882285088300705,
    -0.06739883869886398,
    -0.05108102038502693,
    0.008657842874526978,
    -0.03712991252541542,
    -0.03151458874344826,
    0.035265371203422546,
    0.05704973265528679,
    -0.0714658573269844,
    0.028472470119595528,
    -0.08478451520204544,
    0.0484781339764595,
    -0.007304744329303503,
    -0.010093798860907555,
    0.013111273758113384,
    0.08051283657550812,
    0.003009319305419922,
    0.002298279432579875,
    0.06650179624557495,
    -0.0106311971321702,
    -0.04234359413385391,
    -0.05370877683162689,
    -0.07308024913072586,
    -0.028010603040456772,
    -0.045654911547899246,
    0.02873716875910759,
    0.02839413471519947,
    0.01372975017875433,
    -0.017239052802324295,
    -0.03514202684164047,
    -0.05661832541227341,
    0.08456382155418396,
    -0.031275443732738495,
    -0.014818299561738968,
    0.10320323705673218,
    -0.04504120349884033,
    -0.08267811685800552,
    -0.012498009018599987,
    0.03517904877662659,
    -0.023002976551651955,
    -0.05924157425761223,
    0.04803333431482315,
    -0.03617699444293976,
    -0.010735565796494484,
    1.8227709111477735e-32,
    0.021632704883813858,
    -0.028201626613736153,
    -0.09947547316551208,
    0.07011259347200394,
    0.06859198212623596,
    0.015392671339213848,
    -0.012430587783455849,
    -0.014502955600619316,
    -0.05183114856481552,
    0.07696306705474854,
    -0.005326191894710064,
    0.014452041126787663,
    -0.025691021233797073,
    -0.12306427955627441,
    -0.06086071580648422,
    0.006412547081708908,
    -0.05244465544819832,
    0.061452869325876236,
    -0.056186921894550323,
    0.02564217336475849,
    0.022302307188510895,
    -0.05062916874885559,
    0.04329752177000046,
    0.062318481504917145,
    -0.01501042302697897,
    -0.03260597959160805,
    0.09702815860509872,
    -0.0034647914581000805,
    -0.05862398073077202,
    0.003866303712129593,
    0.04055124521255493,
    -0.018962766975164413,
    0.04537466540932655,
    0.056648027151823044,
    0.08020440489053726,
    0.09484411776065826,
    0.043158065527677536,
    -0.10807593911886215,
    0.07299651950597763,
    -0.053494956344366074,
    -0.08987251669168472,
    0.0013530263677239418,
    0.04161738231778145,
    -0.03606780618429184,
    -0.009671198204159737,
    -0.024884995073080063,
    -0.04367419332265854,
    0.002643770771101117,
    0.0730699747800827,
    0.05042724683880806,
    0.00449580792337656,
    -0.019676312804222107,
    0.04895125329494476,
    -0.04338274523615837,
    0.0170290470123291,
    0.012529724277555943,
    -0.06670311093330383,
    0.05122172459959984,
    0.01433920580893755,
    0.026892023161053658,
    -0.008115509524941444,
    0.04215400665998459,
    -0.05774398893117905,
    0.05706968903541565,
    -0.052337583154439926,
    -0.0654207170009613,
    -0.05458160862326622,
    -0.0841006189584732,
    0.10719799995422363,
    -0.04702908918261528,
    -0.020901430398225784,
    0.04632662236690521,
    0.0003514310228638351,
    0.03644648939371109,
    -0.024187225848436356,
    0.005775380879640579,
    -0.010740037076175213,
    -0.03451993688941002,
    0.030700460076332092,
    0.018906446173787117,
    -0.12127754092216492,
    -0.03088718093931675,
    0.062007416039705276,
    0.06314797699451447,
    0.053540002554655075,
    0.003529634792357683,
    0.03273909538984299,
    -0.04639379307627678,
    -0.0005530688795261085,
    -0.02255396917462349,
    0.042922914028167725,
    0.0006068075890652835,
    -0.007222747430205345,
    -0.012780241668224335,
    0.042627498507499695,
    -1.7402284325170018e-32,
    -0.03007170930504799,
    -0.04449355974793434,
    -0.11375001817941666,
    0.05617779493331909,
    0.0662456825375557,
    0.03783896192908287,
    -0.052654851227998734,
    -0.07669499516487122,
    0.03228749334812164,
    -0.001334198284894228,
    -0.05495885759592056,
    0.0006098326994106174,
    0.01588667742908001,
    -0.016668381169438362,
    -0.09233291447162628,
    -0.05874089151620865,
    0.039968930184841156,
    -0.03089997172355652,
    0.04484308883547783,
    0.061359696090221405,
    0.040176872164011,
    0.026239026337862015,
    0.030006270855665207,
    0.09069080650806427,
    0.057639170438051224,
    -0.01637350209057331,
    0.0025131062138825655,
    -0.03614963963627815,
    0.04310065880417824,
    0.0482977069914341,
    -0.006171073764562607,
    -0.05633266642689705,
    -0.05350973829627037,
    0.05754423141479492,
    -0.06379479914903641,
    -0.11388582736253738,
    0.16538278758525848,
    -0.027677133679389954,
    -0.03189670667052269,
    -0.022393666207790375,
    0.014675772748887539,
    0.09616947174072266,
    0.05460174009203911,
    -0.07891175895929337,
    -0.03186790645122528,
    -0.07005655020475388,
    0.0029833975713700056,
    0.03180035576224327,
    -0.023043639957904816,
    -0.027091043069958687,
    0.0004412015259731561,
    -0.038594815880060196,
    0.010445674881339073,
    -0.020548008382320404,
    -0.04219774901866913,
    0.01319821272045374,
    0.0018102281028404832,
    -0.0110957445576787,
    0.037892863154411316,
    -0.007508218754082918,
    0.052792686969041824,
    0.10998732596635818,
    -0.004111845511943102,
    0.02317429892718792,
    0.06964745372533798,
    -0.00792432390153408,
    -0.06996865570545197,
    0.009508914314210415,
    -0.06003597378730774,
    -0.026865867897868156,
    -0.023559972643852234,
    -0.1563492864370346,
    -0.02695869281888008,
    -0.06284121423959732,
    0.11164886504411697,
    0.023892128840088844,
    -0.028535807505249977,
    -0.07609639316797256,
    -0.07755852490663528,
    -0.01655074954032898,
    0.05160438269376755,
    0.01665428653359413,
    -0.07568489760160446,
    0.054529353976249695,
    -0.024034680798649788,
    0.09946410357952118,
    0.047430820763111115,
    -0.04026374593377113,
    0.025033006444573402,
    0.07597938179969788,
    -0.0703219324350357,
    -0.0016075028106570244,
    0.06128719449043274,
    0.02737717144191265,
    -0.025148823857307434,
    -4.8865338442283246e-08,
    -0.03664432093501091,
    0.008411338552832603,
    0.03888711705803871,
    -0.04294947534799576,
    0.0168717373162508,
    -0.05826990306377411,
    -0.015350080095231533,
    0.007098888512700796,
    -0.06235569715499878,
    -0.08152370154857635,
    0.04633789882063866,
    -0.048412442207336426,
    -0.0015350199537351727,
    -0.050600815564394,
    0.03554113581776619,
    -0.02422499470412731,
    0.01034476887434721,
    -0.01115567609667778,
    -0.11219333112239838,
    -0.02903963066637516,
    -0.013456854037940502,
    -0.03378882259130478,
    -0.07086525112390518,
    0.0683722048997879,
    0.03140733018517494,
    0.007337058894336224,
    -0.018983496353030205,
    0.030099457129836082,
    0.010297360830008984,
    0.05844453349709511,
    -0.07177003473043442,
    0.06586950272321701,
    0.03237374499440193,
    -0.08376938849687576,
    -0.006120484322309494,
    0.05085885152220726,
    -0.019097398966550827,
    0.040518827736377716,
    0.07720247656106949,
    0.04003753140568733,
    -0.07223466038703918,
    -0.0017208431381732225,
    0.08590061217546463,
    0.07081776857376099,
    -0.005107247270643711,
    -0.0069830529391765594,
    -0.06970330327749252,
    0.04510700702667236,
    -0.032689567655324936,
    -0.06528062373399734,
    -0.021804558113217354,
    -0.05057419836521149,
    0.019356654956936836,
    -0.004614266101270914,
    -0.0064095365814864635,
    0.07561082392930984,
    0.12182304263114929,
    0.06168802082538605,
    0.027303587645292282,
    -0.06242549791932106,
    0.12090818583965302,
    0.12336970865726471,
    0.07543836534023285,
    -0.006412919145077467
]