[
    -0.05493023246526718,
    0.09592179208993912,
    -0.04441346228122711,
    -0.06326679140329361,
    0.027724534273147583,
    0.07795888930559158,
    -0.04362138733267784,
    -0.04225633293390274,
    -0.009825452230870724,
    -0.0027752374298870564,
    0.02320941537618637,
    0.0026943846605718136,
    0.03949426859617233,
    -0.05061305686831474,
    0.06090087071061134,
    -0.01321670226752758,
    0.02253103442490101,
    0.033943094313144684,
    -0.105930395424366,
    0.0900300145149231,
    0.04269961640238762,
    0.08916645497083664,
    -0.0417398102581501,
    0.02397555485367775,
    -0.0715000182390213,
    -0.002039735671132803,
    0.029917413368821144,
    -0.09677376598119736,
    0.0065823690965771675,
    0.014637031592428684,
    0.058423567563295364,
    -0.008495677262544632,
    0.0028264892753213644,
    0.08335764706134796,
    -0.03433661162853241,
    -0.0596424862742424,
    -0.011289293877780437,
    0.06329036504030228,
    -0.06624317914247513,
    0.0023888316936790943,
    -0.07869337499141693,
    -0.030756227672100067,
    -0.024386705830693245,
    0.03022131696343422,
    0.05122979357838631,
    0.015168528072535992,
    -0.07626804709434509,
    -0.046091966331005096,
    -0.0021913412492722273,
    0.0696127861738205,
    -0.07647006213665009,
    -0.018097059801220894,
    -0.012296869419515133,
    0.08043913543224335,
    -0.041130490601062775,
    -0.059711236506700516,
    -0.05515775829553604,
    -0.0023288612719625235,
    -0.13356363773345947,
    -0.02542748488485813,
    0.037311334162950516,
    -0.005454566329717636,
    0.025136319920420647,
    0.039351802319288254,
    -0.06404324620962143,
    0.024093732237815857,
    0.004440940450876951,
    -0.043742746114730835,
    0.041242122650146484,
    0.012337017804384232,
    -0.05675799027085304,
    -0.026806887239217758,
    -0.039727598428726196,
    0.07268749177455902,
    0.005140186287462711,
    -0.007294151466339827,
    -0.01969793625175953,
    0.029259514063596725,
    0.040515124797821045,
    -0.13755038380622864,
    -0.0026220285799354315,
    -0.0036526252515614033,
    0.007199624553322792,
    0.03714198246598244,
    -0.09168192744255066,
    -0.026449549943208694,
    -0.03533942252397537,
    -0.02196132391691208,
    -0.04770168662071228,
    -0.0349930003285408,
    0.030665457248687744,
    -0.057118479162454605,
    0.11307802051305771,
    0.003395600477233529,
    0.10544803738594055,
    -0.0448429249227047,
    -0.0016778938006609678,
    -0.07394571602344513,
    0.040899455547332764,
    -0.014563300646841526,
    -0.07993414998054504,
    -0.0156428012996912,
    0.014882690273225307,
    0.020288458094000816,
    -0.03396008163690567,
    -0.05650678649544716,
    -0.006653723306953907,
    -0.0005214122356846929,
    0.01971583440899849,
    0.06301161646842957,
    0.035195644944906235,
    0.017748314887285233,
    -0.04622694104909897,
    -0.11332431435585022,
    0.06196925789117813,
    -0.03060236945748329,
    -0.03705174848437309,
    0.06471790373325348,
    0.04884724318981171,
    0.005489937961101532,
    -0.03297407552599907,
    -0.016064614057540894,
    -0.04524976760149002,
    -0.03714617341756821,
    -0.03869246691465378,
    -0.042175475507974625,
    -0.059579167515039444,
    2.2525920368306754e-32,
    0.0034983556251972914,
    -0.021692920476198196,
    -0.0462816059589386,
    0.06870915740728378,
    -0.022563861683011055,
    -0.006202090531587601,
    -0.014793509617447853,
    -0.02770117297768593,
    -0.008527790196239948,
    0.04925505071878433,
    0.05158410221338272,
    0.03644971549510956,
    -0.0143461674451828,
    -0.02882588841021061,
    -0.03449706360697746,
    0.058496490120887756,
    -0.02527293562889099,
    0.1230955496430397,
    0.02078445442020893,
    0.026286860927939415,
    0.06713086366653442,
    -0.057812511920928955,
    0.024646610021591187,
    0.04345881938934326,
    -0.03054903633892536,
    0.0038441463839262724,
    0.015817131847143173,
    -0.0017507903976365924,
    0.0017945143627002835,
    -0.0038733533583581448,
    0.03752458840608597,
    -0.009903284721076488,
    0.024161260575056076,
    -0.09640684723854065,
    0.0753127709031105,
    0.15080536901950836,
    0.07675715535879135,
    -0.03766660764813423,
    0.08597210794687271,
    -0.05214480683207512,
    -0.005572593305259943,
    -0.011525056324899197,
    0.05823622643947601,
    0.038527682423591614,
    0.06590724736452103,
    -0.022596003487706184,
    0.013565441593527794,
    -0.010831817984580994,
    -0.02874104678630829,
    0.06659812480211258,
    -0.04238172993063927,
    -0.007765765767544508,
    -0.03848074749112129,
    -0.05092499032616615,
    -0.03812192380428314,
    0.0011384198442101479,
    -0.08689139783382416,
    0.04440382122993469,
    -0.06668979674577713,
    0.04621279612183571,
    0.009048344567418098,
    0.02011869102716446,
    -0.014017179608345032,
    -0.04931635782122612,
    -0.017287351191043854,
    -0.04646188020706177,
    0.002913343720138073,
    -0.10145096480846405,
    0.0324423722922802,
    -0.007352691143751144,
    0.002711064415052533,
    0.05851221829652786,
    -0.01981581561267376,
    0.008019285276532173,
    -0.005901443772017956,
    -0.02683448977768421,
    0.023111246526241302,
    -0.04877302795648575,
    0.030723245814442635,
    0.019336707890033722,
    -0.041891053318977356,
    0.015288608148694038,
    -0.008901914581656456,
    0.060841530561447144,
    -0.023814968764781952,
    0.036985378712415695,
    0.029316166415810585,
    0.01478929165750742,
    -0.06450462341308594,
    -0.03482525050640106,
    -0.017171582207083702,
    0.02387521043419838,
    0.04735896363854408,
    0.03894913196563721,
    -0.034568946808576584,
    -2.2542763732986098e-32,
    -0.05129852518439293,
    -0.04836920276284218,
    -0.07297970354557037,
    0.023633914068341255,
    0.06371412426233292,
    -0.046454835683107376,
    -0.017857719212770462,
    -0.048304516822099686,
    0.06227906048297882,
    0.006403136067092419,
    0.04847769811749458,
    -0.07761426270008087,
    0.008031915873289108,
    0.029292382299900055,
    -0.06777606159448624,
    0.05222107470035553,
    -0.0805545523762703,
    -0.05564039200544357,
    -0.06145944446325302,
    0.10797885060310364,
    -0.02798493392765522,
    0.020479928702116013,
    -0.05627891421318054,
    0.12006129324436188,
    0.04083457961678505,
    0.055227529257535934,
    -0.0654202550649643,
    0.010431191883981228,
    0.09877321124076843,
    -0.03941463679075241,
    -0.022074585780501366,
    -0.03926451876759529,
    -0.03316748887300491,
    -0.03122621402144432,
    -0.1199532300233841,
    -0.15924130380153656,
    0.0851627066731453,
    -0.045444291085004807,
    -0.05285097658634186,
    -0.06050034984946251,
    0.08554363995790482,
    0.04025345295667648,
    -0.040099747478961945,
    -0.0364600233733654,
    -0.003012042259797454,
    -0.0455143116414547,
    0.06493484228849411,
    0.02999238483607769,
    0.03859274461865425,
    0.012923172675073147,
    0.05994889885187149,
    -0.057323258370161057,
    0.02156851254403591,
    0.05043761059641838,
    -0.033967770636081696,
    0.035487763583660126,
    0.009760758839547634,
    -0.0017181843286380172,
    -0.03637496381998062,
    -0.04330669716000557,
    0.05251031741499901,
    0.06449618935585022,
    -0.08335638046264648,
    0.09084229916334152,
    0.002447534818202257,
    -0.03377262502908707,
    -0.010544813238084316,
    -0.04766269028186798,
    -0.06844792515039444,
    -0.07547019422054291,
    -0.04861469566822052,
    -0.10721087455749512,
    -0.07086145132780075,
    -0.11793891340494156,
    0.06379948556423187,
    -0.027232030406594276,
    0.000936345721129328,
    -0.0578572042286396,
    -0.0743868425488472,
    0.016994617879390717,
    0.030342087149620056,
    -0.0075835841707885265,
    -0.05400676280260086,
    0.05453643947839737,
    -0.0031433752737939358,
    0.02103455178439617,
    0.01600954309105873,
    -0.05290339142084122,
    -0.0026588302571326494,
    0.05549339950084686,
    -0.08549561351537704,
    -0.03783172741532326,
    -0.07157868891954422,
    -0.023486807942390442,
    -0.06257501989603043,
    -6.132080443421728e-08,
    0.05878399312496185,
    0.11140725761651993,
    0.014607145451009274,
    -0.014573786407709122,
    -0.008189436048269272,
    -0.04860495775938034,
    0.015475771389901638,
    0.011224073357880116,
    -0.0031836237758398056,
    -0.042345549911260605,
    0.02492656372487545,
    0.07274165749549866,
    -0.03856820613145828,
    -0.039207540452480316,
    0.07869765907526016,
    -0.04961221292614937,
    -0.08000129461288452,
    -0.06202729791402817,
    -0.020783908665180206,
    0.054139018058776855,
    -0.041830793023109436,
    -0.07076336443424225,
    -0.0561726875603199,
    0.03484199941158295,
    0.02957545965909958,
    0.036079563200473785,
    0.01682315394282341,
    0.0058145783841609955,
    0.05813685059547424,
    0.05176546424627304,
    -0.0485982783138752,
    0.02219145931303501,
    -0.00044495944166556,
    0.009357212111353874,
    -0.015617943368852139,
    -0.07910247892141342,
    0.029131179675459862,
    0.005789613351225853,
    -0.017486797645688057,
    -0.022572720423340797,
    0.025911856442689896,
    0.01665853150188923,
    0.017025234177708626,
    0.09722772985696793,
    0.021411774680018425,
    -0.040591128170490265,
    -0.0007207323797047138,
    0.008359262719750404,
    -0.0073362370021641254,
    -0.07750030606985092,
    -0.042916350066661835,
    -0.032908834517002106,
    0.10663307458162308,
    -0.0002238579763798043,
    -0.037485577166080475,
    0.09484231472015381,
    0.057245444506406784,
    0.07140535861253738,
    -0.038320671766996384,
    -0.0173677746206522,
    0.1653815060853958,
    0.027476411312818527,
    0.007098896894603968,
    -0.004886060953140259
]