[
    -0.06514684110879898,
    0.05600738897919655,
    -0.028110753744840622,
    -0.05957823991775513,
    -0.03970552608370781,
    0.04254291579127312,
    -0.02872953750193119,
    -0.06728604435920715,
    0.00979889091104269,
    0.004091155715286732,
    0.05484436824917793,
    0.004056484438478947,
    -0.007988540455698967,
    -0.04995662346482277,
    0.052214425057172775,
    0.0023653653915971518,
    0.017024172469973564,
    0.0010043511865660548,
    -0.12018925696611404,
    0.06806117296218872,
    0.034200429916381836,
    0.06820867955684662,
    -0.06678222119808197,
    0.019370244815945625,
    -0.10248264670372009,
    -0.0003569437831174582,
    -0.004365559667348862,
    -0.06923030316829681,
    0.024242369458079338,
    -0.046335019171237946,
    0.04482581093907356,
    -0.002130490727722645,
    0.06778109818696976,
    0.053928256034851074,
    -0.0043242680840194225,
    -0.022657528519630432,
    0.034718841314315796,
    -0.007869688794016838,
    -0.029861222952604294,
    0.0038234768435359,
    -0.0556500218808651,
    -0.09968675673007965,
    -0.10359042882919312,
    0.00542458426207304,
    0.007698838133364916,
    0.044915828853845596,
    -0.048070404678583145,
    -0.03031090274453163,
    -0.04293110966682434,
    0.08012708276510239,
    -0.0579792745411396,
    -0.007214581128209829,
    -0.0519745796918869,
    0.09038583189249039,
    -0.017714301124215126,
    -0.009720182977616787,
    -0.0639195516705513,
    -0.0290916059166193,
    -0.04617442935705185,
    -0.020204322412610054,
    0.012482592836022377,
    -0.006703147664666176,
    -0.013695077039301395,
    0.09009389579296112,
    -0.035214245319366455,
    0.02491174265742302,
    -0.028606053441762924,
    -0.010831482708454132,
    -0.0033690244890749454,
    -0.010743384249508381,
    -0.09481044858694077,
    -0.05768972635269165,
    -0.029934082180261612,
    0.025142299011349678,
    0.004256189335137606,
    0.01878970116376877,
    -0.044889792799949646,
    -0.0006066599162295461,
    0.08103981614112854,
    -0.1327567994594574,
    -0.026266522705554962,
    0.014389985240995884,
    0.0026859589852392673,
    0.07520406693220139,
    -0.07023701071739197,
    -0.029094334691762924,
    -0.03832150250673294,
    -0.011764087714254856,
    0.03164779394865036,
    -0.002027741400524974,
    0.05899156257510185,
    -0.026237735524773598,
    0.07387468218803406,
    -0.041162364184856415,
    0.02060488983988762,
    -0.036215998232364655,
    -0.055384859442710876,
    -0.07784637808799744,
    0.035631779581308365,
    -0.004275789484381676,
    -0.00951266661286354,
    0.027317320927977562,
    -0.05125148594379425,
    -0.010704428888857365,
    -0.0465100072324276,
    -0.07980668544769287,
    -0.005142915062606335,
    -0.008255446329712868,
    0.024719113484025,
    0.08729149401187897,
    0.009498431347310543,
    0.014859109185636044,
    -0.02649707719683647,
    -0.14591087400913239,
    0.06894300132989883,
    0.010111904703080654,
    -0.07962613552808762,
    0.0569344125688076,
    0.0534309521317482,
    -0.045038290321826935,
    -0.038461241871118546,
    -0.011202926747500896,
    -0.029844263568520546,
    -0.08244495838880539,
    -0.024538027122616768,
    0.00163324608001858,
    -0.06452421844005585,
    1.8816332030180242e-32,
    -0.03530092164874077,
    -0.02461259998381138,
    -0.03639770671725273,
    0.00859055295586586,
    0.002169769024476409,
    0.025700507685542107,
    -0.0037673600018024445,
    -0.037292685359716415,
    -0.10149859637022018,
    0.04636602848768234,
    0.014798145741224289,
    0.05285254493355751,
    -0.02827264741063118,
    -0.0339801199734211,
    -0.007419482804834843,
    0.05762551724910736,
    0.019639361649751663,
    0.07597034424543381,
    0.0461953803896904,
    0.061110176146030426,
    0.07231468707323074,
    -0.04599452018737793,
    -0.003541030688211322,
    0.03845129534602165,
    -0.01252713706344366,
    -0.004521843045949936,
    -0.03147435560822487,
    -0.03690067678689957,
    0.08531008660793304,
    0.016499517485499382,
    0.03505222871899605,
    0.04024539515376091,
    0.04638323560357094,
    -0.0348622165620327,
    0.06513874977827072,
    0.15200500190258026,
    0.021295320242643356,
    -0.0715847760438919,
    0.06545314937829971,
    -0.010986843146383762,
    0.01205835398286581,
    0.0032465553376823664,
    0.031798627227544785,
    0.030725017189979553,
    0.040232498198747635,
    0.01464254129678011,
    -0.004398758988827467,
    -0.01207482535392046,
    0.04291258379817009,
    0.05662665516138077,
    -0.046700529754161835,
    0.02737867459654808,
    -0.004003335256129503,
    -0.05781927332282066,
    0.000440103787695989,
    -0.05974239110946655,
    -0.09701734781265259,
    0.043799303472042084,
    -0.07134488970041275,
    0.04695829376578331,
    -0.022529177367687225,
    0.036441877484321594,
    -0.005748667288571596,
    -0.02927316166460514,
    -0.03566081449389458,
    -0.062330424785614014,
    -0.0129410894587636,
    -0.06655801832675934,
    0.00810018740594387,
    -0.043558619916439056,
    -0.008150983601808548,
    0.09663069993257523,
    -0.02089112438261509,
    0.03120100311934948,
    -0.039449919015169144,
    -0.03226350247859955,
    0.0023729007225483656,
    0.00757564464583993,
    0.02583431452512741,
    -0.0013217322994023561,
    -0.04979654774069786,
    0.020627588033676147,
    0.00758442422375083,
    0.07316821068525314,
    -0.023319948464632034,
    0.004458623006939888,
    0.05256291851401329,
    0.032613787800073624,
    -0.03899295628070831,
    -0.03330741077661514,
    -0.01399922650307417,
    0.03208782523870468,
    -0.02703402377665043,
    0.05464522913098335,
    -0.001424634363502264,
    -2.0117895211392343e-32,
    -0.02120857499539852,
    -0.042646121233701706,
    -0.08588375896215439,
    0.038372453302145004,
    0.06309618800878525,
    0.0033356300555169582,
    -0.030747931450605392,
    -0.056099072098731995,
    0.10214345902204514,
    0.023098723962903023,
    0.040813058614730835,
    -0.09266418218612671,
    0.013195310719311237,
    -0.017568890005350113,
    -0.03136399760842323,
    -0.018795089796185493,
    -0.05860602855682373,
    -0.06744956970214844,
    -0.031446974724531174,
    0.06727440655231476,
    -0.013380724005401134,
    0.06061442196369171,
    -0.01238988433033228,
    0.17061713337898254,
    0.03755897283554077,
    0.060413558036088943,
    -0.05730576440691948,
    -0.0025764773599803448,
    0.1053473949432373,
    -0.03372086584568024,
    -0.052938152104616165,
    -0.03880791738629341,
    -0.05159802734851837,
    0.029475387185811996,
    -0.1064201295375824,
    -0.18015003204345703,
    0.10633769631385803,
    -0.006959814578294754,
    0.009543444029986858,
    -0.0490044467151165,
    0.10300664603710175,
    0.03324171155691147,
    -0.04992721229791641,
    0.015792841091752052,
    0.013892707414925098,
    -0.05749639868736267,
    0.08368001133203506,
    -0.040523726493120193,
    0.05067295953631401,
    -0.041125718504190445,
    0.048850398510694504,
    -0.05690775066614151,
    0.01989833638072014,
    0.011478318832814693,
    -0.05699629709124565,
    0.07255776971578598,
    0.05917143076658249,
    -0.0137902507558465,
    -0.027480600401759148,
    -0.035045694559812546,
    0.07971134036779404,
    0.04962404817342758,
    -0.056661300361156464,
    0.09365943819284439,
    0.04758160188794136,
    -0.005481529049575329,
    0.037154048681259155,
    -0.04924134910106659,
    -0.02598920464515686,
    -0.09350906312465668,
    -0.052380453795194626,
    -0.08522620797157288,
    -0.06239411607384682,
    -0.11203403025865555,
    0.09595748037099838,
    -0.056890230625867844,
    -0.04046877101063728,
    -0.1111716479063034,
    -0.0857226550579071,
    0.03557630255818367,
    0.06484252214431763,
    0.008601872250437737,
    -0.0016721041174605489,
    0.08436840772628784,
    0.00685836048796773,
    -0.009891916997730732,
    0.043806761503219604,
    -0.07324707508087158,
    -0.0313837043941021,
    0.06832742691040039,
    -0.09115969389677048,
    -0.04243952035903931,
    -0.0959797352552414,
    0.049526046961545944,
    -0.05013887584209442,
    -5.711935102681309e-08,
    0.01536594144999981,
    0.02271226793527603,
    0.025859739631414413,
    -0.0007796907448209822,
    0.010411367751657963,
    -0.030789978802204132,
    -0.004701952449977398,
    -0.010661204345524311,
    -0.0028768007177859545,
    0.0006769934552721679,
    0.0371253527700901,
    0.0671381801366806,
    -0.04686995968222618,
    -0.030528482049703598,
    0.04954862594604492,
    -0.02759079821407795,
    -0.04655376449227333,
    -0.06734319031238556,
    -0.0450398214161396,
    0.018535085022449493,
    -0.023839149624109268,
    -0.027140935882925987,
    -0.04463868588209152,
    -0.011600972153246403,
    0.04499255493283272,
    0.016921516507864,
    0.02034200355410576,
    0.0695224180817604,
    0.061594922095537186,
    0.018371447920799255,
    -0.0236367080360651,
    -0.018522344529628754,
    0.04231675714254379,
    -0.0323350727558136,
    -0.05793629214167595,
    -0.0742328017950058,
    0.014922559261322021,
    -0.004491164814680815,
    0.017744531854987144,
    -0.0020708595402538776,
    -0.018978778272867203,
    0.028973288834095,
    0.019978370517492294,
    0.06562591344118118,
    0.028342880308628082,
    -0.03390027955174446,
    -0.053783997893333435,
    0.008716593496501446,
    -0.0020232852548360825,
    -0.06932103633880615,
    -0.05546484887599945,
    -0.032207079231739044,
    0.13955523073673248,
    -0.004033657722175121,
    -0.043031249195337296,
    0.04584045708179474,
    0.028572000563144684,
    0.0661996379494667,
    -0.042057134211063385,
    -0.016603222116827965,
    0.13565844297409058,
    0.028302127495408058,
    0.026978405192494392,
    -0.04982933774590492
]