[
    -0.0707508847117424,
    0.03384387120604515,
    -0.023055650293827057,
    -0.09340760856866837,
    -0.0764843299984932,
    0.0662699043750763,
    0.004690407309681177,
    -0.02932049334049225,
    0.02321174181997776,
    0.02341180294752121,
    -0.005409639794379473,
    -0.03967935964465141,
    0.016115933656692505,
    -0.06304045021533966,
    0.0999690517783165,
    -0.010109633207321167,
    0.008603383786976337,
    0.043367598205804825,
    -0.09251277148723602,
    0.06448530405759811,
    0.009634189307689667,
    0.08258400112390518,
    -0.04004868119955063,
    0.008250223472714424,
    -0.13016492128372192,
    -0.022855160757899284,
    -0.010917716659605503,
    -0.06332708150148392,
    0.029666997492313385,
    -0.017101364210247993,
    0.027904070913791656,
    0.007284832652658224,
    0.057368166744709015,
    0.07473839074373245,
    -0.022501952946186066,
    0.005132942460477352,
    -0.031290292739868164,
    0.004796081222593784,
    -0.044930148869752884,
    0.07207422703504562,
    -0.04469641298055649,
    -0.026079580187797546,
    -0.05096038430929184,
    -0.033683281391859055,
    0.01176142692565918,
    0.01668688841164112,
    -0.06004446744918823,
    -0.026629431173205376,
    -0.041475698351860046,
    0.03501036763191223,
    -0.07157673686742783,
    -0.025525206699967384,
    -0.03636712580919266,
    0.10634073615074158,
    -0.047172192484140396,
    0.000298378145089373,
    -0.041132599115371704,
    -0.02350999228656292,
    -0.06339269131422043,
    -0.010483715683221817,
    -0.018896330147981644,
    0.045926161110401154,
    -0.007183429319411516,
    0.09145832806825638,
    -0.015601950697600842,
    0.04843861609697342,
    -0.017176754772663116,
    -0.021597547456622124,
    -0.04070301726460457,
    0.0121815400198102,
    -0.11001713573932648,
    -0.017203891649842262,
    -0.02914634719491005,
    0.04629477486014366,
    0.004977364093065262,
    -0.01495352666825056,
    -0.00809525977820158,
    0.033501215279102325,
    0.08449757099151611,
    -0.18112002313137054,
    -0.044672608375549316,
    0.04337924346327782,
    -0.016676440834999084,
    0.041369397193193436,
    -0.025975363329052925,
    0.005921788047999144,
    -0.02606319636106491,
    -0.02296217530965805,
    0.00926376972347498,
    -0.043649207800626755,
    0.0874522477388382,
    -0.08441643416881561,
    0.1228301003575325,
    -0.07052905857563019,
    0.06876451522111893,
    -0.02464665099978447,
    0.027110261842608452,
    -0.07314447313547134,
    0.053565673530101776,
    -0.02097536064684391,
    -0.027235807850956917,
    0.026582321152091026,
    0.015660982578992844,
    0.00980313029140234,
    -0.0567459799349308,
    -0.06533654034137726,
    -0.012719930149614811,
    -0.042808327823877335,
    0.011005288921296597,
    0.04994971677660942,
    0.043466631323099136,
    0.011554956436157227,
    -0.0727100819349289,
    -0.12153957784175873,
    0.012018510140478611,
    -0.004622051026672125,
    -0.038273464888334274,
    0.0553470253944397,
    0.07100207358598709,
    -0.04369812086224556,
    -0.04531334713101387,
    -0.007029397878795862,
    -0.01802861876785755,
    -0.10615182667970657,
    0.004535321146249771,
    0.006300914566963911,
    -0.027391254901885986,
    1.5128308135919565e-32,
    -0.01949971728026867,
    -0.01666627638041973,
    -0.06627333909273148,
    0.007658323738723993,
    0.017619337886571884,
    -0.017945222556591034,
    -0.0032343552447855473,
    -0.007285517640411854,
    -0.04034651443362236,
    0.10417643189430237,
    -0.02414902299642563,
    0.08280013501644135,
    -0.03076263517141342,
    -0.024345943704247475,
    -0.011675024405121803,
    0.08636797964572906,
    -0.03831404447555542,
    0.075124092400074,
    -0.00673080375418067,
    0.0929872989654541,
    0.004577641375362873,
    -0.025915641337633133,
    -0.008832628838717937,
    0.02257966808974743,
    -0.01300858799368143,
    0.014732345007359982,
    0.014470122754573822,
    -0.01450018398463726,
    0.012152954004704952,
    0.010014830157160759,
    0.05791854485869408,
    0.023639623075723648,
    0.05245596542954445,
    -0.028139831498265266,
    0.0645863339304924,
    0.09674978256225586,
    -0.007094575557857752,
    -0.038147296756505966,
    0.058347780257463455,
    -0.04649904742836952,
    -0.05010248348116875,
    -0.030890997499227524,
    0.0780407264828682,
    -0.009554230608046055,
    0.04999794438481331,
    0.01297288853675127,
    0.01921863481402397,
    -0.02599377930164337,
    0.06580983847379684,
    0.06769630312919617,
    -0.007256016600877047,
    0.0004986380226910114,
    -0.01278514415025711,
    -0.045126453042030334,
    0.01332889124751091,
    -0.03964327275753021,
    -0.06927721202373505,
    0.039097968488931656,
    -0.04729427024722099,
    0.059261467307806015,
    -0.023028211668133736,
    0.048019520938396454,
    0.00025287974858656526,
    -0.0018650643760338426,
    -0.00996521208435297,
    -0.047279611229896545,
    -0.01884649507701397,
    -0.04169081896543503,
    0.053895775228738785,
    -0.05238794535398483,
    -0.016692135483026505,
    0.04389241710305214,
    -0.038833748549222946,
    0.04381682351231575,
    -0.004399243276566267,
    -0.03428557515144348,
    -0.013318954966962337,
    0.0010708252666518092,
    0.03368855640292168,
    -0.02512623742222786,
    -0.08991087973117828,
    0.01187678799033165,
    0.04240815341472626,
    0.07159204035997391,
    -0.035686343908309937,
    -0.013234534300863743,
    0.07298430800437927,
    0.016629638150334358,
    -0.054066747426986694,
    -0.05958648771047592,
    0.014346049167215824,
    0.058809321373701096,
    -0.01818484626710415,
    0.07092604786157608,
    0.04533356800675392,
    -1.697088524525793e-32,
    0.020586982369422913,
    -0.052430685609579086,
    -0.024256959557533264,
    -0.009786962531507015,
    0.058462388813495636,
    -0.008422558195888996,
    -0.002980719320476055,
    -0.07515723258256912,
    0.03327025845646858,
    0.0009835524251684546,
    0.02595892734825611,
    -0.04787284880876541,
    -0.036651138216257095,
    -0.0544477254152298,
    -0.005435297731310129,
    -0.06548614799976349,
    -0.09116291999816895,
    -0.05812139809131622,
    -0.026157256215810776,
    0.11719981580972672,
    0.009544594213366508,
    -0.03761964663863182,
    0.042789313942193985,
    0.11528374254703522,
    0.04914690554141998,
    0.021507952362298965,
    -0.022046910598874092,
    0.008557194843888283,
    0.1072586253285408,
    -0.04718582704663277,
    -0.033528245985507965,
    -0.03579482063651085,
    -0.06931601464748383,
    0.009966709651052952,
    -0.12000467628240585,
    -0.18606413900852203,
    0.0698477253317833,
    -0.05225840583443642,
    -0.02629738859832287,
    -0.08464304357767105,
    0.08538007736206055,
    0.00973531138151884,
    0.002264442853629589,
    0.01178027130663395,
    0.02891491912305355,
    -0.0204616729170084,
    0.06052721291780472,
    -0.05016801506280899,
    -0.004199538845568895,
    -0.025427846238017082,
    0.022409958764910698,
    -0.03286176547408104,
    0.018408510833978653,
    0.0025101355277001858,
    -0.050760794430971146,
    0.09620723128318787,
    0.016643306240439415,
    -0.08214759826660156,
    -0.028558209538459778,
    -0.018057094886898994,
    0.08381514251232147,
    0.05972985923290253,
    0.01494392566382885,
    0.09889311343431473,
    0.0331244058907032,
    -0.0126076964661479,
    0.011854244396090508,
    -0.01810888759791851,
    -0.03172694891691208,
    -0.06610935181379318,
    -0.09120671451091766,
    -0.09434959292411804,
    -0.03817610442638397,
    -0.1034654751420021,
    0.05629051849246025,
    -0.06385384500026703,
    -0.06328321993350983,
    -0.15843431651592255,
    -0.04150521755218506,
    0.00013122650852892548,
    0.04521594196557999,
    -0.01581583172082901,
    -0.05966775864362717,
    0.09351411461830139,
    -0.014118611812591553,
    -0.005102234892547131,
    0.07431722432374954,
    -0.07171114534139633,
    -0.00899790320545435,
    0.07115449011325836,
    -0.05605293810367584,
    0.0359681211411953,
    -0.08205540478229523,
    0.0877627283334732,
    -0.07489155977964401,
    -4.962441835232312e-08,
    -0.02925020270049572,
    0.07373090088367462,
    -0.016499802470207214,
    -0.0713769793510437,
    -0.0007658445974811912,
    -0.05614210665225983,
    -0.0467870756983757,
    -0.023775774985551834,
    -0.0037252006586641073,
    -0.020364753901958466,
    0.02439698576927185,
    0.05413509160280228,
    -0.011586793698370457,
    0.039123356342315674,
    0.04576712101697922,
    -0.006628146395087242,
    -0.07800186425447464,
    -0.04522933065891266,
    -0.07002051919698715,
    0.049304187297821045,
    -0.034981682896614075,
    -0.007577906828373671,
    -0.019259938970208168,
    -0.028267979621887207,
    0.05836978927254677,
    0.01616307534277439,
    -0.019616330042481422,
    0.08615148812532425,
    0.07514959573745728,
    0.03238828480243683,
    -0.028110243380069733,
    0.04145457223057747,
    0.013029723428189754,
    -0.03223761171102524,
    -0.04666253551840782,
    -0.07223104685544968,
    0.05252203717827797,
    -0.03746624290943146,
    0.07640411704778671,
    -0.006262076552957296,
    0.010704810731112957,
    0.033814482390880585,
    0.017779754474759102,
    0.08787449449300766,
    0.05394923686981201,
    -0.05252791941165924,
    -0.029902329668402672,
    0.03200429677963257,
    0.01137095782905817,
    -0.046923428773880005,
    -0.040645208209753036,
    -0.019371317699551582,
    0.0950721800327301,
    -0.014105227775871754,
    -0.033985622227191925,
    -0.0157335065305233,
    0.027941545471549034,
    0.02956901118159294,
    -0.00845362152904272,
    -0.007323404308408499,
    0.06367683410644531,
    -0.012314598076045513,
    0.10037399083375931,
    0.0038707354106009007
]