[
    -0.03945867717266083,
    0.08692026883363724,
    -0.03439204767346382,
    -0.05279829725623131,
    -0.033049795776605606,
    0.06465604156255722,
    0.018981238827109337,
    -0.02541126310825348,
    0.013440210372209549,
    0.013706725090742111,
    0.012138927355408669,
    -0.025230908766388893,
    0.019946128129959106,
    -0.07016993314027786,
    0.08828828483819962,
    0.005932596046477556,
    0.0293771680444479,
    -0.011896480806171894,
    -0.10718908160924911,
    0.0831858292222023,
    0.019683925434947014,
    0.10014219582080841,
    -0.019413596019148827,
    -0.01322091557085514,
    -0.0900629460811615,
    -0.01130781788378954,
    -0.02688395231962204,
    -0.046683453023433685,
    0.03508980572223663,
    -0.027971580624580383,
    0.06744801253080368,
    0.02077091671526432,
    0.06891463696956635,
    0.0856073722243309,
    -0.00733971456065774,
    0.027195505797863007,
    -0.05271458253264427,
    0.04705367609858513,
    -0.03212276101112366,
    0.021896082907915115,
    -0.05230383202433586,
    -0.026309620589017868,
    -0.03930799290537834,
    -0.022645235061645508,
    0.015679771080613136,
    0.02230551652610302,
    -0.06728194653987885,
    0.013624939136207104,
    0.014244319871068,
    0.0586467906832695,
    -0.09407199174165726,
    -0.024696599692106247,
    -0.021141108125448227,
    0.07768849283456802,
    -0.013799229636788368,
    -0.016453733667731285,
    -0.06150498241186142,
    -0.00919435266405344,
    -0.08815357089042664,
    -0.05198638141155243,
    -0.006881509907543659,
    0.03642021492123604,
    0.021446852013468742,
    0.04297623783349991,
    -0.07660439610481262,
    0.05595596507191658,
    0.003862028243020177,
    -0.006768979597836733,
    0.011182704009115696,
    -0.0211995430290699,
    -0.08154040575027466,
    -0.005354211200028658,
    -0.006430414970964193,
    0.046406373381614685,
    -0.03030187264084816,
    0.007359164766967297,
    0.007410565856844187,
    0.006897939369082451,
    0.0789913609623909,
    -0.10343678295612335,
    -0.07105702906847,
    0.009189929813146591,
    -0.04499756917357445,
    0.03109368123114109,
    -0.060476142913103104,
    -0.0004939291975460947,
    -0.0034784539602696896,
    -0.006730831228196621,
    0.010862378403544426,
    -0.03252563625574112,
    0.056924983859062195,
    -0.052818648517131805,
    0.11228776723146439,
    -0.05994746461510658,
    0.09422177821397781,
    -0.05766616016626358,
    -0.013996954075992107,
    -0.07487909495830536,
    -0.007607052102684975,
    0.011788495816290379,
    0.003408096730709076,
    -0.016127513721585274,
    0.003124986542388797,
    0.00934386532753706,
    -0.048236243426799774,
    -0.0617389939725399,
    0.005371120758354664,
    -0.018520960584282875,
    0.0008943472057580948,
    0.055603738874197006,
    0.020475810393691063,
    0.0016058445908129215,
    -0.04447052255272865,
    -0.16250206530094147,
    0.02641403116285801,
    -0.0011899654055014253,
    -0.018651409074664116,
    0.06016107648611069,
    0.04504413530230522,
    -0.03341145068407059,
    -0.06191276013851166,
    -0.02905132621526718,
    -0.05928321182727814,
    -0.08282612264156342,
    -0.03101379983127117,
    0.020319456234574318,
    -0.026527447625994682,
    2.2135515184511655e-32,
    -0.041151318699121475,
    0.010236314497888088,
    -0.05105626955628395,
    0.03481588512659073,
    0.012724957428872585,
    -0.028232259675860405,
    -0.006159297656267881,
    -0.02559199184179306,
    -0.032330963760614395,
    0.023414570838212967,
    0.03474016860127449,
    0.019190780818462372,
    0.017499791458249092,
    -0.04419538378715515,
    -0.0849694013595581,
    0.04232163354754448,
    -0.0226417388767004,
    0.08906442672014236,
    -0.052778102457523346,
    0.06825350970029831,
    0.00799585971981287,
    -0.026929035782814026,
    -0.009270983748137951,
    0.02240825816988945,
    -0.057433608919382095,
    0.0008587771444581449,
    0.0406130850315094,
    -0.022097116336226463,
    0.02807270549237728,
    0.0024875239469110966,
    0.045336417853832245,
    0.01030336506664753,
    0.02255185879766941,
    -0.09576603770256042,
    0.06498310714960098,
    0.14674924314022064,
    0.02729491889476776,
    -0.010575194843113422,
    0.09067507088184357,
    -0.060718294233083725,
    -0.0545775480568409,
    -0.032622918486595154,
    0.0484694205224514,
    0.030020272359251976,
    0.03701840341091156,
    -0.010151268914341927,
    -0.006791700609028339,
    -0.021921010687947273,
    -0.0031231530010700226,
    0.040314529091119766,
    -0.017089886590838432,
    -0.03797532618045807,
    -0.0019220573594793677,
    -0.00826043076813221,
    -0.012885372154414654,
    0.0052443938329815865,
    -0.06344202160835266,
    0.06650117039680481,
    -0.03676510229706764,
    0.05703829601407051,
    -0.00114371906965971,
    0.023483790457248688,
    -0.012625675648450851,
    -0.02685433067381382,
    0.004484516568481922,
    -0.07863699644804001,
    -0.02036656066775322,
    -0.03910352289676666,
    0.06790989637374878,
    -0.03232073038816452,
    -0.012895071879029274,
    0.08048410713672638,
    -0.013109123334288597,
    0.020432718098163605,
    -0.027027565985918045,
    -0.02028253860771656,
    0.007024863734841347,
    -0.001430949429050088,
    0.02727011777460575,
    0.02106650546193123,
    -0.03316924721002579,
    0.010691724717617035,
    0.008227860555052757,
    0.06741873174905777,
    -0.0010992471361532807,
    -0.009592919610440731,
    0.024550706148147583,
    0.051543254405260086,
    -0.10675904899835587,
    -0.025754546746611595,
    -0.004241814371198416,
    0.0546940416097641,
    0.05043795332312584,
    0.060431092977523804,
    -0.001387396245263517,
    -2.2406660588944078e-32,
    -0.027342768386006355,
    -0.06576543301343918,
    -0.05274791270494461,
    0.002547183772549033,
    0.0759827196598053,
    -0.03377954289317131,
    -0.025957582518458366,
    -0.09670064598321915,
    0.03645504266023636,
    0.02196316607296467,
    0.001616239664144814,
    -0.06804043799638748,
    -0.025820234790444374,
    -0.01051254291087389,
    -0.021648915484547615,
    0.01603705808520317,
    -0.07126854360103607,
    -0.058505311608314514,
    -0.04291737824678421,
    0.12252092361450195,
    -0.00924832932651043,
    -0.015871936455368996,
    -0.0316847525537014,
    0.14558717608451843,
    0.03883562609553337,
    0.06411231309175491,
    -0.031306710094213486,
    0.023228425532579422,
    0.10670743137598038,
    -0.07033520936965942,
    -0.0577516071498394,
    -0.04276483133435249,
    -0.06104453653097153,
    0.00133153994102031,
    -0.07799950987100601,
    -0.1932581067085266,
    0.06295692175626755,
    -0.04869205132126808,
    -0.05894141644239426,
    -0.009399566799402237,
    0.10053494572639465,
    0.011529562994837761,
    -0.029173636808991432,
    -0.005831544753164053,
    0.002290540374815464,
    -0.05014709010720253,
    0.09597644209861755,
    -0.04035685583949089,
    -0.011884257197380066,
    0.0008986660977825522,
    0.06877688318490982,
    -0.06766079366207123,
    0.008577975444495678,
    0.05404641479253769,
    -0.04507128894329071,
    0.03914661332964897,
    0.026117747649550438,
    -0.06396932154893875,
    -0.05998878926038742,
    -0.03876877948641777,
    0.0857144296169281,
    0.05455204099416733,
    -0.06924927234649658,
    0.08545589447021484,
    0.015649843961000443,
    -0.05269623175263405,
    -0.036303453147411346,
    -0.0718310996890068,
    -0.02116825059056282,
    -0.09403012692928314,
    -0.06228138506412506,
    -0.13559608161449432,
    -0.052381906658411026,
    -0.14018653333187103,
    0.10808297991752625,
    -0.014483394101262093,
    -0.04637858271598816,
    -0.05890964716672897,
    -0.0727815106511116,
    0.02301131747663021,
    0.054341256618499756,
    0.001108309137634933,
    -0.051259562373161316,
    0.052226580679416656,
    -0.004283315036445856,
    -0.004284018650650978,
    0.08025297522544861,
    -0.0679459422826767,
    -0.021447468549013138,
    0.09301124513149261,
    -0.05098666250705719,
    0.007337849121540785,
    -0.06275763362646103,
    0.052454061806201935,
    -0.11605295538902283,
    -6.4006229649749e-08,
    -0.013751516118645668,
    0.037720732390880585,
    0.02162366732954979,
    -0.05994438752532005,
    -0.016255518421530724,
    -0.0749669000506401,
    -0.009093614295125008,
    -0.01282479614019394,
    -0.040223777294158936,
    -0.013744407333433628,
    0.014937061816453934,
    0.07597212493419647,
    -0.011226581409573555,
    -0.008430869318544865,
    0.059701260179281235,
    -0.04571310803294182,
    -0.080714650452137,
    -0.035375021398067474,
    -0.052640266716480255,
    0.029830794781446457,
    -0.013316299766302109,
    -0.06683963537216187,
    -0.06450482457876205,
    0.030819956213235855,
    0.03291304036974907,
    0.047473207116127014,
    -0.013592247851192951,
    0.021405331790447235,
    0.04634540155529976,
    0.032952554523944855,
    -0.05222216248512268,
    0.042869683355093,
    0.025157159194350243,
    -0.025642698630690575,
    -0.05943875014781952,
    -0.03581850975751877,
    0.054269738495349884,
    -0.03396240249276161,
    0.04817847162485123,
    0.002290398348122835,
    0.03684629499912262,
    0.05387265235185623,
    0.011713112704455853,
    0.07272525131702423,
    0.01091513130813837,
    -0.017860615625977516,
    0.01037493534386158,
    0.028578506782650948,
    -0.01658564619719982,
    -0.07652975618839264,
    -0.03167589753866196,
    -0.054109059274196625,
    0.11262570321559906,
    -0.014358913525938988,
    -0.07008481025695801,
    0.07649553567171097,
    0.03507666289806366,
    0.05590629577636719,
    -0.010701490566134453,
    -0.00932997651398182,
    0.13412348926067352,
    0.05212952569127083,
    0.0216562207788229,
    0.014160459861159325
]