[
    -0.053493939340114594,
    0.0181565061211586,
    -0.04929574579000473,
    -0.05818701907992363,
    -0.0646645724773407,
    0.06207277998328209,
    -0.001484737847931683,
    -0.07691403478384018,
    0.0330287404358387,
    -0.004683868959546089,
    0.020577242597937584,
    -0.01767691597342491,
    0.023042524233460426,
    -0.026570649817585945,
    0.11732108891010284,
    0.014235833659768105,
    0.03452281653881073,
    0.04071967676281929,
    -0.07944941520690918,
    0.03069501370191574,
    0.03569864109158516,
    0.04649059846997261,
    -0.056752078235149384,
    -0.02208382822573185,
    -0.07030323147773743,
    -0.05482414364814758,
    0.00890661682933569,
    -0.05952281504869461,
    -0.006052791606634855,
    -0.07814433425664902,
    0.004876472055912018,
    0.03900162875652313,
    0.036377210170030594,
    0.06973511725664139,
    0.016743844375014305,
    -0.02057589218020439,
    -0.027071863412857056,
    0.03601916879415512,
    -0.010074748657643795,
    0.023169904947280884,
    -0.07574469596147537,
    -0.057370513677597046,
    -0.03748081251978874,
    0.006609623786062002,
    -0.014501973986625671,
    -0.011733674444258213,
    -0.07035491615533829,
    -0.0628628060221672,
    0.01313622947782278,
    0.04281884804368019,
    -0.05462171509861946,
    -0.022985028102993965,
    -0.04301102086901665,
    0.10156635195016861,
    -0.06159958988428116,
    -0.03386147320270538,
    -0.05393802374601364,
    -0.002358479192480445,
    -0.09958507120609283,
    0.00567723298445344,
    -0.007274635136127472,
    0.029184671118855476,
    0.021892108023166656,
    0.07459817081689835,
    -0.04582146182656288,
    0.04553642496466637,
    -0.031997062265872955,
    -0.033768825232982635,
    -0.051001857966184616,
    0.011620957404375076,
    -0.11609844863414764,
    -0.03450772911310196,
    -0.055060356855392456,
    0.028734279796481133,
    0.010967211797833443,
    0.015262152999639511,
    -0.0034439321607351303,
    0.01893661357462406,
    0.08894801139831543,
    -0.19336256384849548,
    -0.028192764148116112,
    0.023782065138220787,
    -0.02588394284248352,
    0.07369234412908554,
    -0.09505198150873184,
    -0.003032271983101964,
    -0.034089695662260056,
    -0.03607196733355522,
    0.007027070969343185,
    0.0035240757279098034,
    0.03958524763584137,
    -0.05678341165184975,
    0.08385596424341202,
    -0.055401790887117386,
    0.08632489293813705,
    -0.03205341845750809,
    -0.020402491092681885,
    -0.0552111454308033,
    0.028588518500328064,
    0.013242002576589584,
    -0.047078851610422134,
    0.02561919018626213,
    0.022702118381857872,
    0.018811948597431183,
    -0.05763881653547287,
    -0.052340734750032425,
    0.005995083600282669,
    0.0011046194704249501,
    0.030298665165901184,
    0.0465797483921051,
    0.05242100730538368,
    0.031450122594833374,
    -0.047314781695604324,
    -0.15119296312332153,
    0.018519511446356773,
    0.00018273013120051473,
    -0.01902555301785469,
    0.04460333660244942,
    0.052451446652412415,
    0.01841152273118496,
    -0.02964213117957115,
    0.02670305036008358,
    -0.08094096183776855,
    -0.07040412724018097,
    -0.07359949499368668,
    0.04235464707016945,
    -0.0441342331469059,
    2.4562602451692588e-32,
    -0.0032362136989831924,
    -0.0038397919852286577,
    -0.03516547754406929,
    0.031849101185798645,
    0.033344462513923645,
    -0.02810795232653618,
    0.017695678398013115,
    -0.019779866561293602,
    -0.08459994196891785,
    0.07815365493297577,
    0.000511014077346772,
    0.051461637020111084,
    -0.014434329234063625,
    -0.05145050212740898,
    -0.019827570766210556,
    0.06413933634757996,
    0.027851857244968414,
    0.08310864120721817,
    -0.012134252116084099,
    0.0685705915093422,
    0.011818923987448215,
    -0.023220395669341087,
    0.017217861488461494,
    0.03169681131839752,
    -0.02990982122719288,
    -0.004230823367834091,
    0.012579617090523243,
    -0.021424317732453346,
    0.04143979027867317,
    0.00845846626907587,
    0.07018478959798813,
    0.034052204340696335,
    0.01936298981308937,
    -0.02516220323741436,
    0.06981687992811203,
    0.12216793745756149,
    0.04184773191809654,
    -0.04500904679298401,
    0.08218327909708023,
    -0.06085864081978798,
    -0.035074856132268906,
    -0.027876263484358788,
    0.06731320917606354,
    0.017661865800619125,
    0.014052948914468288,
    0.0013422422343865037,
    0.015562402084469795,
    -0.009884062223136425,
    0.024446982890367508,
    0.050643183290958405,
    -0.018408602103590965,
    0.02550172433257103,
    0.010481790639460087,
    0.002456018002703786,
    0.004514899104833603,
    -0.02774810418486595,
    -0.07844728976488113,
    0.04729359224438667,
    -0.035796064883470535,
    0.06938817352056503,
    -0.06395799666643143,
    0.059085357934236526,
    0.014719880186021328,
    -0.013413578271865845,
    -0.039478983730077744,
    -0.03872976452112198,
    -0.05255143716931343,
    -0.05469563603401184,
    0.0420660562813282,
    -0.007554743904620409,
    -0.019807524979114532,
    0.06520835310220718,
    -0.03434660658240318,
    0.04420066252350807,
    -0.006777104455977678,
    -0.05725806578993797,
    0.020742373540997505,
    -0.016790831461548805,
    0.05666662007570267,
    -0.02316731959581375,
    -0.06996093690395355,
    0.002020045882090926,
    0.006035561673343182,
    0.07871212810277939,
    -0.03448842093348503,
    0.004704767372459173,
    0.06194686517119408,
    0.0008458354859612882,
    -0.047305878251791,
    -0.0355880931019783,
    -0.02713090367615223,
    0.03828020021319389,
    0.041804954409599304,
    0.08318951725959778,
    -0.0053528244607150555,
    -2.442811561238295e-32,
    -0.03671915829181671,
    -0.02902968041598797,
    -0.055697329342365265,
    -0.036439698189496994,
    0.05573933571577072,
    -0.045089464634656906,
    -0.007622101344168186,
    -0.0954265147447586,
    0.05931342393159866,
    0.06296180188655853,
    0.04057655110955238,
    -0.05603107064962387,
    -0.027496596798300743,
    -0.0374414287507534,
    0.0013228364987298846,
    -0.039123501628637314,
    -0.06481899321079254,
    -0.06746865808963776,
    -0.03171096742153168,
    0.13897038996219635,
    -0.005623580422252417,
    -0.011192601174116135,
    -0.004527812357991934,
    0.1475982964038849,
    0.05822728946805,
    0.0646742507815361,
    -0.07860637456178665,
    -0.007863339968025684,
    0.06623703986406326,
    -0.03200541436672211,
    -0.04774109646677971,
    -0.03244088590145111,
    -0.0539410300552845,
    -0.007807268761098385,
    -0.08882671594619751,
    -0.2153002768754959,
    0.041810594499111176,
    -0.03591258451342583,
    -0.023726675659418106,
    -0.07899129390716553,
    0.08276337385177612,
    -0.01487925834953785,
    -0.014309706166386604,
    0.034724295139312744,
    0.04396774247288704,
    -0.06825800985097885,
    0.09011711180210114,
    -0.06697914749383926,
    -0.006265277974307537,
    0.010442165657877922,
    0.028848808258771896,
    -0.02158302441239357,
    -0.002204681048169732,
    0.009343160316348076,
    -0.028746522963047028,
    0.05940602347254753,
    0.006157028954476118,
    -0.062389224767684937,
    -0.01514699961990118,
    -0.00941263698041439,
    0.10178983956575394,
    0.07116008549928665,
    -0.0004117293283343315,
    0.09072684496641159,
    0.04692884162068367,
    -0.04877590015530586,
    -0.02052578516304493,
    -0.02047821693122387,
    -0.06154495105147362,
    -0.10090035200119019,
    -0.050499387085437775,
    -0.09018488228321075,
    -0.0691908523440361,
    -0.09170133620500565,
    0.0742175430059433,
    -0.07278576493263245,
    -0.027745334431529045,
    -0.11279425770044327,
    -0.06766922771930695,
    0.028794260695576668,
    0.04798004776239395,
    -0.009632927365601063,
    -0.049211129546165466,
    0.09171536564826965,
    -0.005504298955202103,
    -0.00886800792068243,
    0.08178240805864334,
    -0.03522927314043045,
    -0.021484598517417908,
    0.07998687028884888,
    -0.07546450197696686,
    0.010745423845946789,
    -0.0862087532877922,
    0.06065921112895012,
    -0.06812111288309097,
    -6.569815269585888e-08,
    -0.041785139590501785,
    0.05642377957701683,
    0.01690770871937275,
    -0.04279280826449394,
    -0.003053620457649231,
    -0.053321149200201035,
    -0.010883733630180359,
    0.023522133007645607,
    -0.031247586011886597,
    -0.03925614431500435,
    0.0341523140668869,
    0.05635125935077667,
    -0.016434794291853905,
    -0.010050217621028423,
    0.07164983451366425,
    -0.01573774591088295,
    -0.05697023868560791,
    -0.06482476741075516,
    -0.06264999508857727,
    0.015754802152514458,
    -0.06104834005236626,
    -0.024483032524585724,
    -0.02459673583507538,
    0.00269703078083694,
    0.02871469035744667,
    0.03272853419184685,
    -0.015547518618404865,
    0.036296941339969635,
    0.08860751986503601,
    0.03994927555322647,
    -0.01562380138784647,
    0.016809986904263496,
    0.012421676889061928,
    -0.03995484858751297,
    -0.05249713361263275,
    -0.04629148915410042,
    0.04530450701713562,
    -0.0099039850756526,
    0.03751707077026367,
    -0.006005228031426668,
    -0.004815040156245232,
    0.042135026305913925,
    0.026451759040355682,
    0.09174523502588272,
    0.007945849560201168,
    -0.04199766367673874,
    -0.052024126052856445,
    0.011969942599534988,
    0.011905292980372906,
    -0.07894149422645569,
    -0.04431843385100365,
    -0.05538167804479599,
    0.08162292093038559,
    -0.02026188001036644,
    -0.04511342942714691,
    0.038056015968322754,
    0.03877636045217514,
    0.07215574383735657,
    -0.0375698059797287,
    -0.016390694305300713,
    0.09324242174625397,
    0.013585955835878849,
    0.04879648983478546,
    -0.01892770640552044
]