[
    -0.0168687105178833,
    0.014561211690306664,
    -0.01666063815355301,
    -0.056440867483615875,
    -0.06047772988677025,
    0.06794010102748871,
    -0.04391946643590927,
    -0.07746677100658417,
    -0.019490128383040428,
    0.021006567403674126,
    0.028132745996117592,
    -0.04164706915616989,
    0.01205246802419424,
    -0.04661574214696884,
    0.07583288848400116,
    -0.01688784547150135,
    0.009095525369048119,
    0.024259010329842567,
    -0.0870889276266098,
    0.04607641324400902,
    0.020078251138329506,
    0.0671735405921936,
    -0.03161094710230827,
    -0.02096104435622692,
    -0.13084015250205994,
    0.013682562857866287,
    -0.03259333595633507,
    -0.07128706574440002,
    0.011682342737913132,
    -0.07541574537754059,
    0.04429992660880089,
    0.02999790571630001,
    0.04831870645284653,
    0.07318737357854843,
    -0.010579166002571583,
    0.0004196206573396921,
    -0.007486869115382433,
    0.03204391896724701,
    0.03416292369365692,
    -0.006867948453873396,
    -0.07780861109495163,
    -0.0989711657166481,
    -0.03894032537937164,
    0.014010659419000149,
    0.013745653443038464,
    0.01491842046380043,
    -0.09135898947715759,
    -0.05499919131398201,
    0.017045946791768074,
    0.05069226771593094,
    -0.08026144653558731,
    -0.03234032541513443,
    -0.0362655371427536,
    0.09905190765857697,
    -0.04361334443092346,
    -0.01648946851491928,
    -0.04092177748680115,
    -0.016606606543064117,
    -0.09109366685152054,
    -0.034494850784540176,
    -0.03211070969700813,
    0.018957365304231644,
    0.004555812105536461,
    0.06955858319997787,
    -0.038491372019052505,
    0.013923633843660355,
    -0.031006988137960434,
    -0.006631211843341589,
    0.015819640830159187,
    0.015153318643569946,
    -0.13028603792190552,
    0.008137721568346024,
    -0.0034741880372166634,
    0.06614740192890167,
    -0.014802452176809311,
    0.024922218173742294,
    -0.029212508350610733,
    0.009674422442913055,
    0.07683230191469193,
    -0.1269380897283554,
    -0.03998878598213196,
    -0.007262664847075939,
    0.001758321886882186,
    0.05451866239309311,
    -0.06576592475175858,
    -0.03834366798400879,
    -0.02788870967924595,
    -0.002261728048324585,
    -0.015070637688040733,
    -0.04289906844496727,
    0.04895414412021637,
    -0.02878340147435665,
    0.10816318541765213,
    -0.058514367789030075,
    0.060826659202575684,
    -0.059380196034908295,
    -0.020386667922139168,
    -0.03315473347902298,
    0.04047216847538948,
    -0.014362519606947899,
    -0.02807515859603882,
    0.04026748985052109,
    -0.01694420725107193,
    0.019106874242424965,
    -0.07101300358772278,
    -0.06796286255121231,
    0.001390509307384491,
    0.027716919779777527,
    0.011259568855166435,
    0.02274070493876934,
    0.02625945955514908,
    0.019530674442648888,
    -0.04063287004828453,
    -0.1611272245645523,
    0.039505451917648315,
    -0.0018990132957696915,
    0.00039459936670027673,
    0.03999173268675804,
    0.05437624827027321,
    0.03648495674133301,
    -0.024243952706456184,
    -0.019194554537534714,
    -0.06333770602941513,
    -0.09008143097162247,
    -0.026509039103984833,
    0.054560303688049316,
    -0.012428226880729198,
    2.500086641861348e-32,
    -0.013777647167444229,
    -0.009582128375768661,
    -0.05282068997621536,
    0.035592567175626755,
    0.0278504379093647,
    -0.03449244424700737,
    0.03468016907572746,
    -0.004435721784830093,
    -0.06390749663114548,
    0.044375065714120865,
    -0.005181855987757444,
    -0.02200893685221672,
    -0.04269697889685631,
    -0.034398045390844345,
    -0.04012496396899223,
    0.019226497039198875,
    0.008682779036462307,
    0.05455220490694046,
    -0.042836956679821014,
    0.06871044635772705,
    0.015748100355267525,
    -0.08923120051622391,
    0.018976178020238876,
    0.023453325033187866,
    0.004932170268148184,
    -0.030884183943271637,
    -0.00569855747744441,
    -0.007552102208137512,
    0.024086764082312584,
    0.006534211337566376,
    0.03655819967389107,
    0.03612314164638519,
    -0.019505644217133522,
    -0.05780778080224991,
    0.047670770436525345,
    0.14238585531711578,
    0.0669555813074112,
    -0.056010883301496506,
    0.0890505462884903,
    -0.07330819964408875,
    -0.060128554701805115,
    -0.017572510987520218,
    0.037794843316078186,
    0.04126398265361786,
    0.025746678933501244,
    0.018821649253368378,
    0.0042219944298267365,
    -0.019210008904337883,
    0.033697061240673065,
    0.04025446996092796,
    -0.021737990900874138,
    0.008397206664085388,
    -0.025112584233283997,
    -0.028887787833809853,
    -0.0131057845428586,
    -0.04229359328746796,
    -0.04136836528778076,
    0.053217776119709015,
    -0.06782062351703644,
    0.06037885695695877,
    0.002566751791164279,
    0.050203971564769745,
    0.013609268702566624,
    -0.02848970890045166,
    0.020859424024820328,
    -0.04983656853437424,
    -0.0018367680022493005,
    -0.043594326823949814,
    0.04916436970233917,
    0.03255709633231163,
    -0.032129935920238495,
    0.08642448484897614,
    -0.01811102405190468,
    0.014034964144229889,
    -0.01109683234244585,
    -0.029456093907356262,
    0.033458102494478226,
    -0.029683198779821396,
    0.05928681045770645,
    0.010659719817340374,
    -0.04076805338263512,
    0.008944227360188961,
    0.001465788809582591,
    0.07871267944574356,
    0.02703792229294777,
    -0.003769482020288706,
    0.07013554126024246,
    0.06466971337795258,
    -0.04537865146994591,
    -0.10829126834869385,
    -0.0073591177351772785,
    0.010533813387155533,
    0.06512000411748886,
    0.04964502900838852,
    -0.014821348711848259,
    -2.4498914167765037e-32,
    -0.00811557937413454,
    -0.023838616907596588,
    -0.057847119867801666,
    0.04574740305542946,
    0.08098986744880676,
    -0.03810789808630943,
    -0.038398947566747665,
    -0.08174709975719452,
    0.11276763677597046,
    0.08857575803995132,
    0.03328612819314003,
    -0.050520505756139755,
    -0.011951131746172905,
    -0.017524616792798042,
    -0.023078786209225655,
    -0.024726692587137222,
    -0.04225549474358559,
    -0.036109160631895065,
    -0.032451704144477844,
    0.12456867843866348,
    -0.004961278755217791,
    -0.011896352283656597,
    -0.03754792362451553,
    0.1479312926530838,
    0.041281070560216904,
    0.0783715471625328,
    -0.03555118665099144,
    -0.01637319289147854,
    0.07614996284246445,
    -0.042580705136060715,
    -0.06112566962838173,
    -0.08845856040716171,
    -0.03063894622027874,
    0.013992472551763058,
    -0.08675526082515717,
    -0.2002015858888626,
    0.04696681722998619,
    -0.03385438024997711,
    -0.004795582499355078,
    -0.020568016916513443,
    0.06949099153280258,
    0.0020698988810181618,
    -0.06264414638280869,
    0.04727216809988022,
    0.005663744639605284,
    -0.06627783924341202,
    0.06562778353691101,
    -0.018622763454914093,
    -0.030089860782027245,
    0.0028849963564425707,
    0.026328084990382195,
    -0.006308943964540958,
    -0.02649281732738018,
    0.027678625658154488,
    -0.03146832063794136,
    0.0635809376835823,
    0.004503433592617512,
    -0.057412583380937576,
    -0.039239849895238876,
    -0.027233045548200607,
    0.06457400321960449,
    0.08569727092981339,
    -0.043024107813835144,
    0.05349835008382797,
    0.07965228706598282,
    -0.06819096207618713,
    -0.014417784288525581,
    -0.06235550343990326,
    -0.07304999977350235,
    -0.11348055303096771,
    -0.06111455336213112,
    -0.08398382365703583,
    -0.11443217098712921,
    -0.08881919085979462,
    0.0741802453994751,
    -0.07511765509843826,
    0.002917885547503829,
    -0.0674244612455368,
    -0.056480370461940765,
    0.04308314621448517,
    0.0503881573677063,
    -0.011180425062775612,
    -0.03913292661309242,
    0.06360797584056854,
    -0.0022776613477617502,
    0.020629582926630974,
    0.0591312013566494,
    -0.04660290852189064,
    -0.0018390545155853033,
    0.07840757071971893,
    -0.0624900683760643,
    0.006792047061026096,
    -0.06799815595149994,
    0.0574924610555172,
    -0.08295588940382004,
    -6.355502080168662e-08,
    -0.026154590770602226,
    0.048725202679634094,
    -0.02506650611758232,
    0.006477795075625181,
    0.006661560386419296,
    -0.008394553326070309,
    -0.061283234506845474,
    0.013456763699650764,
    -0.015872616320848465,
    -0.028233036398887634,
    0.06729874759912491,
    0.06183617562055588,
    -0.011525585316121578,
    -0.04471278190612793,
    0.07985546439886093,
    -0.012668067589402199,
    -0.09316836297512054,
    -0.03259335830807686,
    -0.08278484642505646,
    0.036382194608449936,
    -0.042363088577985764,
    -0.04495835676789284,
    -0.012348535470664501,
    0.019779236987233162,
    -9.350549225928262e-05,
    0.042835433036088943,
    -0.015065320767462254,
    0.046874042600393295,
    0.0785488709807396,
    0.031663741916418076,
    0.0031411449890583754,
    0.0037392519880086184,
    0.021424882113933563,
    -0.03974089026451111,
    -0.051869601011276245,
    -0.05015462636947632,
    0.04876762628555298,
    -0.00333923171274364,
    0.027811087667942047,
    0.024031464010477066,
    0.011091141030192375,
    0.014062800444662571,
    0.0016623928677290678,
    0.09589690715074539,
    -0.02856721542775631,
    -0.056929443031549454,
    -0.0762319564819336,
    0.005674424581229687,
    0.01115257479250431,
    -0.08537327498197556,
    -0.019613534212112427,
    -0.04159943759441376,
    0.11437304317951202,
    -0.01579287089407444,
    -0.04196644574403763,
    0.07631669193506241,
    0.04655936732888222,
    0.06062592938542366,
    -0.0033121255692094564,
    0.007184179034084082,
    0.12709802389144897,
    0.05547801032662392,
    0.057349205017089844,
    -0.03178827464580536
]