[
    -0.040774211287498474,
    0.06479540467262268,
    -0.023003747686743736,
    -0.04486467316746712,
    -0.04086015373468399,
    0.06527076661586761,
    -0.01624462753534317,
    -0.07704780250787735,
    0.022821269929409027,
    -0.013728296384215355,
    0.012839339673519135,
    0.0010591328609734774,
    -0.010567166842520237,
    -0.0730152428150177,
    0.07332168519496918,
    -0.05049889534711838,
    0.005030904896557331,
    0.04441400617361069,
    -0.09444914013147354,
    0.07814860343933105,
    0.03686986491084099,
    0.08630077540874481,
    -0.03876134753227234,
    0.019009603187441826,
    -0.08075742423534393,
    0.0034537070896476507,
    -0.0020448218565434217,
    -0.056579962372779846,
    0.011013849638402462,
    -0.054680537432432175,
    0.083304762840271,
    0.026744922623038292,
    0.0593438483774662,
    0.07479459792375565,
    -0.022693131119012833,
    -0.016006415709853172,
    -0.01565832458436489,
    0.03074239380657673,
    -0.024354128167033195,
    0.0326799713075161,
    -0.04025823250412941,
    -0.052778247743844986,
    -0.03800448402762413,
    0.008410551585257053,
    0.024320293217897415,
    0.052640799432992935,
    -0.07092546671628952,
    0.003961837384849787,
    0.003906254656612873,
    0.06784986704587936,
    -0.09863904118537903,
    -0.021054087206721306,
    -0.056483205407857895,
    0.11248523741960526,
    -0.02394302561879158,
    -0.022616175934672356,
    -0.03664766252040863,
    -0.04065036401152611,
    -0.08991687744855881,
    -0.0017002859385684133,
    0.023104937747120857,
    0.04243346303701401,
    0.04509174823760986,
    0.06164434924721718,
    -0.07821909338235855,
    0.05079173669219017,
    0.005096865817904472,
    0.01255739200860262,
    0.02539132907986641,
    -0.041473835706710815,
    -0.059870555996894836,
    -0.04072254151105881,
    0.03342634439468384,
    0.022808335721492767,
    -0.012842274270951748,
    0.0002306891547050327,
    -0.03011622279882431,
    -0.007250502239912748,
    0.058081261813640594,
    -0.12475858628749847,
    -0.07414422184228897,
    0.000976267212536186,
    -0.011298139579594135,
    0.06239713355898857,
    -0.056434206664562225,
    -0.004475047811865807,
    -0.028504274785518646,
    -0.030598346143960953,
    -0.010064647532999516,
    -0.0752566009759903,
    0.06070208176970482,
    -0.0459459088742733,
    0.10049965977668762,
    -0.06040322408080101,
    0.06457550078630447,
    -0.031182778999209404,
    -0.030033200979232788,
    -0.08093658834695816,
    0.043897565454244614,
    -0.03063061274588108,
    -0.01158077921718359,
    0.010560412891209126,
    8.73531389515847e-05,
    -0.002725062193349004,
    -0.014230708591639996,
    -0.06209719553589821,
    0.017738405615091324,
    -0.020447544753551483,
    0.040112268179655075,
    0.06242379918694496,
    0.0454096719622612,
    0.022739341482520103,
    -0.0443236269056797,
    -0.1413501352071762,
    0.057822294533252716,
    0.03080412745475769,
    -0.016519181430339813,
    0.05954183638095856,
    0.04493675008416176,
    0.0063268039375543594,
    -0.05933671444654465,
    -0.018919892609119415,
    -0.022259067744016647,
    -0.07032676786184311,
    -0.051028840243816376,
    -0.0021831414196640253,
    -0.06234336644411087,
    1.6138698427697108e-32,
    -0.02811555005609989,
    0.017263902351260185,
    -0.029610689729452133,
    0.019127141684293747,
    0.02450667694211006,
    -0.006789799779653549,
    0.01817244663834572,
    -0.006842031609266996,
    -0.04870743304491043,
    0.056669946759939194,
    0.017853805795311928,
    0.05415470525622368,
    -0.011142090894281864,
    -0.026055889204144478,
    -0.05089616775512695,
    0.07041535526514053,
    -0.02486499957740307,
    0.08645373582839966,
    -0.03761962428689003,
    0.07386181503534317,
    0.033286239951848984,
    -0.03738370165228844,
    0.006606403738260269,
    0.030342789366841316,
    -0.01753936894237995,
    0.014089390635490417,
    0.009518223814666271,
    -0.02983122505247593,
    0.03641226515173912,
    -0.007239130791276693,
    0.021279629319906235,
    0.03190439194440842,
    0.04898136109113693,
    -0.072726309299469,
    0.07859563082456589,
    0.1242406889796257,
    -0.0034816120751202106,
    -0.03609622269868851,
    0.04106397181749344,
    -0.04798959568142891,
    -0.037782128900289536,
    -0.03452906385064125,
    0.04068799316883087,
    0.02309165522456169,
    0.05493980646133423,
    0.03276817128062248,
    -0.012679309584200382,
    -0.039769247174263,
    0.02816740609705448,
    0.03414708003401756,
    -0.025722822174429893,
    -0.006911662872880697,
    -0.00985843874514103,
    0.0007039903430268168,
    0.009481152519583702,
    -0.025774097070097923,
    -0.072352834045887,
    0.02772638574242592,
    -0.041150372475385666,
    0.05586494132876396,
    -0.0010543001117184758,
    0.010923664085566998,
    -0.024215424433350563,
    -0.0584217794239521,
    -0.03025590255856514,
    -0.07865408062934875,
    -0.016793061047792435,
    -0.03662832826375961,
    0.016884850338101387,
    -0.012686225585639477,
    -0.027711281552910805,
    0.07856278866529465,
    -0.05469764769077301,
    0.02781914360821247,
    -0.015518139116466045,
    -0.039503540843725204,
    -0.004490758758038282,
    -0.008978545665740967,
    0.026533406227827072,
    -0.006123819388449192,
    -0.05439193546772003,
    0.0029563033021986485,
    0.02813529223203659,
    0.06227819249033928,
    -0.04586454853415489,
    0.024798324331641197,
    0.06505241245031357,
    0.04476286098361015,
    -0.06791441887617111,
    -0.038777757436037064,
    -0.008950794115662575,
    0.04584990069270134,
    0.0245831161737442,
    0.038673631846904755,
    -0.004991312511265278,
    -1.8285862286380853e-32,
    -0.040496788918972015,
    -0.044173505157232285,
    -0.09425780177116394,
    0.006961944047361612,
    0.06990513950586319,
    -0.027705611661076546,
    -0.02998359687626362,
    -0.055008191615343094,
    0.059801533818244934,
    0.03976622596383095,
    0.03425724431872368,
    -0.06797165423631668,
    -0.019750582054257393,
    -0.04773927852511406,
    -0.0199035182595253,
    -0.0025876753497868776,
    -0.022930795326828957,
    -0.07512786984443665,
    -0.028316626325249672,
    0.12464439123868942,
    -0.0011783484369516373,
    -0.016852043569087982,
    -0.04266537353396416,
    0.13685235381126404,
    0.042005639523267746,
    0.056352149695158005,
    -0.01348953414708376,
    -0.013326531276106834,
    0.12985727190971375,
    -0.03870788589119911,
    -0.05037125200033188,
    -0.009493127465248108,
    -0.06932668387889862,
    0.03704490140080452,
    -0.11473968625068665,
    -0.19540441036224365,
    0.07184571772813797,
    -0.03011801280081272,
    -0.024514731019735336,
    -0.03738776966929436,
    0.11964121460914612,
    -0.016816994175314903,
    -0.031359560787677765,
    0.024827200919389725,
    -0.01171534787863493,
    -0.0571458674967289,
    0.07114628702402115,
    0.017259931191802025,
    0.00033731208532117307,
    0.032510899007320404,
    0.0781761109828949,
    -0.07016124576330185,
    -0.02135680429637432,
    0.02303718402981758,
    -0.0629797950387001,
    0.07814738154411316,
    -0.011013491079211235,
    -0.029659267514944077,
    -0.04625661298632622,
    -0.025708496570587158,
    0.0818430557847023,
    0.03597748652100563,
    -0.07288095355033875,
    0.10492383688688278,
    0.010745231993496418,
    -0.040284622460603714,
    0.0015713062603026628,
    -0.014363969676196575,
    -0.018076984211802483,
    -0.10016030818223953,
    -0.09307795017957687,
    -0.10242626816034317,
    -0.049979109317064285,
    -0.11990543454885483,
    0.07917725294828415,
    -0.05862922593951225,
    -0.05619620159268379,
    -0.09105744957923889,
    -0.08837152272462845,
    0.03457232937216759,
    0.0805676281452179,
    -0.01689014583826065,
    -0.032475005835294724,
    0.10072941333055496,
    -0.004477591719478369,
    0.004753562621772289,
    0.08503984659910202,
    -0.05513426288962364,
    -0.027941519394516945,
    0.07097586989402771,
    -0.06170665845274925,
    0.004345527850091457,
    -0.09528041630983353,
    0.037244636565446854,
    -0.06593088805675507,
    -5.3528150800730145e-08,
    0.0072364965453743935,
    0.0571199506521225,
    0.014434569515287876,
    -0.04189539700746536,
    -0.010389689356088638,
    -0.08859717100858688,
    -0.04740813001990318,
    0.0013585718115791678,
    -0.038899824023246765,
    -0.008338583633303642,
    0.03725244477391243,
    0.08689621090888977,
    -0.0429307222366333,
    -0.0253412127494812,
    0.036988843232393265,
    -0.06680859625339508,
    -0.1106884777545929,
    -0.05111058056354523,
    -0.03407973796129227,
    0.030671991407871246,
    -0.05322113260626793,
    -0.04709041118621826,
    -0.04330337792634964,
    0.01576167531311512,
    0.02668888494372368,
    0.04525408148765564,
    0.015882054343819618,
    0.03292983025312424,
    0.07007051259279251,
    0.04130926728248596,
    -0.029465006664395332,
    -0.009245040826499462,
    0.034687913954257965,
    -0.017568839713931084,
    -0.04241330176591873,
    -0.046030350029468536,
    0.031654078513383865,
    -0.03213170915842056,
    0.05068839713931084,
    -0.02822708897292614,
    -0.0020670946687459946,
    0.018879592418670654,
    0.0141818942502141,
    0.0798671767115593,
    0.007451343350112438,
    -0.046321526169776917,
    -0.011189303360879421,
    0.0017486652359366417,
    0.03184131160378456,
    -0.07944626361131668,
    -0.0721021518111229,
    -0.01936221867799759,
    0.11583702266216278,
    -0.0018864574376493692,
    -0.03912931680679321,
    0.05540291965007782,
    0.024256907403469086,
    0.038481175899505615,
    -0.024171847850084305,
    -0.02737707830965519,
    0.14447735249996185,
    -0.0003398106782697141,
    0.05797803774476051,
    0.01796666532754898
]