[
    -0.03303151577711105,
    0.10683129727840424,
    -0.027549399062991142,
    -0.050993699580430984,
    0.019444119185209274,
    0.05093708634376526,
    0.01103250216692686,
    -0.009830670431256294,
    0.01787739060819149,
    -0.0014371579745784402,
    0.02276666648685932,
    -0.03331286460161209,
    -0.009177048690617085,
    -0.08330756425857544,
    0.07878845185041428,
    -0.030798284336924553,
    0.022977236658334732,
    0.02229384146630764,
    -0.10375899076461792,
    0.08067530393600464,
    0.04486028850078583,
    0.10606086999177933,
    -0.012157685123383999,
    0.015802163630723953,
    -0.066970594227314,
    -0.0133884372189641,
    0.00769675150513649,
    -0.03675707429647446,
    0.022860396653413773,
    -0.013684576377272606,
    0.08799676597118378,
    0.0477374792098999,
    0.07592476904392242,
    0.10353095829486847,
    -0.024416206404566765,
    -0.054178837686777115,
    -0.0026254255790263414,
    0.015979330986738205,
    -0.06222917139530182,
    0.005783215165138245,
    -0.042158808559179306,
    -0.051527269184589386,
    -0.06450434029102325,
    0.04874544218182564,
    0.02329609915614128,
    0.048331622034311295,
    -0.045447301119565964,
    0.018203003332018852,
    0.0029923589900135994,
    0.04403184726834297,
    -0.09511466324329376,
    -0.008164318278431892,
    -0.04102412611246109,
    0.035319983959198,
    -0.015298665501177311,
    -0.03389938548207283,
    -0.047428250312805176,
    -0.019028479233384132,
    -0.08084197342395782,
    0.013402587734162807,
    0.028439108282327652,
    -0.012990380637347698,
    0.03327218443155289,
    0.05527125671505928,
    -0.04468860849738121,
    0.036809369921684265,
    0.00491481414064765,
    0.010983229614794254,
    0.02787342667579651,
    0.0015575472498312593,
    -0.10686996579170227,
    -0.024700919166207314,
    0.020608341321349144,
    0.031627755612134933,
    0.0002784264215733856,
    -0.026902491226792336,
    -0.05627264082431793,
    -0.017131276428699493,
    0.03366263210773468,
    -0.08895295858383179,
    -0.09840434789657593,
    0.04186742380261421,
    0.05637368932366371,
    0.05167153850197792,
    -0.05959270894527435,
    -0.02002195455133915,
    0.0005686509539373219,
    -0.028324248269200325,
    -0.01483388151973486,
    -0.05251815542578697,
    0.007728529628366232,
    -0.09765347093343735,
    0.051645323634147644,
    -0.008583932183682919,
    0.09429042041301727,
    -0.02399955503642559,
    -0.04969845712184906,
    -0.0864926278591156,
    0.011860480532050133,
    -0.039743855595588684,
    -0.037886109203100204,
    0.008308133110404015,
    -0.02926141954958439,
    0.030248187482357025,
    -0.07525999844074249,
    -0.07125777006149292,
    -0.00966640841215849,
    -0.008429559879004955,
    0.027023283764719963,
    0.07820362597703934,
    0.06058438494801521,
    -0.002126326784491539,
    -0.0562642402946949,
    -0.12443137913942337,
    0.09279772639274597,
    -0.062273312360048294,
    -0.02278977818787098,
    0.04353051260113716,
    0.02222529612481594,
    -0.0060957553796470165,
    -0.03839682787656784,
    -0.044420599937438965,
    0.02399546653032303,
    -0.0649871826171875,
    -0.060544196516275406,
    -0.01735951378941536,
    -0.02172686532139778,
    1.6462573569971542e-32,
    -0.07066614925861359,
    -0.012275530025362968,
    -0.001091439975425601,
    0.08857957273721695,
    0.023164840415120125,
    0.005752525292336941,
    -0.00595358619466424,
    -0.039502665400505066,
    -0.03814311698079109,
    0.06580203026533127,
    0.031984198838472366,
    0.02967619150876999,
    0.0008814420434646308,
    -0.021959060803055763,
    -0.014415028505027294,
    0.0619666613638401,
    -0.013797430321574211,
    0.13947415351867676,
    0.012036150321364403,
    0.007170758210122585,
    0.06421899050474167,
    0.00036115883267484605,
    0.03743316978216171,
    -0.007497506216168404,
    -0.02060934342443943,
    0.049719251692295074,
    0.04313504323363304,
    -0.054180044680833817,
    0.03826717659831047,
    -0.0011695526773110032,
    -0.007626381702721119,
    -5.382489689509384e-05,
    0.026079541072249413,
    -0.09468547999858856,
    0.08966401219367981,
    0.1286361962556839,
    0.0012829508632421494,
    -0.07023284584283829,
    0.026499319821596146,
    -0.05010708421468735,
    0.0037642805837094784,
    -0.026561709120869637,
    0.0413878969848156,
    0.013878981582820415,
    -0.00629760604351759,
    0.010648438706994057,
    -0.043414462357759476,
    -0.010230649262666702,
    0.032905708998441696,
    0.011070093140006065,
    -0.06998524814844131,
    -0.005559111479669809,
    0.017226461321115494,
    -0.06433045119047165,
    -0.0057946848683059216,
    -0.008974761702120304,
    -0.08540526032447815,
    0.020138511434197426,
    -0.09774593263864517,
    0.037194881588220596,
    -0.032410409301519394,
    0.05312485992908478,
    -0.03255123645067215,
    -0.05690630525350571,
    -0.03373920917510986,
    -0.06668566912412643,
    -0.007830259390175343,
    -0.06113027036190033,
    0.05520474910736084,
    -0.02188301831483841,
    -0.037374839186668396,
    0.09281427413225174,
    -0.008318385109305382,
    0.012651349417865276,
    -0.004057581070810556,
    -0.0014895597705617547,
    0.04260975122451782,
    -0.010447490960359573,
    0.01387437991797924,
    -0.002778869355097413,
    0.009392047300934792,
    0.027733266353607178,
    0.03250331059098244,
    0.03193768486380577,
    -0.08086878061294556,
    0.036073580384254456,
    0.04668151214718819,
    0.09351751953363419,
    -0.05654941871762276,
    -0.03501351550221443,
    -0.009894062764942646,
    0.009531059302389622,
    -0.0034788213670253754,
    0.043275557458400726,
    -0.0493907630443573,
    -1.890739170006669e-32,
    -0.055480871349573135,
    -0.030933191999793053,
    -0.09947284311056137,
    -0.01768375001847744,
    0.08482404798269272,
    0.01931949518620968,
    -0.013552333228290081,
    -0.06137366220355034,
    0.07041272521018982,
    0.007740721572190523,
    0.023267902433872223,
    -0.07600359618663788,
    0.010752595029771328,
    -0.018364885821938515,
    -0.039906665682792664,
    0.06209252029657364,
    -0.04999324679374695,
    -0.06736859679222107,
    -0.049431074410676956,
    0.08995136618614197,
    -0.046470727771520615,
    -0.03722759336233139,
    -0.037697311490774155,
    0.10359656065702438,
    0.04796149954199791,
    0.029469100758433342,
    -0.046472568064928055,
    0.02344423532485962,
    0.11655240505933762,
    -0.03415301814675331,
    -0.02013397589325905,
    -0.03797175735235214,
    -0.07005291432142258,
    -0.024556608870625496,
    -0.130698561668396,
    -0.1916983276605606,
    0.07362286001443863,
    -0.03382064774632454,
    -0.005677709821611643,
    -0.018194688484072685,
    0.09102567285299301,
    0.033669088035821915,
    -0.020401153713464737,
    -0.01935119554400444,
    -0.019032767042517662,
    -0.04621099308133125,
    0.06725350022315979,
    -0.025370202958583832,
    0.01722034066915512,
    0.0024552098475396633,
    0.08711057901382446,
    -0.06268193572759628,
    0.007432279642671347,
    0.029147306457161903,
    -0.06293240189552307,
    0.016923539340496063,
    0.024223990738391876,
    -0.01280480157583952,
    -0.04344053193926811,
    -0.019129371270537376,
    0.05656653270125389,
    0.05302869528532028,
    -0.09818433225154877,
    0.08768274635076523,
    0.023850038647651672,
    -0.05572376772761345,
    -0.034541767090559006,
    -0.08073558658361435,
    -0.027657853439450264,
    -0.10828413814306259,
    -0.06678404659032822,
    -0.11228310316801071,
    -0.025993037968873978,
    -0.10081492364406586,
    0.0778559222817421,
    -0.05951869487762451,
    -0.02302422933280468,
    -0.07888244837522507,
    -0.11423856765031815,
    0.03262384980916977,
    0.07310108840465546,
    -0.009728670120239258,
    -0.0644536018371582,
    0.03612793609499931,
    0.025245528668165207,
    -5.771470023319125e-05,
    0.05228862166404724,
    -0.019686998799443245,
    -0.003675474552437663,
    0.06859834492206573,
    -0.07126262038946152,
    -0.004702111706137657,
    -0.10763972997665405,
    0.03789759427309036,
    -0.0792679712176323,
    -5.246445766715624e-08,
    0.013292478397488594,
    0.02594096213579178,
    0.03589048236608505,
    -0.03355398029088974,
    -0.027410686016082764,
    -0.018823493272066116,
    -0.024054013192653656,
    -0.008450612425804138,
    -0.0007781102904118598,
    -0.033632177859544754,
    0.042813148349523544,
    0.0703376904129982,
    -0.031044824048876762,
    0.0023323080968111753,
    0.01986878179013729,
    -0.013031293638050556,
    -0.08173717558383942,
    -0.06212826445698738,
    0.002614730503410101,
    0.03953029587864876,
    -0.03144995868206024,
    -0.0779033750295639,
    -0.07585208117961884,
    0.006555783562362194,
    0.04363878816366196,
    0.05094648152589798,
    0.0069266511127352715,
    0.0660267323255539,
    0.031306192278862,
    0.060537729412317276,
    -0.023010533303022385,
    0.00971629936248064,
    0.040220651775598526,
    0.01200396753847599,
    -0.08523398637771606,
    -0.045851416885852814,
    0.03841432183980942,
    -0.000816505285911262,
    0.05120959132909775,
    0.0023083032574504614,
    -0.028368491679430008,
    0.04239309951663017,
    0.008290073834359646,
    0.0970354974269867,
    -0.021816609427332878,
    0.004398771561682224,
    0.0026016810443252325,
    0.021997271105647087,
    0.012655003927648067,
    -0.0685640349984169,
    -0.04734067991375923,
    -0.010603153146803379,
    0.13396219909191132,
    0.021241556853055954,
    -0.01820210926234722,
    0.08475273102521896,
    0.030360814183950424,
    0.012542699463665485,
    -0.0012928026262670755,
    -0.033685389906167984,
    0.10844472050666809,
    0.028186004608869553,
    0.004223665222525597,
    -0.014319753274321556
]