[
    -0.03770976513624191,
    0.09030476957559586,
    -0.02175944484770298,
    -0.039816804230213165,
    -0.03065006248652935,
    0.06900989264249802,
    -0.02455904148519039,
    -0.014748703688383102,
    -0.023417916148900986,
    0.005584736820310354,
    0.04185939580202103,
    0.020040500909090042,
    -0.010404199361801147,
    -0.08845990896224976,
    0.06664083898067474,
    -0.011063648387789726,
    0.04360184073448181,
    0.02508470229804516,
    -0.07305397093296051,
    0.08727331459522247,
    0.04683690145611763,
    0.0802793800830841,
    -0.06238246709108353,
    0.02221142314374447,
    -0.09138569980859756,
    -0.025422947481274605,
    -0.023432768881320953,
    -0.04626236855983734,
    0.07882677018642426,
    -0.028236476704478264,
    0.03501950204372406,
    0.017522647976875305,
    0.05763513967394829,
    0.08923205733299255,
    -0.014101827517151833,
    -0.061632994562387466,
    -0.03949662297964096,
    -0.009731152094900608,
    -0.032119713723659515,
    0.027486532926559448,
    -0.057328976690769196,
    -0.06298352032899857,
    -0.06699981540441513,
    0.03673625737428665,
    0.0007664275472052395,
    0.024080099537968636,
    -0.061328571289777756,
    0.006153924390673637,
    -0.002400659490376711,
    0.04304344207048416,
    -0.12345509231090546,
    0.02119150198996067,
    -0.061653755605220795,
    0.058559808880090714,
    -0.03866702690720558,
    -0.015402785502374172,
    -0.05628184601664543,
    0.013416757807135582,
    -0.0694948360323906,
    -0.0038510586600750685,
    0.01996341347694397,
    -0.021825961768627167,
    -0.014829802326858044,
    0.05978227034211159,
    -0.014430398121476173,
    0.055422961711883545,
    -0.01875932142138481,
    -0.04818494990468025,
    0.0431252121925354,
    0.05136619508266449,
    -0.08580394089221954,
    -0.020570944994688034,
    -0.017732718959450722,
    0.04323292896151543,
    0.005832458380609751,
    -0.028935635462403297,
    -0.04212373122572899,
    0.0068385666236281395,
    0.03426739573478699,
    -0.1014457419514656,
    -0.06956035643815994,
    0.03572849556803703,
    0.04268822446465492,
    0.035247672349214554,
    -0.022229759022593498,
    -0.006593884900212288,
    -0.008749113418161869,
    -0.010208024643361568,
    -0.00907468143850565,
    -0.02749651111662388,
    0.046037230640649796,
    -0.06849656254053116,
    0.09593841433525085,
    -0.05055797100067139,
    0.10930611193180084,
    -0.06406595557928085,
    -0.014623801223933697,
    -0.06540129333734512,
    -0.0004744048637803644,
    -0.035464901477098465,
    0.0014082823181524873,
    -0.0025679925456643105,
    -0.037325646728277206,
    -0.009109856560826302,
    -0.01478551421314478,
    -0.08497731387615204,
    0.015272099524736404,
    -0.020678550004959106,
    0.024230310693383217,
    0.07880828529596329,
    0.05440380051732063,
    0.01904384233057499,
    -0.08019822835922241,
    -0.13221575319766998,
    0.0737382248044014,
    -0.013098398223519325,
    -0.019415663555264473,
    0.058573246002197266,
    0.016109295189380646,
    -0.011419032700359821,
    -0.05151546373963356,
    -0.00956881232559681,
    -0.002899459097534418,
    -0.10394152998924255,
    -0.03376596048474312,
    0.003525011707097292,
    -0.1079968512058258,
    1.5434609637649205e-32,
    -0.05907563120126724,
    -0.02239404432475567,
    -0.041196662932634354,
    0.03814904764294624,
    0.03279047831892967,
    -0.0020477152429521084,
    -0.03483503684401512,
    -0.036725547164678574,
    -0.049029164016246796,
    0.060103464871644974,
    0.015495634637773037,
    0.004997455049306154,
    -0.0001599691458977759,
    -0.05409793555736542,
    0.006126563996076584,
    0.04126167669892311,
    0.025415202602744102,
    0.10384056717157364,
    0.016850043088197708,
    0.048538364470005035,
    0.06529248505830765,
    -0.039028868079185486,
    0.03593369573354721,
    0.011299178935587406,
    -0.030368460342288017,
    0.028307147324085236,
    0.007309300359338522,
    -0.04846235737204552,
    0.029776567593216896,
    -0.01118001900613308,
    0.020913973450660706,
    0.003984615206718445,
    0.05376308783888817,
    -0.08002294600009918,
    0.0769968032836914,
    0.07019077241420746,
    0.03523430600762367,
    -0.0607229582965374,
    0.07135279476642609,
    -0.05865255743265152,
    -0.06471912562847137,
    0.02224237285554409,
    0.009593827649950981,
    -0.01469380408525467,
    0.049349937587976456,
    0.0029660749714821577,
    -0.012324179522693157,
    -0.0139668183401227,
    0.04755747690796852,
    0.04408900439739227,
    -0.07828132808208466,
    0.05320979282259941,
    -0.007579511031508446,
    -0.04264063015580177,
    0.014815427362918854,
    -0.029044847935438156,
    -0.09768223762512207,
    0.056502800434827805,
    -0.06832003593444824,
    0.061732884496450424,
    5.000196324544959e-05,
    0.051294032484292984,
    0.03857668861746788,
    -0.025011997669935226,
    -0.03589249029755592,
    -0.04042963311076164,
    -0.03078494966030121,
    -0.06975703686475754,
    0.04969792813062668,
    -0.05126122012734413,
    -0.05424492061138153,
    0.05676651746034622,
    -0.005369863472878933,
    -0.010702559724450111,
    -0.033795736730098724,
    0.007879095152020454,
    0.029651623219251633,
    -0.02252773940563202,
    0.0511857308447361,
    -0.007544409018009901,
    -0.029862042516469955,
    -0.005843734834343195,
    0.04413004592061043,
    0.05943406745791435,
    -0.0783933773636818,
    -0.03387656807899475,
    0.03976599872112274,
    0.05099620297551155,
    -0.03018782287836075,
    -0.023250306025147438,
    0.010141771286725998,
    0.01163448952138424,
    -0.013360456563532352,
    0.019671212881803513,
    0.015628617256879807,
    -1.718036127731034e-32,
    -0.017362825572490692,
    -0.07235656678676605,
    -0.0717589408159256,
    6.706578278681263e-05,
    0.06126255542039871,
    0.02507167123258114,
    -0.008512572385370731,
    -0.058366432785987854,
    0.05354918912053108,
    0.03277430310845375,
    0.033160630613565445,
    -0.03802280128002167,
    -0.0016239420510828495,
    -0.04247952252626419,
    -0.07649179548025131,
    0.017879260703921318,
    -0.06815468519926071,
    -0.0404030866920948,
    -0.01629875786602497,
    0.09643979370594025,
    -0.010879087261855602,
    -0.03965139016509056,
    -0.012707936577498913,
    0.12782159447669983,
    0.04907332733273506,
    0.04044758901000023,
    -0.054686445742845535,
    -0.03353394940495491,
    0.058333855122327805,
    -0.06920456886291504,
    -0.05405754968523979,
    -0.05702895671129227,
    -0.08100246638059616,
    0.006558544468134642,
    -0.08766086399555206,
    -0.17483626306056976,
    0.025853561237454414,
    0.00020360364578664303,
    -0.04348907992243767,
    0.02717958576977253,
    0.10847233980894089,
    0.021962085738778114,
    -0.009256868623197079,
    -0.019030865281820297,
    -0.013725649565458298,
    -0.03650226816534996,
    0.06981027126312256,
    -0.048760153353214264,
    -0.006973114795982838,
    -0.01619775779545307,
    0.06073479726910591,
    -0.055078472942113876,
    0.03637569770216942,
    0.013826257549226284,
    -0.05179114267230034,
    0.04183294251561165,
    -0.016587158665060997,
    -0.028538735583424568,
    -0.028239034116268158,
    0.012484431266784668,
    0.07106449455022812,
    0.04944111779332161,
    -0.11991796642541885,
    0.05755377560853958,
    0.026310881599783897,
    -0.07727128267288208,
    -0.0012346062576398253,
    -0.057035937905311584,
    -0.055395789444446564,
    -0.09356537461280823,
    -0.06609946489334106,
    -0.14452894032001495,
    -0.05205796658992767,
    -0.08874233067035675,
    0.08330552279949188,
    -0.03598349541425705,
    -0.029575956985354424,
    -0.07151670008897781,
    -0.10930496454238892,
    -0.014865451492369175,
    0.07903439551591873,
    -0.0025851542595773935,
    -0.0626792460680008,
    0.08462289720773697,
    0.04723363742232323,
    0.031036412343382835,
    0.08803939074277878,
    -0.057508405297994614,
    0.029440084472298622,
    0.10425238311290741,
    -0.04114507883787155,
    0.03957446664571762,
    -0.06975515931844711,
    0.06343913078308105,
    -0.06929369270801544,
    -5.034191374875263e-08,
    -0.018814250826835632,
    0.009276577271521091,
    0.00914998259395361,
    -0.02581753581762314,
    -0.021356169134378433,
    -0.028306277468800545,
    -0.03898099437355995,
    -0.0010773398680612445,
    -0.048304181545972824,
    -0.003352317027747631,
    0.019561829045414925,
    0.05762627720832825,
    -0.0192861407995224,
    0.00439591147005558,
    0.05428052321076393,
    -0.021388346329331398,
    -0.09240539371967316,
    -0.07695101946592331,
    -0.013240148313343525,
    0.0391400083899498,
    -0.06355217099189758,
    -0.08801861852407455,
    -0.022266468033194542,
    0.04100221395492554,
    0.04239513352513313,
    0.030824007466435432,
    -0.02288687229156494,
    0.07278319448232651,
    0.018848305568099022,
    0.05678544193506241,
    -0.01202488038688898,
    0.03387455642223358,
    0.062012627720832825,
    0.018615074455738068,
    -0.05880128592252731,
    -0.028857557103037834,
    0.035185135900974274,
    0.018319852650165558,
    0.04038090258836746,
    -0.020216666162014008,
    -0.00426942715421319,
    0.0068439906463027,
    0.05400918796658516,
    0.09306935966014862,
    0.028760876506567,
    0.011787795461714268,
    -0.03159291669726372,
    0.028846342116594315,
    0.003253126982599497,
    -0.07314605265855789,
    -0.03389735519886017,
    -0.010944060049951077,
    0.10990692675113678,
    0.011465713381767273,
    0.030509360134601593,
    0.10731750726699829,
    0.05413117632269859,
    0.05473873391747475,
    -0.019512658938765526,
    -0.04727628082036972,
    0.14820115268230438,
    0.09582550823688507,
    -0.0038459468632936478,
    -0.020057452842593193
]