[
    0.007827356457710266,
    0.0037486685905605555,
    -0.0344201996922493,
    -0.07269459962844849,
    -0.03990774601697922,
    0.04422665014863014,
    -0.03720223531126976,
    -0.07463415712118149,
    0.017668895423412323,
    0.009253374300897121,
    -0.005559660028666258,
    -0.06683364510536194,
    0.012177059426903725,
    -0.07025759667158127,
    0.12637381255626678,
    0.00015696766786277294,
    0.004898658953607082,
    0.03463476151227951,
    -0.09578745067119598,
    0.07693402469158173,
    0.02774897962808609,
    0.060635924339294434,
    -0.01605847291648388,
    -0.021910380572080612,
    -0.11092764884233475,
    0.02167685516178608,
    -0.006601695902645588,
    -0.012935412116348743,
    0.021683810278773308,
    -0.03562500700354576,
    0.03655901178717613,
    0.033509377390146255,
    0.015512940473854542,
    0.08354122936725616,
    -0.028527261689305305,
    -0.02109680138528347,
    -0.0736861377954483,
    0.045120954513549805,
    -0.05542290210723877,
    0.05726594850420952,
    -0.08174208551645279,
    -0.030620494857430458,
    -0.039440132677555084,
    -0.019603893160820007,
    0.06150294095277786,
    -0.00010331766679883003,
    -0.09345930814743042,
    -0.05169975385069847,
    0.027356648817658424,
    0.024996954947710037,
    -0.03885834291577339,
    -0.03642011433839798,
    -0.0472237654030323,
    0.11846023797988892,
    -0.04798944294452667,
    -0.022736145183444023,
    -0.052513912320137024,
    -0.012796253897249699,
    -0.07529430091381073,
    -0.0013647903688251972,
    -0.048853788524866104,
    0.03983147814869881,
    0.02023903839290142,
    0.061912041157484055,
    -0.010211682878434658,
    0.04129261523485184,
    -0.03662453219294548,
    -0.016470344737172127,
    0.002751700347289443,
    -0.0006817664834670722,
    -0.10470287501811981,
    -0.014003053307533264,
    -0.0034433382097631693,
    0.021586349233984947,
    0.0003615666937548667,
    0.0015805029543116689,
    0.008642989210784435,
    0.043009571731090546,
    0.044973570853471756,
    -0.12580959498882294,
    -0.058155607432127,
    0.07676690071821213,
    -0.0028482943307608366,
    0.032926563173532486,
    -0.02678517811000347,
    0.00975942611694336,
    -0.053681205958127975,
    -0.019106756895780563,
    -0.07464703172445297,
    -0.04172852635383606,
    0.01819326914846897,
    -0.03677404671907425,
    0.15071572363376617,
    -0.06843455135822296,
    0.08142098039388657,
    -0.004348136018961668,
    0.011665449477732182,
    -0.06244228780269623,
    0.08607932925224304,
    -0.053324367851018906,
    -0.032819557934999466,
    0.004338014870882034,
    0.03383531793951988,
    -0.0035578575916588306,
    -0.061657894402742386,
    -0.08433067053556442,
    0.008032851852476597,
    -0.018554311245679855,
    0.0009865702595561743,
    0.053900595754384995,
    0.0398717075586319,
    0.05851318687200546,
    -0.044585857540369034,
    -0.14592303335666656,
    -0.03771974518895149,
    -0.014113938435912132,
    -0.031491782516241074,
    0.017938867211341858,
    0.10184632986783981,
    0.026242244988679886,
    -0.05793050676584244,
    -0.046228550374507904,
    0.02419709973037243,
    -0.1019115075469017,
    0.023756172508001328,
    0.0533774271607399,
    -0.04898739978671074,
    1.819382842555116e-32,
    -0.020465269684791565,
    -0.011196785606443882,
    -0.04296298325061798,
    0.01144497375935316,
    -0.001822307938709855,
    0.008556791581213474,
    0.019615059718489647,
    0.0017968484899029136,
    -0.0229342058300972,
    0.07353653758764267,
    -0.050707895308732986,
    0.07789376378059387,
    -0.007341274991631508,
    0.0038844153750687838,
    0.00543950404971838,
    -0.0034922549966722727,
    -0.05136241391301155,
    0.06702452898025513,
    -0.05141368880867958,
    0.06229245290160179,
    -0.011152793653309345,
    -0.0010466602398082614,
    0.004759380593895912,
    0.016339417546987534,
    -0.0030390152242034674,
    0.009292744100093842,
    0.013319762423634529,
    -0.020068179816007614,
    -0.029865417629480362,
    -0.0011845234548673034,
    0.013735937885940075,
    -0.005007704254239798,
    -0.014256077818572521,
    -0.03414446860551834,
    0.059680309146642685,
    0.11624259501695633,
    -0.016494087874889374,
    -0.0304825771600008,
    0.08301293849945068,
    -0.043250903487205505,
    -0.04915498197078705,
    -0.04958231374621391,
    0.082109734416008,
    -0.0085371732711792,
    0.054673656821250916,
    0.01665155217051506,
    0.03414381667971611,
    -0.026599498465657234,
    0.05230824649333954,
    0.01777615398168564,
    0.02682497538626194,
    -0.00041310815140604973,
    0.008679992519319057,
    -0.025253362953662872,
    0.02465829625725746,
    -0.011890288442373276,
    -0.04589700326323509,
    0.033240869641304016,
    -0.036269523203372955,
    0.08644798398017883,
    -0.07079900801181793,
    0.025785213336348534,
    -0.01728563942015171,
    0.012545377016067505,
    0.021367769688367844,
    -0.020200109109282494,
    -0.01040048897266388,
    -0.05514582619071007,
    0.08536436408758163,
    -0.0192122720181942,
    0.01900218427181244,
    0.024187369272112846,
    -0.02682315930724144,
    0.03215346485376358,
    0.051769573241472244,
    -0.03395181521773338,
    -0.03176311403512955,
    0.0036381857935339212,
    0.020298616960644722,
    0.009188205003738403,
    -0.060388773679733276,
    0.03030328080058098,
    -0.006488158367574215,
    0.0907287448644638,
    -0.009940024465322495,
    0.023902688175439835,
    0.07270722091197968,
    0.002795418491587043,
    -0.10802548378705978,
    -0.0942247211933136,
    0.01085088774561882,
    0.055945709347724915,
    0.027725009247660637,
    0.05163516104221344,
    0.0585704930126667,
    -1.968573352952016e-32,
    0.018168983981013298,
    -0.021816784515976906,
    -0.014594322070479393,
    -0.05877317860722542,
    0.041913922876119614,
    0.006448466330766678,
    -0.0291066262871027,
    -0.11524102091789246,
    0.0190495066344738,
    0.023571062833070755,
    0.08002928644418716,
    -0.006894332356750965,
    -0.02326754480600357,
    -0.08920154720544815,
    -0.05557231232523918,
    -0.027571938931941986,
    -0.09714218974113464,
    -0.05997032672166824,
    -0.01499610859900713,
    0.13801749050617218,
    -0.02388903871178627,
    -0.03850962594151497,
    -0.029631013050675392,
    0.113914854824543,
    0.02987094596028328,
    0.03640921786427498,
    -0.016156649217009544,
    0.007723074406385422,
    0.15166905522346497,
    -0.06372340768575668,
    -0.045502886176109314,
    -0.057593636214733124,
    -0.036917004734277725,
    -0.008411027491092682,
    -0.08020621538162231,
    -0.18907231092453003,
    0.0551898255944252,
    -0.09248118847608566,
    -0.024785131216049194,
    -0.057542577385902405,
    0.0769338458776474,
    0.012325450778007507,
    0.01755666919052601,
    0.035277266055345535,
    -0.014541377313435078,
    -0.006563688162714243,
    -0.014774305745959282,
    -0.005871606990695,
    -0.025973623618483543,
    -0.0037734040524810553,
    -0.015171758830547333,
    -0.05719352513551712,
    -0.04481226205825806,
    0.015337185002863407,
    -0.04791034758090973,
    0.07264929264783859,
    0.032073963433504105,
    -0.059127625077962875,
    -0.046669069677591324,
    -0.014228911139070988,
    0.06270889937877655,
    0.07099507004022598,
    0.02744981274008751,
    0.08528804033994675,
    0.02663375809788704,
    -0.05322348698973656,
    -0.005944398231804371,
    -0.05860961228609085,
    -0.06451412290334702,
    -0.07816494256258011,
    -0.09264984726905823,
    -0.06855752319097519,
    -0.03675037622451782,
    -0.12552917003631592,
    0.04071403294801712,
    -0.06473294645547867,
    -0.02237659879028797,
    -0.11605553328990936,
    -0.0437893345952034,
    0.013295602053403854,
    0.05246654897928238,
    -0.038467440754175186,
    -0.029896531254053116,
    0.09466762095689774,
    -0.027392491698265076,
    0.025357257574796677,
    0.04616035893559456,
    -0.07541098445653915,
    -0.011529815383255482,
    0.052286211401224136,
    -0.05295918509364128,
    -0.008224342949688435,
    -0.041082169860601425,
    0.07237217575311661,
    -0.06048271059989929,
    -5.2079641932323284e-08,
    -0.011578323319554329,
    0.05677514523267746,
    -0.01483471691608429,
    -0.04263266921043396,
    -0.01205742359161377,
    -0.048210859298706055,
    -0.07845401018857956,
    0.0035535937640815973,
    -0.014398067258298397,
    0.006783877033740282,
    0.04292631521821022,
    0.064242884516716,
    -0.06548147648572922,
    0.0045532602816820145,
    0.07334145903587341,
    0.002299128333106637,
    -0.0410660058259964,
    -0.03293341025710106,
    -0.04086846858263016,
    0.043530046939849854,
    -0.05326162278652191,
    -0.03132675588130951,
    -0.06601378321647644,
    0.02430006116628647,
    0.06734964996576309,
    0.0301984753459692,
    -0.005463438108563423,
    0.01663137972354889,
    0.10046177357435226,
    0.047906871885061264,
    -0.01731288991868496,
    0.027514344081282616,
    -0.004401746205985546,
    0.025506047531962395,
    -0.05168507620692253,
    -0.04016486182808876,
    0.07942835986614227,
    -0.029794679954648018,
    0.04759151488542557,
    -0.006099715828895569,
    0.045484986156225204,
    -0.009639662690460682,
    -0.02067725360393524,
    0.07203902304172516,
    -0.017909932881593704,
    -0.0527239665389061,
    -0.01304052397608757,
    0.036075666546821594,
    0.008345795795321465,
    -0.0760224461555481,
    -0.0015488916542381048,
    -0.02569657564163208,
    0.09114357084035873,
    -0.026259146630764008,
    -0.02289346046745777,
    0.044794730842113495,
    0.01887865550816059,
    -0.004570530727505684,
    0.04296720772981644,
    -0.0007136156782507896,
    0.11062983423471451,
    -0.03517313301563263,
    0.08827757835388184,
    0.04364408180117607
]