[
    -0.04989585280418396,
    0.0573604516685009,
    -0.0004485082463361323,
    -0.041378043591976166,
    -0.018099220469594002,
    0.048359595239162445,
    0.007970809005200863,
    -0.04840429127216339,
    0.029329456388950348,
    -0.002241735113784671,
    0.03864717856049538,
    0.002851244295015931,
    -0.013813216239213943,
    -0.045486100018024445,
    0.0758930966258049,
    0.0014586964389309287,
    0.030168281868100166,
    0.04016188159584999,
    -0.09722244739532471,
    0.06451943516731262,
    0.030219299718737602,
    0.05757864937186241,
    -0.06314419209957123,
    0.05135269835591316,
    -0.11051662266254425,
    0.012016757391393185,
    0.004657491110265255,
    -0.08524907380342484,
    0.05302495136857033,
    -0.06420032680034637,
    0.05543931946158409,
    -0.019230498000979424,
    0.022381247952580452,
    0.05890806019306183,
    0.009540126658976078,
    -0.032097674906253815,
    -0.014672555029392242,
    -0.0041777584701776505,
    -0.022497806698083878,
    -0.003465597750619054,
    -0.03910057619214058,
    -0.06749147176742554,
    -0.08512573689222336,
    0.023177137598395348,
    -0.0013869773829355836,
    0.039159830659627914,
    -0.060242727398872375,
    0.0034532540012151003,
    -0.029135532677173615,
    0.05170803889632225,
    -0.026828192174434662,
    -0.04320315271615982,
    -0.07647774368524551,
    0.0723111629486084,
    -0.05651446431875229,
    -0.03595975413918495,
    -0.04730618745088577,
    -0.01604502461850643,
    -0.08470940589904785,
    -0.002864224137738347,
    -0.00233023171313107,
    0.00733643164858222,
    0.000969205517321825,
    0.061029814183712006,
    -0.04650634899735451,
    0.04770682752132416,
    -0.0007054273737594485,
    -0.03502485528588295,
    0.030908731743693352,
    0.022300980985164642,
    -0.08876840025186539,
    -0.011621138080954552,
    0.0034498104359954596,
    0.02437015436589718,
    0.022489085793495178,
    -0.015463492833077908,
    -0.02806682325899601,
    0.026005728170275688,
    0.04617507755756378,
    -0.13322801887989044,
    -0.047594211995601654,
    -0.00421143276616931,
    0.02891041897237301,
    0.057172272354364395,
    -0.029006872326135635,
    -0.03473467379808426,
    -0.035768598318099976,
    -0.007348745130002499,
    0.00758954556658864,
    -0.02078380435705185,
    0.06914861500263214,
    -0.028723392635583878,
    0.10486181825399399,
    -0.058310505002737045,
    0.07766983658075333,
    -0.04692494124174118,
    -0.032548025250434875,
    -0.10110878199338913,
    0.009936824440956116,
    0.013179272413253784,
    -0.019682226702570915,
    0.0059529198333621025,
    -0.03046441823244095,
    -0.018118862062692642,
    -0.002975073643028736,
    -0.07997219264507294,
    -0.01446370780467987,
    -0.05121571570634842,
    0.042410265654325485,
    0.07931256294250488,
    0.04183397814631462,
    0.018101053312420845,
    -0.021557796746492386,
    -0.11637376248836517,
    0.07386059314012527,
    0.026163635775446892,
    -0.011658239178359509,
    0.07771249860525131,
    0.08072903752326965,
    -0.033386558294296265,
    -0.03349025174975395,
    -0.036673590540885925,
    -0.0389995276927948,
    -0.08834557980298996,
    -0.025420136749744415,
    0.035060781985521317,
    -0.048586856573820114,
    2.0014807295561105e-32,
    -0.032906677573919296,
    -0.0021063925232738256,
    -0.08614390343427658,
    0.0677892193198204,
    0.03693123534321785,
    0.019561050459742546,
    0.01756104826927185,
    -0.04357112944126129,
    -0.06742580235004425,
    0.001707032904960215,
    0.018102576956152916,
    0.008046637289226055,
    0.013889038935303688,
    -0.02798151597380638,
    -0.009728027507662773,
    0.012296938337385654,
    0.0026807300746440887,
    0.09807872772216797,
    0.022100025787949562,
    0.07540366798639297,
    0.04967908933758736,
    -0.006900150794535875,
    0.017062529921531677,
    0.04904312267899513,
    -0.03650442510843277,
    0.016347775235772133,
    -0.00599189568310976,
    -0.058388300240039825,
    0.049564510583877563,
    -0.0003377803659532219,
    0.07309523224830627,
    0.03237467259168625,
    0.031022077426314354,
    -0.02929149568080902,
    0.0776824802160263,
    0.11864817887544632,
    0.01185077428817749,
    -0.08048678934574127,
    0.07710406929254532,
    -0.05055901035666466,
    -0.03309537097811699,
    -0.02732180804014206,
    0.006445187143981457,
    -0.027552757412195206,
    0.03559085726737976,
    -0.007551934104412794,
    0.003970319405198097,
    -0.01919463649392128,
    0.049225687980651855,
    0.02508232556283474,
    -0.0217085313051939,
    0.06880906224250793,
    -0.03724147006869316,
    -0.04894542321562767,
    0.024351604282855988,
    -0.07289063930511475,
    -0.09335058182477951,
    0.07736535370349884,
    -0.05146635323762894,
    0.027799097821116447,
    0.008571750484406948,
    0.07993783056735992,
    0.02464371547102928,
    0.00630548968911171,
    -0.010160000994801521,
    -0.06872998178005219,
    -0.04370361939072609,
    -0.05876574292778969,
    0.048645973205566406,
    -0.052008528262376785,
    -0.046943310648202896,
    0.0639432892203331,
    -0.023334642872214317,
    -0.00012511703243944794,
    -0.05740020051598549,
    -0.0506327822804451,
    0.016184082254767418,
    0.00062163220718503,
    0.07033328711986542,
    -0.02523108758032322,
    -0.06871327012777328,
    0.006849126890301704,
    0.014842233620584011,
    0.04274154454469681,
    -0.02780449204146862,
    -0.05990276485681534,
    0.04139619320631027,
    0.023812418803572655,
    -0.07570485025644302,
    -0.04070531576871872,
    0.006471474189311266,
    0.03195151686668396,
    0.03013652004301548,
    0.03381746634840965,
    -0.033676519989967346,
    -2.0979977789030453e-32,
    -0.02836458757519722,
    -0.05628746747970581,
    -0.048778243362903595,
    0.012990275397896767,
    0.03252819925546646,
    -0.0054126945324242115,
    -0.031218277290463448,
    -0.0386832058429718,
    0.05866792052984238,
    0.03632185235619545,
    0.03225114196538925,
    -0.03221067041158676,
    -0.008121311664581299,
    -0.009811177849769592,
    -0.04762334004044533,
    -0.03256918862462044,
    -0.03386186063289642,
    -0.05450771749019623,
    -0.00044359712046571076,
    0.06964709609746933,
    -0.021555734798312187,
    0.013771283440291882,
    -0.0023736131843179464,
    0.17011438310146332,
    0.02043815702199936,
    0.04239005967974663,
    -0.0413559190928936,
    -0.010165665298700333,
    0.09391804039478302,
    -0.07960370928049088,
    -0.07214157283306122,
    -0.04545429348945618,
    -0.051034778356552124,
    0.03515224903821945,
    -0.07707184553146362,
    -0.18177509307861328,
    0.06395640969276428,
    -0.0036150829400867224,
    -0.04902246221899986,
    -0.02328488789498806,
    0.125308558344841,
    0.011722280643880367,
    -0.031200453639030457,
    -0.0008781722863204777,
    -0.015617907047271729,
    -0.006399455014616251,
    0.055257320404052734,
    -0.0315643846988678,
    -0.010312232188880444,
    0.022990699857473373,
    0.04436413198709488,
    -0.060472991317510605,
    0.04387203976511955,
    0.018714604899287224,
    -0.09017983824014664,
    0.044235873967409134,
    0.02776198647916317,
    -0.05238601565361023,
    0.02091814950108528,
    0.005223564337939024,
    0.07239384204149246,
    0.049520835280418396,
    -0.060523372143507004,
    0.06410945951938629,
    0.04385845735669136,
    -0.03922635689377785,
    -0.023306829854846,
    0.004391657654196024,
    -0.047030914574861526,
    -0.06464114785194397,
    -0.03838411718606949,
    -0.10836181789636612,
    -0.07175484299659729,
    -0.11332057416439056,
    0.10040829330682755,
    -0.06000184640288353,
    -0.03344258293509483,
    -0.09791771322488785,
    -0.13655294477939606,
    -0.010441852733492851,
    0.07127433270215988,
    -0.017800020053982735,
    -0.04897056519985199,
    0.07478588074445724,
    0.008315342478454113,
    0.00099696044344455,
    0.06564349681138992,
    -0.060080017894506454,
    -0.01753338612616062,
    0.07776305079460144,
    -0.062466174364089966,
    0.012212510220706463,
    -0.08614911884069443,
    0.053050797432661057,
    -0.04119224473834038,
    -5.72252965014286e-08,
    -0.02043590508401394,
    0.029852593317627907,
    0.02649068273603916,
    -0.04948568344116211,
    0.017445117235183716,
    -0.06350868940353394,
    -0.04676704853773117,
    0.011977174319326878,
    -0.05631810426712036,
    -0.038515862077474594,
    0.03156634420156479,
    0.020084768533706665,
    -0.010272359475493431,
    -0.03181372582912445,
    0.08847542107105255,
    -0.007049343548715115,
    -0.10243576020002365,
    -0.06747658550739288,
    -0.04434865713119507,
    -0.0028098549228161573,
    -0.08607939630746841,
    -0.05527519807219505,
    -0.031189721077680588,
    0.0011126797180622816,
    0.015735821798443794,
    0.05688169598579407,
    -0.0011656725546345115,
    0.08276201784610748,
    0.020059101283550262,
    0.04466657340526581,
    -0.01848071999847889,
    0.025297844782471657,
    0.07298316806554794,
    0.030155878514051437,
    -0.07782762497663498,
    -0.032311733812093735,
    0.0032269039656966925,
    -0.025162169709801674,
    0.06564533710479736,
    0.01700194925069809,
    -0.005182841792702675,
    0.04615039750933647,
    0.02112565189599991,
    0.09179848432540894,
    -0.0035535357892513275,
    -0.04892308637499809,
    -0.009849808178842068,
    -0.000904320739209652,
    -0.037801630795001984,
    -0.103072889149189,
    -0.06140033155679703,
    -0.0320177897810936,
    0.13427680730819702,
    0.04014364257454872,
    -0.007960324175655842,
    0.0702614113688469,
    0.04329375922679901,
    0.05066526308655739,
    -0.032848991453647614,
    -0.0069989534094929695,
    0.14073500037193298,
    0.07221142202615738,
    0.05936518684029579,
    -0.019607409834861755
]