[
    -0.03773049637675285,
    0.053755082190036774,
    -0.024754567071795464,
    -0.02703545242547989,
    -0.023216385394334793,
    0.0579509362578392,
    0.023040415719151497,
    0.0053133172914385796,
    0.021808303892612457,
    0.010938093066215515,
    0.06485366821289062,
    0.00722800986841321,
    0.00543808750808239,
    -0.04546724632382393,
    0.10605616867542267,
    -0.015236238949000835,
    0.06483045220375061,
    0.012627687305212021,
    -0.11470647156238556,
    0.10821369290351868,
    0.02270541898906231,
    0.08172367513179779,
    -0.029292268678545952,
    -0.0026902651879936457,
    -0.09181109070777893,
    -0.0351959764957428,
    -0.014042798429727554,
    -0.03238258883357048,
    0.036631353199481964,
    -0.06066444516181946,
    0.050997570157051086,
    0.02565215714275837,
    0.0840500071644783,
    0.04182173311710358,
    -0.03249950706958771,
    0.008776834234595299,
    -0.05164599418640137,
    0.03907134756445885,
    -0.05526828020811081,
    0.03969297930598259,
    -0.09314227104187012,
    -0.0543631836771965,
    -0.047831661999225616,
    0.01969299465417862,
    0.013764542527496815,
    0.006870522629469633,
    -0.06202336773276329,
    0.010269276797771454,
    0.03211053088307381,
    0.02426759898662567,
    -0.06393271684646606,
    -0.008633897639811039,
    -0.0538160614669323,
    0.04374631121754646,
    -0.0321165956556797,
    -0.011096765287220478,
    -0.04174976050853729,
    -0.008997313678264618,
    -0.0936819538474083,
    -0.04550330713391304,
    0.014254721812903881,
    0.012589002028107643,
    0.046555425971746445,
    0.051886558532714844,
    -0.03962809219956398,
    0.06945785880088806,
    -0.001175778335891664,
    -0.05288965627551079,
    0.046738266944885254,
    -0.009001296013593674,
    -0.06759999692440033,
    -0.02040846087038517,
    0.010934497229754925,
    0.0323653481900692,
    -0.024664340540766716,
    -0.0032469655852764845,
    0.011410972103476524,
    -0.004205259494483471,
    0.0642758458852768,
    -0.07570262998342514,
    -0.046878594905138016,
    -0.00783078745007515,
    0.0017282575136050582,
    0.05780385434627533,
    -0.06399203836917877,
    -0.007006003987044096,
    -0.03606204688549042,
    -0.011813750490546227,
    -0.014356255531311035,
    -0.03020092099905014,
    0.022826898843050003,
    -0.04252547025680542,
    0.0942884087562561,
    -0.05266527459025383,
    0.09665880352258682,
    -0.04388849809765816,
    -0.029424898326396942,
    -0.06504541635513306,
    -0.020608164370059967,
    -0.0007368600927293301,
    0.009810267016291618,
    -0.008233237080276012,
    -0.029096757993102074,
    0.02116810530424118,
    -0.02192607708275318,
    -0.09214294701814651,
    -0.015998702496290207,
    -0.049855489283800125,
    0.02118181437253952,
    0.057281993329524994,
    0.035193949937820435,
    0.0037815342657268047,
    -0.026191145181655884,
    -0.14900758862495422,
    0.025794658809900284,
    0.012721107341349125,
    -0.056289467960596085,
    0.05339046195149422,
    0.05345602333545685,
    0.018729353323578835,
    -0.03599858656525612,
    -0.05749144405126572,
    -0.0426979586482048,
    -0.09750758111476898,
    -0.053920526057481766,
    0.03566893935203552,
    -0.007837040349841118,
    2.2143527647880448e-32,
    -0.025771349668502808,
    0.0066886236891150475,
    -0.06507933884859085,
    0.06123645603656769,
    0.026548469439148903,
    -0.024011798202991486,
    -0.009173383936285973,
    -0.051843203604221344,
    -0.06592228263616562,
    0.010795005597174168,
    0.031071173027157784,
    0.007646347861737013,
    0.029294466599822044,
    -0.02298586815595627,
    -0.07446733117103577,
    0.034201811999082565,
    0.030261339619755745,
    0.10214367508888245,
    -0.030307067558169365,
    0.04369250312447548,
    0.04396768659353256,
    0.0029039867222309113,
    0.013510202057659626,
    8.493075438309461e-05,
    -0.01113138161599636,
    0.014685552567243576,
    0.02022700570523739,
    -0.007872151210904121,
    0.051931604743003845,
    -0.004527076613157988,
    0.027739787474274635,
    0.024863576516509056,
    0.004941822495311499,
    -0.0779457837343216,
    0.03742025047540665,
    0.12620650231838226,
    0.016823073849081993,
    -0.050726085901260376,
    0.06097660958766937,
    -0.0527564100921154,
    -0.04966837540268898,
    -0.010069767013192177,
    0.01176548469811678,
    0.030334660783410072,
    0.03187660127878189,
    -0.013261447660624981,
    -0.004805015400052071,
    -0.026335863396525383,
    0.015538662672042847,
    0.002454878995195031,
    -0.038508180528879166,
    0.0020434099715203047,
    -0.009215284138917923,
    -0.029564067721366882,
    -0.01516336016356945,
    -0.0008917794330045581,
    -0.08697504550218582,
    0.08997014909982681,
    -0.036752358078956604,
    0.05749564617872238,
    -0.02456200309097767,
    0.033580176532268524,
    0.025076748803257942,
    -0.031453169882297516,
    0.01287223119288683,
    -0.08165141940116882,
    -0.026704395189881325,
    -0.0999283492565155,
    0.0766528993844986,
    -0.007474126759916544,
    -0.039753030985593796,
    0.0648578628897667,
    -0.027929482981562614,
    0.021482571959495544,
    -0.05880281701683998,
    -0.028056342154741287,
    0.028329048305749893,
    -0.052446428686380386,
    0.03326664865016937,
    0.012998648919165134,
    -0.039787013083696365,
    -0.007925372570753098,
    0.0056337895803153515,
    0.10850412398576736,
    0.001292188884690404,
    -0.02877047099173069,
    0.009931089356541634,
    0.061859749257564545,
    -0.09335529804229736,
    -0.04284858703613281,
    0.026954345405101776,
    0.047783225774765015,
    0.04681140184402466,
    0.039775997400283813,
    -0.015575287863612175,
    -2.2084187223683e-32,
    -0.004593888763338327,
    -0.06757009774446487,
    -0.08377493172883987,
    0.01206820085644722,
    0.07320526987314224,
    -0.027294835075736046,
    -0.06460581719875336,
    -0.0945497453212738,
    0.02309730462729931,
    0.017792705446481705,
    -0.004505436401814222,
    -0.06673333793878555,
    -0.02008131891489029,
    -0.012275039218366146,
    -0.024414055049419403,
    0.03671005368232727,
    -0.06788892298936844,
    -0.052341967821121216,
    -0.05030786246061325,
    0.13816943764686584,
    -0.005427610129117966,
    -0.028441281989216805,
    -0.0727413222193718,
    0.12100984901189804,
    0.03137786313891411,
    0.07427666336297989,
    -0.0674138143658638,
    0.010243194177746773,
    0.02777237817645073,
    -0.08635113388299942,
    -0.07195310294628143,
    -0.05774664133787155,
    -0.06648578494787216,
    -0.0006626718095503747,
    -0.059767093509435654,
    -0.14780010282993317,
    0.05547233670949936,
    -0.024646660313010216,
    -0.07576535642147064,
    0.017337055876851082,
    0.061464957892894745,
    0.000202733906917274,
    -0.02109193615615368,
    0.010901297442615032,
    0.015584454871714115,
    -0.06612434983253479,
    0.09935753792524338,
    -0.055658839643001556,
    -0.001528866938315332,
    0.013100785203278065,
    0.07839085906744003,
    -0.06950311362743378,
    -0.006735346280038357,
    0.050391215831041336,
    -0.03801092132925987,
    0.016076533123850822,
    -0.022262046113610268,
    -0.035272255539894104,
    -0.03920598328113556,
    -0.010974695906043053,
    0.09128154069185257,
    0.05028614401817322,
    -0.05643535032868385,
    0.08143763244152069,
    0.011581403203308582,
    -0.04888054355978966,
    -0.026683123782277107,
    -0.05214511230587959,
    -0.03965324908494949,
    -0.12034772336483002,
    -0.030986584722995758,
    -0.11640403419733047,
    -0.03349274769425392,
    -0.08783815056085587,
    0.12435358762741089,
    -0.05158895254135132,
    -0.03861819580197334,
    -0.04192156717181206,
    -0.07464553415775299,
    0.00721850898116827,
    0.07760926336050034,
    0.00296313245780766,
    -0.058769065886735916,
    0.07889440655708313,
    -0.0202645156532526,
    0.027966639026999474,
    0.11963478475809097,
    -0.028585264459252357,
    0.001489031477831304,
    0.05140918120741844,
    -0.04840043559670448,
    0.03648066893219948,
    -0.08186747878789902,
    0.05099915340542793,
    -0.11018184572458267,
    -6.440840394361658e-08,
    -0.016718262806534767,
    0.019413195550441742,
    0.04165089875459671,
    -0.03880610689520836,
    -0.015392242930829525,
    -0.06382478028535843,
    0.00273390905931592,
    0.00023885427799541503,
    -0.06862293183803558,
    -0.02353551983833313,
    0.023341724649071693,
    0.08668521791696548,
    -0.006908763665705919,
    -0.01058623380959034,
    0.07579748332500458,
    -0.017943426966667175,
    -0.05692475289106369,
    -0.026987014338374138,
    -0.04465311020612717,
    0.03467826172709465,
    -0.044698916375637054,
    -0.0667557492852211,
    -0.03821492940187454,
    0.019978933036327362,
    0.06855989247560501,
    0.06740015000104904,
    -0.018837979063391685,
    0.01370753813534975,
    0.042009904980659485,
    0.06380618363618851,
    -0.057543281465768814,
    -0.023128032684326172,
    0.06006209924817085,
    0.00939229317009449,
    -0.057600244879722595,
    -0.006161933299154043,
    0.04768839105963707,
    -0.052936162799596786,
    0.03636064752936363,
    -0.044136639684438705,
    0.03717011213302612,
    0.030022237449884415,
    0.017745019868016243,
    0.08380463719367981,
    0.014066305942833424,
    -0.037924859672784805,
    0.028423592448234558,
    -0.008651761338114738,
    -0.008332914672791958,
    -0.12393860518932343,
    -0.044680267572402954,
    -0.06938564777374268,
    0.10439953953027725,
    0.03294244036078453,
    -0.027501264587044716,
    0.1132260337471962,
    0.03614509105682373,
    0.0692017674446106,
    0.010722313076257706,
    -0.00043259572703391314,
    0.1054638996720314,
    0.09681294113397598,
    -0.007364560849964619,
    -0.057149164378643036
]