[
    -0.08154778182506561,
    0.07193533331155777,
    -0.034170154482126236,
    -0.005584220867604017,
    -0.011033712886273861,
    0.09014540910720825,
    -0.04123806953430176,
    -0.01767939329147339,
    0.035956043750047684,
    0.03742169961333275,
    0.07380391657352448,
    -0.018089843913912773,
    -0.010540525428950787,
    -0.03513922542333603,
    0.055369798094034195,
    -0.01754411868751049,
    0.06927028298377991,
    0.053158197551965714,
    -0.051933541893959045,
    0.07487838715314865,
    0.05431963875889778,
    0.12460000067949295,
    -0.01264187227934599,
    0.0021293608006089926,
    -0.10265494883060455,
    0.016835900023579597,
    -0.051174577325582504,
    -0.09825589507818222,
    0.032382991164922714,
    -0.04789065197110176,
    0.047611627727746964,
    0.002254817634820938,
    0.05532166361808777,
    0.03833328187465668,
    -0.01579439267516136,
    0.0008476501097902656,
    0.06497839093208313,
    -0.024234194308519363,
    -0.018648013472557068,
    -0.011289522051811218,
    -0.025555817410349846,
    -0.018497103825211525,
    -0.04427008330821991,
    -0.016894163563847542,
    -0.040038131177425385,
    -0.0071885837242007256,
    -0.04315454140305519,
    -0.02448689006268978,
    -0.02516750991344452,
    -0.01913713663816452,
    -0.06762327253818512,
    -0.04914965108036995,
    -0.017215434461832047,
    0.12214254587888718,
    -0.053229644894599915,
    -0.03804042190313339,
    -0.0031671810429543257,
    -0.015166406519711018,
    -0.07342586666345596,
    0.001057551708072424,
    0.007341491989791393,
    0.048911090940237045,
    0.0042429957538843155,
    0.045688193291425705,
    -0.004451597109436989,
    0.03516627103090286,
    -0.010574097745120525,
    -0.048637062311172485,
    0.058650992810726166,
    -0.00224669324234128,
    -0.0813760757446289,
    -0.011218700557947159,
    0.05318867415189743,
    0.04889634996652603,
    -0.02332736924290657,
    0.0022569813299924135,
    -0.025567078962922096,
    -0.008082035928964615,
    0.10464245826005936,
    -0.16263604164123535,
    -0.03185224160552025,
    0.02927110344171524,
    0.032182324677705765,
    0.06239064410328865,
    -0.05465508624911308,
    -0.025060629472136497,
    0.03203840181231499,
    -0.04916507378220558,
    0.004238444846123457,
    -0.014429735951125622,
    0.03926539048552513,
    -0.04944327473640442,
    0.12717841565608978,
    -0.0065874261781573296,
    0.06576187908649445,
    -0.05551425367593765,
    -0.02308342047035694,
    -0.07603979855775833,
    -0.024006037041544914,
    -0.011966117657721043,
    0.0071377819404006,
    0.02850225754082203,
    -0.014579934068024158,
    0.01761157251894474,
    -0.03610082343220711,
    -0.09068522602319717,
    -0.04552764818072319,
    -0.04533565789461136,
    -0.029636859893798828,
    0.06294232606887817,
    0.04200305789709091,
    0.025152631103992462,
    -0.0628281980752945,
    -0.12269710749387741,
    0.054723650217056274,
    -0.037874992936849594,
    0.0007183451671153307,
    0.04242585971951485,
    0.031651467084884644,
    -0.04123839735984802,
    -0.051004428416490555,
    -0.019333915784955025,
    -0.06519166380167007,
    -0.06496972590684891,
    -0.03510608151555061,
    0.020930340513586998,
    -0.0703442320227623,
    1.6163973025607726e-32,
    -0.040298182517290115,
    -0.011300045996904373,
    -0.05200031027197838,
    0.026321811601519585,
    0.02735765464603901,
    0.011610276065766811,
    0.008207925595343113,
    -0.04441820830106735,
    -0.016807064414024353,
    0.06271089613437653,
    0.027283670380711555,
    -0.012552901171147823,
    0.01269017718732357,
    -0.09098915010690689,
    -0.05098772048950195,
    0.06271671503782272,
    0.001645728712901473,
    0.08225518465042114,
    0.018171077594161034,
    0.06765533238649368,
    0.035384614020586014,
    -0.004811117425560951,
    0.013320248574018478,
    0.012996072880923748,
    0.021590836346149445,
    0.03438319265842438,
    -0.004180248361080885,
    -0.033604372292757034,
    0.002130422741174698,
    0.010584772564470768,
    0.056259363889694214,
    0.03748182952404022,
    0.02381548471748829,
    -0.060201868414878845,
    0.04934472218155861,
    0.09696891158819199,
    0.07340565323829651,
    -0.05675889551639557,
    0.04385848343372345,
    -0.052383724600076675,
    -0.04643392562866211,
    -0.024583864957094193,
    0.03136378526687622,
    0.026420027017593384,
    0.0749044343829155,
    0.0017399084754288197,
    -0.05964541807770729,
    -0.012044575996696949,
    0.004497732035815716,
    0.053175151348114014,
    0.00634415727108717,
    0.017428623512387276,
    -0.019916553050279617,
    -0.07932186871767044,
    -0.008865385316312313,
    0.01623397320508957,
    -0.08504289388656616,
    0.03779581934213638,
    -0.05531097576022148,
    0.015354471281170845,
    0.04119370877742767,
    -0.030465301126241684,
    -0.02650160901248455,
    -0.04897081106901169,
    -0.012117182835936546,
    -0.10366081446409225,
    0.01587112434208393,
    -0.036964718252420425,
    0.049585215747356415,
    -0.045067284256219864,
    -0.05976952239871025,
    0.08846831321716309,
    -0.004345201421529055,
    0.03005235642194748,
    -0.016183001920580864,
    -0.04516032338142395,
    0.06589684635400772,
    -0.03389378637075424,
    0.015360369347035885,
    0.026967409998178482,
    -0.09450837224721909,
    0.014022708870470524,
    0.022953813895583153,
    0.05526037514209747,
    -0.029684312641620636,
    -0.04581684246659279,
    0.0287510734051466,
    0.07750445604324341,
    -0.036433570086956024,
    -0.046674877405166626,
    -0.003256861586123705,
    -0.02332666888833046,
    0.006525546312332153,
    0.03623281791806221,
    -0.03997177630662918,
    -1.71355249840341e-32,
    -0.01109639834612608,
    -0.07768404483795166,
    -0.07453164458274841,
    -0.024446791037917137,
    0.006675285752862692,
    -0.03969782218337059,
    -0.07154695689678192,
    -0.08012104034423828,
    0.03906016796827316,
    0.03748326376080513,
    -0.009157227352261543,
    -0.0876176729798317,
    -0.04227510467171669,
    -0.012414614669978619,
    -0.046673502773046494,
    -0.003034373978152871,
    -0.05981423333287239,
    -0.043235957622528076,
    -0.03446228802204132,
    0.09496339410543442,
    0.027956169098615646,
    0.011776475235819817,
    -0.020532265305519104,
    0.15889786183834076,
    0.04734499007463455,
    0.019828736782073975,
    -0.008176562376320362,
    -0.0026909674052149057,
    0.06370265036821365,
    0.0036739688366651535,
    -0.005457489751279354,
    -0.04863420128822327,
    0.008482616394758224,
    0.037898607552051544,
    -0.1306537389755249,
    -0.14198888838291168,
    0.09444727003574371,
    -0.05955222249031067,
    -0.04167194664478302,
    -0.02619618922472,
    0.07649452239274979,
    0.03928501904010773,
    -0.02009316347539425,
    0.011952494271099567,
    -0.015179230831563473,
    -0.016883129253983498,
    0.05968505144119263,
    0.022124048322439194,
    -0.0049484968185424805,
    0.0066893743351101875,
    0.0617792122066021,
    -0.04025934636592865,
    -0.02159937471151352,
    0.017730625346302986,
    -0.053602080792188644,
    0.05428270995616913,
    0.012683761306107044,
    -0.046223416924476624,
    -0.037674639374017715,
    -0.004154302179813385,
    0.08209655433893204,
    0.09446768462657928,
    -0.14535291492938995,
    0.061536211520433426,
    0.02640809677541256,
    -0.06758171319961548,
    -0.07334423065185547,
    -0.057724617421627045,
    -0.008910504169762135,
    -0.10188053548336029,
    -0.07639612257480621,
    -0.09397508949041367,
    0.010938486084342003,
    -0.10560742765665054,
    0.05598808825016022,
    -0.040407199412584305,
    -0.02145181968808174,
    -0.058946818113327026,
    -0.09789970517158508,
    0.010802136734127998,
    0.102263905107975,
    -0.049704331904649734,
    -0.013425838202238083,
    0.04235617816448212,
    0.00842883437871933,
    0.019454289227724075,
    0.10974160581827164,
    -0.02618851140141487,
    0.025319164618849754,
    0.07631944864988327,
    -0.05233500897884369,
    0.005219214130192995,
    -0.09132254868745804,
    0.04017036780714989,
    -0.026478255167603493,
    -5.4167998086995794e-08,
    0.034433744847774506,
    0.07143508642911911,
    0.0021073671523481607,
    -0.05892525985836983,
    -0.001406491152010858,
    -0.02346019074320793,
    -0.019851896911859512,
    0.002242213813588023,
    -0.028872983530163765,
    -0.034657277166843414,
    -0.010589363053441048,
    0.038334738463163376,
    -0.025963205844163895,
    -0.05649871006608009,
    0.05904264375567436,
    -0.060447078198194504,
    -0.0836198478937149,
    -0.0571790486574173,
    -0.03139045089483261,
    0.05997364595532417,
    -0.05236966907978058,
    -0.011724548414349556,
    -0.022119708359241486,
    0.018122006207704544,
    0.022682107985019684,
    -0.028681786730885506,
    -0.01846649870276451,
    0.03200077638030052,
    0.02492942102253437,
    0.034898173063993454,
    -0.0002829504373949021,
    0.04799531400203705,
    0.020679499953985214,
    -0.013566936366260052,
    -0.0756145492196083,
    -0.03192778676748276,
    0.011441615410149097,
    0.015003714710474014,
    0.059712834656238556,
    -0.010315063409507275,
    -0.0008073540520854294,
    0.04660068824887276,
    0.04396551847457886,
    0.07741442322731018,
    0.0015680500073358417,
    -0.021114960312843323,
    -0.04094480350613594,
    0.01978311315178871,
    0.04709611088037491,
    -0.09736346453428268,
    -0.06883162260055542,
    -0.03785288706421852,
    0.07735206186771393,
    0.026184475049376488,
    -0.008330808021128178,
    0.09890343993902206,
    0.05206957086920738,
    0.047102365642786026,
    -0.055775318294763565,
    -0.007309510838240385,
    0.15647991001605988,
    0.06443557143211365,
    0.07718352228403091,
    0.002594730583950877
]