[
    -0.08935286104679108,
    0.05930796638131142,
    -0.028268832713365555,
    -0.10111813247203827,
    -0.08783730864524841,
    0.06587343662977219,
    0.00034438216243870556,
    -0.042005520313978195,
    0.05384794995188713,
    0.024176878854632378,
    -0.017392652109265327,
    -0.01689888909459114,
    0.012157706543803215,
    -0.07789188623428345,
    0.08673307299613953,
    -0.027887405827641487,
    0.020706070587038994,
    0.01620485447347164,
    -0.08055675774812698,
    0.07584229856729507,
    0.005481638014316559,
    0.08750013262033463,
    -0.052824635058641434,
    -0.007697626482695341,
    -0.1053946390748024,
    -0.0145441684871912,
    -0.014733988791704178,
    -0.054710615426301956,
    0.0007710853242315352,
    -0.05714156851172447,
    0.0239011961966753,
    0.021494099870324135,
    0.036190763115882874,
    0.08815307915210724,
    -0.01798631250858307,
    -0.006411917507648468,
    -0.019122496247291565,
    0.03460582345724106,
    -0.05050957202911377,
    0.02500111423432827,
    -0.033472806215286255,
    -0.05780157446861267,
    -0.03677356243133545,
    0.003382552182301879,
    0.04079020395874977,
    0.0038614345248788595,
    -0.08205995708703995,
    -0.02504756487905979,
    0.017295673489570618,
    0.058065880089998245,
    -0.06975875049829483,
    -0.023876424878835678,
    -0.026545828208327293,
    0.13201254606246948,
    -0.048870064318180084,
    -0.03393007442355156,
    -0.029097281396389008,
    0.00587766058743,
    -0.07316023856401443,
    0.017675800248980522,
    -0.0016065461095422506,
    0.03632475063204765,
    -0.00812883023172617,
    0.08797735720872879,
    -0.06769664585590363,
    0.04087965190410614,
    -0.014451834373176098,
    -0.01676739752292633,
    -0.022079139947891235,
    0.0038765675853937864,
    -0.13283835351467133,
    -0.04197068512439728,
    -0.031660981476306915,
    0.06546643376350403,
    0.007329950574785471,
    0.002216350520029664,
    -0.025497598573565483,
    0.0017048076260834932,
    0.0850653126835823,
    -0.13210508227348328,
    -0.03754010796546936,
    0.009079140610992908,
    -0.0127814756706357,
    0.05369650572538376,
    -0.05736929178237915,
    -0.004769910592585802,
    -0.014912787824869156,
    -0.01439837459474802,
    0.00718398904427886,
    -0.08078187704086304,
    0.0654180571436882,
    -0.05827953293919563,
    0.11460466682910919,
    -0.05939102545380592,
    0.0685938373208046,
    -0.016385501250624657,
    -0.027097392827272415,
    -0.0774313360452652,
    0.026002200320363045,
    -0.013573164120316505,
    -0.052255239337682724,
    0.014084880240261555,
    -0.017087755724787712,
    0.021046100184321404,
    -0.02616647258400917,
    -0.08565197139978409,
    0.010230343788862228,
    -0.025681383907794952,
    0.012450647540390491,
    0.06100532039999962,
    0.04408711567521095,
    0.03603476658463478,
    -0.06101284548640251,
    -0.15134242177009583,
    0.05243341997265816,
    0.02615279145538807,
    -0.04685143381357193,
    0.06437896937131882,
    0.016801567748188972,
    -0.0019471283303573728,
    -0.036073848605155945,
    -0.015965936705470085,
    -0.05652089789509773,
    -0.08228356391191483,
    -0.021929150447249413,
    0.016002703458070755,
    -0.013321074657142162,
    2.0388291238176116e-32,
    -0.009722213260829449,
    -0.004835523199290037,
    -0.019053330644965172,
    0.03208015859127045,
    0.049056053161621094,
    0.011099396273493767,
    0.020167620852589607,
    -0.007444274146109819,
    -0.018923303112387657,
    0.08664444088935852,
    -0.044774483889341354,
    0.03236725181341171,
    -0.024119675159454346,
    -0.025386862456798553,
    -0.031616393476724625,
    0.03725149855017662,
    -0.01615721546113491,
    0.07982981204986572,
    -0.01914123073220253,
    0.09377513825893402,
    0.014333212748169899,
    -0.03383750095963478,
    0.04298551380634308,
    0.022938372567296028,
    -0.024908194318413734,
    0.014131647534668446,
    -0.010149277746677399,
    -0.032096728682518005,
    0.04645143821835518,
    -0.008508524857461452,
    0.008914686739444733,
    -0.00020855535694863647,
    0.043640874326229095,
    -0.011699344962835312,
    0.02959204651415348,
    0.12035544216632843,
    -0.010841280221939087,
    -0.04828871414065361,
    0.07175593823194504,
    -0.03651392087340355,
    -0.028739307075738907,
    -0.012260950170457363,
    0.052067745476961136,
    0.010954616591334343,
    0.03503485396504402,
    -0.020791996270418167,
    0.012891963124275208,
    -0.04038384184241295,
    0.04019029438495636,
    0.053913988173007965,
    -0.025256289169192314,
    0.006475687492638826,
    -0.010124270804226398,
    -0.020388199016451836,
    -0.009080248884856701,
    -0.025599690154194832,
    -0.05293131247162819,
    0.019336748868227005,
    -0.04041280969977379,
    0.09219396859407425,
    -0.013590951450169086,
    0.044520217925310135,
    0.01168750785291195,
    -0.02451258711516857,
    -0.035190291702747345,
    -0.051588024944067,
    -0.004564602859318256,
    -0.08601878583431244,
    0.0399860180914402,
    -0.02122357115149498,
    0.0072542824782431126,
    0.06420617550611496,
    -0.0071504982188344,
    0.013599914498627186,
    -0.012579035945236683,
    -0.02410210855305195,
    0.008285623975098133,
    -0.013595132157206535,
    0.0527154915034771,
    -0.0001415335136698559,
    -0.05579401180148125,
    -0.014800556935369968,
    0.03646812215447426,
    0.07646406441926956,
    -0.025047089904546738,
    -0.0167040154337883,
    0.056030403822660446,
    0.013753381557762623,
    -0.08752752840518951,
    -0.036505404859781265,
    -0.02147924154996872,
    0.06067784130573273,
    0.027699273079633713,
    0.06114824861288071,
    0.0554974265396595,
    -2.178996392640806e-32,
    -0.014514347538352013,
    -0.06387078016996384,
    -0.05834965407848358,
    -0.005800951737910509,
    0.07040514051914215,
    -0.012053867802023888,
    -0.017644209787249565,
    -0.07950793206691742,
    0.028081882745027542,
    0.04111575707793236,
    0.05435102805495262,
    -0.03407550975680351,
    -0.035708874464035034,
    -0.04420947656035423,
    -0.004997465759515762,
    -0.05013483762741089,
    -0.07133496552705765,
    -0.0658457800745964,
    -0.04273810610175133,
    0.1033305898308754,
    -0.02544189989566803,
    -0.014631030149757862,
    -0.0076962183229625225,
    0.12676140666007996,
    0.05382512882351875,
    0.05391684174537659,
    -0.017950668931007385,
    -0.015936007723212242,
    0.09128768742084503,
    -0.058780524879693985,
    -0.049668170511722565,
    -0.037270404398441315,
    -0.07440188527107239,
    0.04478241130709648,
    -0.0973193570971489,
    -0.1778489500284195,
    0.07010206580162048,
    -0.0273125059902668,
    -0.027774758636951447,
    -0.07708405703306198,
    0.12151368707418442,
    -0.00518517941236496,
    -0.026220599189400673,
    0.03149927407503128,
    0.010648666881024837,
    -0.0814635381102562,
    0.024492526426911354,
    -0.02652636542916298,
    0.00208484660834074,
    0.012764714658260345,
    0.02656066231429577,
    -0.027883032336831093,
    0.0034607599955052137,
    0.019886689260601997,
    -0.06494636088609695,
    0.09034781157970428,
    0.013330759480595589,
    -0.05317791923880577,
    -0.02832024358212948,
    -0.02804403379559517,
    0.06535711884498596,
    0.056934654712677,
    -0.03881559893488884,
    0.08823467046022415,
    0.045095961540937424,
    -0.0175163596868515,
    0.01720181666314602,
    -0.019447991624474525,
    -0.04648468643426895,
    -0.08519525080919266,
    -0.055914100259542465,
    -0.10454753041267395,
    -0.0579780749976635,
    -0.11808668076992035,
    0.0858481377363205,
    -0.05649702250957489,
    -0.05141403526067734,
    -0.13739891350269318,
    -0.08408749848604202,
    0.008197929710149765,
    0.05769530311226845,
    -0.02706633321940899,
    -0.06116799637675285,
    0.07463251054286957,
    -0.031320784240961075,
    0.003753611585125327,
    0.08127187192440033,
    -0.07092395424842834,
    -0.012900583446025848,
    0.08360277116298676,
    -0.07704675942659378,
    -0.0053722369484603405,
    -0.07901441305875778,
    0.05549786239862442,
    -0.08379334211349487,
    -5.777030409603867e-08,
    -0.037038885056972504,
    0.042144548147916794,
    0.014636521227657795,
    -0.0820375457406044,
    0.012744617648422718,
    -0.07088293135166168,
    -0.054974768310785294,
    0.012150599621236324,
    -0.0082240616902709,
    -0.011806548573076725,
    0.04386753961443901,
    0.06443365663290024,
    -0.012983460910618305,
    0.0008333689183928072,
    0.07776456326246262,
    -0.014020540751516819,
    -0.07556308805942535,
    -0.06370628625154495,
    -0.06775160878896713,
    0.016749422997236252,
    -0.07254482805728912,
    -0.026497725397348404,
    -0.04262172803282738,
    -0.016977572813630104,
    0.04022139683365822,
    0.029558131471276283,
    -0.027026211842894554,
    0.07941551506519318,
    0.09421788156032562,
    0.052853625267744064,
    -0.010356338694691658,
    0.021649986505508423,
    0.045884422957897186,
    -0.02453431859612465,
    -0.06035873293876648,
    -0.04257816821336746,
    0.07477477937936783,
    -0.03832957521080971,
    0.027933454141020775,
    -0.001197066972963512,
    0.009333392605185509,
    0.03744345158338547,
    0.031178807839751244,
    0.08189552277326584,
    0.018036942929029465,
    -0.04248969629406929,
    -0.026062197983264923,
    0.0337132029235363,
    0.038688719272613525,
    -0.07572612911462784,
    -0.02243959903717041,
    -0.01933944784104824,
    0.10023767501115799,
    -0.019233090803027153,
    -0.044599927961826324,
    0.040720466524362564,
    0.012568510137498379,
    0.028806714341044426,
    0.00929541140794754,
    0.016867944970726967,
    0.07862771302461624,
    -0.014955571852624416,
    0.07672552764415741,
    -0.012825549580156803
]