[
    -0.005845014471560717,
    0.035895802080631256,
    -0.027957873418927193,
    -0.06722032278776169,
    -0.03074837662279606,
    0.047196973115205765,
    0.021742509678006172,
    -0.0006798618123866618,
    -0.025436973199248314,
    -0.025332868099212646,
    0.03384722024202347,
    -0.030398769304156303,
    -0.01478240080177784,
    -0.044414982199668884,
    0.13932682573795319,
    -0.008814472705125809,
    0.05473502725362778,
    0.011668948456645012,
    -0.1223263069987297,
    0.07366327941417694,
    0.0718611404299736,
    0.08699934929609299,
    -0.023775633424520493,
    0.039817098528146744,
    -0.10588842630386353,
    -0.03558953106403351,
    -0.0032020516227930784,
    -0.07424195110797882,
    0.09225182235240936,
    0.005122262518852949,
    0.05271688476204872,
    -0.006933707743883133,
    0.08250660449266434,
    0.07581152766942978,
    0.004580708220601082,
    -0.06073423847556114,
    -0.0018692525336518884,
    -0.033939559012651443,
    -0.03610152751207352,
    0.012639203108847141,
    -0.046698279678821564,
    -0.0663585513830185,
    -0.12074246257543564,
    0.023020077496767044,
    -0.001024241792038083,
    0.03478296846151352,
    -0.005450605880469084,
    0.034412309527397156,
    -0.044107068330049515,
    0.014093857258558273,
    -0.08300822228193283,
    -0.030684368684887886,
    -0.038585223257541656,
    0.026603365316987038,
    -0.04595649614930153,
    -0.06307263672351837,
    -0.03254224732518196,
    0.024439582601189613,
    -0.06248976290225983,
    -0.00676956819370389,
    -0.01284043863415718,
    -0.03859755024313927,
    -0.011268017813563347,
    0.04448910057544708,
    -0.03737000375986099,
    0.06803014874458313,
    -0.02042681723833084,
    -0.0034591578878462315,
    0.018840312957763672,
    0.03186257928609848,
    -0.10300468653440475,
    -0.027894707396626472,
    0.005522135179489851,
    0.04554232954978943,
    -0.011705423705279827,
    -0.031064195558428764,
    -0.016736572608351707,
    0.040801066905260086,
    0.0295355673879385,
    -0.12999337911605835,
    -0.06229397654533386,
    0.011074747890233994,
    0.009782502427697182,
    0.055016644299030304,
    -0.05701658874750137,
    -0.023730330169200897,
    -0.032062090933322906,
    -0.004390025977045298,
    -0.01125390361994505,
    0.03620994836091995,
    0.060677219182252884,
    -0.056962378323078156,
    0.0787794291973114,
    -0.07264134287834167,
    0.05504780635237694,
    -0.04640829935669899,
    -0.019687313586473465,
    -0.10360471159219742,
    0.002766038291156292,
    -0.007882693782448769,
    -0.02767188660800457,
    0.0030445305164903402,
    -0.002243017079308629,
    -0.01671976037323475,
    -0.04835382476449013,
    -0.0323212556540966,
    -0.02446090430021286,
    -0.01757747307419777,
    0.03574969992041588,
    0.0924019142985344,
    0.018206020817160606,
    -0.024063104763627052,
    -0.07700958102941513,
    -0.07551676779985428,
    0.07198347896337509,
    6.333854253171012e-05,
    -0.006853417027741671,
    0.05660858377814293,
    0.08344122022390366,
    -0.022054115310311317,
    -0.06719233095645905,
    -0.022215956822037697,
    -0.012344845570623875,
    -0.06888104975223541,
    -0.001250564120709896,
    0.006686801556497812,
    -0.028836993500590324,
    2.0409292914121495e-32,
    -0.08962167799472809,
    0.030725445598363876,
    -0.1008581891655922,
    0.0728665292263031,
    0.025060052052140236,
    0.0143894599750638,
    0.016705412417650223,
    -0.043737735599279404,
    -0.07878883183002472,
    0.024351200088858604,
    0.039763811975717545,
    0.05294474959373474,
    8.906710718292743e-05,
    0.02912377193570137,
    -0.012953346595168114,
    0.044080328196287155,
    -0.013320317491889,
    0.08863772451877594,
    0.004083053208887577,
    0.051533859223127365,
    0.07612881064414978,
    0.020078567788004875,
    0.0032025440596044064,
    0.008814673870801926,
    -0.047526221722364426,
    -0.006730063818395138,
    0.005427954718470573,
    -0.047829728573560715,
    0.09527456760406494,
    0.001347145764157176,
    0.055904142558574677,
    -0.005066680256277323,
    0.08048836141824722,
    -0.07310459017753601,
    0.05798625200986862,
    0.1098228394985199,
    0.015858231112360954,
    -0.0679989755153656,
    0.08151232451200485,
    -0.051695387810468674,
    -0.03079613298177719,
    -0.013480969704687595,
    0.006033778190612793,
    0.015871815383434296,
    0.0063069285824894905,
    0.02617054246366024,
    -0.035390470176935196,
    -0.02515595778822899,
    0.03677070140838623,
    0.06631314009428024,
    -0.030129525810480118,
    0.03495769202709198,
    0.009319127537310123,
    -0.06015286222100258,
    0.024975651875138283,
    -0.05334418639540672,
    -0.09914792329072952,
    0.026815688237547874,
    -0.06470576673746109,
    -0.0005773672019131482,
    0.02267610654234886,
    0.07052977383136749,
    0.04743192344903946,
    0.04247715324163437,
    -0.02265889383852482,
    -0.06704201549291611,
    -0.05181592330336571,
    -0.03794505447149277,
    0.03355102986097336,
    -0.0627439022064209,
    -0.07471510022878647,
    0.060928571969270706,
    -0.05387910455465317,
    0.012634925544261932,
    -0.04592815041542053,
    -0.036178577691316605,
    0.004884988069534302,
    -0.01681903377175331,
    0.04654566943645477,
    -0.0017721722833812237,
    -0.045660316944122314,
    0.014039725996553898,
    0.0538044273853302,
    0.013734227977693081,
    -0.04501483589410782,
    -0.019440237432718277,
    0.0030704722739756107,
    0.0656592845916748,
    -0.0023948990274220705,
    -0.023522991687059402,
    0.0237263236194849,
    0.022818977013230324,
    -0.007889365777373314,
    0.0747079849243164,
    -0.015928884968161583,
    -2.0588345683006684e-32,
    -0.03962825611233711,
    -0.04558536782860756,
    -0.026161065325140953,
    0.05166614055633545,
    0.0345349982380867,
    0.02043743059039116,
    -0.026733871549367905,
    -0.07491177320480347,
    0.07961808145046234,
    -0.003934280946850777,
    -0.0019901255145668983,
    -0.03768250718712807,
    0.030845550820231438,
    -0.006246908102184534,
    -0.02957857958972454,
    -0.01416819915175438,
    -0.038338933140039444,
    -0.022326819598674774,
    0.013821305707097054,
    0.051315952092409134,
    -0.020641064271330833,
    -0.009709136560559273,
    -0.03338931128382683,
    0.1074499785900116,
    0.014254096895456314,
    -0.010506338439881802,
    -0.06380556523799896,
    -0.00882655754685402,
    0.1150943860411644,
    -0.05350206792354584,
    -0.020149005576968193,
    -0.04151405766606331,
    -0.045957040041685104,
    -0.004787211772054434,
    -0.13159365952014923,
    -0.1579650342464447,
    0.06083522364497185,
    0.01623692363500595,
    -0.047477297484874725,
    -0.023114928975701332,
    0.08338295668363571,
    0.02036098949611187,
    -0.03333808109164238,
    -0.013198001310229301,
    -0.03837911784648895,
    -0.028621677309274673,
    0.08253496140241623,
    -0.09225337207317352,
    0.029644135385751724,
    -0.018587322905659676,
    0.09403059631586075,
    -0.06331611424684525,
    0.056605804711580276,
    -0.021557403728365898,
    -0.0938333198428154,
    0.039736129343509674,
    0.06347449868917465,
    -0.04243839532136917,
    0.01837538555264473,
    -0.02665463089942932,
    0.0907965824007988,
    0.04780886694788933,
    -0.07151120901107788,
    0.05742396414279938,
    0.03362872824072838,
    -0.06734258681535721,
    0.015925275161862373,
    -0.015391025692224503,
    -0.02841022238135338,
    -0.09103304147720337,
    -0.023137999698519707,
    -0.14551760256290436,
    -0.07081310451030731,
    -0.07709751278162003,
    0.055189941078424454,
    -0.019796395674347878,
    -0.01722332090139389,
    -0.07540713995695114,
    -0.10604277998209,
    -0.009289008565247059,
    0.07923053950071335,
    0.021100586280226707,
    -0.0662107840180397,
    0.04620147496461868,
    0.053908515721559525,
    0.006462114863097668,
    0.03344445303082466,
    -0.05328363925218582,
    -0.0219348706305027,
    0.0858168751001358,
    -0.049910008907318115,
    0.004840059205889702,
    -0.0845031589269638,
    0.06236723065376282,
    -0.06996966153383255,
    -5.964135851854735e-08,
    -0.017286842688918114,
    -0.0033102091401815414,
    0.01657729595899582,
    -0.019870562478899956,
    -0.0196177177131176,
    -0.006195291876792908,
    -0.057548582553863525,
    -0.043067529797554016,
    -0.027440857142210007,
    -0.045111462473869324,
    0.022349264472723007,
    0.034025903791189194,
    -0.0364384688436985,
    -0.006200078409165144,
    0.025256188586354256,
    0.011895088478922844,
    -0.08322245627641678,
    -0.034032486379146576,
    -0.01823263429105282,
    0.07999072968959808,
    -0.06889893859624863,
    -0.05952976271510124,
    -0.05317092314362526,
    0.008163662627339363,
    0.04909629747271538,
    0.06938569247722626,
    0.011387600563466549,
    0.14011330902576447,
    0.02522609382867813,
    0.030453484505414963,
    -0.02215995080769062,
    0.0329073928296566,
    0.03590856119990349,
    -0.014416608959436417,
    -0.09314655512571335,
    -0.05270089954137802,
    -0.007732519879937172,
    -0.0008069892064668238,
    0.04862289875745773,
    -0.023050829768180847,
    0.005326539743691683,
    0.04696979746222496,
    0.04481011629104614,
    0.057373762130737305,
    0.04502909630537033,
    0.01737353205680847,
    -0.013050037436187267,
    0.016580695286393166,
    0.0020847474224865437,
    -0.051226045936346054,
    -0.027803469449281693,
    -0.04154151678085327,
    0.1217212900519371,
    0.02343624271452427,
    0.002467891201376915,
    0.0397757887840271,
    0.020587531849741936,
    0.06426762789487839,
    -0.0034468306694179773,
    -0.027079187333583832,
    0.14421537518501282,
    0.1050497516989708,
    0.030601022765040398,
    -0.04044022038578987
]