[
    -0.024059584364295006,
    0.06725858896970749,
    -0.029857002198696136,
    -0.025647444650530815,
    -0.042259737849235535,
    0.045029766857624054,
    -0.038914866745471954,
    -0.0003302995173726231,
    0.04025915637612343,
    -0.01420287974178791,
    0.024371860548853874,
    -0.05225016549229622,
    0.00966524239629507,
    -0.012750633992254734,
    0.07107788324356079,
    -0.028932852670550346,
    0.08423080295324326,
    0.024779031053185463,
    -0.09237054735422134,
    0.0933903157711029,
    0.055029429495334625,
    0.04453165456652641,
    -0.07219065725803375,
    0.030601155012845993,
    -0.10055068135261536,
    -0.05601602420210838,
    -0.02802414447069168,
    -0.04356621205806732,
    0.07400434464216232,
    -0.03706086426973343,
    0.04838809743523598,
    0.01756376214325428,
    0.06736121326684952,
    0.044998981058597565,
    -0.003985084593296051,
    -0.025713002309203148,
    -0.06436202675104141,
    0.023388542234897614,
    -0.04283308610320091,
    0.026729963719844818,
    -0.08030684292316437,
    -0.06696909666061401,
    -0.05218026041984558,
    0.051031339913606644,
    0.010828104801476002,
    -0.009238757193088531,
    -0.07246747612953186,
    -0.004263731185346842,
    -0.024446193128824234,
    0.06302591413259506,
    -0.04110335186123848,
    -0.010695460252463818,
    -0.05544110760092735,
    0.07272380590438843,
    -0.05287933722138405,
    -0.05758412182331085,
    -0.03388723358511925,
    -0.010661465115845203,
    -0.1033983901143074,
    -0.019814619794487953,
    -0.020528577268123627,
    -0.01945832371711731,
    0.007099834270775318,
    0.06132687255740166,
    -0.04085632413625717,
    0.056964464485645294,
    -0.015681521967053413,
    -0.048587363213300705,
    0.015298598445951939,
    0.040522992610931396,
    -0.08756847679615021,
    -0.012002347968518734,
    -0.022910911589860916,
    0.05515003949403763,
    -0.02476157620549202,
    -0.013175583444535732,
    -0.020530639216303825,
    0.03047931008040905,
    0.05270727723836899,
    -0.1130378320813179,
    -0.04409365355968475,
    0.04702189937233925,
    0.01098440308123827,
    0.008839630521833897,
    -0.045328304171562195,
    -0.017995115369558334,
    -0.02685432694852352,
    0.027314940467476845,
    -0.0025353357195854187,
    -0.04380834847688675,
    0.051039744168519974,
    0.003511599497869611,
    0.03774290904402733,
    -0.08063389360904694,
    0.13435767590999603,
    -0.10561574250459671,
    -0.011047202162444592,
    -0.05428002029657364,
    -0.019045766443014145,
    -0.023334160447120667,
    0.005382976029068232,
    -0.020272213965654373,
    0.006505129858851433,
    0.013618404045701027,
    0.0024184216745197773,
    -0.06937836110591888,
    0.022598836570978165,
    -0.03746803477406502,
    0.014087067916989326,
    0.09451770037412643,
    0.03290446102619171,
    0.010767892003059387,
    -0.035228632390499115,
    -0.16039642691612244,
    0.03564305230975151,
    0.031122678890824318,
    -0.027237193658947945,
    0.044331930577754974,
    0.04600406810641289,
    0.007246202323585749,
    -0.05666929483413696,
    -0.029929379001259804,
    -0.012046188116073608,
    -0.08792711794376373,
    -0.026392605155706406,
    -0.00026558071840554476,
    -0.02842549793422222,
    2.0715444540321406e-32,
    -0.01136047299951315,
    -0.012303916737437248,
    -0.06635784357786179,
    0.030722981318831444,
    0.04295482486486435,
    0.010774458758533001,
    -0.02187374234199524,
    -0.04002182185649872,
    -0.09800049662590027,
    0.00813395343720913,
    0.028248708695173264,
    0.01169293001294136,
    0.01076486799865961,
    -0.028888879343867302,
    -0.022951537743210793,
    0.036657895892858505,
    0.0737294927239418,
    0.08970268070697784,
    0.047743357717990875,
    0.04985172674059868,
    0.059698436409235,
    -0.05753105506300926,
    0.011360762640833855,
    0.03778955712914467,
    -0.034662242978811264,
    0.005582815036177635,
    -0.004059912171214819,
    -0.043617431074380875,
    0.02695232816040516,
    -0.01912664994597435,
    0.024762962013483047,
    -0.012565677054226398,
    0.02724129520356655,
    -0.07620912045240402,
    0.05189760774374008,
    0.0652117058634758,
    0.03630954772233963,
    -0.05006406456232071,
    0.10761842131614685,
    -0.03483697026968002,
    -0.008748983033001423,
    0.010715765878558159,
    0.02193491719663143,
    0.030882200226187706,
    0.01363570149987936,
    -0.031933050602674484,
    0.01676807925105095,
    -0.004652202129364014,
    -0.005891925189644098,
    0.03718087822198868,
    -0.05050311237573624,
    0.033370308578014374,
    -0.029630878940224648,
    -0.03889116644859314,
    0.01263088546693325,
    -0.006568118464201689,
    -0.08172640949487686,
    0.019481712952256203,
    -0.045273151248693466,
    0.05460542440414429,
    -0.057626597583293915,
    0.015311875380575657,
    0.006174946203827858,
    0.011059006676077843,
    0.025439707562327385,
    -0.06216591224074364,
    -0.024844413623213768,
    -0.08197133243083954,
    0.0454215370118618,
    -0.041205789893865585,
    -0.10511220246553421,
    0.042916279286146164,
    0.006757891271263361,
    -0.0027059351559728384,
    -0.0349310040473938,
    -0.04403728246688843,
    0.06273031234741211,
    -0.03235035389661789,
    0.07722627371549606,
    0.006051837466657162,
    -0.07639770954847336,
    -0.012381160631775856,
    0.017805065959692,
    0.0760331079363823,
    -0.07888209819793701,
    -0.027720283716917038,
    0.006953370291739702,
    0.09572542458772659,
    -0.11788292229175568,
    -0.0733228549361229,
    0.02229197323322296,
    0.007929561659693718,
    0.02562551759183407,
    0.03359532728791237,
    0.0473504401743412,
    -2.0737366040596303e-32,
    -0.01662709377706051,
    -0.04596155881881714,
    -0.03641471639275551,
    -0.0098569355905056,
    0.08232581615447998,
    0.0037035199347883463,
    -0.020801547914743423,
    -0.09701638668775558,
    0.055374108254909515,
    0.007842249237000942,
    0.042146533727645874,
    -0.01944083720445633,
    0.0020453566685318947,
    -0.023950528353452682,
    -0.07236997038125992,
    0.04184526577591896,
    -0.10820470005273819,
    -0.03773432597517967,
    0.009614224545657635,
    0.1022406667470932,
    0.01507133524864912,
    0.00693775387480855,
    -0.021667776629328728,
    0.11205790936946869,
    0.08398864418268204,
    0.06903640925884247,
    -0.06928172707557678,
    0.011014602147042751,
    0.046057865023612976,
    -0.05197804048657417,
    -0.057984981685876846,
    -0.059031806886196136,
    -0.03713084012269974,
    -0.0407109372317791,
    -0.059741247445344925,
    -0.16438376903533936,
    0.040490712970495224,
    0.03940108045935631,
    -0.05513612926006317,
    0.04655281454324722,
    0.10470335930585861,
    -0.013550417497754097,
    -0.023448659107089043,
    0.018772048875689507,
    -0.015800287947058678,
    -0.09245636314153671,
    0.0871409997344017,
    -0.05160997807979584,
    0.008256918750703335,
    -0.010326291434466839,
    0.022654125466942787,
    -0.06903461366891861,
    0.016396712511777878,
    0.04950866848230362,
    -0.045634206384420395,
    0.029442159458994865,
    -0.020682109519839287,
    0.011658643372356892,
    0.011858158744871616,
    -0.04953070729970932,
    0.10916616767644882,
    0.046108029782772064,
    -0.07165054231882095,
    0.02047906257212162,
    0.02202647551894188,
    -0.06680786609649658,
    0.0010584398405626416,
    -0.026634545996785164,
    -0.018509678542613983,
    -0.03892794996500015,
    -0.08480565249919891,
    -0.09455612301826477,
    -0.0012370292097330093,
    -0.09376876801252365,
    0.14505666494369507,
    -0.022995812818408012,
    0.01124348770827055,
    -0.09373148530721664,
    -0.0573107972741127,
    -0.0103071304038167,
    0.04355191811919212,
    0.022598665207624435,
    -0.03648906946182251,
    0.09094709157943726,
    -0.01232091337442398,
    -0.008479085750877857,
    0.07528321444988251,
    -0.04684564098715782,
    -0.00018512636597733945,
    0.07784874737262726,
    -0.02792890928685665,
    0.02952173911035061,
    -0.06289437413215637,
    0.05759182944893837,
    -0.10573158413171768,
    -6.027808296948933e-08,
    -0.03323302045464516,
    -0.003581650322303176,
    0.014816892333328724,
    -0.06065639480948448,
    0.024336623027920723,
    -0.026418594643473625,
    -0.008597764186561108,
    -0.05675775557756424,
    -0.043023690581321716,
    -0.03435705974698067,
    0.05837846174836159,
    0.06477726995944977,
    -0.03009704314172268,
    -0.04138941317796707,
    0.04880305752158165,
    -0.012979336082935333,
    -0.08292549103498459,
    -0.06768424063920975,
    -0.05073511600494385,
    0.007265385705977678,
    -0.12252897024154663,
    -0.06327715516090393,
    -0.0434911847114563,
    0.010407944209873676,
    0.045995742082595825,
    0.024959610775113106,
    -0.029550477862358093,
    0.05652274191379547,
    0.039496853947639465,
    0.05444001033902168,
    -0.004961294122040272,
    0.010643965564668179,
    0.07419586926698685,
    0.008398846723139286,
    -0.06582397222518921,
    -0.041612181812524796,
    0.029004214331507683,
    0.0025014837738126516,
    0.030402084812521935,
    -0.021033603698015213,
    0.01932559534907341,
    0.03845804184675217,
    0.036665868014097214,
    0.06673794239759445,
    0.01498647965490818,
    -0.0004175822832621634,
    -0.01327820960432291,
    -0.01632552593946457,
    -0.013643724843859673,
    -0.06105702370405197,
    -0.017564481124281883,
    -0.022877182811498642,
    0.10366839915513992,
    0.057979315519332886,
    -0.029418041929602623,
    0.12336873263120651,
    0.039494119584560394,
    0.08250705152750015,
    -0.00027009370387531817,
    -0.02550153061747551,
    0.09985605627298355,
    0.08978259563446045,
    0.03179125487804413,
    -0.04182937741279602
]