[
    -0.06458556652069092,
    0.041706643998622894,
    -0.04696422442793846,
    -0.07894369959831238,
    -0.09053599089384079,
    0.060075197368860245,
    -0.004542298149317503,
    -0.07027161866426468,
    0.04887719452381134,
    -0.015757134184241295,
    0.008142922073602676,
    -0.012280263006687164,
    0.017597965896129608,
    -0.07087406516075134,
    0.10353679209947586,
    -0.005205258727073669,
    0.025109734386205673,
    0.02775460109114647,
    -0.09413611143827438,
    0.07624244689941406,
    0.02245052345097065,
    0.06527023017406464,
    -0.0423264317214489,
    -0.02230437472462654,
    -0.10622745007276535,
    -0.02589818462729454,
    -0.011499946936964989,
    -0.08199063688516617,
    0.013932880014181137,
    -0.06948362290859222,
    0.04569271579384804,
    0.0020028669387102127,
    0.056758180260658264,
    0.07700125873088837,
    -0.007372627034783363,
    -0.05346447601914406,
    -0.030938534066081047,
    0.03235586732625961,
    -0.010858926922082901,
    0.01263033039867878,
    -0.07627058774232864,
    -0.0643744170665741,
    -0.04677076265215874,
    -0.007039295509457588,
    0.00034235927159897983,
    0.02757134474813938,
    -0.08980857580900192,
    -0.008351664990186691,
    0.0328388512134552,
    0.05316392332315445,
    -0.0761127769947052,
    -0.02497534081339836,
    -0.03641362860798836,
    0.11725839227437973,
    -0.0686972513794899,
    -0.022941503673791885,
    -0.0460214763879776,
    -0.008171680383384228,
    -0.09376052021980286,
    -0.0005737179890275002,
    -0.014602919109165668,
    0.01106962189078331,
    0.041424334049224854,
    0.08506461977958679,
    -0.06227869912981987,
    0.06617329269647598,
    -0.015622982755303383,
    -0.02878723479807377,
    -0.024993231520056725,
    0.010389757342636585,
    -0.09729306399822235,
    -0.017916729673743248,
    -0.05987973511219025,
    0.05748594552278519,
    0.01370143797248602,
    -0.013002177700400352,
    -0.015233954414725304,
    0.007782250177115202,
    0.07008853554725647,
    -0.10959392786026001,
    -0.045688752084970474,
    0.04638809338212013,
    -0.030691184103488922,
    0.050803497433662415,
    -0.07135801017284393,
    -0.011749250814318657,
    -0.034931451082229614,
    -0.002890458796173334,
    -0.002834127051755786,
    -0.036679163575172424,
    0.05882368981838226,
    -0.04179223254323006,
    0.07737358659505844,
    -0.05212299898266792,
    0.09958487004041672,
    -0.05153091251850128,
    0.003539314726367593,
    -0.08444754779338837,
    0.02939363569021225,
    0.007838410325348377,
    -0.029296191409230232,
    0.02390672266483307,
    0.009422460570931435,
    -0.013388765044510365,
    -0.05400671064853668,
    -0.0897873118519783,
    0.026468519121408463,
    0.013122894801199436,
    0.02243531122803688,
    0.06007231026887894,
    0.04466244950890541,
    0.0007413261337205768,
    -0.0691772848367691,
    -0.1420496255159378,
    0.005951894447207451,
    -0.0029035755433142185,
    -0.032930053770542145,
    0.06064588576555252,
    0.06089590862393379,
    -0.02610635757446289,
    -0.03998631611466408,
    0.00704612024128437,
    -0.057772524654865265,
    -0.08877132087945938,
    -0.015668658539652824,
    0.0007390073733404279,
    -0.04707673564553261,
    2.1797650190094498e-32,
    -0.031815268099308014,
    -0.00028524090885184705,
    -0.025844283401966095,
    0.015678705647587776,
    0.04948967322707176,
    -0.019816763699054718,
    0.009448354132473469,
    -0.032771289348602295,
    -0.06296192854642868,
    0.033380378037691116,
    -0.011868324130773544,
    0.06684025377035141,
    0.017638370394706726,
    -0.0543932281434536,
    -0.037562295794487,
    0.03808688744902611,
    -0.0006203759112395346,
    0.09893511235713959,
    0.012750132940709591,
    0.0761159136891365,
    0.022819243371486664,
    -0.02621559426188469,
    0.036720119416713715,
    0.05958825349807739,
    -0.04166116565465927,
    0.016580713912844658,
    0.017117813229560852,
    -0.014709008857607841,
    0.04214419424533844,
    -0.004928916692733765,
    0.05631362274289131,
    0.0025598248466849327,
    0.018468530848622322,
    -0.04681965336203575,
    0.07497929036617279,
    0.12686893343925476,
    0.038059066981077194,
    -0.03069978952407837,
    0.09344569593667984,
    -0.05398572236299515,
    -0.0338812880218029,
    0.0034865064080804586,
    0.05448172986507416,
    0.011123692616820335,
    0.013447064906358719,
    -0.00988037046045065,
    -0.0035576552618294954,
    0.014808878302574158,
    0.02175314538180828,
    0.06151852011680603,
    -0.0449833907186985,
    0.012093369849026203,
    -0.012645803391933441,
    -0.030351929366588593,
    -0.00834480207413435,
    -0.02584618330001831,
    -0.08104079961776733,
    0.04666660353541374,
    -0.03404056653380394,
    0.04448048397898674,
    -0.019226031377911568,
    0.05464506521821022,
    0.019222913309931755,
    -0.007112395484000444,
    -0.05443059653043747,
    -0.039930298924446106,
    -0.023304294794797897,
    -0.09884805232286453,
    0.061158686876297,
    -0.03235025703907013,
    0.0037176141049712896,
    0.05213114246726036,
    -0.011527721770107746,
    0.017982084304094315,
    -0.0021663024090230465,
    -0.008966134861111641,
    -0.0058065494522452354,
    -0.02939807064831257,
    0.06123924255371094,
    0.01757747307419777,
    -0.06833596527576447,
    -0.012115230783820152,
    0.018362389877438545,
    0.09510255604982376,
    -0.018672287464141846,
    -0.01241819653660059,
    0.04680279642343521,
    0.016394687816500664,
    -0.06313681602478027,
    -0.04162158817052841,
    -0.0046954164281487465,
    0.05400043725967407,
    0.0072774807922542095,
    0.05520140007138252,
    0.033414680510759354,
    -2.2091820590123652e-32,
    -0.008022844791412354,
    -0.062151189893484116,
    -0.04649563133716583,
    -0.008020104840397835,
    0.06731605529785156,
    -0.021663153544068336,
    -0.006473044399172068,
    -0.09098614752292633,
    0.054850365966558456,
    0.04626631736755371,
    0.03573647141456604,
    -0.03831779211759567,
    -0.02754250168800354,
    -0.03588685765862465,
    -0.026933543384075165,
    -0.007624452468007803,
    -0.044656507670879364,
    -0.033177267760038376,
    -0.01688811555504799,
    0.11484576016664505,
    -0.020940525457262993,
    -0.001799100893549621,
    0.017749156802892685,
    0.14629530906677246,
    0.04954736679792404,
    0.0810418576002121,
    -0.04363487660884857,
    -0.01057281345129013,
    0.08580681681632996,
    -0.0627058744430542,
    -0.06933745741844177,
    -0.0760270357131958,
    -0.07168980687856674,
    0.01848812773823738,
    -0.09217675775289536,
    -0.17341108620166779,
    0.06459800153970718,
    0.002758659655228257,
    -0.015179641544818878,
    -0.03835882619023323,
    0.10426393151283264,
    0.01960204727947712,
    0.01101413182914257,
    0.016179244965314865,
    0.030754562467336655,
    -0.07086371630430222,
    0.04494442045688629,
    -0.00475117564201355,
    -0.03309037536382675,
    0.012159260921180248,
    0.027813920751214027,
    -0.026279514655470848,
    0.0013519878266379237,
    0.021290825679898262,
    -0.04188622534275055,
    0.07897127419710159,
    0.004120511468499899,
    -0.04761886224150658,
    -0.03349080681800842,
    -0.006351445335894823,
    0.0639331191778183,
    0.054076969623565674,
    -0.048653535544872284,
    0.07829238474369049,
    0.038711756467819214,
    -0.06065763905644417,
    -0.0026470364537090063,
    -0.056899819523096085,
    -0.056151509284973145,
    -0.0925450474023819,
    -0.050430167466402054,
    -0.11319762468338013,
    -0.046109240502119064,
    -0.1210271418094635,
    0.09137601405382156,
    -0.05945179611444473,
    -0.04449733719229698,
    -0.0881575495004654,
    -0.08826570957899094,
    0.009624446742236614,
    0.03923986479640007,
    -0.013215718790888786,
    -0.055970776826143265,
    0.091669961810112,
    -0.04148400202393532,
    -0.008724031038582325,
    0.08749905228614807,
    -0.06976192444562912,
    0.0032690875232219696,
    0.0844394788146019,
    -0.05182240530848503,
    0.013927746564149857,
    -0.06518641114234924,
    0.07524891197681427,
    -0.09205760061740875,
    -5.9040559108325397e-08,
    -0.0028252811171114445,
    0.056409649550914764,
    0.03449881821870804,
    -0.033093489706516266,
    0.00145669502671808,
    -0.053401533514261246,
    -0.03262060508131981,
    0.009098335169255733,
    -0.02120734564960003,
    -0.04982370510697365,
    0.0490189827978611,
    0.04419087618589401,
    0.007487936411052942,
    -0.014443949796259403,
    0.08002673089504242,
    -0.015618235804140568,
    -0.057896293699741364,
    -0.08953846246004105,
    -0.0650467798113823,
    0.021291155368089676,
    -0.05658819526433945,
    -0.060442738234996796,
    -0.025295302271842957,
    0.004714365117251873,
    0.03522518649697304,
    0.03063112683594227,
    -0.030920187011361122,
    0.01963120512664318,
    0.05644701421260834,
    0.03932847082614899,
    -0.04477771744132042,
    0.04006398469209671,
    0.013031872920691967,
    -0.017585813999176025,
    -0.0653916671872139,
    -0.07217326015233994,
    0.03807278349995613,
    -0.01871977001428604,
    0.024158205837011337,
    -0.010235561989247799,
    0.006613360717892647,
    0.03624553605914116,
    0.023637065663933754,
    0.08977603167295456,
    0.040303606539964676,
    -0.04266227409243584,
    -0.054024722427129745,
    0.015361599624156952,
    0.008298436179757118,
    -0.07808630168437958,
    -0.029890069738030434,
    -0.039901189506053925,
    0.10048428177833557,
    -0.015776846557855606,
    -0.048445992171764374,
    0.054325904697179794,
    0.04130524769425392,
    0.04843723028898239,
    -0.0003300358075648546,
    -0.00984675157815218,
    0.12874768674373627,
    0.03621789813041687,
    0.03482085466384888,
    -0.002291932236403227
]