[
    -0.06606461852788925,
    0.05716769024729729,
    -0.023917678743600845,
    -0.058087512850761414,
    -0.06399655342102051,
    0.04012976214289665,
    -0.005361675284802914,
    -0.05565154552459717,
    0.0029048616997897625,
    0.011604099534451962,
    0.0210700873285532,
    -0.004373491276055574,
    0.028190042823553085,
    -0.06783442199230194,
    0.06508274376392365,
    0.004923858214169741,
    0.0320318341255188,
    0.045309897512197495,
    -0.10519571602344513,
    0.05283487215638161,
    0.03793318569660187,
    0.04674692824482918,
    -0.06444401293992996,
    0.011120895855128765,
    -0.0884595513343811,
    -0.00026200732099823654,
    0.019922709092497826,
    -0.043903153389692307,
    0.008004307746887207,
    -0.06244648993015289,
    0.0403117835521698,
    -0.00423714704811573,
    0.05515352264046669,
    0.091001957654953,
    -0.04345638304948807,
    -0.04905448853969574,
    -0.02052697353065014,
    0.0631195455789566,
    -0.024874523282051086,
    0.0008899145759642124,
    -0.05580529943108559,
    -0.06870847195386887,
    -0.0595589354634285,
    0.009418252855539322,
    0.011038095690310001,
    0.004676440265029669,
    -0.077602319419384,
    -0.034200359135866165,
    -0.004563692957162857,
    0.05555317923426628,
    -0.06067294627428055,
    0.0002886380534619093,
    -0.029001975432038307,
    0.09007435292005539,
    -0.030566850677132607,
    -0.04799816384911537,
    -0.07870787382125854,
    -0.025840945541858673,
    -0.10316101461648941,
    0.008864873088896275,
    -0.04057370498776436,
    0.033437807112932205,
    0.01937701553106308,
    0.0925140529870987,
    -0.03481833264231682,
    0.07744072377681732,
    -0.035976722836494446,
    -0.007337172050029039,
    0.0040189167484641075,
    0.014529727399349213,
    -0.0799500122666359,
    -0.005397398490458727,
    -0.031135598197579384,
    0.037079133093357086,
    0.006260809488594532,
    -0.016251815482974052,
    -0.05962865799665451,
    0.012299483641982079,
    0.07811615616083145,
    -0.13385120034217834,
    -0.05661557987332344,
    0.033159688115119934,
    -0.01270157378166914,
    0.0667729452252388,
    -0.035352788865566254,
    0.014502483420073986,
    -0.013623320497572422,
    -0.012200719676911831,
    -0.04966497793793678,
    -0.05378413200378418,
    0.039274297654628754,
    -0.04037962108850479,
    0.11374112963676453,
    -0.08165579289197922,
    0.08612091839313507,
    -0.04019101336598396,
    -0.013736451044678688,
    -0.06182286515831947,
    0.044450677931308746,
    -0.019571691751480103,
    -0.0722956582903862,
    0.022084197029471397,
    -0.004877195693552494,
    -0.008277032524347305,
    -0.06926474720239639,
    -0.08564825356006622,
    0.036239124834537506,
    -0.002842852147296071,
    0.018254617229104042,
    0.05106397345662117,
    0.04027014225721359,
    0.007387680001556873,
    -0.04807854816317558,
    -0.14660832285881042,
    0.04605996608734131,
    -0.008733117021620274,
    -0.053285058587789536,
    0.0790441632270813,
    0.03666159510612488,
    -0.016587115824222565,
    -0.04168817773461342,
    -0.02279982902109623,
    -0.017171703279018402,
    -0.03916626051068306,
    -0.03354088217020035,
    0.05317169800400734,
    -0.09114984422922134,
    2.024034792728544e-32,
    -0.020640676841139793,
    -0.021275876089930534,
    -0.04011233523488045,
    0.02671564184129238,
    0.011779999360442162,
    -0.003342083189636469,
    -0.00954161025583744,
    -0.006701069884002209,
    -0.030546505004167557,
    0.0674012079834938,
    0.010358571074903011,
    0.06703012436628342,
    -0.01930527202785015,
    -0.01563269831240177,
    0.030276376754045486,
    0.073851577937603,
    0.023375676944851875,
    0.10349944233894348,
    -0.02304879203438759,
    0.0636822059750557,
    0.049809735268354416,
    -0.02144552208483219,
    0.010821405798196793,
    0.049853526055812836,
    0.01675037108361721,
    0.0021904350724071264,
    -0.014693631790578365,
    -0.027186207473278046,
    0.027135763317346573,
    0.0047051794826984406,
    0.01360158808529377,
    0.0075201853178441525,
    0.008549346588551998,
    -0.028401080518960953,
    0.10157366096973419,
    0.09824156761169434,
    0.04571950435638428,
    -0.016525860875844955,
    0.08203297108411789,
    -0.043267395347356796,
    -0.014551106840372086,
    -0.031106730923056602,
    0.045033421367406845,
    -0.0017040855018422008,
    0.022315748035907745,
    0.02301447093486786,
    0.01973336562514305,
    -0.01602230779826641,
    0.001790571492165327,
    0.051907774060964584,
    -0.017578916624188423,
    0.029643092304468155,
    -0.02230040356516838,
    -0.03784191980957985,
    -0.015194003470242023,
    -0.0025381261948496103,
    -0.06847787648439407,
    0.004540294408798218,
    -0.045878827571868896,
    0.07460926473140717,
    -0.05081264674663544,
    0.05321473255753517,
    0.0064292605966329575,
    -0.03217051178216934,
    -0.03794647753238678,
    -0.056978702545166016,
    -0.027297846972942352,
    -0.08077052980661392,
    0.05078746750950813,
    -0.013058417476713657,
    -0.006132632493972778,
    0.050512269139289856,
    -0.053586095571517944,
    0.05092779919505119,
    -0.00540119269862771,
    -0.0161325391381979,
    0.010674302466213703,
    0.0018855390371754766,
    0.03771887719631195,
    -0.009278399869799614,
    -0.04184064641594887,
    -0.015625813975930214,
    0.014704575762152672,
    0.04572718217968941,
    -0.007339109666645527,
    0.003443225985392928,
    0.05094561725854874,
    -0.0038149934262037277,
    -0.08875519782304764,
    -0.04535851627588272,
    -0.012725399807095528,
    0.03917491436004639,
    0.008744635619223118,
    0.028563106432557106,
    -0.012957637198269367,
    -2.1305260585789997e-32,
    -0.044031355530023575,
    -0.047559529542922974,
    -0.04669492691755295,
    -0.011477706022560596,
    0.07335477322340012,
    -0.019763469696044922,
    -0.006137695163488388,
    -0.07870195060968399,
    0.058037299662828445,
    0.02484872192144394,
    0.04659312963485718,
    -0.04809720441699028,
    -0.010706216096878052,
    -0.03587111458182335,
    -0.024767814204096794,
    -0.00886110682040453,
    -0.08386489748954773,
    -0.04821854457259178,
    -0.04058343544602394,
    0.10910987854003906,
    -0.029630513861775398,
    0.030798304826021194,
    -0.010589433833956718,
    0.1465701162815094,
    0.06920020282268524,
    0.06711457669734955,
    -0.04087435081601143,
    0.02082567848265171,
    0.12778683006763458,
    -0.0365571603178978,
    -0.051883798092603683,
    -0.04611804336309433,
    -0.06432323902845383,
    -0.041064534336328506,
    -0.13121022284030914,
    -0.18290077149868011,
    0.08986121416091919,
    -0.045859578996896744,
    -0.04160282015800476,
    -0.08693846315145493,
    0.07330360263586044,
    -0.0009525367058813572,
    -0.027569781988859177,
    -0.008415634743869305,
    0.025432772934436798,
    -0.06262662261724472,
    0.039845190942287445,
    0.0014143285807222128,
    -0.023510385304689407,
    0.007382265757769346,
    0.030266137793660164,
    -0.03768081218004227,
    0.008602717891335487,
    0.03701960667967796,
    -0.04823795333504677,
    0.030649511143565178,
    0.03283850848674774,
    -0.04442626237869263,
    -0.021205363795161247,
    -0.028302056714892387,
    0.06665252149105072,
    0.061955805867910385,
    -0.05192919820547104,
    0.12239261716604233,
    0.03969716280698776,
    -0.0778825655579567,
    0.0022130405995994806,
    -0.03976495563983917,
    -0.11437287926673889,
    -0.08123791962862015,
    -0.043250977993011475,
    -0.11503986269235611,
    -0.06316074728965759,
    -0.11935193091630936,
    0.0746876671910286,
    -0.055102910846471786,
    -0.06029821187257767,
    -0.10598601400852203,
    -0.06939732283353806,
    0.021525686606764793,
    0.03473136946558952,
    -0.01346923690289259,
    -0.04308818653225899,
    0.06974414736032486,
    -0.0090568196028471,
    0.02469298616051674,
    0.07088684290647507,
    -0.035381581634283066,
    -0.008915537036955357,
    0.07456434518098831,
    -0.08298420906066895,
    -0.017758015543222427,
    -0.11643389612436295,
    0.0697844997048378,
    -0.08400964736938477,
    -5.59211521533598e-08,
    -0.02043100632727146,
    0.07797937840223312,
    0.01572408154606819,
    -0.020494835451245308,
    0.016886956989765167,
    -0.052842773497104645,
    -0.04735201969742775,
    0.015699366107583046,
    -0.008261734619736671,
    -0.02977687679231167,
    0.026515603065490723,
    0.07373668253421783,
    -0.03498725965619087,
    0.006848887540400028,
    0.07534805685281754,
    -0.022849706932902336,
    -0.07346051931381226,
    -0.04931815341114998,
    -0.04371011629700661,
    0.018506688997149467,
    -0.040741920471191406,
    -0.03972771763801575,
    -0.06186872348189354,
    0.02276075817644596,
    0.04446065425872803,
    0.02615218423306942,
    -0.02110721915960312,
    0.024760158732533455,
    0.06910352408885956,
    0.05833438038825989,
    -0.03087548539042473,
    0.012654902413487434,
    0.028738385066390038,
    0.01792331412434578,
    -0.00977871660143137,
    -0.07325226813554764,
    0.02674027532339096,
    -0.0011255727149546146,
    0.008974761702120304,
    0.006305318791419268,
    0.019028248265385628,
    0.04346282407641411,
    0.031564440578222275,
    0.10726097971200943,
    0.025323551148176193,
    -0.05136736482381821,
    -0.011052461341023445,
    0.011550787836313248,
    0.007730917539447546,
    -0.04172035679221153,
    -0.014673256315290928,
    -0.04062185809016228,
    0.1115221381187439,
    -0.026998937129974365,
    -0.002883276669308543,
    0.08856106549501419,
    0.0542292483150959,
    0.07074981182813644,
    -0.019268369302153587,
    -0.018650582060217857,
    0.12959271669387817,
    -0.0025930197443813086,
    0.01736115664243698,
    -0.000651022419333458
]