[
    -0.03978505730628967,
    0.0032569458708167076,
    -0.04780774936079979,
    -0.10202652215957642,
    -0.031492747366428375,
    0.06405263394117355,
    0.005840233992785215,
    -0.027750948444008827,
    -0.025566451251506805,
    -0.015675222501158714,
    0.021471546962857246,
    -0.045125704258680344,
    0.008110594935715199,
    -0.04643397405743599,
    0.08365560322999954,
    -0.01673975959420204,
    0.05971651151776314,
    0.034578777849674225,
    -0.11961281299591064,
    0.05874686315655708,
    0.02088216133415699,
    0.05436092987656593,
    -0.05214698240160942,
    -0.0001784884079825133,
    -0.14940331876277924,
    -0.041086528450250626,
    0.005885452032089233,
    -0.05114205181598663,
    0.036596450954675674,
    -0.0401066429913044,
    0.02805512212216854,
    -0.008478598669171333,
    0.06089119613170624,
    0.06479278951883316,
    0.027353329584002495,
    0.004251345992088318,
    0.020748011767864227,
    -6.348350871121511e-05,
    -0.030840391293168068,
    0.029013166204094887,
    -0.059110309928655624,
    -0.0865250825881958,
    -0.07761619240045547,
    -0.005086007062345743,
    0.014574956148862839,
    0.006257231347262859,
    -0.027648281306028366,
    -0.02198605425655842,
    -0.03382522612810135,
    0.009231897071003914,
    -0.07912684977054596,
    -0.04247225821018219,
    -0.01886834390461445,
    0.08383193612098694,
    -0.07557239383459091,
    -0.033187709748744965,
    -0.04336963966488838,
    0.0011226380011066794,
    -0.06408727914094925,
    -0.010674911551177502,
    0.009584160521626472,
    0.019450761377811432,
    -0.005022522062063217,
    0.0857587605714798,
    -0.027332497760653496,
    0.056008994579315186,
    -0.016317112371325493,
    -0.02026892825961113,
    -0.011018134653568268,
    0.009738752618432045,
    -0.11908441036939621,
    -0.03317554295063019,
    -0.024905990809202194,
    0.008509323932230473,
    -0.007524948567152023,
    0.015953708440065384,
    -0.022701045498251915,
    0.04511359706521034,
    0.059254687279462814,
    -0.12869666516780853,
    -0.053893133997917175,
    -0.009580884128808975,
    -0.004320802632719278,
    0.09863710403442383,
    -0.07453476637601852,
    -0.017323238775134087,
    -0.04812333360314369,
    -0.03276904299855232,
    -0.025160958990454674,
    0.013300510123372078,
    0.06805557012557983,
    -0.08016566932201385,
    0.10009615868330002,
    -0.048500437289476395,
    0.09640812873840332,
    -0.0351279079914093,
    -0.0018201187485828996,
    -0.05903707817196846,
    0.014692315831780434,
    -0.02394799515604973,
    -0.00547038484364748,
    0.0011487148003652692,
    -0.03413873538374901,
    0.024978332221508026,
    -0.02349391020834446,
    -0.035866305232048035,
    0.006892140954732895,
    -0.0019039730541408062,
    0.04669541120529175,
    0.0497719869017601,
    0.05290906876325607,
    0.025895921513438225,
    -0.05882786586880684,
    -0.15077552199363708,
    0.05228891968727112,
    0.0015547078801319003,
    -0.005697735119611025,
    0.05500677973031998,
    0.024326855316758156,
    -0.01442017126828432,
    -0.04754205420613289,
    -3.431999357417226e-05,
    -0.04863143339753151,
    -0.12914477288722992,
    -0.004030034877359867,
    0.01890329085290432,
    -0.05211609601974487,
    1.8097073485534978e-32,
    -0.0334816500544548,
    0.020385755226016045,
    -0.05806505307555199,
    0.009174659848213196,
    0.0017349269473925233,
    -0.0014923101989552379,
    0.017151372507214546,
    -0.0022281270939856768,
    -0.09114611148834229,
    0.0516684353351593,
    -0.016540808603167534,
    0.08808977156877518,
    -0.011192431673407555,
    -0.04589218646287918,
    -0.011760695837438107,
    0.07199839502573013,
    0.00804492924362421,
    0.09218253195285797,
    0.0026385753881186247,
    0.07951892912387848,
    0.01521656196564436,
    -0.03231633082032204,
    -0.0016653673956170678,
    0.02065310627222061,
    0.014188511297106743,
    0.04821280762553215,
    0.013383101671934128,
    -0.011808599345386028,
    0.03422729671001434,
    0.007199947256594896,
    0.07033965736627579,
    0.028940187767148018,
    0.04335392266511917,
    -0.013168565928936005,
    0.0532393641769886,
    0.10333911329507828,
    0.00736954715102911,
    -0.08805595338344574,
    0.08646876364946365,
    -0.05708988383412361,
    -0.036220379173755646,
    -0.006281488109380007,
    0.04108060896396637,
    0.03118583932518959,
    0.019776232540607452,
    0.01788104698061943,
    0.0116092124953866,
    0.001966960960999131,
    0.06771868467330933,
    0.04510336369276047,
    -0.0319146029651165,
    0.019697796553373337,
    0.0313153974711895,
    -0.029742367565631866,
    0.001705347211100161,
    -0.04817162826657295,
    -0.05169665068387985,
    0.04861030727624893,
    -0.04451558366417885,
    0.05582280457019806,
    -0.04738934710621834,
    0.04271126165986061,
    0.0031703319400548935,
    0.011462539434432983,
    0.006129126995801926,
    -0.07741467654705048,
    -0.012947730720043182,
    -0.04294807091355324,
    0.00713634816929698,
    -0.029062755405902863,
    -0.06367357820272446,
    0.06328971683979034,
    -0.015378589741885662,
    0.04733210429549217,
    -0.04877801612019539,
    -0.04252755269408226,
    -0.0025190014857798815,
    -0.030996620655059814,
    0.06334097683429718,
    -0.0033156333956867456,
    -0.11215834319591522,
    0.07421787083148956,
    0.04579566791653633,
    0.04299577325582504,
    -0.03957871347665787,
    -0.01977742277085781,
    0.06342856585979462,
    0.046197474002838135,
    -0.03974989801645279,
    -0.034029752016067505,
    -0.011584325693547726,
    0.019225142896175385,
    0.0099659888073802,
    0.07363361120223999,
    0.018459709361195564,
    -1.84191442439809e-32,
    -0.0018171893898397684,
    -0.03922323137521744,
    -0.06804648041725159,
    0.006734328810125589,
    0.05797678977251053,
    0.002281722379848361,
    -0.0280879195779562,
    -0.05273108929395676,
    0.06604640930891037,
    0.04182066023349762,
    0.049629613757133484,
    -0.04268873855471611,
    0.021787112578749657,
    -0.06614265590906143,
    -0.03701477125287056,
    -0.025051593780517578,
    -0.051984526216983795,
    -0.03157312422990799,
    0.015243924222886562,
    0.08163750916719437,
    0.027018992230296135,
    0.006659674923866987,
    0.015165808610618114,
    0.13165993988513947,
    -0.0020293102134019136,
    0.03776423633098602,
    -0.06880105286836624,
    -0.04186363145709038,
    0.08274602144956589,
    -0.08140873908996582,
    -0.03229964151978493,
    -0.04260497912764549,
    -0.03489001840353012,
    0.023769892752170563,
    -0.11351806670427322,
    -0.1780654639005661,
    0.04701012372970581,
    -0.054539162665605545,
    0.01659623347222805,
    -0.07368237525224686,
    0.07007689028978348,
    0.021270768716931343,
    -0.042337141931056976,
    0.02352892979979515,
    0.026326019316911697,
    -0.0478951632976532,
    0.07951962202787399,
    -0.011138319969177246,
    0.03700607642531395,
    -0.021961992606520653,
    0.038461845368146896,
    -0.05079592019319534,
    0.00399105716496706,
    0.02360525354743004,
    -0.04522739723324776,
    0.09536466002464294,
    0.021753592416644096,
    -0.0116660725325346,
    -0.031520601361989975,
    -0.00587577186524868,
    0.11008895933628082,
    0.038029175251722336,
    0.0004709363856818527,
    0.07334381341934204,
    0.06506854295730591,
    -0.020144430920481682,
    0.0073395115323364735,
    -0.006144081242382526,
    -0.04394712299108505,
    -0.0955783873796463,
    -0.09056062251329422,
    -0.11682692170143127,
    -0.06949909776449203,
    -0.06384994089603424,
    0.02926047518849373,
    -0.0886642262339592,
    -0.031134631484746933,
    -0.11438975483179092,
    -0.09294559061527252,
    0.018490565940737724,
    0.04663420841097832,
    -0.011951061896979809,
    -0.05563876032829285,
    0.07551412284374237,
    0.026223106309771538,
    0.007610902190208435,
    0.10045862942934036,
    -0.08557240664958954,
    0.0034051500260829926,
    0.05080464482307434,
    -0.10454323887825012,
    0.015278358943760395,
    -0.09030532091856003,
    0.07294700294733047,
    -0.08190537989139557,
    -5.1706091852565805e-08,
    -0.011267215944826603,
    0.0335271880030632,
    -0.028777362778782845,
    -0.029203448444604874,
    -0.052108101546764374,
    -0.03869118168950081,
    -0.06728687882423401,
    0.004904214292764664,
    -0.03258353844285011,
    -0.05777628347277641,
    0.02411614917218685,
    0.03198079764842987,
    -0.04666602239012718,
    0.01056524645537138,
    0.07021822035312653,
    -0.012504848651587963,
    -0.07966472208499908,
    0.0027323097456246614,
    -0.06089218333363533,
    0.051209013909101486,
    -0.03370717167854309,
    -0.014754002913832664,
    -0.02699500322341919,
    0.0030650817789137363,
    0.0718240886926651,
    0.04446253180503845,
    -0.0006646866095252335,
    0.05748907849192619,
    0.09307435154914856,
    0.06286109238862991,
    -0.024629101157188416,
    -0.0008969891932792962,
    0.04924445226788521,
    -0.03687663748860359,
    -0.07107698917388916,
    -0.046651098877191544,
    0.020006870850920677,
    -0.002820299006998539,
    0.07283782958984375,
    -0.0038956941571086645,
    -0.011843199841678143,
    0.03728870302438736,
    0.024203278124332428,
    0.09497163444757462,
    0.008351576514542103,
    -0.0503084734082222,
    -0.054120440036058426,
    0.03870796784758568,
    0.025152502581477165,
    -0.060772135853767395,
    -0.03182613104581833,
    -0.03012547641992569,
    0.0912228599190712,
    0.02823602966964245,
    -0.01386798545718193,
    0.05339518189430237,
    0.04210252687335014,
    0.028940264135599136,
    -0.012697425670921803,
    0.021140117198228836,
    0.11226047575473785,
    0.010134492069482803,
    0.06478134542703629,
    -0.028052208945155144
]