[
    -0.03230179101228714,
    0.022329038009047508,
    -0.027137504890561104,
    -0.04787779599428177,
    -0.0528806708753109,
    0.0705048143863678,
    -0.020233383402228355,
    -0.06010327860713005,
    0.03048619255423546,
    -0.012129115872085094,
    0.006710277404636145,
    -0.00320271379314363,
    0.04324382171034813,
    -0.007460504304617643,
    0.1136685460805893,
    -0.01497354730963707,
    0.07012014091014862,
    0.0605829693377018,
    -0.1045200452208519,
    0.053396470844745636,
    0.035654570907354355,
    0.05731293931603432,
    -0.0655723288655281,
    -0.010036197490990162,
    -0.0965242013335228,
    -0.06381279230117798,
    -0.02168283425271511,
    -0.06321953237056732,
    0.007234667427837849,
    -0.08067810535430908,
    0.02923361212015152,
    0.028411105275154114,
    0.029101679101586342,
    0.06911629438400269,
    -0.04191061109304428,
    -0.000985143706202507,
    -0.061568353325128555,
    0.06534427404403687,
    -0.013152088969945908,
    0.017597932368516922,
    -0.10073339939117432,
    -0.07342038303613663,
    -0.06286980211734772,
    0.001441077096387744,
    0.021669184789061546,
    0.0038541886024177074,
    -0.061496272683143616,
    -0.05730206146836281,
    -0.011198293417692184,
    0.05512719228863716,
    -0.0678020641207695,
    -0.005210092756897211,
    -0.028304727748036385,
    0.10077210515737534,
    -0.06288600713014603,
    -0.041218895465135574,
    -0.05791464075446129,
    -0.030224192887544632,
    -0.1245967447757721,
    -0.004821201786398888,
    -0.028059761971235275,
    0.00018010151688940823,
    0.04279395565390587,
    0.08635300397872925,
    -0.08562836050987244,
    0.05337929353117943,
    -0.03730745241045952,
    0.0020718583837151527,
    -0.044365979731082916,
    -0.0009662311640568078,
    -0.10394694656133652,
    -0.02977476827800274,
    0.002594050718471408,
    0.0515018031001091,
    0.010690328665077686,
    0.01212194375693798,
    0.006804224103689194,
    0.013465972617268562,
    0.06930465996265411,
    -0.16887322068214417,
    -0.02598338946700096,
    0.04976765438914299,
    -0.040723733603954315,
    0.03607052192091942,
    -0.06262084096670151,
    0.012811282649636269,
    -0.029070202261209488,
    -0.004743051249533892,
    0.011865302920341492,
    -0.03226466849446297,
    0.017547650262713432,
    -0.010330391116440296,
    0.08243495970964432,
    -0.08045981079339981,
    0.07699833065271378,
    -0.09579875320196152,
    -0.02401815913617611,
    -0.06686095893383026,
    0.03482654690742493,
    -0.015333767049014568,
    -0.01423967257142067,
    0.023882685229182243,
    0.005047490820288658,
    -0.006589054595679045,
    -0.029164766892790794,
    -0.09292980283498764,
    0.0319804884493351,
    0.029279084876179695,
    0.038988444954156876,
    0.055355388671159744,
    0.03057459555566311,
    0.028035009279847145,
    -0.05128113180398941,
    -0.1593790352344513,
    0.005234365351498127,
    -0.012893632054328918,
    -0.035340581089258194,
    0.06075127795338631,
    0.07290175557136536,
    0.024540221318602562,
    -0.04325098916888237,
    0.005703463684767485,
    -0.0496198870241642,
    -0.05168044567108154,
    -0.06172586604952812,
    0.03254694119095802,
    -0.06054968386888504,
    2.9330550067317824e-32,
    -0.012030093930661678,
    -0.0013410307001322508,
    -0.01806848682463169,
    0.008248376660048962,
    0.04109467193484306,
    -0.026591619476675987,
    0.0016683966387063265,
    -0.011994259431958199,
    -0.07127256691455841,
    0.06994190812110901,
    -0.024367982521653175,
    0.058001767843961716,
    0.0005113160004839301,
    0.032145943492650986,
    -0.01280203927308321,
    0.057493068277835846,
    0.033769093453884125,
    0.08381026238203049,
    -0.02149711176753044,
    0.07859649509191513,
    0.019401149824261665,
    -0.007421333342790604,
    0.013776309788227081,
    0.035813603550195694,
    -0.020502636209130287,
    -0.02139698900282383,
    -0.013312590308487415,
    -0.024517454206943512,
    0.02143658697605133,
    -0.00915470253676176,
    0.027406323701143265,
    0.02887844480574131,
    0.0333356074988842,
    -0.04006033390760422,
    0.04056496545672417,
    0.08559487015008926,
    0.020054873079061508,
    -0.04686884209513664,
    0.09587978571653366,
    -0.057203929871320724,
    -0.04224400594830513,
    -0.01926223747432232,
    0.05067967250943184,
    0.034811656922101974,
    0.005163060501217842,
    0.007360657211393118,
    0.008467688225209713,
    -0.01766936667263508,
    -0.017928466200828552,
    0.015696009621024132,
    -0.017127733677625656,
    0.019088154658675194,
    -0.0074093821458518505,
    -0.007489282637834549,
    -0.015654781833291054,
    -0.02869819477200508,
    -0.07347207516431808,
    0.05192370340228081,
    -0.05283498764038086,
    0.08004074543714523,
    -0.08633344620466232,
    0.02840239182114601,
    0.015951069071888924,
    -0.03726610541343689,
    -0.027703024446964264,
    -0.04478001967072487,
    -0.016618674620985985,
    -0.07071714848279953,
    0.04181687906384468,
    0.004821774084120989,
    -0.03468703478574753,
    0.10094009339809418,
    0.004326133988797665,
    0.030033567920327187,
    -0.007933661341667175,
    -0.04389679431915283,
    0.019053513184189796,
    -0.027034476399421692,
    0.0734688863158226,
    -0.003472261829301715,
    -0.08852696418762207,
    0.016597216948866844,
    0.013058166019618511,
    0.06731093674898148,
    -0.02632785215973854,
    0.020671378821134567,
    0.03373938798904419,
    0.026826471090316772,
    -0.07113048434257507,
    -0.06419666111469269,
    -0.02166750282049179,
    0.03537091985344887,
    0.017444046214222908,
    0.046813592314720154,
    -0.0005344829405657947,
    -2.9114793956696147e-32,
    -0.020778561010956764,
    -0.0009939981391653419,
    -0.055041421204805374,
    -0.02126336097717285,
    0.05200359597802162,
    -0.03727276995778084,
    -0.01787903718650341,
    -0.10798446089029312,
    0.05311265587806702,
    0.03384165093302727,
    0.03774452582001686,
    -0.034288208931684494,
    -0.043708834797143936,
    -0.017053067684173584,
    -0.033314261585474014,
    -0.04082656651735306,
    -0.08829216659069061,
    -0.016723809763789177,
    -0.014635155908763409,
    0.12806037068367004,
    -0.02076300047338009,
    0.047987304627895355,
    -0.004454994574189186,
    0.13195541501045227,
    0.08276644349098206,
    0.07009723782539368,
    -0.06587306410074234,
    0.024484800174832344,
    0.11939498037099838,
    -0.03606775775551796,
    -0.06427280604839325,
    -0.05270769074559212,
    -0.04153159260749817,
    -0.05846387520432472,
    -0.06446118652820587,
    -0.15881310403347015,
    0.0274357870221138,
    -0.04867902398109436,
    -0.035545215010643005,
    -0.03423585742712021,
    0.08020365238189697,
    -0.031972743570804596,
    -0.03566062077879906,
    0.030459461733698845,
    0.03178815916180611,
    -0.10060977190732956,
    0.03066924400627613,
    -0.05226451903581619,
    0.01341650914400816,
    0.0004829654935747385,
    0.019837478175759315,
    -0.025338517501950264,
    -0.032465849071741104,
    0.04928941652178764,
    -0.03731827810406685,
    0.030970264226198196,
    0.024997511878609657,
    -0.06360065191984177,
    -0.04511008411645889,
    -0.056958310306072235,
    0.10680605471134186,
    0.0531451441347599,
    -0.0110012236982584,
    0.0927964597940445,
    0.05055304244160652,
    -0.06056242808699608,
    0.02268167771399021,
    -0.04047698155045509,
    -0.04377179220318794,
    -0.08251627534627914,
    -0.06027853861451149,
    -0.0809202790260315,
    -0.04634027183055878,
    -0.10038035362958908,
    0.09454496204853058,
    -0.06138746067881584,
    -0.011832630261778831,
    -0.12078151106834412,
    -0.06315486878156662,
    0.035642389208078384,
    0.04359907656908035,
    -0.04578434303402901,
    -0.024780774489045143,
    0.07043784111738205,
    -0.04461544379591942,
    0.005631471052765846,
    0.055576909333467484,
    -0.028697829693555832,
    -0.0014201534213498235,
    0.08017408847808838,
    -0.057808391749858856,
    -0.019147999584674835,
    -0.09322663396596909,
    0.056910622864961624,
    -0.0891440212726593,
    -7.613331121092415e-08,
    -0.03470360487699509,
    0.05118284747004509,
    0.031211210414767265,
    -0.02221865765750408,
    -0.020038817077875137,
    -0.052426327019929886,
    -0.04094906523823738,
    0.013075482100248337,
    -0.031385231763124466,
    -0.03567046299576759,
    0.0391278974711895,
    0.05939273163676262,
    -0.005337058566510677,
    -0.04859141632914543,
    0.093723364174366,
    0.008012698031961918,
    -0.07301054894924164,
    -0.04595090448856354,
    -0.05819781497120857,
    0.026811785995960236,
    -0.07633054256439209,
    -0.05576993152499199,
    -0.0708157941699028,
    0.0067297955974936485,
    0.021347803995013237,
    0.012509548105299473,
    -0.02145550400018692,
    0.022177472710609436,
    0.10419321805238724,
    0.00894608348608017,
    -0.010460655204951763,
    -0.016625914722681046,
    0.032628584653139114,
    -0.026926808059215546,
    0.0137051772326231,
    -0.05353834107518196,
    0.03377082943916321,
    -0.028185488656163216,
    0.04235507547855377,
    0.034094031900167465,
    0.002772268373519182,
    0.027867835015058517,
    0.03192680701613426,
    0.09167163074016571,
    0.01671622507274151,
    -0.03524414822459221,
    -0.04588877037167549,
    0.005214324686676264,
    0.0021028511691838503,
    -0.07473435997962952,
    -0.015383217483758926,
    -0.026256131008267403,
    0.06485061347484589,
    -0.03208831697702408,
    -0.048844337463378906,
    0.05492608994245529,
    0.028217852115631104,
    0.04579800367355347,
    -0.002920308616012335,
    0.011587210930883884,
    0.10631195455789566,
    0.02162068523466587,
    0.04877152293920517,
    -0.05297977477312088
]