[
    -0.06902128458023071,
    0.10850585252046585,
    -0.009044048376381397,
    -0.06311692297458649,
    -0.020559778437018394,
    0.04434705898165703,
    -0.006265466567128897,
    -0.04338396340608597,
    0.03239354118704796,
    0.030074192211031914,
    0.04669838771224022,
    0.005036851856857538,
    0.008119829930365086,
    -0.034728702157735825,
    0.04100418463349342,
    0.023017017170786858,
    0.061149999499320984,
    0.060680609196424484,
    -0.07924871146678925,
    0.05826711654663086,
    0.02337740734219551,
    0.08023098111152649,
    -0.023191967979073524,
    -0.017614614218473434,
    -0.043330296874046326,
    0.017503919079899788,
    -0.027462583035230637,
    -0.09785882383584976,
    0.04967022314667702,
    0.007988355122506618,
    0.0866035744547844,
    -0.0011532886419445276,
    0.047605011612176895,
    0.016496507450938225,
    0.010530170984566212,
    -0.008970432914793491,
    0.009692993946373463,
    0.025274859741330147,
    -0.02382572367787361,
    -0.029800061136484146,
    -0.024858994409441948,
    -0.0027862919960170984,
    -0.035212546586990356,
    -0.014630043879151344,
    -0.007257561199367046,
    0.013858400285243988,
    -0.0780111625790596,
    -0.006253750529140234,
    -0.0053015523590147495,
    0.010139399208128452,
    -0.08257628977298737,
    -0.05631071701645851,
    -0.008527761325240135,
    0.0817386731505394,
    -0.013435193337500095,
    -0.020346269011497498,
    -0.09785736352205276,
    -0.07028622925281525,
    -0.05306354910135269,
    -0.015901492908596992,
    -0.01869318075478077,
    -0.012995014898478985,
    -0.027837147936224937,
    0.006600210443139076,
    -0.0463893860578537,
    0.04036440700292587,
    0.0532473586499691,
    -0.09600810706615448,
    0.02965167909860611,
    -0.031022315844893456,
    -0.023645173758268356,
    0.0134801734238863,
    -0.0342903770506382,
    0.04024732485413551,
    0.006197528447955847,
    -0.02871033549308777,
    -0.005896066315472126,
    0.008490080013871193,
    0.10095181316137314,
    -0.1459212601184845,
    -0.0473131500184536,
    0.05807678773999214,
    -0.010707545094192028,
    0.037587132304906845,
    -0.03502681106328964,
    -0.024727851152420044,
    0.005247262306511402,
    -0.030440328642725945,
    0.015547805465757847,
    0.008467601612210274,
    0.041984494775533676,
    -0.09357552230358124,
    0.1199582889676094,
    -0.029797818511724472,
    0.1081053614616394,
    -0.0974179282784462,
    0.01052585244178772,
    -0.09863291680812836,
    -0.0003874636604450643,
    -0.019139405339956284,
    -0.02284528687596321,
    -0.010058565996587276,
    0.027356069535017014,
    0.06290539354085922,
    -0.03759549930691719,
    -0.061390768736600876,
    -0.04007118195295334,
    -0.028163842856884003,
    0.044628746807575226,
    0.08411392569541931,
    -0.002481703879311681,
    -0.010807497426867485,
    0.0018118598964065313,
    -0.08302557468414307,
    0.036164648830890656,
    0.0017014885088428855,
    0.02414315938949585,
    0.047431886196136475,
    -0.009216356091201305,
    -0.08232548832893372,
    -0.04933902621269226,
    0.0048776171170175076,
    -0.06245386227965355,
    -0.04806049168109894,
    -0.05171608552336693,
    -0.012557185254991055,
    -0.07895287126302719,
    1.210001722174645e-32,
    -0.05059366673231125,
    -0.0006175158778205514,
    -0.05436723679304123,
    0.06504402309656143,
    0.050577547401189804,
    0.04494557902216911,
    -0.006059601902961731,
    -0.06400921940803528,
    -0.06731873750686646,
    0.006465267855674028,
    0.028430571779608727,
    0.03053687885403633,
    0.022144876420497894,
    -0.0771045908331871,
    -0.020637523382902145,
    0.06347331404685974,
    -0.03905473276972771,
    0.09124533832073212,
    0.01697094924747944,
    0.0815771222114563,
    -0.02052128314971924,
    0.04764208197593689,
    -0.019379984587430954,
    0.024323148652911186,
    -0.021469159051775932,
    -0.02559277042746544,
    0.012498150579631329,
    -0.03817247226834297,
    0.025981480255723,
    0.0011323945363983512,
    0.038108475506305695,
    0.0031906827352941036,
    0.004237710498273373,
    -0.07922324538230896,
    0.07052823901176453,
    0.10074854642152786,
    0.04488445073366165,
    -0.03044876828789711,
    0.03898409754037857,
    -0.08059825748205185,
    -0.06783301383256912,
    -0.03468659520149231,
    0.023844771087169647,
    0.023230446502566338,
    0.02490035630762577,
    -0.0038556770887225866,
    -0.051167573779821396,
    -0.0393008254468441,
    -0.009415097534656525,
    0.10357612371444702,
    -0.04678185656666756,
    0.03700554743409157,
    -0.018518496304750443,
    -0.07530064135789871,
    -0.032612670212984085,
    0.012770219705998898,
    -0.1087256520986557,
    0.09512604027986526,
    -0.051559336483478546,
    -0.03466978296637535,
    0.035633545368909836,
    0.002191379200667143,
    -0.009232936426997185,
    -0.011935249902307987,
    -0.07639146596193314,
    -0.09196977317333221,
    -0.014472799375653267,
    -0.052366647869348526,
    0.09002689272165298,
    -0.05816560983657837,
    -0.02009727992117405,
    0.09616748243570328,
    -0.0022384149488061666,
    -0.013115187175571918,
    -0.033253014087677,
    -0.003345400094985962,
    0.04830034077167511,
    -0.029064297676086426,
    7.156062929425389e-05,
    -0.02528979629278183,
    -0.06952879577875137,
    0.0382792167365551,
    0.05299941822886467,
    0.0472586452960968,
    -0.020164942368865013,
    -0.057158730924129486,
    0.0012746104039251804,
    0.033872779458761215,
    -0.010591245256364346,
    -0.030633997172117233,
    -0.03517930582165718,
    -0.01198495551943779,
    -0.0038646773900836706,
    0.06818316131830215,
    0.022999828681349754,
    -1.5017749953488852e-32,
    0.005292114336043596,
    -0.11532709002494812,
    -0.01834147609770298,
    -0.04355045035481453,
    0.07373423874378204,
    -0.05612710118293762,
    -0.008778167888522148,
    -0.061828337609767914,
    0.04291563108563423,
    -0.035906076431274414,
    -0.025386355817317963,
    -0.06479748338460922,
    0.02628573402762413,
    0.025002198293805122,
    -0.013644544407725334,
    0.02621859684586525,
    -0.03562084957957268,
    -0.021384231746196747,
    -0.009589477442204952,
    0.09124647080898285,
    -0.003315571928396821,
    0.049637775868177414,
    -0.027590347453951836,
    0.15151774883270264,
    0.06687528640031815,
    0.045583825558423996,
    -0.013951410539448261,
    -0.01222408376634121,
    0.03708546608686447,
    -0.04836929962038994,
    -0.005212754011154175,
    -0.04627327248454094,
    -0.02177269570529461,
    0.022204630076885223,
    -0.09366699308156967,
    -0.16201215982437134,
    0.018935909494757652,
    0.029844561591744423,
    -0.034838929772377014,
    -0.042951878160238266,
    0.11025774478912354,
    0.015683501958847046,
    0.035882435739040375,
    0.024683155119419098,
    -0.00843398179858923,
    -0.023235293105244637,
    0.10602275282144547,
    -0.0133984899148345,
    -0.02020103670656681,
    0.001463047112338245,
    0.015304645523428917,
    -0.024949222803115845,
    0.04940621182322502,
    0.03677006810903549,
    -0.05209822580218315,
    0.04614439606666565,
    0.04585130140185356,
    -0.03357008472084999,
    0.02727181278169155,
    0.02271791361272335,
    0.09257316589355469,
    0.02530638873577118,
    -0.09482921659946442,
    0.02193515934050083,
    -0.03749489784240723,
    -0.0210594329982996,
    -0.10570676624774933,
    -0.06759962439537048,
    -0.027637913823127747,
    -0.02238556742668152,
    -0.03489803150296211,
    -0.11983237415552139,
    -0.00983735267072916,
    -0.11265276372432709,
    0.12930810451507568,
    -0.047394972294569016,
    -0.01809483952820301,
    -0.031118003651499748,
    -0.09596528112888336,
    -0.02438994124531746,
    0.09126527607440948,
    -0.006249128840863705,
    -0.028695855289697647,
    0.012249993160367012,
    -0.0025739925913512707,
    -0.04183737561106682,
    0.08272334188222885,
    -0.0626426711678505,
    0.008361347950994968,
    0.052146706730127335,
    0.010416675359010696,
    -0.01169582363218069,
    -0.0795304998755455,
    -0.014828304760158062,
    -0.06808645278215408,
    -4.5857039054908455e-08,
    0.05228964239358902,
    0.06587127596139908,
    -0.007210336159914732,
    -0.001945040188729763,
    -0.01953260600566864,
    -0.07133585959672928,
    -0.006802340503782034,
    -0.042022887617349625,
    -0.004353218246251345,
    0.025486649945378304,
    -0.0009817297104746103,
    0.037047240883111954,
    -0.00995159987360239,
    -0.06616587936878204,
    0.09092354774475098,
    -0.058930400758981705,
    -0.07286737859249115,
    -0.05744444951415062,
    -0.029548071324825287,
    0.03939129412174225,
    -0.020643284544348717,
    0.005092845298349857,
    -0.024752778932452202,
    0.07248111814260483,
    -0.036552686244249344,
    -0.02271309681236744,
    -0.0002836809726431966,
    -0.007796816527843475,
    -0.03513695299625397,
    0.03755182772874832,
    -0.05085643380880356,
    0.12097874283790588,
    0.009448189288377762,
    0.006076439283788204,
    -0.09885268658399582,
    -0.02803264744579792,
    -0.03070254996418953,
    0.00847757700830698,
    0.03926030173897743,
    -0.06569505482912064,
    0.04448581486940384,
    0.024066992104053497,
    0.008419101126492023,
    0.046032026410102844,
    0.03312293812632561,
    0.007604408543556929,
    0.013372979126870632,
    -0.006396090611815453,
    0.0197133868932724,
    -0.00500556780025363,
    -0.0694868192076683,
    -0.038829412311315536,
    0.15267440676689148,
    -0.014625820331275463,
    0.03430362418293953,
    0.07051663845777512,
    0.039630550891160965,
    0.04949632287025452,
    -0.06766597181558609,
    -0.017524883151054382,
    0.15746356546878815,
    0.04519437253475189,
    0.047946181148290634,
    0.028821362182497978
]