[
    -0.015982937067747116,
    0.02600426785647869,
    -0.003660524496808648,
    -0.08572530001401901,
    -0.06403994560241699,
    0.04028359428048134,
    0.0008812561281956732,
    -0.03993537649512291,
    0.0008502041455358267,
    -0.004655179101973772,
    0.016493527218699455,
    -0.062481824308633804,
    0.008439087308943272,
    -0.05313803628087044,
    0.10020139068365097,
    -0.0334351547062397,
    0.011907003819942474,
    -0.004689040593802929,
    -0.10074320435523987,
    0.08417022228240967,
    0.03587276116013527,
    0.09575238823890686,
    -0.03446543216705322,
    -0.004860368091613054,
    -0.1274687498807907,
    -0.023583078756928444,
    -0.012561815790832043,
    -0.05535710230469704,
    -0.007358289789408445,
    -0.06153282895684242,
    0.05395955219864845,
    0.017140090465545654,
    0.04113287851214409,
    0.09893350303173065,
    -0.054067354649305344,
    -0.02751387655735016,
    0.007216606754809618,
    0.02078513242304325,
    -0.04684769734740257,
    0.0189592894166708,
    -0.04591277614235878,
    -0.0704302191734314,
    -0.05755730718374252,
    0.007329897489398718,
    0.06479941308498383,
    0.00965171679854393,
    -0.05123260244727135,
    -0.021153049543499947,
    0.016310755163431168,
    0.0032750586979091167,
    -0.06226407736539841,
    -0.023426415398716927,
    -0.03880288451910019,
    0.12072613090276718,
    -0.0546417236328125,
    -0.06082744151353836,
    -0.03110089898109436,
    0.014515702612698078,
    -0.05961262434720993,
    0.007681462913751602,
    0.03429139405488968,
    0.023451941087841988,
    0.016215994954109192,
    0.055219538509845734,
    -0.05212032049894333,
    0.03586222231388092,
    -0.00264817220158875,
    0.005406560376286507,
    0.011657734401524067,
    0.024975670501589775,
    -0.16236481070518494,
    -0.033635951578617096,
    -0.008563337847590446,
    0.08644618839025497,
    -0.0050237649120390415,
    0.012037739157676697,
    -0.007581066340208054,
    -0.007192647084593773,
    0.04324548318982124,
    -0.06915538012981415,
    -0.07428735494613647,
    0.005486651323735714,
    0.013489507138729095,
    0.03319840878248215,
    -0.04231378436088562,
    -0.005008268170058727,
    -0.058037545531988144,
    -0.02881542406976223,
    -0.05818541347980499,
    -0.04477589204907417,
    0.018307596445083618,
    -0.03558960556983948,
    0.09761814028024673,
    -0.046081528067588806,
    0.07653892040252686,
    -0.03676321730017662,
    -0.024537675082683563,
    -0.08496702462434769,
    0.05016551539301872,
    -0.02873924933373928,
    -0.014028601348400116,
    0.030228376388549805,
    -0.026725098490715027,
    0.037364114075899124,
    -0.07615330070257187,
    -0.06157366931438446,
    0.008049529045820236,
    0.01435756217688322,
    0.0008707566885277629,
    0.04417169839143753,
    0.03813568875193596,
    0.014682651497423649,
    -0.06690119206905365,
    -0.15070736408233643,
    0.007665047887712717,
    0.024505065754055977,
    -0.09014612436294556,
    0.033511411398649216,
    0.04798898845911026,
    0.05025636777281761,
    -0.04160869121551514,
    -0.03863026574254036,
    -0.03764418885111809,
    -0.08814877271652222,
    0.006158258765935898,
    0.00968713965266943,
    -0.012285754084587097,
    2.067212316538979e-32,
    -0.04625767469406128,
    0.020282937213778496,
    -0.012540938332676888,
    0.036104246973991394,
    0.0433388389647007,
    0.009569206275045872,
    0.022754734382033348,
    -0.007874993607401848,
    -0.07611966133117676,
    0.05182691663503647,
    -0.026711100712418556,
    0.04614396393299103,
    -0.001853870926424861,
    0.016407784074544907,
    -0.02404417097568512,
    0.0195905864238739,
    -0.01716708391904831,
    0.038720324635505676,
    0.0037888677325099707,
    0.08169503509998322,
    0.03663412854075432,
    -0.0472487211227417,
    0.04029156640172005,
    0.01813504472374916,
    0.0014499033568426967,
    -0.003880112199112773,
    -0.006646270398050547,
    -0.02082274667918682,
    0.0634843185544014,
    -0.004095784388482571,
    -0.0013717793626710773,
    0.011475230567157269,
    0.029681988060474396,
    -0.051149796694517136,
    0.03232204541563988,
    0.10708943009376526,
    0.02104891464114189,
    -0.08102472871541977,
    0.08342448621988297,
    -0.04353678226470947,
    -0.013583979569375515,
    -0.014366925694048405,
    0.0244053453207016,
    0.06027504801750183,
    0.02159481681883335,
    0.033023834228515625,
    0.014114498160779476,
    -0.02113494463264942,
    0.04050491005182266,
    0.026978634297847748,
    -0.013246762566268444,
    -0.010149232111871243,
    -0.0006000170251354575,
    -0.03899766132235527,
    0.022980008274316788,
    -0.03817663714289665,
    -0.05758949741721153,
    0.032442715018987656,
    -0.06318316608667374,
    0.06012601777911186,
    -0.053836576640605927,
    0.023537591099739075,
    0.015869515016674995,
    -0.028178179636597633,
    -0.006994736846536398,
    -0.05754489451646805,
    0.0037531405687332153,
    -0.08558635413646698,
    0.026370204985141754,
    -0.008363708853721619,
    -0.06695682555437088,
    0.07083696871995926,
    0.003405745839700103,
    0.04565572366118431,
    0.008122610859572887,
    -0.009553661569952965,
    -0.026232019066810608,
    -0.03061748668551445,
    0.03364617004990578,
    0.03527059778571129,
    -0.0892343744635582,
    0.019649749621748924,
    0.028358152136206627,
    0.0655657947063446,
    0.009469072334468365,
    -0.02737617678940296,
    0.0467662587761879,
    0.05550886690616608,
    -0.04924680292606354,
    -0.05407384783029556,
    -0.01647919975221157,
    0.046048231422901154,
    0.04616796597838402,
    0.0216644536703825,
    0.023740263655781746,
    -2.1548222043793517e-32,
    -0.026382090523838997,
    0.005061357282102108,
    -0.08398327976465225,
    0.04651441052556038,
    0.03970806300640106,
    -0.012836646288633347,
    -0.04017573595046997,
    -0.07510603964328766,
    0.08956657350063324,
    0.04258403182029724,
    0.0703098252415657,
    -0.039998363703489304,
    -0.0038872852455824614,
    -0.055321358144283295,
    -0.009849176742136478,
    -0.021692709997296333,
    -0.0959758535027504,
    -0.07122360169887543,
    -0.02168537862598896,
    0.08959435671567917,
    0.009942889213562012,
    -0.04522150009870529,
    -0.007805182598531246,
    0.15421350300312042,
    0.02509782835841179,
    0.054842207580804825,
    -0.06285248696804047,
    -0.03283435106277466,
    0.12986449897289276,
    -0.06427988409996033,
    -0.053817860782146454,
    -0.06706006079912186,
    -0.029042953625321388,
    0.05822071060538292,
    -0.07960517704486847,
    -0.16539664566516876,
    0.09736313670873642,
    -0.034191492944955826,
    0.017390213906764984,
    -0.004614504519850016,
    0.12507034838199615,
    -0.001154684112407267,
    -0.025816872715950012,
    0.06036197021603584,
    -0.030811913311481476,
    -0.06209086999297142,
    0.015088744461536407,
    0.01709287241101265,
    0.0038235511165112257,
    -0.00816105492413044,
    0.05541733279824257,
    -0.012819796800613403,
    -0.03170798346400261,
    0.01507491059601307,
    -0.016654057428240776,
    0.07404680550098419,
    0.023437101393938065,
    -0.0347764678299427,
    -0.0385177880525589,
    -0.03888213261961937,
    0.05621907860040665,
    0.01591702178120613,
    -0.024203985929489136,
    0.06105989217758179,
    0.05619700253009796,
    -0.054786987602710724,
    -0.009967479854822159,
    -0.0264136902987957,
    -0.03203669562935829,
    -0.08771339058876038,
    -0.051739566028118134,
    -0.11297166347503662,
    -0.09983239322900772,
    -0.12876169383525848,
    0.07948387414216995,
    -0.10045771300792694,
    -0.07401609420776367,
    -0.08086002618074417,
    -0.08114218711853027,
    0.05249178409576416,
    0.07707446813583374,
    -0.021597662940621376,
    -0.02501513995230198,
    0.0612887442111969,
    0.0168058592826128,
    0.033289529383182526,
    0.07204829156398773,
    -0.05769431218504906,
    0.00891781970858574,
    0.04584923014044762,
    -0.07403219491243362,
    -0.012910292483866215,
    -0.07115788757801056,
    0.054381825029850006,
    -0.07427326589822769,
    -5.8025008797812916e-08,
    0.010391626507043839,
    0.016900241374969482,
    0.01988198794424534,
    -0.011792908422648907,
    -0.023598462343215942,
    -0.021677182987332344,
    -0.05004562810063362,
    0.01664477400481701,
    -0.02614525705575943,
    -0.034061919897794724,
    0.05607170984148979,
    0.054684191942214966,
    -0.028383851051330566,
    -0.03363363817334175,
    0.10524159669876099,
    -0.02893383800983429,
    -0.08454439043998718,
    -0.05240989848971367,
    -0.060671545565128326,
    0.038343463093042374,
    -0.04388267174363136,
    -0.05575593560934067,
    -0.07811214029788971,
    0.022971035912632942,
    0.040406499058008194,
    0.0512847900390625,
    0.009848671033978462,
    0.05675029009580612,
    0.0560147650539875,
    0.05966319516301155,
    -0.01639389619231224,
    -0.046298228204250336,
    0.030847717076539993,
    -0.00590892881155014,
    -0.07947995513677597,
    -0.07103681564331055,
    0.059838421642780304,
    -0.019744567573070526,
    0.037680428475141525,
    -0.020126549527049065,
    -0.00231687119230628,
    0.03363311290740967,
    -0.008258022367954254,
    0.08160682767629623,
    -0.027810798957943916,
    -0.03609674796462059,
    -0.04018474370241165,
    0.0408683717250824,
    0.031983524560928345,
    -0.11565002799034119,
    -0.027961837127804756,
    -0.015682077035307884,
    0.09595483541488647,
    0.018226804211735725,
    -0.040717754513025284,
    0.06420287489891052,
    0.012542011216282845,
    0.012158757075667381,
    0.023395514115691185,
    0.02640366740524769,
    0.11768878251314163,
    0.035025887191295624,
    0.05579919368028641,
    -0.029415089637041092
]