[
    -0.01934066042304039,
    0.0675835981965065,
    -0.004152721259742975,
    -0.048830438405275345,
    -0.04448804631829262,
    0.038438595831394196,
    -0.022638576105237007,
    0.01992449164390564,
    0.002089934889227152,
    -0.013914238661527634,
    0.01685115322470665,
    0.011182686313986778,
    0.0008773562149144709,
    -0.032339103519916534,
    0.066737100481987,
    -0.013610205613076687,
    0.05833267793059349,
    0.009114030748605728,
    -0.09695631265640259,
    0.08927453309297562,
    0.022666560485959053,
    0.05024118348956108,
    -0.06988143920898438,
    0.019306056201457977,
    -0.10167669504880905,
    -0.049539804458618164,
    -0.03429640457034111,
    -0.057256925851106644,
    0.06818884611129761,
    -0.05093277618288994,
    0.03427033871412277,
    0.04785749316215515,
    0.04635299742221832,
    0.06896942108869553,
    -0.04808378592133522,
    -0.013489289209246635,
    -0.04896773770451546,
    0.028306994587183,
    -0.03549841046333313,
    0.04502217471599579,
    -0.07522910833358765,
    -0.05097036808729172,
    -0.06423486769199371,
    0.06068335101008415,
    0.016568129882216454,
    0.03287962079048157,
    -0.05385327711701393,
    -0.011521313339471817,
    -0.009437152184545994,
    0.02676616981625557,
    -0.11158721148967743,
    -0.016270693391561508,
    -0.05124178156256676,
    0.06257518380880356,
    -0.04298338294029236,
    -0.04777313023805618,
    -0.049973130226135254,
    -0.014070338569581509,
    -0.10974227637052536,
    -0.024256763979792595,
    -0.014072149060666561,
    -0.011657532304525375,
    0.0021963741164654493,
    0.050230465829372406,
    -0.03733643516898155,
    0.050409480929374695,
    -0.019516287371516228,
    -0.04483019933104515,
    0.04716644436120987,
    0.05407951772212982,
    -0.08627045899629593,
    0.005272714886814356,
    0.004513924475759268,
    0.07731910049915314,
    -0.008571031503379345,
    -0.028452958911657333,
    -0.026215294376015663,
    0.012031609192490578,
    0.039486661553382874,
    -0.10174381732940674,
    -0.03792489692568779,
    -0.004261307884007692,
    -0.008612776175141335,
    0.03767167031764984,
    -0.03696737438440323,
    -0.023749923333525658,
    -0.026801301166415215,
    -0.028086556121706963,
    -0.003000498516485095,
    -0.05553948134183884,
    0.06328641623258591,
    -0.046536073088645935,
    0.09398853778839111,
    -0.049311790615320206,
    0.10055921226739883,
    -0.054529279470443726,
    -0.031064454466104507,
    -0.06994450092315674,
    -0.018443986773490906,
    -0.015192301943898201,
    -0.0068026199005544186,
    -0.02043912559747696,
    0.025174574926495552,
    0.026283401995897293,
    -0.011941829696297646,
    -0.08012310415506363,
    -0.006751237902790308,
    -0.019995927810668945,
    0.0389675498008728,
    0.0625760555267334,
    0.033311836421489716,
    0.018163643777370453,
    -0.044435009360313416,
    -0.17067359387874603,
    0.026768779382109642,
    0.030797204002738,
    -0.003015591762959957,
    0.050259027630090714,
    0.0385473296046257,
    0.025126146152615547,
    -0.05524616315960884,
    -0.020215339958667755,
    -0.052208296954631805,
    -0.10401792824268341,
    -0.058387160301208496,
    0.022209761664271355,
    -0.04557880386710167,
    1.9826419632162448e-32,
    -0.011259900406002998,
    0.010479079559445381,
    -0.05111721158027649,
    0.02843649499118328,
    0.0026636847760528326,
    0.01719984970986843,
    -0.01338447630405426,
    -0.04558438062667847,
    -0.059258539229631424,
    -0.006281891372054815,
    0.013733022846281528,
    0.009854014962911606,
    0.006517408881336451,
    -0.013181495480239391,
    -0.04088747128844261,
    0.03672626614570618,
    0.02415691502392292,
    0.11346480995416641,
    -0.004918402526527643,
    0.052102815359830856,
    0.051332730799913406,
    -0.024018092080950737,
    -0.018651803955435753,
    0.01746954396367073,
    -0.021713607013225555,
    0.014377200044691563,
    0.0026868979912251234,
    -0.028605308383703232,
    0.04225686192512512,
    -0.02142450027167797,
    0.00037125780363567173,
    -0.011860431171953678,
    0.011410241015255451,
    -0.06432858854532242,
    0.08811721205711365,
    0.13017384707927704,
    0.013277031481266022,
    -0.049971386790275574,
    0.09047802537679672,
    -0.07828176021575928,
    -0.028960831463336945,
    -0.0001746420020936057,
    0.01359801460057497,
    0.04348552227020264,
    0.06277095526456833,
    0.0030611841939389706,
    -0.023725993931293488,
    -0.011896319687366486,
    0.0002567500632721931,
    0.018039224669337273,
    -0.03659261018037796,
    0.008905267342925072,
    0.028282547369599342,
    -0.005770407151430845,
    0.01459082867950201,
    -0.013958387076854706,
    -0.06751798838376999,
    0.02803688496351242,
    -0.057637110352516174,
    0.10083924978971481,
    -0.007476074155420065,
    0.02180638164281845,
    0.011425516568124294,
    -0.0007814704440534115,
    0.0001693500962574035,
    -0.08320403844118118,
    -0.03391969949007034,
    -0.08102867007255554,
    0.03383617475628853,
    -0.028772249817848206,
    -0.06806424260139465,
    0.07392318546772003,
    -0.029351089149713516,
    0.02474556863307953,
    -0.038758717477321625,
    -0.03456844016909599,
    0.018462233245372772,
    -0.04627828299999237,
    0.0713069960474968,
    0.013066443614661694,
    -0.057774659246206284,
    0.019788099452853203,
    0.009517197497189045,
    0.08138899505138397,
    -0.05427870154380798,
    -0.011502731591463089,
    0.047793783247470856,
    0.07541191577911377,
    -0.0820910707116127,
    -0.05366457998752594,
    -0.011772223748266697,
    0.03443232551217079,
    0.01757746748626232,
    0.04766666144132614,
    0.024325517937541008,
    -2.033711462224513e-32,
    -0.013622814789414406,
    -0.06021088734269142,
    -0.041103679686784744,
    0.05208209156990051,
    0.06545241177082062,
    -0.0028793849050998688,
    -0.013903203420341015,
    -0.090325728058815,
    0.07618258893489838,
    0.051409948617219925,
    0.054011572152376175,
    -0.02197626233100891,
    -0.019429925829172134,
    -0.052333056926727295,
    -0.06499408930540085,
    0.024773329496383667,
    -0.09018444269895554,
    -0.04197479411959648,
    -0.011721507646143436,
    0.1227814331650734,
    0.01002321857959032,
    0.004753454588353634,
    -0.07837069034576416,
    0.13737545907497406,
    0.040243372321128845,
    0.05889090523123741,
    -0.056492604315280914,
    0.0007349542574957013,
    0.0650467723608017,
    -0.08559217303991318,
    -0.07182316482067108,
    -0.06201488897204399,
    -0.036363597959280014,
    -0.045985039323568344,
    -0.10010597109794617,
    -0.15933188796043396,
    0.03463262692093849,
    0.010940726846456528,
    -0.030567467212677002,
    0.03960627317428589,
    0.09003224223852158,
    -0.02424580790102482,
    -0.030994506552815437,
    -0.003676081309095025,
    0.006801196373999119,
    -0.07394386827945709,
    0.07634290307760239,
    -0.03358083590865135,
    0.010071482509374619,
    -0.008932546712458134,
    0.03806371986865997,
    -0.07120880484580994,
    -0.00800400972366333,
    0.028304217383265495,
    -0.0525333434343338,
    0.04761170223355293,
    -0.049776699393987656,
    -0.0004948012647219002,
    -0.014613727107644081,
    -0.026405420154333115,
    0.10209321975708008,
    0.03846868500113487,
    -0.08385128527879715,
    0.04194838926196098,
    0.006529823411256075,
    -0.03332081437110901,
    0.013875292614102364,
    -0.0016048818361014128,
    -0.038160182535648346,
    -0.10616372525691986,
    -0.0982234925031662,
    -0.08544263988733292,
    -0.012645703740417957,
    -0.10218530148267746,
    0.09081416577100754,
    -0.05138258635997772,
    0.013159145601093769,
    -0.06316889077425003,
    -0.06508050858974457,
    0.011045197024941444,
    0.05712650716304779,
    -0.021300652995705605,
    -0.04610912874341011,
    0.0999828353524208,
    -0.008211187086999416,
    0.031040729954838753,
    0.08281809091567993,
    -0.08560378104448318,
    0.005763981956988573,
    0.05675039812922478,
    -0.07210442423820496,
    0.013052722439169884,
    -0.060576457530260086,
    0.04963969439268112,
    -0.0934295654296875,
    -5.822347759476543e-08,
    -0.03295249119400978,
    0.018444957211613655,
    0.018424443900585175,
    -0.02660134807229042,
    0.008866064250469208,
    -0.05185425281524658,
    -0.04038684442639351,
    0.0007858457393012941,
    -0.05147076025605202,
    -0.007173454388976097,
    0.024197012186050415,
    0.0718575194478035,
    -0.04161149263381958,
    -0.03788003697991371,
    0.0829760730266571,
    -0.01416846551001072,
    -0.08223623782396317,
    -0.025515271350741386,
    -0.05779673531651497,
    0.00607721321284771,
    -0.08437733352184296,
    -0.0586848258972168,
    -0.04102274775505066,
    0.016721853986382484,
    0.05836785212159157,
    0.06034243851900101,
    0.012924915179610252,
    0.06058778986334801,
    0.04610214754939079,
    0.07898151874542236,
    -0.009503710083663464,
    0.014577606692910194,
    0.05168011039495468,
    -0.01201192568987608,
    -0.06457437574863434,
    -0.012840848416090012,
    0.006164045538753271,
    -0.013649467378854752,
    0.03169020265340805,
    -0.027612751349806786,
    0.012063372880220413,
    0.03688385710120201,
    0.05219066143035889,
    0.1100778579711914,
    0.019696135073900223,
    -0.02824636921286583,
    0.012483539059758186,
    -0.004862362984567881,
    0.02502884715795517,
    -0.10608041286468506,
    -0.01959337294101715,
    -0.024510707706212997,
    0.11272437125444412,
    0.04104650765657425,
    -0.02045389823615551,
    0.11404453217983246,
    0.040376465767621994,
    0.05329661816358566,
    -0.0315573588013649,
    -0.018787851557135582,
    0.11276412010192871,
    0.05948685482144356,
    0.05095779150724411,
    0.012424730695784092
]