[
    -0.030867168679833412,
    0.03870358318090439,
    -0.05637228488922119,
    -0.03359948471188545,
    -0.02047773078083992,
    0.07062581181526184,
    -0.03509340435266495,
    -0.0471515990793705,
    0.017298534512519836,
    0.01762298494577408,
    0.034852396696805954,
    -0.029155109077692032,
    -0.009488035924732685,
    -0.023939309641718864,
    0.09565829485654831,
    -0.010942394845187664,
    0.05220157280564308,
    0.022448770701885223,
    -0.08072670549154282,
    0.08272771537303925,
    0.06169642508029938,
    0.08821187913417816,
    -0.04226767644286156,
    0.013993588276207447,
    -0.12115687131881714,
    -0.019275102764368057,
    -0.04579203948378563,
    -0.09139619022607803,
    0.0013633879134431481,
    -0.019652454182505608,
    0.03209436312317848,
    -0.0023412362206727266,
    0.027686025947332382,
    0.0804930329322815,
    0.014216955751180649,
    -0.028548041358590126,
    -0.02372751384973526,
    0.053452517837285995,
    -0.033312927931547165,
    0.034506864845752716,
    -0.09244076162576675,
    -0.05946069210767746,
    -0.06665466725826263,
    0.035511236637830734,
    0.012308930978178978,
    -0.03654603660106659,
    -0.07974670827388763,
    -0.028539448976516724,
    -0.00959748774766922,
    0.039476580917835236,
    -0.07381834089756012,
    -0.041443996131420135,
    -0.05408010631799698,
    0.07765977084636688,
    -0.0558982752263546,
    -0.043338943272829056,
    -0.028409333899617195,
    0.04405082389712334,
    -0.11875835061073303,
    0.028767971321940422,
    0.009961763396859169,
    -0.001623131218366325,
    0.00879776943475008,
    0.0630057156085968,
    -0.03215518221259117,
    0.04413769394159317,
    -0.03672721982002258,
    -0.022088976576924324,
    0.05599011480808258,
    0.0038559844251722097,
    -0.10923819243907928,
    -0.03428233414888382,
    0.016973191872239113,
    0.02526847831904888,
    -0.01837766543030739,
    0.02144249901175499,
    -0.034516315907239914,
    -0.00543963722884655,
    0.08656174689531326,
    -0.16350232064723969,
    -0.05459950864315033,
    0.026852617040276527,
    0.04306699335575104,
    0.06341414153575897,
    -0.02501087263226509,
    -0.017618320882320404,
    -0.016373958438634872,
    -0.024034390226006508,
    -0.049919940531253815,
    0.0006490047671832144,
    0.024961436167359352,
    -0.07795996963977814,
    0.09245474636554718,
    -0.06463856995105743,
    0.06322479993104935,
    -0.038230471312999725,
    -0.029983049258589745,
    -0.010905361734330654,
    0.019600411877036095,
    -0.001656481996178627,
    -0.015725664794445038,
    -0.0013568411814048886,
    -0.047872886061668396,
    0.04834023490548134,
    -0.055329516530036926,
    -0.05268073454499245,
    -0.0012295037740841508,
    -0.04991321638226509,
    -0.007965799421072006,
    0.05400752276182175,
    0.04237173870205879,
    0.0580889992415905,
    -0.028376828879117966,
    -0.13311541080474854,
    0.08225583285093307,
    -0.031139671802520752,
    -0.03760690614581108,
    0.08291791379451752,
    0.05323847010731697,
    0.035217683762311935,
    -0.02695893682539463,
    -0.02956766076385975,
    -0.005598186049610376,
    -0.06973765045404434,
    -0.061006851494312286,
    0.023651348426938057,
    -0.05562548339366913,
    2.0941656673193647e-32,
    -0.013953411020338535,
    -0.0105805154889822,
    -0.05196191743016243,
    0.010995551012456417,
    0.016439909115433693,
    -0.01637948676943779,
    0.008394664153456688,
    -0.0396166555583477,
    -0.04927593097090721,
    0.06490173190832138,
    0.040820445865392685,
    0.062105756253004074,
    0.016827162355184555,
    -0.011454110033810139,
    -0.06469590961933136,
    0.012217461131513119,
    0.022568508982658386,
    0.10403518378734589,
    0.034893058240413666,
    0.04585889354348183,
    0.04536759853363037,
    -0.037832461297512054,
    0.02335307002067566,
    0.017510008066892624,
    0.0013393111294135451,
    0.01585756242275238,
    -0.01316358894109726,
    -0.03704230487346649,
    0.02467218041419983,
    0.01415266189724207,
    -0.009398112073540688,
    0.006816833280026913,
    0.02463267184793949,
    -0.05654728785157204,
    0.021807050332427025,
    0.09646371006965637,
    0.06073730066418648,
    -0.07462120056152344,
    0.09718703478574753,
    -0.06759102642536163,
    0.02019428461790085,
    0.012141638435423374,
    0.05514698848128319,
    -0.009623517282307148,
    -0.001851054490543902,
    0.007729383185505867,
    -0.0025271030608564615,
    -0.03194838762283325,
    0.04263240471482277,
    0.02191346324980259,
    -0.024168945848941803,
    -0.000676822557579726,
    0.004992907401174307,
    -0.040877629071474075,
    0.02385290525853634,
    -0.025321461260318756,
    -0.059933826327323914,
    0.023362962529063225,
    -0.04690152406692505,
    0.0722149908542633,
    -0.0035287889186292887,
    0.06992848217487335,
    0.010101576335728168,
    -0.03386716917157173,
    -0.002306642709299922,
    -0.06511621177196503,
    -0.03218315541744232,
    -0.10229528695344925,
    0.06787090003490448,
    -0.03114035725593567,
    -0.1070072129368782,
    0.09723148494958878,
    -0.011639770120382309,
    0.00936489924788475,
    -0.030445221811532974,
    -0.052690520882606506,
    0.03456096723675728,
    -0.03239833563566208,
    0.012182616628706455,
    0.00748704606667161,
    -0.06371443718671799,
    -0.016905099153518677,
    -0.0044379038736224174,
    0.07717038691043854,
    -0.017028944566845894,
    -0.0361962728202343,
    0.027145111933350563,
    0.03843197599053383,
    -0.08681144565343857,
    -0.08096972852945328,
    -0.04216235876083374,
    -0.010667542926967144,
    0.0708780586719513,
    0.03493087738752365,
    -0.014914289116859436,
    -2.115631957406906e-32,
    -0.0006658151978626847,
    -0.059247907251119614,
    -0.04996670410037041,
    -0.033880382776260376,
    0.04808464273810387,
    0.0031302061397582293,
    -0.05785961076617241,
    -0.09332549571990967,
    0.04055101424455643,
    0.028554653748869896,
    0.042299143970012665,
    -0.041940465569496155,
    0.004726354964077473,
    -0.015539593994617462,
    -0.04822121560573578,
    -0.016820767894387245,
    -0.0909813791513443,
    -0.025634292513132095,
    -0.029824988916516304,
    0.07389133423566818,
    -0.028819113969802856,
    0.01585104875266552,
    -0.020230114459991455,
    0.14262168109416962,
    0.06881044805049896,
    0.06150549277663231,
    -0.045443158596754074,
    -0.04456927627325058,
    0.10114041715860367,
    -0.02224346436560154,
    -0.04111864045262337,
    -0.05529195815324783,
    -0.04746782034635544,
    -0.015957247465848923,
    -0.09252381324768066,
    -0.15926498174667358,
    0.050415005534887314,
    -0.05314374715089798,
    -0.06425245106220245,
    -0.009612425230443478,
    0.09292737394571304,
    0.019624879583716393,
    -0.010240611620247364,
    0.025988148525357246,
    -0.04385753720998764,
    -0.06912121921777725,
    0.043674446642398834,
    0.006601231638342142,
    -0.0033578332513570786,
    -0.0055534495040774345,
    0.05890777334570885,
    -0.055617641657590866,
    -0.01591537334024906,
    0.013963283970952034,
    -0.05201755091547966,
    0.01512133702635765,
    -0.014306975528597832,
    -0.03195677697658539,
    -0.01751747727394104,
    -0.03551192209124565,
    0.1019541323184967,
    0.09000468254089355,
    -0.07510817795991898,
    0.07645449787378311,
    0.05147169530391693,
    -0.052853409200906754,
    -0.030984610319137573,
    -0.0065255481749773026,
    -0.05521990731358528,
    -0.0563383586704731,
    -0.044369421899318695,
    -0.0850030779838562,
    -0.04690193384885788,
    -0.0806461051106453,
    0.11227268725633621,
    -0.038943465799093246,
    -0.015013481490314007,
    -0.11005934327840805,
    -0.06279897689819336,
    0.016355425119400024,
    0.02930726483464241,
    -0.01826949417591095,
    -0.04598134756088257,
    0.09628209471702576,
    0.02967998944222927,
    0.01732008345425129,
    0.07692253589630127,
    -0.015135515481233597,
    0.004138227552175522,
    0.0839957594871521,
    -0.03649403154850006,
    -0.004892799071967602,
    -0.07138165831565857,
    0.05632114037871361,
    -0.07121331989765167,
    -5.995893559429533e-08,
    -0.020344160497188568,
    0.0017080780817195773,
    0.028058907017111778,
    -0.03955184295773506,
    -0.021519513800740242,
    -0.024671897292137146,
    -0.02988133393228054,
    -0.011561007238924503,
    -0.036159761250019073,
    -0.03613103926181793,
    0.08220546692609787,
    0.04365919530391693,
    -0.038988810032606125,
    -0.04693910852074623,
    0.04063230752944946,
    -0.0419309027493,
    -0.05692720785737038,
    0.011327349580824375,
    -0.039598263800144196,
    0.008125225082039833,
    -0.0815449059009552,
    -0.04134976491332054,
    -0.037376295775175095,
    0.007042780052870512,
    0.03801026567816734,
    0.02046656794846058,
    -0.023581715300679207,
    0.039750151336193085,
    0.04374391585588455,
    0.09312138706445694,
    0.016945989802479744,
    0.014065994881093502,
    0.03437375649809837,
    -0.013609113171696663,
    -0.05007162317633629,
    -0.05013400688767433,
    0.02897373028099537,
    -0.010257373563945293,
    0.022864045575261116,
    -0.0034904966596513987,
    5.0652961363084614e-05,
    0.033291395753622055,
    0.05585014447569847,
    0.10919048637151718,
    0.013268855400383472,
    -0.06213720515370369,
    -0.008755532093346119,
    0.012325363233685493,
    0.02905275486409664,
    -0.09453818947076797,
    -0.050426822155714035,
    -0.005365870427340269,
    0.07851337641477585,
    0.012770846486091614,
    -0.05076630786061287,
    0.12619085609912872,
    0.06661680340766907,
    0.07213103026151657,
    -0.04130896180868149,
    -0.01156463660299778,
    0.12897427380084991,
    0.057381995022296906,
    0.06544740498065948,
    -0.05577554553747177
]