[
    0.004961797967553139,
    -0.00784970447421074,
    -9.403722651768476e-05,
    -0.0787220373749733,
    -0.04809069260954857,
    0.028130315244197845,
    -0.008966987952589989,
    0.016716118901968002,
    -0.007738166954368353,
    -0.029132865369319916,
    -0.004229462705552578,
    0.028454147279262543,
    -0.02406100369989872,
    -0.011548290960490704,
    0.09557685256004333,
    -0.026145366951823235,
    0.0344834178686142,
    0.028878534212708473,
    -0.0796641856431961,
    0.08695372194051743,
    -0.027809204533696175,
    0.07217293977737427,
    -0.046083398163318634,
    0.02628866583108902,
    -0.10845989733934402,
    -0.020681366324424744,
    -0.05217088386416435,
    -0.08026023954153061,
    0.09670078754425049,
    -0.032718028873205185,
    0.04320470243692398,
    0.108863465487957,
    -0.03209325298666954,
    0.08922307193279266,
    -0.045693449676036835,
    0.05573223903775215,
    -0.027916623279452324,
    0.017779788002371788,
    -0.03197989612817764,
    0.026767920702695847,
    0.00854631420224905,
    0.024168027564883232,
    -0.04746155068278313,
    0.005310798529535532,
    0.057478465139865875,
    0.006521333009004593,
    -0.057285573333501816,
    -0.010873069986701012,
    -0.028935596346855164,
    0.003142731264233589,
    -0.10789310187101364,
    -0.026567678898572922,
    -0.06060238555073738,
    0.07632709294557571,
    0.016087818890810013,
    -0.014988859184086323,
    0.025113964453339577,
    -0.020473768934607506,
    -0.05100742354989052,
    -0.017474420368671417,
    0.02230490744113922,
    0.002909649396315217,
    -0.026797525584697723,
    -0.002227733377367258,
    -0.06066875159740448,
    0.01523674838244915,
    -0.005422440357506275,
    -0.019590476527810097,
    0.012071250006556511,
    -0.02179889939725399,
    -0.12802831828594208,
    -0.010490782558918,
    0.07003028690814972,
    0.03672020882368088,
    -0.020278340205550194,
    -0.02647935040295124,
    -0.011555633507668972,
    -0.01507126446813345,
    0.06655577570199966,
    -0.12634681165218353,
    -0.05615277215838432,
    0.047592323273420334,
    0.0577215775847435,
    0.011934555135667324,
    -0.04196649417281151,
    -0.03641366958618164,
    -0.031981658190488815,
    -0.035304952412843704,
    0.002403733553364873,
    -0.0511191189289093,
    0.01919664442539215,
    -0.014011460356414318,
    0.08529523760080338,
    -0.09448501467704773,
    0.05042232945561409,
    0.016882725059986115,
    -0.015324985608458519,
    -0.08663598448038101,
    0.017861561849713326,
    -0.037560202181339264,
    0.03109530732035637,
    -0.0250155758112669,
    0.009492745622992516,
    0.01306064147502184,
    -0.05575592815876007,
    -0.023502297699451447,
    -0.042632073163986206,
    0.01393264252692461,
    0.02041846327483654,
    0.029542382806539536,
    -0.0033358444925397635,
    -0.0327896811068058,
    -0.036035530269145966,
    -0.1218690276145935,
    -0.009510972537100315,
    0.046933408826589584,
    0.02722240798175335,
    0.0320054367184639,
    0.043540116399526596,
    0.009207788854837418,
    -0.050419364124536514,
    -0.020982759073376656,
    -0.01978590525686741,
    -0.11483114212751389,
    -0.04151279106736183,
    0.03352540358901024,
    0.032444972544908524,
    1.9580034546862158e-32,
    -0.07727696001529694,
    -0.008966073393821716,
    -0.04301457479596138,
    0.03283039852976799,
    0.03162016719579697,
    -0.03353280574083328,
    0.0320047028362751,
    -0.0006000698776915669,
    -0.0574195422232151,
    0.0022928884718567133,
    0.00943337008357048,
    0.006962919607758522,
    0.006894981022924185,
    0.02761758863925934,
    -0.11031657457351685,
    -0.022786958143115044,
    -0.03381113335490227,
    0.06532103568315506,
    -0.08642911165952682,
    0.054090455174446106,
    0.022116804495453835,
    0.056219328194856644,
    -0.008331707678735256,
    0.008646130561828613,
    -0.030931301414966583,
    -0.03192124143242836,
    0.023997440934181213,
    -0.022260192781686783,
    0.03961888328194618,
    -0.029048027470707893,
    0.04259331896901131,
    0.06939397007226944,
    -0.00893643032759428,
    -0.032330721616744995,
    0.004869689699262381,
    0.1280575841665268,
    0.01609332673251629,
    -0.05567687377333641,
    0.06451879441738129,
    -0.07754248380661011,
    -0.058945052325725555,
    -0.014835805632174015,
    0.011197823099792004,
    0.07257108390331268,
    0.0608493871986866,
    -0.004563755821436644,
    -0.022240089252591133,
    -0.031463623046875,
    -0.0155161302536726,
    0.025794262066483498,
    -0.03209198638796806,
    -0.03274470567703247,
    0.06159557029604912,
    0.004963440354913473,
    0.06331030279397964,
    0.039931681007146835,
    -0.07844486087560654,
    0.08972819149494171,
    -0.03600667044520378,
    0.11223777383565903,
    0.06093538552522659,
    -0.04035450890660286,
    -0.022261492908000946,
    0.024668842554092407,
    0.03483941778540611,
    -0.07545863837003708,
    -0.03485455736517906,
    -0.04098670184612274,
    0.035822998732328415,
    -0.002432166365906596,
    -0.07811155170202255,
    0.10057316720485687,
    0.008243284188210964,
    0.05082149803638458,
    -0.015857674181461334,
    -0.09019320458173752,
    -0.004176222253590822,
    -0.02482467144727707,
    0.0004621239204425365,
    0.03823193162679672,
    -0.08204956352710724,
    0.044263582676649094,
    0.010022618807852268,
    0.05337543040513992,
    -0.03799379616975784,
    -0.03983776271343231,
    0.010017788968980312,
    0.07255807518959045,
    -0.02335045486688614,
    -0.07867250591516495,
    -0.04117720201611519,
    0.036779966205358505,
    0.06265541166067123,
    0.057447612285614014,
    0.02539440430700779,
    -2.0525302451604147e-32,
    0.009728399105370045,
    -0.02399620972573757,
    -0.02362951450049877,
    0.05449189245700836,
    0.09175141900777817,
    -0.0051496573723852634,
    -0.044656652957201004,
    -0.1335742026567459,
    0.12001139670610428,
    0.03934243321418762,
    -0.0016463916981592774,
    -0.04683351144194603,
    -0.012978222221136093,
    -0.029166610911488533,
    -0.09086988866329193,
    -0.004360698163509369,
    -0.08852028846740723,
    -0.05873933807015419,
    0.019108809530735016,
    0.11299772560596466,
    0.009574909694492817,
    -0.03392060101032257,
    -0.04651812091469765,
    0.0929180234670639,
    0.0326145701110363,
    0.035782571882009506,
    -0.0020151594653725624,
    -0.04871830344200134,
    0.11717803031206131,
    -0.048587966710329056,
    -0.055856578052043915,
    -0.057353582233190536,
    -0.017272843047976494,
    -0.00724171893671155,
    -0.08264414221048355,
    -0.13716678321361542,
    0.03662882745265961,
    -0.05053793638944626,
    -0.02296084351837635,
    0.017833001911640167,
    0.09022654592990875,
    -0.02378206141293049,
    -0.007396407425403595,
    -0.0026051506865769625,
    0.01834217645227909,
    -0.04624876379966736,
    0.03935384377837181,
    -0.0017366870306432247,
    -0.028209874406456947,
    -0.036165423691272736,
    0.03148183971643448,
    -0.03947076201438904,
    -0.0317215733230114,
    0.031192637979984283,
    -0.052874017506837845,
    0.004070659633725882,
    0.04423893243074417,
    -0.06910670548677444,
    -0.05884389579296112,
    -0.048647601157426834,
    0.12604188919067383,
    0.015520239248871803,
    -0.06754840165376663,
    0.043448034673929214,
    0.02535289153456688,
    -0.050177350640296936,
    -0.018434125930070877,
    -0.052208688110113144,
    0.011896525509655476,
    -0.07955323159694672,
    -0.12158481031656265,
    -0.10285169631242752,
    -0.037031710147857666,
    -0.11965335160493851,
    0.09763427823781967,
    -0.06886811554431915,
    0.025291230529546738,
    -0.08422695100307465,
    -0.07191824913024902,
    -0.01416314858943224,
    0.06421046704053879,
    -0.04676562175154686,
    -0.028030430898070335,
    0.06970809400081635,
    -0.028110573068261147,
    0.02942686714231968,
    0.06755056232213974,
    -0.05706052482128143,
    0.015469828620553017,
    0.06136622279882431,
    -0.0713963434100151,
    -0.008015378378331661,
    -0.01555665023624897,
    0.06518464535474777,
    -0.07693709433078766,
    -5.8311890427376056e-08,
    -0.01189376786351204,
    0.06533953547477722,
    -0.013786976225674152,
    -0.05315695330500603,
    -0.051469769328832626,
    -0.031024448573589325,
    -0.046981800347566605,
    0.016289008781313896,
    -0.026567095890641212,
    0.06316187977790833,
    0.0008465062128379941,
    0.04479522630572319,
    0.012381243519484997,
    -0.049988631159067154,
    0.06373398751020432,
    -0.02523244358599186,
    -0.06463261693716049,
    0.01026176754385233,
    -0.05260377749800682,
    0.07174704223871231,
    -0.08315292000770569,
    -0.026699047535657883,
    -0.03713694214820862,
    0.02213086374104023,
    0.010431589558720589,
    0.0881047397851944,
    0.02713741734623909,
    0.06988184154033661,
    0.04574473202228546,
    0.0035570731852203608,
    -0.023538002744317055,
    0.051254622638225555,
    0.0338839590549469,
    -0.041844505816698074,
    -0.07160063832998276,
    -0.05625966936349869,
    0.022052327170968056,
    0.015917019918560982,
    0.07563374936580658,
    -0.041221048682928085,
    -0.01534738764166832,
    0.07272789627313614,
    -0.03552298992872238,
    0.05987992510199547,
    -0.0017921335529536009,
    -0.01849859394133091,
    0.011576206423342228,
    0.01576668955385685,
    0.04782121628522873,
    -0.06772053241729736,
    -0.015961622819304466,
    0.008726363070309162,
    0.08664137870073318,
    -0.029078006744384766,
    -0.022082148119807243,
    0.11390583217144012,
    0.03227612003684044,
    0.0006389716290868819,
    -0.015308755449950695,
    0.005374446511268616,
    0.06127738580107689,
    0.03315113112330437,
    0.07673505693674088,
    0.0008928794413805008
]