[
    -0.07138708233833313,
    0.05859208106994629,
    -0.02758612297475338,
    -0.0415564589202404,
    -0.024669814854860306,
    0.09153648465871811,
    -0.01673927716910839,
    -0.018848633393645287,
    0.024109140038490295,
    0.03540101274847984,
    0.0005689964746125042,
    -0.012328474782407284,
    0.01769646815955639,
    -0.06411251425743103,
    0.07618459314107895,
    0.009265774860978127,
    0.032672442495822906,
    0.03337724134325981,
    -0.08980759233236313,
    0.1439879834651947,
    -0.016532903537154198,
    0.0635685995221138,
    -0.05804712325334549,
    0.00965949334204197,
    -0.11045181751251221,
    0.012450214475393295,
    -0.010824381373822689,
    -0.08846068382263184,
    0.04026570916175842,
    -0.05237031728029251,
    0.032004326581954956,
    -0.02080105058848858,
    0.054048921912908554,
    0.07870776206254959,
    -0.01107806246727705,
    -0.01094296295195818,
    -0.048398252576589584,
    0.042140211910009384,
    -0.03274507820606232,
    0.011159390211105347,
    -0.05708862096071243,
    -0.02114637941122055,
    -0.030106691643595695,
    -0.0027536919806152582,
    -0.002880915068089962,
    -0.0110744284465909,
    -0.02482236921787262,
    -0.006187263876199722,
    0.013177275657653809,
    -0.0008529613842256367,
    -0.09311594069004059,
    -0.03555953502655029,
    -0.011374437250196934,
    0.10580997169017792,
    -0.0222804956138134,
    -0.02567417360842228,
    -0.031195862218737602,
    -0.01882443018257618,
    -0.11137253046035767,
    -0.005217383150011301,
    -0.028957387432456017,
    0.008516198955476284,
    -0.00043201138032600284,
    0.03845556825399399,
    -0.023599637672305107,
    0.08075660467147827,
    -0.0279687587171793,
    -0.0173907820135355,
    0.01150537934154272,
    0.020339272916316986,
    -0.0753459483385086,
    0.02108107879757881,
    -0.0024081177543848753,
    0.05829261988401413,
    0.0034359644632786512,
    -0.02360866777598858,
    -0.009089034050703049,
    0.004266211297363043,
    0.09242451936006546,
    -0.09193863719701767,
    -0.07202626019716263,
    0.003761638654395938,
    0.006925126072019339,
    0.01804569736123085,
    -0.020822560414671898,
    0.008563380688428879,
    -0.00972108356654644,
    6.882169691380113e-05,
    -0.0020913940388709307,
    -0.037543680518865585,
    0.05516408011317253,
    -0.05549703910946846,
    0.1492091715335846,
    -0.04503254219889641,
    0.06581856310367584,
    -0.021833935752511024,
    -0.026094980537891388,
    -0.0828510969877243,
    0.005894321948289871,
    -0.005392096936702728,
    -0.01480256300419569,
    -0.024062762036919594,
    -0.01315983384847641,
    0.02928171493113041,
    -0.02288815751671791,
    -0.07351858913898468,
    0.006593223195523024,
    -0.06460193544626236,
    -0.0025981373619288206,
    0.07114201039075851,
    0.04584241285920143,
    -0.012517981231212616,
    -0.06655671447515488,
    -0.0901687815785408,
    0.019376467913389206,
    -0.035991862416267395,
    -0.02655107155442238,
    0.0658160150051117,
    0.03460722044110298,
    -0.055486049503088,
    -0.057236939668655396,
    -0.009881154634058475,
    -0.02005252242088318,
    -0.04936075210571289,
    -0.01020253635942936,
    0.05326492339372635,
    -0.07345476001501083,
    2.1010969697589883e-32,
    -0.01942405477166176,
    -0.01168900914490223,
    -0.039385732263326645,
    -0.008802592754364014,
    0.010120564140379429,
    -0.023008543998003006,
    -0.0025745751336216927,
    -0.042243555188179016,
    -0.02018572762608528,
    0.04022369161248207,
    0.016025202348828316,
    -0.0005702329217456281,
    0.04742303863167763,
    -0.010599393397569656,
    -0.07935300469398499,
    0.01887238770723343,
    -0.06168626993894577,
    0.08004039525985718,
    -0.04939752444624901,
    0.051780816167593,
    0.019204381853342056,
    -0.0033978268038481474,
    -0.01275608129799366,
    0.022489100694656372,
    -0.06320437043905258,
    -0.00411221431568265,
    0.016701113432645798,
    -0.00907735526561737,
    0.02519482932984829,
    0.008666039444506168,
    -0.00015194590378087014,
    0.022979365661740303,
    0.024026593193411827,
    -0.0509268119931221,
    0.06430060416460037,
    0.12478481978178024,
    0.006663884036242962,
    -0.011055687442421913,
    0.08099345862865448,
    -0.06922738999128342,
    -0.016097495332360268,
    -0.025116076692938805,
    0.06874009221792221,
    0.0497455820441246,
    0.055778127163648605,
    0.0038542088586837053,
    -0.05972137302160263,
    -0.05277634784579277,
    -0.06152206286787987,
    0.046132877469062805,
    -0.03940786048769951,
    0.017044102773070335,
    -0.01817328669130802,
    -0.02706941030919552,
    -0.03683697432279587,
    -0.028798598796129227,
    -0.06562363356351852,
    0.050791092216968536,
    -0.06500104069709778,
    0.05561642348766327,
    -0.016965577378869057,
    0.04087293893098831,
    0.02954147569835186,
    -0.05330610275268555,
    -0.0263440553098917,
    -0.049740757793188095,
    -0.02568967640399933,
    -0.09688916057348251,
    0.07000266015529633,
    -0.032015111297369,
    -0.020713170990347862,
    0.08627896010875702,
    0.0017022226238623261,
    0.01022755540907383,
    -0.025566821917891502,
    -0.013506424613296986,
    0.024373235180974007,
    0.015380932949483395,
    0.02819635532796383,
    -0.023340582847595215,
    -0.046008314937353134,
    0.0009802611311897635,
    -0.008704875595867634,
    0.10069122165441513,
    -0.014585202559828758,
    -0.042615193873643875,
    0.022224118933081627,
    0.049541257321834564,
    -0.10866668075323105,
    -0.04397162050008774,
    0.013048992492258549,
    0.011899091303348541,
    0.07519323378801346,
    0.055008307099342346,
    -0.05956947058439255,
    -2.1663573304439708e-32,
    -0.02213478833436966,
    -0.05817992240190506,
    -0.022971875965595245,
    0.004404017701745033,
    0.060884736478328705,
    -0.04293157532811165,
    -0.004619316663593054,
    -0.11040960252285004,
    0.05706522986292839,
    0.008723372593522072,
    -0.023923084139823914,
    -0.02805495634675026,
    0.024478431791067123,
    -0.0025916702579706907,
    -0.04239528253674507,
    0.0035543623380362988,
    -0.0995352491736412,
    -0.04908319190144539,
    -0.024573935195803642,
    0.052822984755039215,
    -0.007131596561521292,
    -0.0017480559181421995,
    -0.03256048262119293,
    0.1824972778558731,
    0.038437504321336746,
    0.052325181663036346,
    -0.005827971268445253,
    -0.024795766919851303,
    0.14079546928405762,
    -0.07028927654027939,
    -0.06192529946565628,
    -0.05496401712298393,
    -0.042285241186618805,
    -0.021141299977898598,
    -0.09192957729101181,
    -0.13302968442440033,
    0.05963914468884468,
    -0.05103863775730133,
    -0.03118414618074894,
    -0.06855473667383194,
    0.09325678646564484,
    0.036194100975990295,
    -0.003106585005298257,
    -0.015499643050134182,
    0.007363207172602415,
    -0.056555040180683136,
    0.05182811617851257,
    -0.0484621487557888,
    -0.04143381863832474,
    0.01018107682466507,
    -0.02541065774857998,
    -0.037666380405426025,
    0.02827022597193718,
    0.06800883263349533,
    -0.03692162409424782,
    0.014916947111487389,
    0.040638066828250885,
    -0.06467418372631073,
    -0.03227081149816513,
    0.013188015669584274,
    0.0452091358602047,
    0.09201788157224655,
    -0.0729333758354187,
    0.0812128558754921,
    0.009614013135433197,
    -0.0520581379532814,
    -0.08306490629911423,
    -0.0717494934797287,
    -0.006262564100325108,
    -0.07628729194402695,
    -0.03857310861349106,
    -0.12518726289272308,
    -0.025154124945402145,
    -0.11609388887882233,
    0.08938466012477875,
    -0.06401857733726501,
    -0.009659095667302608,
    -0.07758304476737976,
    -0.07113312929868698,
    0.013276924379169941,
    0.06928552687168121,
    -0.025769313797354698,
    -0.04250694811344147,
    0.03785380721092224,
    0.0033260069321841,
    -0.015147315338253975,
    0.11317939311265945,
    -0.06675916910171509,
    -0.009227026253938675,
    0.11587623506784439,
    -0.05343468859791756,
    0.01116323471069336,
    -0.059171583503484726,
    0.03888438269495964,
    -0.10688342899084091,
    -5.9116658235325303e-08,
    0.027613187208771706,
    0.0347277857363224,
    0.03324475511908531,
    -0.02286948822438717,
    0.0013554919278249145,
    -0.06950919330120087,
    -0.020959096029400826,
    -0.027762560173869133,
    -0.05637519434094429,
    0.005101845134049654,
    0.059459131211042404,
    0.06710988283157349,
    -0.001892971689812839,
    -0.0077420505695044994,
    0.055558204650878906,
    -0.030207669362425804,
    -0.10524746775627136,
    -0.04656798392534256,
    -0.05132659897208214,
    0.027359534054994583,
    -0.05998624861240387,
    -0.03330129757523537,
    -0.06684402376413345,
    0.030975084751844406,
    0.06311587989330292,
    0.06147503852844238,
    -0.035797420889139175,
    0.05128256976604462,
    0.02734825573861599,
    0.050411831587553024,
    -0.01646249368786812,
    0.07094256579875946,
    0.030439037829637527,
    0.0320361964404583,
    -0.05003318190574646,
    -0.05486234277486801,
    0.01409741397947073,
    0.0048502227291464806,
    0.07125628739595413,
    -0.02217223308980465,
    0.03780718147754669,
    0.04609612375497818,
    0.010247536934912205,
    0.10441628843545914,
    0.04061984270811081,
    -0.027209889143705368,
    -0.017293116077780724,
    -0.002213765401393175,
    0.011790364049375057,
    -0.06207970902323723,
    -0.01310164574533701,
    -0.03200332075357437,
    0.09804369509220123,
    0.005507041234523058,
    -0.02670675329864025,
    0.10585091263055801,
    0.036775119602680206,
    0.0410822294652462,
    0.001363459974527359,
    -0.046432286500930786,
    0.1313255876302719,
    0.053902726620435715,
    0.029524872079491615,
    0.013171900995075703
]