[
    -0.040008191019296646,
    0.07146722823381424,
    -0.014488240703940392,
    -0.04143809527158737,
    -0.022228101268410683,
    0.08943990617990494,
    -0.01478522177785635,
    -0.06572328507900238,
    0.0023935940116643906,
    0.0024766072165220976,
    0.005369799677282572,
    -0.03942428156733513,
    -0.023584891110658646,
    -0.049849361181259155,
    0.0919569879770279,
    -0.021076947450637817,
    0.022658592090010643,
    0.02068237215280533,
    -0.067516028881073,
    0.030957426875829697,
    0.038879163563251495,
    0.051820915192365646,
    -0.04970179498195648,
    0.004464754834771156,
    -0.0934782475233078,
    -0.011688641272485256,
    0.0188449677079916,
    -0.018091818317770958,
    0.0414714515209198,
    -0.045520391315221786,
    0.06379090994596481,
    0.007466423790901899,
    0.03877795487642288,
    0.06346872448921204,
    0.004954606760293245,
    0.0015126607613638043,
    -0.0440262071788311,
    0.026357080787420273,
    -0.04389900341629982,
    0.034559354186058044,
    -0.04050193727016449,
    -0.06686047464609146,
    -0.054738279432058334,
    0.004553152248263359,
    0.009929810650646687,
    0.0281267911195755,
    -0.030502917245030403,
    0.008650658652186394,
    -0.020756855607032776,
    0.07035551965236664,
    -0.06541292369365692,
    -0.05997517704963684,
    0.001193309435620904,
    0.07579705119132996,
    -0.055057331919670105,
    -0.04944782704114914,
    -0.05319487676024437,
    -0.06595508009195328,
    -0.10273493081331253,
    -0.019487161189317703,
    0.012853286229074001,
    0.0011568624759092927,
    0.006032838020473719,
    0.06742674857378006,
    -0.049966227263212204,
    0.06000341475009918,
    -0.030521323904395103,
    -0.017122896388173103,
    -0.016923269256949425,
    -0.016691789031028748,
    -0.08849229663610458,
    -0.08741854876279831,
    -0.020341038703918457,
    0.04243442788720131,
    0.020269347354769707,
    0.00641741743311286,
    -0.04210442304611206,
    0.015120556578040123,
    0.11156900227069855,
    -0.1549244523048401,
    -0.038603298366069794,
    -0.014392376877367496,
    -0.006521634757518768,
    0.08924698829650879,
    -0.06264674663543701,
    -0.00141733861528337,
    0.0076236417517066,
    -0.0035785192158073187,
    0.02720668353140354,
    -0.03299554064869881,
    0.05734407529234886,
    -0.0341557152569294,
    0.09067696332931519,
    -0.045534078031778336,
    0.05177568271756172,
    -0.04009673371911049,
    -0.0158810056746006,
    -0.06793107837438583,
    -0.004538100678473711,
    0.016608359292149544,
    -0.010179685428738594,
    0.001596595044247806,
    -0.017947042360901833,
    -0.009535466320812702,
    -0.058909229934215546,
    -0.057888295501470566,
    0.012523670680820942,
    -0.018847113475203514,
    0.03805972635746002,
    0.07552316784858704,
    0.04634417966008186,
    0.04786309972405434,
    -0.04644839093089104,
    -0.14268025755882263,
    0.039891567081213,
    0.0065887924283742905,
    -0.04586746543645859,
    0.08532126992940903,
    0.04169321060180664,
    -0.018613912165164948,
    -0.017192436382174492,
    -0.010917693376541138,
    -0.04298882186412811,
    -0.07739027589559555,
    -0.03621450439095497,
    0.021936016157269478,
    -0.08159621059894562,
    1.911942149359626e-32,
    0.016278764232993126,
    0.016154073178768158,
    -0.026318946853280067,
    0.03217964246869087,
    0.040032804012298584,
    -0.025273216888308525,
    0.018910568207502365,
    -0.026841510087251663,
    -0.046399377286434174,
    0.04876423999667168,
    0.003829613560810685,
    0.010501105338335037,
    0.002059485064819455,
    -0.021998148411512375,
    -0.017359595745801926,
    0.03383077308535576,
    0.002364396583288908,
    0.0960410013794899,
    -0.012573064304888248,
    0.08772382885217667,
    0.04500214010477066,
    -0.045107558369636536,
    -0.008997945114970207,
    0.029691169038414955,
    -0.005778991151601076,
    0.04108080640435219,
    7.213094067992643e-05,
    -0.03883854299783707,
    0.01826191321015358,
    0.022307811304926872,
    0.04339217022061348,
    0.0162399560213089,
    0.018814783543348312,
    -0.07589546591043472,
    0.04714743420481682,
    0.10606926679611206,
    -0.001092154416255653,
    -0.05657326430082321,
    0.05896192044019699,
    -0.07492590695619583,
    -0.00305883027613163,
    -0.04278979077935219,
    0.11040259897708893,
    -0.0026626174803823233,
    0.0551275871694088,
    -0.012364506721496582,
    -0.011409898288547993,
    -0.002235609805211425,
    0.04924383386969566,
    0.05274513363838196,
    -0.02461920492351055,
    -0.00019072933355346322,
    0.04931056499481201,
    -0.039526280015707016,
    0.03623039647936821,
    -0.047396495938301086,
    -0.08815828710794449,
    0.04733696207404137,
    -0.033657073974609375,
    0.03448473662137985,
    -0.0644969791173935,
    0.047441516071558,
    -0.032659512013196945,
    -0.01963464356958866,
    -0.03341064229607582,
    -0.0601193942129612,
    -0.03107503429055214,
    -0.06422868371009827,
    0.07128500938415527,
    -0.011229283176362514,
    -0.009011953137814999,
    0.09065153449773788,
    -0.013811645098030567,
    0.0180276557803154,
    -0.04692576825618744,
    -0.052590809762477875,
    0.004398450721055269,
    0.012897712178528309,
    0.053223077207803726,
    0.002203501993790269,
    -0.0564906969666481,
    0.007577631622552872,
    0.008429448120296001,
    0.045142125338315964,
    -0.0018923812313005328,
    0.016587745398283005,
    0.07218512147665024,
    0.025372829288244247,
    -0.07515109330415726,
    -0.03545411303639412,
    0.018962007015943527,
    0.03735063970088959,
    0.018554434180259705,
    0.06439241766929626,
    -0.007110848091542721,
    -2.0370329684495552e-32,
    -0.02764246240258217,
    -0.051749199628829956,
    -0.06756066530942917,
    -0.03546075150370598,
    0.08431444317102432,
    -0.02455718256533146,
    0.012203636579215527,
    -0.057178396731615067,
    0.05989399552345276,
    0.023805052042007446,
    0.052653808146715164,
    -0.038123488426208496,
    -0.03460483253002167,
    -0.05049189552664757,
    -0.03311007097363472,
    -0.026846319437026978,
    -0.04314984008669853,
    -0.03833630681037903,
    -0.029302000999450684,
    0.08403574675321579,
    0.0006099813617765903,
    0.0014994947705417871,
    -0.00621036859229207,
    0.14994795620441437,
    0.06442321836948395,
    0.038634493947029114,
    -0.04396047815680504,
    0.012290887534618378,
    0.09861735999584198,
    -0.02317202277481556,
    -0.05155852809548378,
    -0.02843964658677578,
    -0.07953929156064987,
    0.0050077615305781364,
    -0.0818295106291771,
    -0.1737784892320633,
    0.03080030158162117,
    -0.020560504868626595,
    -0.02700389176607132,
    -0.039329640567302704,
    0.12230203300714493,
    -0.01062602736055851,
    -0.0033693506848067045,
    0.012210313230752945,
    0.028235552832484245,
    -0.050134073942899704,
    0.09200578182935715,
    -0.04884331673383713,
    -0.044599637389183044,
    0.006793048698455095,
    0.05312448367476463,
    -0.052941951900720596,
    -0.018768277019262314,
    0.024255963042378426,
    -0.05352336913347244,
    0.058945927768945694,
    -0.0082775903865695,
    -0.062416866421699524,
    -0.0202065110206604,
    -0.029841039329767227,
    0.06078502535820007,
    0.055441372096538544,
    -0.019331539049744606,
    0.11067881435155869,
    0.026686137542128563,
    -0.07811199873685837,
    -0.04172348603606224,
    -0.026828855276107788,
    -0.020114872604608536,
    -0.09825469553470612,
    -0.10055200755596161,
    -0.10090688616037369,
    -0.029907861724495888,
    -0.09537309408187866,
    0.08652486652135849,
    -0.08264743536710739,
    -0.042412009090185165,
    -0.07508864998817444,
    -0.09899700433015823,
    0.02935088612139225,
    0.046002909541130066,
    0.011912926100194454,
    -0.05033878609538078,
    0.08970558643341064,
    0.02273688092827797,
    0.014129974879324436,
    0.07524120807647705,
    -0.0397302471101284,
    -0.020539287477731705,
    0.11710944771766663,
    -0.07246404886245728,
    0.005657931324094534,
    -0.0686735212802887,
    0.07549968361854553,
    -0.0846092477440834,
    -5.7727788771444466e-08,
    0.012559667229652405,
    0.06546022742986679,
    0.02676967717707157,
    -0.07633793354034424,
    -0.0012925571063533425,
    -0.07788065075874329,
    -0.04863721877336502,
    -0.05150023475289345,
    0.005893318448215723,
    -0.04580184444785118,
    0.05171870067715645,
    0.0681629329919815,
    -0.026882082223892212,
    0.0019648210145533085,
    0.04979255050420761,
    0.006585321389138699,
    -0.08728016912937164,
    -0.030662942677736282,
    -0.06630894541740417,
    -0.03603122755885124,
    -0.04958388954401016,
    -0.05101797729730606,
    -0.059471506625413895,
    0.015869295224547386,
    0.03000323660671711,
    0.05810477212071419,
    -0.03477862849831581,
    0.012272022664546967,
    0.08143051713705063,
    0.05534501001238823,
    -0.024556094780564308,
    0.021402481943368912,
    0.03206084668636322,
    -0.023684872314333916,
    -0.06794315576553345,
    -0.05036203935742378,
    0.028648341074585915,
    -0.056611817330121994,
    0.06202889233827591,
    -0.02918393909931183,
    0.0010037990286946297,
    0.05432640761137009,
    0.02330044098198414,
    0.07557510584592819,
    0.005044346209615469,
    -0.06000962480902672,
    -0.04050388187170029,
    -0.01027675811201334,
    0.0031445494387298822,
    -0.10608770698308945,
    -0.0482090599834919,
    -0.04102249816060066,
    0.11128218472003937,
    0.0026350703556090593,
    -0.04563651233911514,
    0.03004397079348564,
    0.01413051038980484,
    0.021965090185403824,
    -0.01080912072211504,
    -0.055190399289131165,
    0.1296806037425995,
    0.016629215329885483,
    0.07386136054992676,
    0.009001283906400204
]