[
    -0.018522361293435097,
    0.0161124374717474,
    -0.037736404687166214,
    -0.047923263162374496,
    -0.012288101948797703,
    0.006381714716553688,
    -0.02922583557665348,
    -0.10111698508262634,
    -0.01826750859618187,
    0.025930054485797882,
    0.015018119476735592,
    -0.05601651966571808,
    -0.034279964864254,
    -0.07949283719062805,
    0.07826119661331177,
    -0.018201686441898346,
    0.03851664811372757,
    0.01461090613156557,
    -0.0970432236790657,
    0.07044773548841476,
    0.02277369797229767,
    0.0934523195028305,
    -0.01790657453238964,
    0.021743977442383766,
    -0.13764634728431702,
    0.024842016398906708,
    -0.09005016833543777,
    -0.1360408216714859,
    0.021568352356553078,
    -0.04535749554634094,
    0.03186599537730217,
    0.019480641931295395,
    0.006906518712639809,
    0.07484953850507736,
    0.008513513952493668,
    0.04186826944351196,
    0.03905284032225609,
    0.020930103957653046,
    -0.02841871976852417,
    0.0013683123979717493,
    -0.041721198707818985,
    -0.021435845643281937,
    -0.02598976157605648,
    -0.002425705548375845,
    0.023341791704297066,
    -0.005417271982878447,
    -0.04804636538028717,
    0.024635016918182373,
    0.016157744452357292,
    0.032526154071092606,
    -0.046214714646339417,
    -0.07029009610414505,
    -0.017520541325211525,
    0.09626241773366928,
    -0.00028299246332608163,
    -0.04434558376669884,
    -0.040772296488285065,
    -0.018631568178534508,
    -0.05969202518463135,
    0.011143236421048641,
    -0.01750611700117588,
    0.03236590325832367,
    -0.020736360922455788,
    0.057384051382541656,
    -0.035222556442022324,
    -0.0033843761775642633,
    -0.04340759292244911,
    -0.030739251524209976,
    -0.023050494492053986,
    -0.05853571370244026,
    -0.09098643064498901,
    -0.04413825273513794,
    0.020249078050255775,
    0.026611169800162315,
    0.026372162625193596,
    0.039125725626945496,
    -0.0365544892847538,
    -0.009926887229084969,
    0.08479857444763184,
    -0.13861238956451416,
    -0.014221551828086376,
    0.0723489448428154,
    0.0931944027543068,
    0.0986236184835434,
    -0.023021651431918144,
    -0.018076619133353233,
    -0.017617978155612946,
    -0.04452233761548996,
    -0.0028068958781659603,
    -0.06095919758081436,
    0.04780445247888565,
    -0.07813304662704468,
    0.11575890332460403,
    -0.0651935487985611,
    0.0633217990398407,
    -0.005252947565168142,
    -0.004015473183244467,
    -0.04649818688631058,
    0.011948391795158386,
    -0.008969481103122234,
    -0.02322339452803135,
    -0.03548848628997803,
    -0.049704570323228836,
    0.014814931899309158,
    -0.06313412636518478,
    -0.07242197543382645,
    -0.031848154962062836,
    0.01566818356513977,
    0.0371335968375206,
    0.04525665193796158,
    0.04528466984629631,
    0.02497379668056965,
    -0.018357286229729652,
    -0.06970781832933426,
    0.11175248771905899,
    -0.00493144616484642,
    -0.03566759452223778,
    0.03763507306575775,
    0.04981478303670883,
    -0.04212028160691261,
    -0.09110105782747269,
    -0.03476127237081528,
    0.008735834620893002,
    -0.1291448175907135,
    0.03341927379369736,
    0.0358402319252491,
    -0.007241804152727127,
    1.784533549283463e-32,
    -0.049013447016477585,
    0.008107156492769718,
    -0.0019017131999135017,
    -0.012775469571352005,
    0.027710672467947006,
    -0.03594961389899254,
    0.05121812969446182,
    -0.039045773446559906,
    -0.07488655298948288,
    0.07396900653839111,
    0.007974105887115002,
    0.0656631737947464,
    -0.023838907480239868,
    -0.05669649317860603,
    -0.013537933118641376,
    0.0008426531567238271,
    -0.07137826085090637,
    0.027435019612312317,
    0.023747669532895088,
    0.05373658612370491,
    -0.018701184540987015,
    -0.029352953657507896,
    0.024969657883048058,
    0.013858099468052387,
    -0.00798186007887125,
    -0.016536058858036995,
    -0.006236023269593716,
    -0.04133694991469383,
    -0.007727405987679958,
    0.01945156790316105,
    0.031548622995615005,
    0.030297795310616493,
    0.027293099090456963,
    -0.06411261856555939,
    0.008534809574484825,
    0.08997305482625961,
    0.055810991674661636,
    -0.05961953103542328,
    0.019978368654847145,
    -0.05683060735464096,
    -0.012333320453763008,
    -0.009849514812231064,
    0.03364546224474907,
    0.026019936427474022,
    0.04095732793211937,
    0.008856152184307575,
    0.013924186117947102,
    -0.0038490265142172575,
    0.007458086591213942,
    0.04883145913481712,
    -0.02987602911889553,
    0.007747814524918795,
    0.053217098116874695,
    -0.041478026658296585,
    0.006841796915978193,
    -0.013393012806773186,
    -0.019661858677864075,
    0.05269762501120567,
    -0.046512044966220856,
    0.04992881789803505,
    0.027456052601337433,
    0.018205637112259865,
    -0.03364400565624237,
    -0.008340934291481972,
    0.002811362035572529,
    -0.05908825621008873,
    -0.013984931632876396,
    -0.05113844946026802,
    0.08096277713775635,
    0.004196483641862869,
    -0.05078129097819328,
    0.07087307423353195,
    -0.029669489711523056,
    0.04820861667394638,
    -0.023536456748843193,
    -0.010283701121807098,
    -0.03573792427778244,
    -0.03022770583629608,
    -0.0025727483443915844,
    0.006281415931880474,
    -0.07816566526889801,
    0.0011560770217329264,
    0.04967575892806053,
    0.06919064372777939,
    -0.032204899936914444,
    -0.04448016360402107,
    0.024787859991192818,
    0.03781536594033241,
    -0.006828587502241135,
    -0.08624836802482605,
    -0.06988015025854111,
    0.03568502143025398,
    0.02778644859790802,
    0.010522007010877132,
    -0.0368523932993412,
    -1.9687598157434152e-32,
    0.05220140144228935,
    -0.07645636051893234,
    -0.03126700595021248,
    0.000358501507434994,
    0.07329907268285751,
    -0.02216668613255024,
    -0.08646860718727112,
    -0.1267644315958023,
    0.09614206850528717,
    -0.012220478616654873,
    0.055043239146471024,
    -0.023395612835884094,
    -0.002073038835078478,
    0.007228856440633535,
    -0.02137686125934124,
    -0.017651598900556564,
    -0.04822472482919693,
    -0.04333816468715668,
    -2.7051084543927573e-05,
    0.10448432713747025,
    -0.007407867815345526,
    -0.02341492474079132,
    0.0006250290898606181,
    0.13576212525367737,
    0.015177899040281773,
    0.066818967461586,
    -0.012817787006497383,
    -0.04316171631217003,
    0.13673582673072815,
    -0.027591563761234283,
    -0.027496453374624252,
    -0.03507959470152855,
    0.02618338167667389,
    0.039820410311222076,
    -0.13422253727912903,
    -0.15421360731124878,
    0.08544722199440002,
    -0.06189993396401405,
    -0.014238979667425156,
    -0.039612963795661926,
    0.09545823186635971,
    0.030428029596805573,
    -0.003974574618041515,
    0.0014099508989602327,
    -0.043063823133707047,
    -0.018802916631102562,
    -0.0010695512173697352,
    0.06638848036527634,
    -0.07459770888090134,
    -0.056684527546167374,
    0.004655272234231234,
    -0.0454644151031971,
    0.013281237334012985,
    0.04292869195342064,
    -0.05782361701130867,
    0.07011734694242477,
    0.045600518584251404,
    -0.024846334010362625,
    -0.017088431864976883,
    -0.019585607573390007,
    0.051444340497255325,
    0.05341267213225365,
    -0.0974944680929184,
    0.057956427335739136,
    0.04275282472372055,
    -0.018443327397108078,
    -0.009044472128152847,
    -0.07752241939306259,
    0.026005631312727928,
    -0.07943252474069595,
    -0.09190484881401062,
    -0.10522323101758957,
    -0.08254669606685638,
    -0.10435637831687927,
    0.03462649881839752,
    0.008585792034864426,
    -0.017936736345291138,
    -0.08318322896957397,
    -0.06222741678357124,
    0.012349879369139671,
    0.06307539343833923,
    -0.05417313799262047,
    -0.03414369747042656,
    0.01959795132279396,
    -0.0006908810464665294,
    0.07531900703907013,
    0.04274805635213852,
    -0.05863693729043007,
    0.04049300029873848,
    0.07851646840572357,
    -0.06492041796445847,
    -0.001969593344256282,
    -0.0512407049536705,
    0.04669508710503578,
    -0.030167441815137863,
    -5.526520041598815e-08,
    0.0267152339220047,
    0.04110385477542877,
    -0.00710198562592268,
    -0.01723269745707512,
    -0.012061497196555138,
    -0.042574573308229446,
    -0.06905288994312286,
    -0.005255422089248896,
    0.004625286906957626,
    -0.02689320221543312,
    0.0371515192091465,
    0.06103919818997383,
    0.0011304348008707166,
    -0.03915642201900482,
    0.049663033336400986,
    -0.0787835419178009,
    -0.0636274516582489,
    0.016280751675367355,
    -0.06657789647579193,
    0.0317094624042511,
    -0.05967729538679123,
    -0.06715913861989975,
    -0.006715127266943455,
    -0.004683776758611202,
    0.022523799911141396,
    0.006021168082952499,
    -0.045773010700941086,
    0.016309773549437523,
    0.05745023488998413,
    0.06727500259876251,
    -0.015517107211053371,
    0.04925760254263878,
    0.000437231152318418,
    -0.01831386238336563,
    -0.019921520724892616,
    -0.03651001676917076,
    -0.014360371977090836,
    -0.04067479446530342,
    0.09877558797597885,
    -0.018098419532179832,
    -0.013718555681407452,
    0.09164078533649445,
    0.01947205886244774,
    0.05530184879899025,
    -0.01245332695543766,
    -0.041766684502363205,
    0.01425420306622982,
    0.05313146859407425,
    0.0831034928560257,
    -0.14611734449863434,
    -0.05321423336863518,
    -0.0025789830833673477,
    0.0750628188252449,
    -0.004498917143791914,
    -0.04847369343042374,
    0.05434323474764824,
    0.017174839973449707,
    0.02949170581996441,
    -0.05166783928871155,
    0.0022021715994924307,
    0.15826347470283508,
    0.01616079732775688,
    0.09801318496465683,
    -0.050237350165843964
]