[
    -0.03441957011818886,
    0.05848338082432747,
    -0.03991379588842392,
    -0.04008684679865837,
    -0.032332275062799454,
    0.04973302409052849,
    -0.000345206877682358,
    -0.05607856437563896,
    -0.023054050281643867,
    -0.01134691946208477,
    0.045874446630477905,
    -0.015089740045368671,
    -0.02153383009135723,
    -0.06298108398914337,
    0.056517958641052246,
    -0.02542700804769993,
    0.03928430750966072,
    0.02074785716831684,
    -0.07848596572875977,
    0.04323911666870117,
    0.008354012854397297,
    0.059772688895463943,
    -0.036407776176929474,
    0.033042069524526596,
    -0.1270759254693985,
    -0.04033384844660759,
    -0.008328828029334545,
    -0.03427381440997124,
    0.030866291373968124,
    -0.060785818845033646,
    0.06532812863588333,
    -0.012876283377408981,
    0.01764058880507946,
    0.06503578275442123,
    -0.02924486994743347,
    0.012814474292099476,
    -0.0029969443567097187,
    0.048777900636196136,
    -0.02312963269650936,
    0.017514528706669807,
    -0.09261202812194824,
    -0.04864443838596344,
    -0.08210432529449463,
    -0.0092508839443326,
    0.014796360395848751,
    0.032569218426942825,
    -0.02677997574210167,
    -0.03371063992381096,
    -0.03138356655836105,
    0.01617317646741867,
    -0.060463596135377884,
    -0.03940466418862343,
    0.0020626240875571966,
    0.0645446851849556,
    -0.04794891178607941,
    -0.041132453829050064,
    -0.026149384677410126,
    -0.016940321773290634,
    -0.09354980289936066,
    -0.017942992970347404,
    -0.00229400722309947,
    -0.00031451386166736484,
    0.0044428640976548195,
    0.07421310991048813,
    -0.04388467222452164,
    0.07932936400175095,
    -0.029373669996857643,
    0.002854481339454651,
    0.037169091403484344,
    -0.02170361578464508,
    -0.0924592837691307,
    -0.058502838015556335,
    -0.013083310797810555,
    0.03316512331366539,
    0.0037156182806938887,
    0.031224511563777924,
    -0.055659469217061996,
    0.03975352272391319,
    0.13334867358207703,
    -0.11728491634130478,
    -0.010001001879572868,
    0.043527908623218536,
    0.016450317576527596,
    0.10712797194719315,
    -0.05335510894656181,
    -0.02848772145807743,
    -0.022733347490429878,
    0.007754957303404808,
    0.0066741472110152245,
    -0.04129303619265556,
    0.07771981507539749,
    -0.022142600268125534,
    0.08934751898050308,
    -0.04926998168230057,
    0.038923509418964386,
    -0.05578741431236267,
    -0.018530521541833878,
    -0.04447782412171364,
    -0.02825559861958027,
    -0.008608320727944374,
    -0.00786516908556223,
    -0.00196740566752851,
    -0.05031867325305939,
    -0.017129095271229744,
    -0.04167566075921059,
    -0.07951319217681885,
    0.027749286964535713,
    -0.04811423271894455,
    0.051081154495477676,
    0.05288420245051384,
    0.05181119963526726,
    0.016837505623698235,
    -0.09287568181753159,
    -0.14101876318454742,
    0.048710938543081284,
    0.004440267104655504,
    -0.03969902545213699,
    0.0693093091249466,
    0.02722815051674843,
    -0.0037559003103524446,
    -0.013865208253264427,
    -0.03767631575465202,
    -0.0211557038128376,
    -0.07906046509742737,
    -0.017975790426135063,
    0.0057851774618029594,
    -0.06894342601299286,
    1.9525033166187183e-32,
    -0.020382363349199295,
    0.017309483140707016,
    -0.0563889741897583,
    0.047099336981773376,
    0.0630873441696167,
    -0.04860340431332588,
    0.019151555374264717,
    -0.032892223447561264,
    -0.05268612876534462,
    0.04731077328324318,
    0.0002273454883834347,
    0.020456381142139435,
    -0.008080538362264633,
    -0.004573096055537462,
    0.01329546608030796,
    0.03283124044537544,
    -0.002009851858019829,
    0.09698089957237244,
    -0.016919901594519615,
    0.08256563544273376,
    0.03625136613845825,
    -0.05044250935316086,
    0.016316600143909454,
    0.02228711172938347,
    0.026683473959565163,
    0.04851993918418884,
    -0.010980397462844849,
    0.0005483995191752911,
    0.026690199971199036,
    0.019142763689160347,
    0.035454005002975464,
    0.031237278133630753,
    0.03558257967233658,
    -0.05358821898698807,
    0.05439048632979393,
    0.10266520828008652,
    0.010527514852583408,
    -0.058288414031267166,
    0.0654103234410286,
    -0.06474599242210388,
    -0.001466739340685308,
    -0.012276931665837765,
    0.08291063457727432,
    0.007073831278830767,
    0.06789777427911758,
    -0.035727933049201965,
    -0.0191046092659235,
    -0.01378045603632927,
    0.03553878515958786,
    0.05906630679965019,
    -0.04374363273382187,
    -0.011542041786015034,
    0.056205347180366516,
    -0.04418417438864708,
    0.0027205152437090874,
    -0.05984476953744888,
    -0.07381600141525269,
    0.03167670592665672,
    -0.052125975489616394,
    0.06267813593149185,
    -0.04443132504820824,
    0.05305570736527443,
    -0.0404449924826622,
    0.03335016593337059,
    -0.02832057885825634,
    -0.05862211808562279,
    -0.03961243852972984,
    -0.08864594995975494,
    0.08410075306892395,
    -0.01608315110206604,
    -0.0418480820953846,
    0.06787456572055817,
    -0.030905555933713913,
    0.029855843633413315,
    -0.07895201444625854,
    -0.047208022326231,
    -0.019674096256494522,
    -0.002091118134558201,
    0.047854699194431305,
    0.05800624191761017,
    -0.05615051090717316,
    -0.022151045501232147,
    0.023822706192731857,
    0.032371263951063156,
    -0.01719326339662075,
    -0.018932785838842392,
    0.06865813583135605,
    0.0800207182765007,
    -0.05936514586210251,
    -0.02424347959458828,
    0.034195926040410995,
    0.027176257222890854,
    0.036902472376823425,
    0.07529247552156448,
    -0.016304699704051018,
    -2.0683678274858372e-32,
    0.019810950383543968,
    -0.027218075469136238,
    -0.039009109139442444,
    -0.06406790018081665,
    0.09170667082071304,
    0.02074136957526207,
    -0.022073740139603615,
    -0.08408000320196152,
    0.04842540994286537,
    0.020600097253918648,
    0.028415977954864502,
    -0.0516340546309948,
    -0.012358011677861214,
    -0.016456548124551773,
    -0.030828125774860382,
    -0.017225835472345352,
    -0.04745776951313019,
    -0.03436721861362457,
    -0.03492790460586548,
    0.0798942893743515,
    0.028977980837225914,
    0.00036828903830610216,
    0.006184309720993042,
    0.1298283189535141,
    0.009637495502829552,
    0.04413021355867386,
    -0.04799719527363777,
    -0.014432788826525211,
    0.09160345792770386,
    -0.041785966604948044,
    -0.08687905222177505,
    -0.05767575651407242,
    -0.01921667717397213,
    0.015381615608930588,
    -0.09814976155757904,
    -0.1780794858932495,
    0.03526018559932709,
    -0.03540491312742233,
    -0.019549446180462837,
    -0.013362620957195759,
    0.11740816384553909,
    -0.0029188739135861397,
    -0.046036649495363235,
    0.006803874392062426,
    0.016817761585116386,
    -0.0515560619533062,
    0.054073967039585114,
    -0.039202384650707245,
    -0.04293878749012947,
    -0.03614310920238495,
    0.06035664305090904,
    -0.06246265396475792,
    0.005045304540544748,
    0.050806835293769836,
    -0.03976494073867798,
    0.07896465063095093,
    0.012369617819786072,
    -0.03949257358908653,
    -0.04658867418766022,
    -0.0001337683788733557,
    0.09247495979070663,
    0.0272500142455101,
    -0.04995420575141907,
    0.10838956385850906,
    0.04073940962553024,
    -0.05540919303894043,
    -0.027127087116241455,
    -0.03918619081377983,
    -0.021027861163020134,
    -0.08621853590011597,
    -0.08920388668775558,
    -0.10913100838661194,
    -0.017090216279029846,
    -0.12853118777275085,
    0.06551005691289902,
    -0.07332689315080643,
    -0.07611928880214691,
    -0.06865222007036209,
    -0.10762429982423782,
    0.026898082345724106,
    0.031018637120723724,
    -0.03281356021761894,
    -0.02938384935259819,
    0.08853759616613388,
    0.009567270055413246,
    0.04105503857135773,
    0.04859086871147156,
    -0.039396315813064575,
    0.004456305410712957,
    0.06722211092710495,
    -0.08695472776889801,
    -0.00040713557973504066,
    -0.0742931067943573,
    0.07723025977611542,
    -0.06530189514160156,
    -5.85712207623601e-08,
    0.026024680584669113,
    0.03097924217581749,
    0.03435378149151802,
    -0.055559635162353516,
    -0.023532560095191002,
    -0.04415186867117882,
    -0.07992805540561676,
    -0.03779279440641403,
    -0.03006453812122345,
    -0.019246956333518028,
    0.0366346649825573,
    0.07486370205879211,
    -0.04505568742752075,
    -0.033536024391651154,
    0.0654713436961174,
    -0.01177715603262186,
    -0.07565595209598541,
    0.03300584852695465,
    -0.06317973881959915,
    0.0201394185423851,
    -0.02116170898079872,
    -0.06242067366838455,
    -0.05119532346725464,
    0.018738213926553726,
    0.0428512841463089,
    0.05135062709450722,
    -0.04144004359841347,
    0.06359611451625824,
    0.07101745158433914,
    0.04505547508597374,
    -0.007556774187833071,
    -0.018296562135219574,
    0.035854142159223557,
    -0.009608031250536442,
    -0.07906758785247803,
    -0.0320984311401844,
    0.023193761706352234,
    -0.03351879119873047,
    0.054439105093479156,
    -0.05503768101334572,
    -0.024332864210009575,
    0.06108900159597397,
    0.051242582499980927,
    0.11016681045293808,
    0.006923171691596508,
    -0.04544641450047493,
    -0.047291431576013565,
    0.01773954927921295,
    0.03183283284306526,
    -0.09713283181190491,
    -0.03234592452645302,
    -0.0050801062025129795,
    0.08687866479158401,
    0.011131338775157928,
    -0.056190237402915955,
    0.045159026980400085,
    0.027639832347631454,
    0.030810412019491196,
    -0.03618687018752098,
    -0.028103282675147057,
    0.1433892548084259,
    0.022918006405234337,
    0.02316678874194622,
    -0.007915815338492393
]