[
    -0.05308827385306358,
    0.0298326276242733,
    -0.03913167864084244,
    -0.05951368063688278,
    -0.07000944018363953,
    0.06406290829181671,
    0.0035809839610010386,
    -0.06674599647521973,
    0.02922113798558712,
    0.001207047956995666,
    -0.007679728325456381,
    -0.020965062081813812,
    0.03373608738183975,
    -0.03584709018468857,
    0.07386630773544312,
    -0.0035828000400215387,
    0.02966659888625145,
    0.042637597769498825,
    -0.09372476488351822,
    0.04013168811798096,
    -0.012750393711030483,
    0.06252342462539673,
    -0.047728247940540314,
    -0.01184931118041277,
    -0.09626758098602295,
    -0.043492261320352554,
    -0.01010118518024683,
    -0.05917871743440628,
    -0.004217289388179779,
    -0.07009947299957275,
    0.011279366910457611,
    0.015124941244721413,
    0.05924844741821289,
    0.06509451568126678,
    -0.03842948377132416,
    -0.008578816428780556,
    -0.040667999535799026,
    0.027516601607203484,
    -0.014015009626746178,
    0.0237242691218853,
    -0.07277906686067581,
    -0.05527985095977783,
    -0.04754997044801712,
    0.0015521362656727433,
    0.014219546690583229,
    -0.02669907920062542,
    -0.0496106818318367,
    -0.05782083794474602,
    0.008876328356564045,
    0.07035978883504868,
    -0.04682600498199463,
    -0.03647102415561676,
    -0.04165266826748848,
    0.1106763705611229,
    -0.08195018023252487,
    -0.028878141194581985,
    -0.05527115240693092,
    -0.03829291835427284,
    -0.08694878965616226,
    0.003076625056564808,
    -0.03419625386595726,
    0.039614878594875336,
    0.023421751335263252,
    0.0974932387471199,
    -0.07779820263385773,
    0.07355402410030365,
    -0.04096997529268265,
    -0.002517679473385215,
    -0.0517931766808033,
    0.020917858928442,
    -0.10538414865732193,
    -0.020463552325963974,
    -0.034953679889440536,
    0.04257279261946678,
    0.0027804134879261255,
    0.016170762479305267,
    -0.013194132596254349,
    0.006341514177620411,
    0.09282944351434708,
    -0.16740086674690247,
    -0.012346419505774975,
    0.0653257742524147,
    -0.03533286228775978,
    0.04706790670752525,
    -0.06783366203308105,
    -0.018558287993073463,
    0.0010755074908956885,
    -0.005357821471989155,
    -0.0055802869610488415,
    -0.042462121695280075,
    0.06585425138473511,
    -0.05295788496732712,
    0.10769281536340714,
    -0.07632026076316833,
    0.07077252119779587,
    -0.058847103267908096,
    -0.024165313690900803,
    -0.05260960012674332,
    0.028504110872745514,
    -0.02229331247508526,
    -0.04372435808181763,
    0.013349096290767193,
    0.011290773749351501,
    -2.9261656891321763e-05,
    -0.052525151520967484,
    -0.06363704800605774,
    0.0347522608935833,
    -0.0013353669783100486,
    0.025010138750076294,
    0.06683823466300964,
    0.036464154720306396,
    0.024896055459976196,
    -0.05764094740152359,
    -0.15075694024562836,
    0.03390328958630562,
    -0.009399335831403732,
    -0.0480831004679203,
    0.05661800876259804,
    0.02149518020451069,
    -0.00026163680013269186,
    -0.03896657004952431,
    0.023652764037251472,
    -0.04216041415929794,
    -0.06334560364484787,
    -0.030196234583854675,
    0.03811769187450409,
    -0.052356090396642685,
    2.508369468930829e-32,
    -0.0027198675088584423,
    0.012682816945016384,
    -0.010894236154854298,
    0.027027957141399384,
    0.03786597028374672,
    -2.7966383640887216e-05,
    0.015117255039513111,
    0.0023496339563280344,
    -0.07551617175340652,
    0.10154379159212112,
    -0.00978659838438034,
    0.04910743236541748,
    -0.013666133396327496,
    -0.029439378529787064,
    -0.03262005001306534,
    0.06424138695001602,
    0.02754182368516922,
    0.07642518728971481,
    -0.02797391265630722,
    0.08568216115236282,
    0.0010460733901709318,
    -0.008098985999822617,
    0.036360736936330795,
    0.043366432189941406,
    -0.021394791081547737,
    -0.0009249293943867087,
    0.011905184015631676,
    0.0005568591877818108,
    0.03386232629418373,
    -0.010343920439481735,
    0.030247744172811508,
    0.0371689535677433,
    0.04191472753882408,
    -0.03869408369064331,
    0.05147673189640045,
    0.10669290274381638,
    0.037039246410131454,
    -0.03262028098106384,
    0.09046436846256256,
    -0.05947907641530037,
    -0.029037846252322197,
    -0.032712116837501526,
    0.05311856418848038,
    -0.0030020365957170725,
    0.010114164091646671,
    -0.02067830227315426,
    0.009474431164562702,
    -0.009000180289149284,
    0.02215694822371006,
    0.05700084939599037,
    -0.044788114726543427,
    0.019918890669941902,
    -0.002190397121012211,
    0.004476329777389765,
    -0.008085095323622227,
    -0.015949079766869545,
    -0.05109459534287453,
    0.03190966695547104,
    -0.05021645501255989,
    0.06621191650629044,
    -0.05477625131607056,
    0.043825868517160416,
    0.009124250151216984,
    -0.022466890513896942,
    -0.060901153832674026,
    -0.03543877974152565,
    -0.02605852112174034,
    -0.07588744163513184,
    0.026423273608088493,
    -0.014265020377933979,
    -0.01939612627029419,
    0.039865605533123016,
    -0.012835158966481686,
    0.05154094845056534,
    -0.03136123716831207,
    -0.03825408220291138,
    0.00960321445018053,
    -0.020983392372727394,
    0.06575091183185577,
    -0.013349353335797787,
    -0.08287248760461807,
    0.005866405554115772,
    0.03559786081314087,
    0.08328217267990112,
    -0.028053196147084236,
    -0.00578262796625495,
    0.06795372813940048,
    0.014608689583837986,
    -0.07599200308322906,
    -0.03155358508229256,
    -0.01969212107360363,
    0.040140796452760696,
    0.04366378113627434,
    0.05720900371670723,
    0.01786149851977825,
    -2.5472639321372494e-32,
    0.002539638429880142,
    -0.024575935676693916,
    -0.0617922842502594,
    -0.026191681623458862,
    0.06213586404919624,
    -0.024981152266263962,
    0.01231712568551302,
    -0.09767506271600723,
    0.05319603905081749,
    0.04570489376783371,
    0.029452607035636902,
    -0.03364616259932518,
    -0.05569431930780411,
    -0.03659325838088989,
    0.021470533683896065,
    -0.053081728518009186,
    -0.0769498348236084,
    -0.04121525213122368,
    -0.010439783334732056,
    0.1179831326007843,
    -0.02635081112384796,
    -0.013793829828500748,
    0.005831575952470303,
    0.12210609763860703,
    0.07470936328172684,
    0.07326364517211914,
    -0.04402150586247444,
    0.006002401001751423,
    0.07215005159378052,
    -0.040645159780979156,
    -0.066952183842659,
    -0.05424230918288231,
    -0.06227058544754982,
    -0.026752343401312828,
    -0.0720900297164917,
    -0.20081397891044617,
    0.04099564626812935,
    -0.03479453921318054,
    -0.02640478126704693,
    -0.06652598083019257,
    0.06898646056652069,
    -0.018729636445641518,
    -0.022528156638145447,
    0.024435147643089294,
    0.059444084763526917,
    -0.11364176869392395,
    0.05729479342699051,
    -0.054600998759269714,
    0.0014604306779801846,
    0.009190457873046398,
    0.012656177394092083,
    -0.025248577818274498,
    0.0008256041910499334,
    0.025313733145594597,
    -0.03812381997704506,
    0.07152620702981949,
    0.0031089098192751408,
    -0.04932050406932831,
    -0.00033127624192275107,
    -0.04643012210726738,
    0.09207110106945038,
    0.07008706033229828,
    -0.01634422317147255,
    0.10430528968572617,
    0.05371009185910225,
    -0.05489170923829079,
    0.0007650709012523293,
    -0.03225766122341156,
    -0.05706026777625084,
    -0.08754459023475647,
    -0.04651666805148125,
    -0.10129377245903015,
    -0.05799892917275429,
    -0.12094992399215698,
    0.10800943523645401,
    -0.05933085083961487,
    -0.05899454653263092,
    -0.13053366541862488,
    -0.07151112705469131,
    0.017396889626979828,
    0.05316045507788658,
    -0.029496628791093826,
    -0.02583852782845497,
    0.08653746545314789,
    -0.03159790113568306,
    -0.006551086902618408,
    0.07206970453262329,
    -0.050064340233802795,
    -0.011515999212861061,
    0.09463004767894745,
    -0.07216410338878632,
    -0.009459596127271652,
    -0.06948176771402359,
    0.051838748157024384,
    -0.08382052183151245,
    -6.68137118964296e-08,
    -0.05143909901380539,
    0.05519836023449898,
    0.016300223767757416,
    -0.06391383707523346,
    0.02309931442141533,
    -0.07201151549816132,
    -0.04240375757217407,
    0.012523273937404156,
    -0.02813551388680935,
    -0.0088810995221138,
    0.05101386085152626,
    0.04435275122523308,
    -0.016093820333480835,
    -0.0237004105001688,
    0.07441290467977524,
    0.015640586614608765,
    -0.09032005071640015,
    -0.054946061223745346,
    -0.06491738557815552,
    0.014985457062721252,
    -0.0665549710392952,
    -0.018520044162869453,
    -0.05469541251659393,
    0.0048651788383722305,
    0.024540334939956665,
    0.008966125547885895,
    -0.018289892002940178,
    0.043206628412008286,
    0.08721418678760529,
    0.03613809496164322,
    -0.010754906572401524,
    -0.015497932210564613,
    0.04073813185095787,
    -0.041413482278585434,
    0.0026595175731927156,
    -0.05536031723022461,
    0.049582067877054214,
    -0.016710059717297554,
    0.05468801036477089,
    0.011977682821452618,
    0.002274008933454752,
    0.04106677323579788,
    0.046795718371868134,
    0.0866302028298378,
    0.02088983729481697,
    -0.05695747584104538,
    -0.0625908151268959,
    0.028079107403755188,
    0.013351948000490665,
    -0.07479807734489441,
    -0.02693592570722103,
    -0.02900911495089531,
    0.06302744895219803,
    -0.03106938861310482,
    -0.03315085172653198,
    0.03751246631145477,
    0.04115347936749458,
    0.07635200768709183,
    -0.005001160316169262,
    0.0019108098931610584,
    0.07372265309095383,
    0.012780815362930298,
    0.046814415603876114,
    -0.04764881357550621
]