[
    -0.0443720743060112,
    0.05727006867527962,
    -0.007128232624381781,
    -0.035217903554439545,
    -0.04377368092536926,
    0.048502761870622635,
    -0.04907771944999695,
    -0.04120589792728424,
    0.019384561106562614,
    0.03758195415139198,
    0.03664965182542801,
    -0.03821370750665665,
    0.020627833902835846,
    -0.037469398230314255,
    0.07235898077487946,
    0.005742352921515703,
    0.06365374475717545,
    0.048828091472387314,
    -0.10966061055660248,
    0.052012622356414795,
    0.028262140229344368,
    0.0794738158583641,
    -0.03397979214787483,
    -0.029196646064519882,
    -0.06402341276407242,
    -0.004650438670068979,
    -0.026963699609041214,
    -0.09628360718488693,
    0.03467678651213646,
    -0.05191262438893318,
    0.05855881795287132,
    0.03330044075846672,
    0.04742363095283508,
    0.05574445053935051,
    -0.03268563747406006,
    0.0033181067556142807,
    -0.0022020244505256414,
    0.04686601459980011,
    -0.014333977364003658,
    -0.023870719596743584,
    -0.05257562920451164,
    -0.012532085180282593,
    -0.046534717082977295,
    -0.002665800740942359,
    0.01798762008547783,
    -0.02471179887652397,
    -0.06949180364608765,
    -0.04626616835594177,
    0.018205368891358376,
    0.031069479882717133,
    -0.07428903132677078,
    -0.06168990582227707,
    -0.010943799279630184,
    0.1032714918255806,
    -0.021921996027231216,
    -0.05062694102525711,
    -0.07159347087144852,
    -0.06018003821372986,
    -0.07799898833036423,
    -0.030207064002752304,
    -0.0126808388158679,
    -0.004359286278486252,
    -0.007736611645668745,
    0.039079781621694565,
    -0.09710956364870071,
    0.04655594751238823,
    0.02426869422197342,
    -0.08424755185842514,
    0.009076748974621296,
    -0.006409601308405399,
    -0.07673205435276031,
    0.013373728841543198,
    -0.01145903579890728,
    0.04413408413529396,
    0.004122905433177948,
    -0.029498646035790443,
    -0.007702304981648922,
    -0.002574850572273135,
    0.10453961789608002,
    -0.14170806109905243,
    -0.05211968719959259,
    0.05838668718934059,
    -0.019460873678326607,
    0.023968743160367012,
    -0.031333208084106445,
    -0.016253340989351273,
    -0.004895338322967291,
    0.01853673905134201,
    0.004037443082779646,
    -0.0007905199308879673,
    0.0319465771317482,
    -0.030434852465987206,
    0.10945797711610794,
    -0.04900989681482315,
    0.11337773501873016,
    -0.0944443866610527,
    0.03663334250450134,
    -0.08215956389904022,
    0.007470639888197184,
    -0.01816526986658573,
    -0.0177785474807024,
    -0.0063770124688744545,
    0.017825407907366753,
    0.029521239921450615,
    -0.047753479331731796,
    -0.06572958827018738,
    -0.01009389478713274,
    -0.015737853944301605,
    0.03236652538180351,
    0.0704369843006134,
    0.007930111140012741,
    0.008886334486305714,
    -0.038576167076826096,
    -0.08402800559997559,
    0.03144499287009239,
    -0.021005405113101006,
    0.016482209786772728,
    0.042025767266750336,
    0.03147813677787781,
    -0.031043829396367073,
    -0.05492169037461281,
    -0.0016206013970077038,
    -0.05774284899234772,
    -0.08766855299472809,
    -0.01767226681113243,
    0.043245766311883926,
    -0.07035047560930252,
    2.3897648807319437e-32,
    -0.05285494029521942,
    -1.0508244486118201e-05,
    -0.032540202140808105,
    0.055238958448171616,
    0.04425515606999397,
    -0.011867974884808064,
    0.0216518584638834,
    -0.04706135392189026,
    -0.07236803323030472,
    0.012917242012917995,
    0.0003817859396804124,
    -0.005307720508426428,
    -0.0062661063857376575,
    -0.014537000097334385,
    -0.05150572210550308,
    0.04054469242691994,
    -0.03819935396313667,
    0.06186467781662941,
    -0.010533234104514122,
    0.08889927715063095,
    -0.011944400146603584,
    0.031717561185359955,
    0.006828875746577978,
    0.003362433984875679,
    -0.044933874160051346,
    -0.008594847284257412,
    0.02891445904970169,
    -0.014732628129422665,
    0.03421099856495857,
    -0.003998163156211376,
    0.04249341040849686,
    0.0009953847620636225,
    0.008051613345742226,
    -0.08179536461830139,
    -0.0044051348231732845,
    0.11666706204414368,
    0.06662745028734207,
    -0.008975478820502758,
    0.06563777476549149,
    -0.09628888964653015,
    -0.044948168098926544,
    -0.0329916886985302,
    0.024875516071915627,
    0.05644436553120613,
    0.018428249284625053,
    -0.024744294583797455,
    -0.003224830375984311,
    -0.045414555817842484,
    -0.007483458146452904,
    0.05968448519706726,
    -0.04354768618941307,
    0.0146631533280015,
    -0.018599845468997955,
    -0.06905889511108398,
    -0.023278886452317238,
    0.0020902364049106836,
    -0.11112309247255325,
    0.08130013197660446,
    -0.08211226761341095,
    0.022247634828090668,
    -0.028685759752988815,
    -0.009638555347919464,
    0.0228702612221241,
    0.013959940522909164,
    -0.0036608469672501087,
    -0.06126096099615097,
    -0.030781708657741547,
    -0.07663632929325104,
    0.08839917182922363,
    -0.018099596723914146,
    -0.04821348190307617,
    0.07690431922674179,
    -0.000828054326120764,
    0.009529572911560535,
    -0.006654639262706041,
    -0.00994673278182745,
    0.04722146689891815,
    -0.07081679999828339,
    0.030308371409773827,
    -0.0007709981873631477,
    -0.09310606867074966,
    0.013866210356354713,
    0.013386398553848267,
    0.06640367209911346,
    0.01924896240234375,
    -0.06954534351825714,
    0.004911518190056086,
    0.05191719904541969,
    -0.03393195942044258,
    -0.07393794506788254,
    -0.025854036211967468,
    -0.02464619092643261,
    0.029659807682037354,
    0.0450516901910305,
    0.0006322875269688666,
    -2.490978617757589e-32,
    0.005791196133941412,
    -0.05005791410803795,
    0.0009615582530386746,
    0.00940550398081541,
    0.07488769292831421,
    -0.047941483557224274,
    -0.05001502484083176,
    -0.09861388057470322,
    0.0709577426314354,
    -0.023273000493645668,
    -0.007634179666638374,
    -0.040757324546575546,
    -0.005262032151222229,
    0.03433191776275635,
    -0.014400308020412922,
    -0.0014099996769800782,
    -0.08486638218164444,
    -0.014984759502112865,
    0.010101597756147385,
    0.11513584107160568,
    -0.01627356745302677,
    0.01263782475143671,
    -0.033991966396570206,
    0.17252889275550842,
    0.08320426195859909,
    0.07775726169347763,
    -0.03201216831803322,
    -0.009268497116863728,
    0.0717739686369896,
    -0.03509414941072464,
    -0.020997770130634308,
    -0.06690210103988647,
    -0.025934651494026184,
    -0.016583392396569252,
    -0.07678192108869553,
    -0.18948516249656677,
    0.02181771956384182,
    0.01205416303128004,
    -0.049997150897979736,
    -0.013129018247127533,
    0.08391366899013519,
    -0.005481780972331762,
    0.019019346684217453,
    0.0365091934800148,
    -0.015052100643515587,
    -0.0888267233967781,
    0.08497996628284454,
    -0.02399003878235817,
    -0.06443868577480316,
    0.01731220819056034,
    0.005743679590523243,
    -0.020372020080685616,
    -0.012045010924339294,
    0.035437777638435364,
    -0.012031596153974533,
    0.03969971463084221,
    0.023165656253695488,
    -0.018332665786147118,
    -0.005100242793560028,
    -0.00519055500626564,
    0.06846784055233002,
    0.04550477862358093,
    -0.08434043824672699,
    0.035033609718084335,
    0.015782570466399193,
    -0.04243524745106697,
    -0.06578857451677322,
    -0.07120832800865173,
    -0.03531040996313095,
    -0.057807985693216324,
    -0.029615338891744614,
    -0.10564365983009338,
    -0.05656438320875168,
    -0.10802129656076431,
    0.16199226677417755,
    -0.0990498885512352,
    -0.0039296806789934635,
    -0.043495986610651016,
    -0.06777526438236237,
    -0.008012402802705765,
    0.08061669021844864,
    -0.014624634757637978,
    -0.039268072694540024,
    0.0148731404915452,
    -0.014627241529524326,
    -0.030481161549687386,
    0.07492878288030624,
    -0.0388062559068203,
    0.015003947541117668,
    0.07897982746362686,
    -0.00767199881374836,
    0.02212275005877018,
    -0.09204830229282379,
    -0.0032809204421937466,
    -0.09657538682222366,
    -6.548993525257174e-08,
    0.016329200938344002,
    0.07855906337499619,
    -0.0006394463707692921,
    -0.019734079018235207,
    -0.013530506752431393,
    -0.03889276832342148,
    -0.043015554547309875,
    -0.0076239751651883125,
    -0.03836723417043686,
    -0.02076677605509758,
    0.02837565541267395,
    0.0505894273519516,
    0.025388896465301514,
    -0.06778252124786377,
    0.09454787522554398,
    -0.034993696957826614,
    -0.08830082416534424,
    -0.03385394811630249,
    -0.05760815367102623,
    0.010529674589633942,
    -0.07434159517288208,
    -0.029714934527873993,
    -0.04766169562935829,
    0.08117454499006271,
    -0.004217945039272308,
    0.0075649986974895,
    -0.006094489712268114,
    -0.0015222886577248573,
    0.008806231431663036,
    0.04537889361381531,
    -0.010276459157466888,
    0.06465215235948563,
    0.03802075982093811,
    -0.011779054068028927,
    -0.049746207892894745,
    -0.06568177789449692,
    0.019052479416131973,
    -0.01094687357544899,
    0.06534458696842194,
    -0.041489917784929276,
    0.030942406505346298,
    0.047863781452178955,
    0.0129550164565444,
    0.05910951644182205,
    0.005863001104444265,
    0.008996402844786644,
    -0.026131415739655495,
    0.0342438742518425,
    0.02109830267727375,
    -0.06108010560274124,
    -0.03740914165973663,
    -0.0406346395611763,
    0.10863251984119415,
    -0.032215286046266556,
    -0.028480838984251022,
    0.09826429188251495,
    0.031132586300373077,
    0.07235010713338852,
    -0.002308489056304097,
    -0.02645053341984749,
    0.1794232577085495,
    0.046070560812950134,
    0.048735134303569794,
    -0.008126403205096722
]