[
    -0.057869620621204376,
    0.08875077217817307,
    0.005839707795530558,
    -0.04131114482879639,
    -0.04749121889472008,
    0.048256319016218185,
    0.0278839822858572,
    -0.04159228876233101,
    0.00956728495657444,
    0.010472549125552177,
    0.056104324758052826,
    0.029135240241885185,
    0.013360351324081421,
    -0.06851114332675934,
    0.04654823988676071,
    0.02992171235382557,
    0.03859730809926987,
    0.014204542152583599,
    -0.11318339407444,
    0.06302764266729355,
    0.006691761314868927,
    0.0644022598862648,
    -0.08344243466854095,
    0.046014200896024704,
    -0.07301395386457443,
    0.019295180216431618,
    -0.0096720727160573,
    -0.06133821979165077,
    0.06294897198677063,
    -0.06701979786157608,
    0.06141475960612297,
    0.003639457281678915,
    0.013132895343005657,
    0.06909064203500748,
    -0.009328964166343212,
    -0.06616257131099701,
    -0.010788868181407452,
    -0.01894366554915905,
    -0.03875270113348961,
    -0.023110007867217064,
    -0.032929614186286926,
    -0.06610077619552612,
    -0.0949513241648674,
    0.019519178196787834,
    -0.001168235787190497,
    0.03923739865422249,
    -0.026477348059415817,
    -0.006616125348955393,
    -0.01901250332593918,
    0.0492732934653759,
    -0.032951027154922485,
    -0.03609205409884453,
    -0.06230156868696213,
    0.06547021865844727,
    -0.06662935018539429,
    -0.023851346224546432,
    -0.024555843323469162,
    0.006031974218785763,
    -0.059070244431495667,
    0.012388025410473347,
    -0.0046012974344193935,
    0.013105609454214573,
    -0.03200828656554222,
    0.038164302706718445,
    -0.05911434814333916,
    0.0464978851377964,
    -0.006567561067640781,
    -0.05895114317536354,
    0.06280175596475601,
    0.02522670477628708,
    -0.06438232958316803,
    -0.005120241083204746,
    0.0040834746323525906,
    0.0266026109457016,
    0.007412389386445284,
    -0.04172820597887039,
    -0.05469688028097153,
    0.023923473432660103,
    0.04566439613699913,
    -0.11380597949028015,
    -0.028720932081341743,
    0.03159438073635101,
    0.026332249864935875,
    0.033374007791280746,
    -0.04571880027651787,
    -0.04312990605831146,
    -0.007818679325282574,
    -0.005785451736301184,
    0.033174481242895126,
    -0.014374260790646076,
    0.04911588504910469,
    -0.03836914151906967,
    0.14042669534683228,
    -0.05262121185660362,
    0.07273538410663605,
    -0.05519977584481239,
    -0.01055421307682991,
    -0.1074829027056694,
    0.007508222013711929,
    0.0016596649074926972,
    -0.02092103287577629,
    -0.001081738038919866,
    -0.06041598692536354,
    -0.020566226914525032,
    -0.0027369593735784292,
    -0.07253924757242203,
    -0.01813497394323349,
    -0.0485067218542099,
    0.012072822079062462,
    0.08133144676685333,
    0.014092848636209965,
    0.03420201316475868,
    -0.05850766599178314,
    -0.08139604330062866,
    0.08312507718801498,
    0.023522796109318733,
    -0.022609885782003403,
    0.10066338628530502,
    0.02216070145368576,
    -0.049794815480709076,
    -0.06113313138484955,
    -0.023135771974921227,
    -0.015502430498600006,
    -0.07562669366598129,
    -0.015817884355783463,
    0.021840155124664307,
    -0.06590819358825684,
    1.8659726795291943e-32,
    -0.06689956039190292,
    -0.008294958621263504,
    -0.06461784243583679,
    0.05176040157675743,
    0.03363804891705513,
    0.0008819440845400095,
    -0.00978730246424675,
    -0.035116612911224365,
    -0.05837898328900337,
    0.00395019818097353,
    0.03653564304113388,
    -0.003525769803673029,
    0.01949472725391388,
    -0.050260867923498154,
    0.0009149459074251354,
    0.0006603585788980126,
    -0.0011673630215227604,
    0.11068994551897049,
    0.04433022812008858,
    0.06131339073181152,
    0.06873667985200882,
    0.04239493981003761,
    0.03181653469800949,
    0.009019261226058006,
    -0.032910630106925964,
    -0.02136753499507904,
    -0.010575921274721622,
    -0.07134322822093964,
    0.07261282205581665,
    0.006893489044159651,
    0.040020059794187546,
    0.028455335646867752,
    0.037768494337797165,
    -0.04010973870754242,
    0.08353425562381744,
    0.0983293280005455,
    0.03688491880893707,
    -0.08764369785785675,
    0.07033103704452515,
    -0.024845412001013756,
    -0.01797138899564743,
    0.004003020003437996,
    -0.007724728900939226,
    -0.02592494897544384,
    0.014387964271008968,
    -0.028122929856181145,
    0.016254419460892677,
    -0.017313269898295403,
    0.03288329392671585,
    0.03321527689695358,
    -0.034378353506326675,
    0.05982861667871475,
    -0.04486178234219551,
    -0.056939706206321716,
    -0.02129920944571495,
    -0.06398256123065948,
    -0.07839485257863998,
    0.053415995091199875,
    -0.045541565865278244,
    0.012183943763375282,
    0.030047576874494553,
    0.05378183349967003,
    0.021302765235304832,
    0.0034937665332108736,
    -0.02896803803741932,
    -0.07819661498069763,
    -0.00906606949865818,
    -0.09316575527191162,
    0.02518472634255886,
    -0.05735262110829353,
    -0.0761801078915596,
    0.04935089871287346,
    0.01238726731389761,
    -0.023091651499271393,
    -0.05033264681696892,
    -0.022450163960456848,
    0.037409208714962006,
    0.019353801384568214,
    0.058796435594558716,
    0.004015693906694651,
    -0.04514249041676521,
    0.004419274162501097,
    0.008050309494137764,
    0.016300883144140244,
    -0.03493037819862366,
    -0.07477689534425735,
    0.015761710703372955,
    0.015792351216077805,
    -0.049958039075136185,
    -0.014919515699148178,
    -0.0013481859350576997,
    0.01570393331348896,
    0.00841014739125967,
    0.05666065216064453,
    -0.016489913687109947,
    -1.9954538230826508e-32,
    -0.05046860873699188,
    -0.08161601424217224,
    -0.05307798460125923,
    0.04795798286795616,
    0.03978535160422325,
    -0.007825042121112347,
    -0.027827121317386627,
    -0.025317685678601265,
    0.028272327035665512,
    0.01591045968234539,
    0.013667142018675804,
    -0.04934396594762802,
    0.015097002498805523,
    0.004027074668556452,
    -0.06419651955366135,
    -0.013992412947118282,
    -0.051220331341028214,
    -0.04085375741124153,
    -0.015560965053737164,
    0.05396910011768341,
    -0.0397457517683506,
    0.03827904909849167,
    -0.008936839178204536,
    0.13955943286418915,
    0.044948749244213104,
    0.02996474876999855,
    -0.018266787752509117,
    0.0006668903515674174,
    0.1263139247894287,
    -0.06478166580200195,
    -0.0630660355091095,
    -0.06681039929389954,
    -0.054579414427280426,
    0.022049658000469208,
    -0.09614484012126923,
    -0.19038210809230804,
    0.08745136111974716,
    0.020546255633234978,
    -0.05594320222735405,
    -0.01632119156420231,
    0.09504114091396332,
    0.05036230757832527,
    -0.03075951151549816,
    -0.01232212781906128,
    -0.03056216426193714,
    -0.02174924686551094,
    0.03712524101138115,
    -0.04094845801591873,
    0.02674388885498047,
    -0.015424903482198715,
    0.05607997998595238,
    -0.05167529731988907,
    0.061483751982450485,
    0.029804561287164688,
    -0.07274644821882248,
    0.010569972917437553,
    0.08728975802659988,
    -0.04757639020681381,
    0.02405359037220478,
    0.02434338629245758,
    0.0643484964966774,
    0.03541059046983719,
    -0.08026794344186783,
    0.07289295643568039,
    0.03782803192734718,
    -0.03413194417953491,
    -0.027960777282714844,
    -0.015790792182087898,
    -0.057981763035058975,
    -0.06651198863983154,
    0.006276315543800592,
    -0.13461525738239288,
    -0.046697258949279785,
    -0.09348863363265991,
    0.13189111649990082,
    -0.04848157986998558,
    -0.03261062502861023,
    -0.08275600522756577,
    -0.14099842309951782,
    -0.001502930885180831,
    0.11137479543685913,
    -0.022706760093569756,
    -0.028909869492053986,
    0.04198108986020088,
    0.01198425143957138,
    -0.009859990328550339,
    0.05229075998067856,
    -0.048067137598991394,
    0.00939524918794632,
    0.07169446349143982,
    -0.027664700523018837,
    -0.038045402616262436,
    -0.07896249741315842,
    0.05561524257063866,
    -0.03319815546274185,
    -5.632333355265473e-08,
    -0.016457702964544296,
    -0.01899288408458233,
    0.04163885489106178,
    -0.016285812482237816,
    0.013241265900433064,
    -0.06484029442071915,
    -0.058596376329660416,
    0.009108948521316051,
    -0.03449689596891403,
    -0.04509332403540611,
    0.022952228784561157,
    0.017483100295066833,
    -0.01691916584968567,
    -0.04523106664419174,
    0.06295042484998703,
    0.0002628500806167722,
    -0.06903845071792603,
    -0.093177430331707,
    -0.0024118227884173393,
    0.02936040423810482,
    -0.0742359384894371,
    -0.06696903705596924,
    -0.04643724486231804,
    0.0020461739040911198,
    0.035836368799209595,
    0.05264059081673622,
    -0.0019385268678888679,
    0.10640247166156769,
    -0.0026841668877750635,
    0.035778891295194626,
    -0.019429894164204597,
    0.027373433113098145,
    0.08250920474529266,
    0.053193073719739914,
    -0.10356293618679047,
    -0.04223755747079849,
    0.024130551144480705,
    -0.01265416294336319,
    0.04750280827283859,
    -0.013066844083368778,
    0.006663133855909109,
    0.06834153831005096,
    0.003230311442166567,
    0.0655677318572998,
    0.022194325923919678,
    0.0021581880282610655,
    0.0259824488312006,
    -0.018883639946579933,
    -0.026884499937295914,
    -0.08336985111236572,
    -0.03135540336370468,
    -0.03224324434995651,
    0.13323794305324554,
    0.04629473388195038,
    0.03473716601729393,
    0.08396656066179276,
    0.032419271767139435,
    0.05733311548829079,
    -0.030909279361367226,
    -0.017107315361499786,
    0.14907251298427582,
    0.08472394943237305,
    0.040400441735982895,
    -0.04779860004782677
]