[
    -0.06303437799215317,
    0.03898525983095169,
    -0.048957228660583496,
    -0.036100320518016815,
    -8.108570909826085e-05,
    0.03271402791142464,
    0.0037407665513455868,
    -0.003184634493663907,
    0.021754717454314232,
    -0.05732855200767517,
    0.026932448148727417,
    0.010203219018876553,
    -0.012822093442082405,
    -0.02741037681698799,
    0.069569893181324,
    0.011825256049633026,
    0.03880279138684273,
    0.0024796335492283106,
    -0.07603850960731506,
    0.13249191641807556,
    -0.007002921309322119,
    0.06733215600252151,
    -0.0305295642465353,
    0.017198864370584488,
    -0.049646660685539246,
    -0.05054362118244171,
    -0.03326498344540596,
    -0.06418954581022263,
    0.07395952194929123,
    0.013269936665892601,
    0.061600614339113235,
    0.0448807068169117,
    0.052114337682724,
    0.05086897686123848,
    -0.01831882633268833,
    -0.025235803797841072,
    0.004078442230820656,
    0.0276957917958498,
    -0.05369442701339722,
    0.02705441601574421,
    -0.04076151177287102,
    -0.03977445513010025,
    -0.0667196661233902,
    0.01657094433903694,
    0.005691983737051487,
    0.007806733250617981,
    -0.04889094829559326,
    0.020867587998509407,
    -0.026078296825289726,
    0.04000357165932655,
    -0.05893252044916153,
    -0.03440145030617714,
    -0.05904620513319969,
    0.05672558397054672,
    -0.041615504771471024,
    0.0003884900943376124,
    -0.03098023310303688,
    0.007456508465111256,
    -0.10972164571285248,
    0.00353248231112957,
    0.0030940149445086718,
    0.023858558386564255,
    -0.0011391238076612353,
    0.0555926077067852,
    -0.04081495478749275,
    0.06587278097867966,
    -0.003694127779453993,
    -0.017445048317313194,
    0.0412796251475811,
    -0.013858751393854618,
    -0.0897054597735405,
    0.0187274981290102,
    0.004725805018097162,
    0.03896156698465347,
    -0.025528229773044586,
    -0.020582135766744614,
    -0.007838570512831211,
    0.004778334405273199,
    0.05250028893351555,
    -0.10278720408678055,
    -0.058995794504880905,
    0.0017425584373995662,
    0.04472016543149948,
    -0.002659659367054701,
    -0.09984856098890305,
    -0.010770034044981003,
    -0.010963919572532177,
    0.00176426419056952,
    -0.020076600834727287,
    -0.05461091175675392,
    0.04825862497091293,
    -0.04830216243863106,
    0.027601247653365135,
    -0.0694349929690361,
    0.07321348786354065,
    -0.041626881808042526,
    -0.06011274456977844,
    -0.043995924293994904,
    -0.009917117655277252,
    -0.006627492140978575,
    -0.010639132000505924,
    -0.0039694644510746,
    -0.02922191470861435,
    0.00464235246181488,
    -0.04992092400789261,
    -0.04892987385392189,
    0.012632661499083042,
    -0.06968781352043152,
    0.0018741762032732368,
    0.0645846351981163,
    0.03267139196395874,
    0.0018388900207355618,
    -0.04723457247018814,
    -0.11976484954357147,
    0.03479314222931862,
    0.007383609656244516,
    -0.009712844155728817,
    0.0375722236931324,
    0.037343915551900864,
    0.01345885917544365,
    -0.0680505782365799,
    -0.035598285496234894,
    -0.010710284113883972,
    -0.0611390583217144,
    -0.025117605924606323,
    -0.012862958945333958,
    -0.0361204594373703,
    1.6355192161023926e-32,
    -0.02457800880074501,
    -0.030563613399863243,
    -0.03139617666602135,
    0.07634801417589188,
    0.08547231554985046,
    0.03894900903105736,
    -0.014129813760519028,
    -0.032438188791275024,
    -0.06467042863368988,
    0.020476823672652245,
    0.061108361929655075,
    0.02469039522111416,
    0.05876050144433975,
    -0.07893653213977814,
    -0.03998149186372757,
    0.022879453375935555,
    0.05494779720902443,
    0.10688788443803787,
    0.04169785976409912,
    0.053517796099185944,
    0.08173120766878128,
    0.008497481234371662,
    -0.0012137868907302618,
    0.04934065043926239,
    -0.05633212998509407,
    -0.015328302048146725,
    -0.00804668478667736,
    -0.04631250351667404,
    0.0751052275300026,
    0.009297436103224754,
    0.006844487972557545,
    -0.009700392372906208,
    -0.0065984176471829414,
    -0.05837400257587433,
    0.08562362939119339,
    0.12597541511058807,
    0.02091677300632,
    -0.06848590075969696,
    0.06867503374814987,
    -0.050895482301712036,
    -0.05519314110279083,
    -7.836233999114484e-05,
    0.01925983652472496,
    0.0374438650906086,
    0.002987765707075596,
    0.021025482565164566,
    0.0007078909547999501,
    -0.061936475336551666,
    0.023680582642555237,
    0.07441408187150955,
    -0.057627879083156586,
    0.01907648891210556,
    -0.03990797698497772,
    -0.03644881397485733,
    0.026930779218673706,
    -0.018952779471874237,
    -0.0986766368150711,
    0.06719915568828583,
    -0.04028712958097458,
    0.04545004293322563,
    0.021488845348358154,
    0.043967410922050476,
    0.006668878253549337,
    -0.05356674641370773,
    0.003048626007512212,
    -0.14388521015644073,
    -0.021235035732388496,
    -0.07564666867256165,
    0.07444638013839722,
    -0.027202311903238297,
    -0.07200046628713608,
    0.07209016382694244,
    -0.01115269586443901,
    0.028272483497858047,
    -0.013616506941616535,
    -0.018951138481497765,
    -0.005773959215730429,
    -0.014714906923472881,
    0.02632012963294983,
    -0.020068243145942688,
    -0.035527553409338,
    0.025075241923332214,
    -0.024671949446201324,
    0.0780831128358841,
    -0.048549775034189224,
    -0.036309707909822464,
    0.007004434708505869,
    0.06435146182775497,
    -0.08409129083156586,
    -0.042125869542360306,
    0.029224341735243797,
    0.07378601282835007,
    0.03723948821425438,
    -0.000761169649194926,
    -0.00025704651488922536,
    -1.7766171825778504e-32,
    -0.0080350860953331,
    -0.05264770984649658,
    -0.12275529652833939,
    0.0016723144799470901,
    0.047907933592796326,
    -0.0007173281046561897,
    -0.0073844357393682,
    -0.06571369618177414,
    0.08819743990898132,
    -0.009568264707922935,
    -0.018421126529574394,
    -0.02318846806883812,
    0.006994736380875111,
    -0.013173716142773628,
    -0.07396261394023895,
    0.036891546100378036,
    -0.09708300232887268,
    -0.05037257447838783,
    -0.020730312913656235,
    0.0534062534570694,
    -0.02479998953640461,
    -0.006997393444180489,
    -0.035328034311532974,
    0.10702627152204514,
    0.06512824445962906,
    0.04033719748258591,
    -0.054507702589035034,
    -0.014625972136855125,
    0.08950180560350418,
    -0.08413954079151154,
    -0.06909087300300598,
    0.004414581228047609,
    -0.0537569485604763,
    -0.0009715817868709564,
    -0.08630340546369553,
    -0.15222784876823425,
    0.054670192301273346,
    0.0029030502773821354,
    -0.023697232827544212,
    -0.03358679637312889,
    0.08518698066473007,
    0.005325238686054945,
    0.004085381980985403,
    0.0028509381227195263,
    -0.0485086552798748,
    -0.0621432401239872,
    0.06375862658023834,
    -0.059845227748155594,
    0.05414707213640213,
    -0.03522792458534241,
    0.04002300277352333,
    -0.09514230489730835,
    0.012746800668537617,
    -0.00035752670373767614,
    -0.05840441957116127,
    0.021496852859854698,
    -0.00841162446886301,
    -0.04230073466897011,
    -0.020929228514432907,
    0.03874634951353073,
    0.13123491406440735,
    0.07381291687488556,
    -0.12260807305574417,
    0.053175292909145355,
    -0.014909305609762669,
    -0.05420617386698723,
    -0.03980104252696037,
    -0.03999607637524605,
    -0.012943917885422707,
    -0.051679156720638275,
    -0.062035344541072845,
    -0.14519758522510529,
    -0.032545316964387894,
    -0.043355848640203476,
    0.07991940528154373,
    -0.01912248507142067,
    0.05100636184215546,
    -0.1333199143409729,
    -0.12295040488243103,
    0.010269302874803543,
    0.07914014160633087,
    -0.02118751034140587,
    -0.09789738804101944,
    0.09745911508798599,
    -0.002353294752538204,
    -0.0322575643658638,
    0.0997089296579361,
    -0.03549700602889061,
    -0.025219883769750595,
    0.028801817446947098,
    -0.023519549518823624,
    0.016621708869934082,
    -0.03445626422762871,
    0.056063272058963776,
    -0.053389277309179306,
    -5.5162495016247703e-08,
    -0.016420980915427208,
    0.0011388726998120546,
    0.045208849012851715,
    -0.02885551191866398,
    0.008585792034864426,
    -0.031831059604883194,
    0.022137023508548737,
    -0.0006232433952391148,
    -0.04232226312160492,
    -0.0002763666270766407,
    0.021299712359905243,
    0.04655904322862625,
    -0.007227179128676653,
    0.004824269097298384,
    0.08067687600851059,
    -0.012222201563417912,
    -0.07590742409229279,
    -0.07510834187269211,
    -0.026912013068795204,
    0.04307878389954567,
    -0.07620006799697876,
    -0.07209303975105286,
    -0.06052212417125702,
    0.0004333042597863823,
    0.041988249868154526,
    0.05106427147984505,
    -0.02639739401638508,
    0.06459405273199081,
    0.0013571161543950438,
    0.05723382160067558,
    -0.010614374652504921,
    0.030912863090634346,
    0.05221424624323845,
    0.038120806217193604,
    -0.0769246369600296,
    -0.010467351414263248,
    -0.02151436358690262,
    0.009883548133075237,
    0.056149400770664215,
    -0.028973648324608803,
    -0.021970225498080254,
    0.009985478594899178,
    0.02182649075984955,
    0.06817978620529175,
    0.026302935555577278,
    -0.009408819489181042,
    0.05360418185591698,
    0.0049611786380410194,
    -0.007663819007575512,
    -0.07172032445669174,
    -0.051735661923885345,
    -0.03207723796367645,
    0.14083249866962433,
    0.03689755126833916,
    0.0027682266663759947,
    0.14468570053577423,
    0.026555705815553665,
    0.06073964014649391,
    0.008710889145731926,
    -0.02059166692197323,
    0.07634948939085007,
    0.11333933472633362,
    0.018573367968201637,
    -0.03747169300913811
]