[
    -0.03636252507567406,
    0.06524014472961426,
    0.009645803831517696,
    -0.02434147521853447,
    -0.029264869168400764,
    0.0484313890337944,
    0.0032349207904189825,
    -0.07352673262357712,
    0.013607158325612545,
    -0.006460900884121656,
    0.045191943645477295,
    -0.020556246861815453,
    -0.0028977282345294952,
    -0.08572173863649368,
    0.10684710741043091,
    -0.02066747471690178,
    0.024743005633354187,
    -0.0010863362113013864,
    -0.09548578411340714,
    0.07258251309394836,
    0.026698268949985504,
    0.06170066446065903,
    -0.034777067601680756,
    0.03039279207587242,
    -0.0992211177945137,
    0.021289171651005745,
    0.008901485241949558,
    -0.052826836705207825,
    0.05249464139342308,
    -0.03456207364797592,
    0.057600151747465134,
    -0.011518561281263828,
    0.037972670048475266,
    0.049116745591163635,
    -0.017404818907380104,
    -0.006037232931703329,
    -0.02629980444908142,
    0.016049735248088837,
    -0.03577196225523949,
    0.015646638348698616,
    -0.05089182034134865,
    -0.0847674235701561,
    -0.04806750267744064,
    0.022635014727711678,
    0.01896549016237259,
    0.01586713269352913,
    -0.03919587656855583,
    -0.001583613222464919,
    -0.01849742978811264,
    0.04879014939069748,
    -0.05782265216112137,
    -0.020991573110222816,
    -0.017723143100738525,
    0.0734056755900383,
    -0.05458812415599823,
    -0.03154076263308525,
    -0.038659244775772095,
    -0.021287526935338974,
    -0.0939318910241127,
    -0.003750009462237358,
    0.004592981189489365,
    0.011505949310958385,
    0.01779760979115963,
    0.05936341732740402,
    -0.05347452685236931,
    0.06996557116508484,
    -0.01207627821713686,
    -0.019808685407042503,
    -0.005192382726818323,
    0.007832896895706654,
    -0.08668489009141922,
    -0.045770809054374695,
    0.016114989295601845,
    0.04698962718248367,
    -0.005387918557971716,
    -0.008155503310263157,
    -0.026843110099434853,
    0.011786486953496933,
    0.07271155714988708,
    -0.1103609949350357,
    -0.06034334376454353,
    0.0018788675079122186,
    0.007227533496916294,
    0.03531956300139427,
    -0.057022809982299805,
    -0.00145305460318923,
    0.007177573163062334,
    0.023010235279798508,
    -0.0032077881041914225,
    -0.04949873685836792,
    0.07432660460472107,
    -0.026969991624355316,
    0.05163953825831413,
    -0.06067776679992676,
    0.07958130538463593,
    -0.06917964667081833,
    -0.04091482236981392,
    -0.07377856224775314,
    0.03820900619029999,
    0.008849046193063259,
    0.004755489062517881,
    0.01806487701833248,
    -0.004659316036850214,
    -0.006568299140781164,
    -0.02059091441333294,
    -0.0872456431388855,
    0.009243390522897243,
    -0.016497774049639702,
    0.021759403869509697,
    0.07121410220861435,
    0.044346049427986145,
    -0.008447089232504368,
    -0.035142481327056885,
    -0.1313372552394867,
    0.04740964621305466,
    0.012624789029359818,
    -0.03599932789802551,
    0.0623616985976696,
    0.04328388348221779,
    -0.017865106463432312,
    -0.04417848214507103,
    -0.06063424050807953,
    -0.040043964982032776,
    -0.0957050696015358,
    -0.027862487360835075,
    0.035352982580661774,
    -0.038960255682468414,
    2.525240751601006e-32,
    -0.016907457262277603,
    0.007166741415858269,
    -0.05784051492810249,
    0.05834956839680672,
    0.03560343757271767,
    -0.021665340289473534,
    0.021419702097773552,
    -0.034818604588508606,
    -0.042715247720479965,
    0.03522714599967003,
    0.03463008254766464,
    -0.021526915952563286,
    -0.0043966262601315975,
    -0.03306136280298233,
    -0.06278043240308762,
    0.03416701778769493,
    0.016518447548151016,
    0.08563882857561111,
    -0.004223136231303215,
    0.06124104559421539,
    0.06446290761232376,
    -0.05196889489889145,
    0.004887438379228115,
    0.008433853276073933,
    -0.014708313159644604,
    0.047699373215436935,
    0.0015313506592065096,
    -0.03380725905299187,
    0.002595185302197933,
    -0.00038625343586318195,
    0.04808085411787033,
    0.02130011096596718,
    0.034071993082761765,
    -0.06698717921972275,
    0.061295345425605774,
    0.11217604577541351,
    0.01521922368556261,
    -0.054663773626089096,
    0.08102389425039291,
    -0.060149241238832474,
    0.0029897834174335003,
    -0.03493860736489296,
    0.06939569860696793,
    0.0013059184420853853,
    0.033521123230457306,
    0.006079645827412605,
    -0.004795387852936983,
    -0.0032861758954823017,
    0.03335332125425339,
    0.04192317649722099,
    -0.020485958084464073,
    0.026339156553149223,
    -0.02516673505306244,
    -0.03553292155265808,
    0.02274448797106743,
    -0.01292917039245367,
    -0.09902966767549515,
    0.054473116993904114,
    -0.057440999895334244,
    0.0455746129155159,
    -0.029897524043917656,
    0.062464479357004166,
    0.0038179559633135796,
    -0.038435064256191254,
    0.00915093719959259,
    -0.05070817098021507,
    -0.02808045782148838,
    -0.06940891593694687,
    0.047420889139175415,
    -0.024188920855522156,
    -0.011664777994155884,
    0.06274418532848358,
    -0.05127132311463356,
    0.013359691016376019,
    -0.026490451768040657,
    -0.057110730558633804,
    0.01271999254822731,
    -0.011501661501824856,
    0.07421183586120605,
    0.00949766207486391,
    -0.0420687235891819,
    -0.02300051972270012,
    -0.001891017542220652,
    0.05182027444243431,
    0.0006837637047283351,
    -0.004821022506803274,
    0.04127372428774834,
    0.06104698032140732,
    -0.09004629403352737,
    -0.04096538946032524,
    0.024250181391835213,
    0.05635552853345871,
    0.035946205258369446,
    0.03135017305612564,
    -0.04357763007283211,
    -2.5416286122194074e-32,
    -0.030826374888420105,
    -0.05013386532664299,
    -0.06592555344104767,
    0.00593271479010582,
    0.06001673638820648,
    -0.002266798634082079,
    -0.017469188198447227,
    -0.06602972745895386,
    0.07975626736879349,
    0.05163337290287018,
    0.03456566482782364,
    -0.03949512541294098,
    -0.04249604791402817,
    -0.033149849623441696,
    -0.05029899254441261,
    -0.008656399324536324,
    -0.04446067288517952,
    -0.06173911318182945,
    -0.025248639285564423,
    0.09274090081453323,
    -0.031703487038612366,
    -0.048986680805683136,
    -0.013994176872074604,
    0.1569843292236328,
    0.0630091205239296,
    0.03634970635175705,
    -0.04463818296790123,
    0.02153855748474598,
    0.1003340631723404,
    -0.05973745509982109,
    -0.0731806829571724,
    -0.05033686384558678,
    -0.07413829118013382,
    0.004651165567338467,
    -0.06637321412563324,
    -0.22360873222351074,
    0.06581354141235352,
    -0.009664172306656837,
    -0.04704579710960388,
    0.0013558134669438004,
    0.11651419848203659,
    0.004071249160915613,
    -0.0355708934366703,
    0.02507198415696621,
    -0.008575478568673134,
    -0.044227246195077896,
    0.05743349343538284,
    -0.031492680311203,
    -0.0441536009311676,
    0.0031595786567777395,
    0.05224858969449997,
    -0.048090577125549316,
    0.0012804133584722877,
    0.03224114701151848,
    -0.07960435748100281,
    0.0799851268529892,
    -0.010818497277796268,
    -0.021574797108769417,
    -0.04566984996199608,
    -0.026221638545393944,
    0.08278587460517883,
    0.04700743407011032,
    -0.06493774801492691,
    0.07933266460895538,
    0.03168362006545067,
    -0.062249504029750824,
    0.011526842601597309,
    -0.0527506060898304,
    -0.00669733714312315,
    -0.10443034768104553,
    -0.07669901847839355,
    -0.12073291838169098,
    -0.030665097758173943,
    -0.13811485469341278,
    0.11748696118593216,
    -0.06038158759474754,
    -0.014347078278660774,
    -0.09207933396100998,
    -0.07746686786413193,
    -0.0038557560183107853,
    0.09572311490774155,
    0.020821040496230125,
    -0.06366315484046936,
    0.059990786015987396,
    0.005766465328633785,
    0.027509162202477455,
    0.06761779636144638,
    -0.05848270654678345,
    -0.033743053674697876,
    0.09341373294591904,
    -0.06317897886037827,
    0.031080322340130806,
    -0.08655285835266113,
    0.08729024231433868,
    -0.09173140674829483,
    -6.593508317109809e-08,
    -0.0069633894599974155,
    0.04162842035293579,
    0.023639647290110588,
    -0.0746346116065979,
    0.020296964794397354,
    -0.05470332130789757,
    -0.0170664694160223,
    -0.01449879165738821,
    -0.03646986559033394,
    -0.05813673511147499,
    0.027384065091609955,
    0.05839164927601814,
    -0.0347336083650589,
    -0.02368205599486828,
    0.052308615297079086,
    -0.028594158589839935,
    -0.10675064474344254,
    -0.06826191395521164,
    -0.06144293397665024,
    0.00849220622330904,
    -0.053228411823511124,
    -0.0749310702085495,
    -0.05294438824057579,
    0.023714816197752953,
    0.029164282605051994,
    0.057120028883218765,
    -0.01584256812930107,
    0.046476807445287704,
    0.051934316754341125,
    0.03625298663973808,
    -0.010243314318358898,
    0.01333156879991293,
    0.043975770473480225,
    -0.0012872889637947083,
    -0.05372418463230133,
    -0.04711948335170746,
    0.07412981986999512,
    -0.042321767657995224,
    0.06286967545747757,
    0.004744936246424913,
    0.005860452074557543,
    0.035600241273641586,
    0.009577426128089428,
    0.05615758150815964,
    -0.002508275443688035,
    -0.012191892601549625,
    -0.022961776703596115,
    0.002119039883837104,
    -0.005810071248561144,
    -0.11083371937274933,
    -0.03826242312788963,
    -0.041139014065265656,
    0.1175919845700264,
    0.0007101687951944768,
    -0.05369637906551361,
    0.05894501507282257,
    0.04085313528776169,
    0.04292497783899307,
    -0.00254347687587142,
    -0.022415507584810257,
    0.123865507543087,
    0.033091261982917786,
    0.05761561170220375,
    -0.02070959471166134
]