[
    -0.03375253826379776,
    0.09386879205703735,
    -0.013647858053445816,
    -0.08224757760763168,
    -0.05659670755267143,
    0.05721971392631531,
    -0.000401206110836938,
    -0.019323911517858505,
    0.04010212793946266,
    0.03186221420764923,
    0.00992864090949297,
    -0.014086815528571606,
    -0.027538562193512917,
    -0.08599592745304108,
    0.10310136526823044,
    -0.04418373107910156,
    0.017798449844121933,
    0.016548780724406242,
    -0.08745653182268143,
    0.05230479687452316,
    0.03851597383618355,
    0.0682830959558487,
    -0.04528365656733513,
    -0.0037477947771549225,
    -0.13505946099758148,
    -0.021209148690104485,
    -0.013322245329618454,
    -0.04148294776678085,
    0.028275588527321815,
    -0.04114890098571777,
    0.08437853306531906,
    0.027304137125611305,
    0.04337531700730324,
    0.06944424659013748,
    -0.04348640516400337,
    0.0006461341981776059,
    -0.03702859953045845,
    0.0025995969772338867,
    -0.06451672315597534,
    0.04122070223093033,
    -0.047028400003910065,
    -0.05478953570127487,
    -0.057450708001852036,
    -0.014210171066224575,
    0.02795502543449402,
    0.025119386613368988,
    -0.06475906819105148,
    0.010122189298272133,
    0.009763352572917938,
    0.058028727769851685,
    -0.08402953296899796,
    -0.008779890835285187,
    -0.036701496690511703,
    0.05501113086938858,
    -0.019195156171917915,
    -0.027723658829927444,
    -0.07416525483131409,
    -0.04433313012123108,
    -0.07975180447101593,
    -0.024098029360175133,
    -0.020314395427703857,
    0.039487726986408234,
    0.024776704609394073,
    0.07734527438879013,
    -0.01982809416949749,
    0.046543970704078674,
    0.010946172289550304,
    -0.031048472970724106,
    0.001240566256456077,
    -0.020503472536802292,
    -0.07114329934120178,
    -0.043802276253700256,
    0.012596772983670235,
    0.047457512468099594,
    -0.01646777242422104,
    -0.0029777935706079006,
    -0.028829561546444893,
    0.018102329224348068,
    0.0656357854604721,
    -0.14917291700839996,
    -0.04533138871192932,
    0.005388364661484957,
    -0.017704593017697334,
    0.049707651138305664,
    -0.032749053090810776,
    0.029214829206466675,
    -0.008662738837301731,
    -0.03465051203966141,
    -0.009466086514294147,
    -0.061527881771326065,
    0.10028907656669617,
    -0.010004556737840176,
    0.11275032162666321,
    -0.05784459784626961,
    0.07851603627204895,
    -0.052524205297231674,
    -0.004021791275590658,
    -0.07776953279972076,
    0.0077570099383592606,
    -0.031638432294130325,
    -0.016575392335653305,
    0.006476027425378561,
    0.032369550317525864,
    -0.017369601875543594,
    -0.026615411043167114,
    -0.06755740195512772,
    0.01692812144756317,
    -0.0117462407797575,
    0.031721100211143494,
    0.05649327486753464,
    0.029279422014951706,
    0.026802213862538338,
    -0.04959576204419136,
    -0.13951103389263153,
    0.03154701739549637,
    -0.002498440910130739,
    -0.014022866263985634,
    0.057496327906847,
    0.05593834072351456,
    -0.01587706059217453,
    -0.04980950430035591,
    -0.024887345731258392,
    -0.04695168882608414,
    -0.09410052746534348,
    -0.04931908845901489,
    0.016380686312913895,
    -0.04899945855140686,
    1.8450756225810387e-32,
    -0.042844872921705246,
    -0.016757678240537643,
    -0.03758784756064415,
    0.009417160414159298,
    0.004853588528931141,
    -0.017913969233632088,
    0.022235557436943054,
    -0.009011870250105858,
    -0.03826393187046051,
    0.06681913137435913,
    -0.03217519074678421,
    0.020784245803952217,
    -0.013315603137016296,
    -0.03131207451224327,
    -0.0075632561929523945,
    0.040705036371946335,
    -0.016578590497374535,
    0.07356224954128265,
    -0.029874663800001144,
    0.09109991043806076,
    0.025708725675940514,
    -0.022646479308605194,
    0.0030428378377109766,
    0.003028451232239604,
    0.009421467781066895,
    0.04538428783416748,
    0.021235857158899307,
    -0.03814741596579552,
    -0.008947579190135002,
    -0.0010631629265844822,
    0.043615810573101044,
    0.004991564899682999,
    -0.009314281865954399,
    -0.049647074192762375,
    0.06428521126508713,
    0.0952272042632103,
    0.003924332093447447,
    -0.03913392871618271,
    0.06507338583469391,
    -0.07228237390518188,
    -0.04618629068136215,
    -0.032123077660799026,
    0.08074289560317993,
    0.020002977922558784,
    0.05608128011226654,
    0.038151297718286514,
    0.01226887758821249,
    -0.029256099835038185,
    0.03403086215257645,
    0.03819487243890762,
    -0.016654755920171738,
    -0.009314121678471565,
    -0.010523094795644283,
    -0.013976901769638062,
    0.02673598937690258,
    -0.011876975186169147,
    -0.0721021518111229,
    0.018486138433218002,
    -0.025941889733076096,
    0.0814472883939743,
    -0.027479374781250954,
    0.020057596266269684,
    -0.020760085433721542,
    -0.04112494736909866,
    -0.005075274966657162,
    -0.07692594081163406,
    -0.0165457371622324,
    -0.08041490614414215,
    0.05494649335741997,
    -0.03391839563846588,
    0.014322258532047272,
    0.06295811384916306,
    -0.00604673707857728,
    0.05084514245390892,
    0.008965795859694481,
    -0.04762234166264534,
    0.011745374649763107,
    -0.010389934293925762,
    0.024826478213071823,
    0.008242791518568993,
    -0.05150552839040756,
    0.021397989243268967,
    0.0188839603215456,
    0.04032270237803459,
    0.006933949422091246,
    0.012230969965457916,
    0.07267114520072937,
    0.029168037697672844,
    -0.09911547601222992,
    -0.055440858006477356,
    0.005136010702699423,
    0.059793952852487564,
    0.0063105435110628605,
    0.03648495301604271,
    0.03055502474308014,
    -2.0384726551557248e-32,
    -0.02163548953831196,
    -0.04354993253946304,
    -0.05775013566017151,
    0.006863119080662727,
    0.0699862614274025,
    -0.005768108181655407,
    -0.011931627988815308,
    -0.07765575498342514,
    0.03826367110013962,
    0.030766263604164124,
    0.05986952409148216,
    -0.055815279483795166,
    -0.018583402037620544,
    -0.05718017742037773,
    -0.023424755781888962,
    -0.010854501277208328,
    -0.06451284140348434,
    -0.09753565490245819,
    -0.038925040513277054,
    0.1232994943857193,
    -0.02786295674741268,
    0.009663172997534275,
    -0.008523229509592056,
    0.12095224112272263,
    0.06166452169418335,
    0.030744001269340515,
    -0.02060868963599205,
    0.0013309000059962273,
    0.11796484142541885,
    -0.0729278177022934,
    -0.042747143656015396,
    -0.024815967306494713,
    -0.08670473843812943,
    0.015572218224406242,
    -0.10610494017601013,
    -0.1982799619436264,
    0.06730113923549652,
    -0.022155042737722397,
    -0.026017434895038605,
    -0.03132331371307373,
    0.11608068645000458,
    -0.02240966074168682,
    0.003958650398999453,
    0.00812605395913124,
    -0.014154131524264812,
    -0.042752671986818314,
    0.052831973880529404,
    -0.019865958020091057,
    -0.04253244772553444,
    0.005730327218770981,
    0.04309383034706116,
    -0.05153511092066765,
    -0.006502168718725443,
    0.017195234075188637,
    -0.0669998750090599,
    0.06674439460039139,
    0.0021363452542573214,
    -0.07798583060503006,
    -0.06831778585910797,
    -0.028699800372123718,
    0.08258084952831268,
    0.051386527717113495,
    -0.040859729051589966,
    0.09648233652114868,
    -0.0009379344410263002,
    -0.0390297956764698,
    -0.0012013643281534314,
    -0.02970215678215027,
    -0.05677086114883423,
    -0.09142185747623444,
    -0.1008400022983551,
    -0.10735272616147995,
    -0.040538761764764786,
    -0.10753892362117767,
    0.0640060231089592,
    -0.0547235943377018,
    -0.04622228816151619,
    -0.10014507174491882,
    -0.05671737343072891,
    0.029831411316990852,
    0.08420205116271973,
    -0.02032429538667202,
    -0.05634397268295288,
    0.09073829650878906,
    -0.03701932355761528,
    0.020096415653824806,
    0.08825656026601791,
    -0.07500646263360977,
    -0.03430916368961334,
    0.09393929690122604,
    -0.08997374773025513,
    0.019303517416119576,
    -0.07488637417554855,
    0.082442507147789,
    -0.07428040355443954,
    -5.567407157514026e-08,
    -0.03294799104332924,
    0.051220621913671494,
    0.03280959650874138,
    -0.07150562107563019,
    -0.015374431386590004,
    -0.06979995965957642,
    -0.048333778977394104,
    -0.00736779160797596,
    -0.02827722765505314,
    0.00037715115468017757,
    0.011167134158313274,
    0.10797049105167389,
    -0.04218903183937073,
    0.020664507523179054,
    0.02115912176668644,
    -0.022298989817500114,
    -0.0818525180220604,
    -0.02177954651415348,
    -0.042731091380119324,
    0.02634560689330101,
    -0.0441325344145298,
    -0.036985475569963455,
    -0.07398103922605515,
    0.0025478231254965067,
    0.04694554954767227,
    0.05330245941877365,
    0.0098439771682024,
    0.03790919855237007,
    0.07854019105434418,
    0.04080032929778099,
    -0.030936500057578087,
    0.03117365576326847,
    0.037141963839530945,
    -0.0037357453256845474,
    -0.04912789538502693,
    -0.05647236481308937,
    0.05692347511649132,
    -0.017273733392357826,
    0.04758318513631821,
    -0.0210892204195261,
    0.0163273848593235,
    0.03163927048444748,
    0.021612538024783134,
    0.08049916476011276,
    0.013022569939494133,
    -0.047144606709480286,
    -0.002848096191883087,
    0.010918458923697472,
    0.014330482110381126,
    -0.0893537625670433,
    -0.015513461083173752,
    -0.022115593776106834,
    0.10902781039476395,
    -0.01146568451076746,
    -0.027762241661548615,
    0.06291963905096054,
    0.00620498601347208,
    0.02810230292379856,
    -0.02782081998884678,
    0.010658793151378632,
    0.11838052421808243,
    -0.002949114190414548,
    0.07649113237857819,
    0.03863096237182617
]