[
    -0.005993313621729612,
    0.05451521649956703,
    -0.09856360405683517,
    -0.05581778287887573,
    0.008740491233766079,
    0.03722381591796875,
    0.02500249817967415,
    -0.01128295436501503,
    0.0007586728315800428,
    -0.03408397361636162,
    0.022211525589227676,
    0.01020857971161604,
    0.0051493775099515915,
    -0.005103939678519964,
    0.0775478258728981,
    0.02991841360926628,
    0.011331663466989994,
    0.012197334319353104,
    -0.06680534034967422,
    0.13734135031700134,
    0.032999809831380844,
    0.06646594405174255,
    -0.023946397006511688,
    -0.0020484940614551306,
    -0.04179283604025841,
    -0.03672395646572113,
    0.005942944437265396,
    -0.06465433537960052,
    0.06888724863529205,
    0.006373758893460035,
    0.08842514455318451,
    0.04356846585869789,
    0.06074340268969536,
    0.098020538687706,
    -0.0005986181786283851,
    -0.023630784824490547,
    -0.005347879137843847,
    0.02855667658150196,
    -0.04622452333569527,
    0.02197691798210144,
    -0.022904179990291595,
    -0.0033666016533970833,
    -0.02219083346426487,
    0.02360285259783268,
    -0.015156728215515614,
    0.04779621958732605,
    -0.026531346142292023,
    0.02051353082060814,
    -0.0588274784386158,
    0.03182853013277054,
    -0.09094443917274475,
    0.0017416373593732715,
    -0.09414120018482208,
    0.04435334727168083,
    -0.04680297523736954,
    0.001844885409809649,
    -0.024578044191002846,
    0.02403092570602894,
    -0.09496545791625977,
    -0.020924711599946022,
    0.048788152635097504,
    0.01903008110821247,
    0.01686861366033554,
    0.02453920990228653,
    -0.04398872330784798,
    0.04242726415395737,
    -0.00488243717700243,
    -0.03666326776146889,
    0.04742135480046272,
    -0.026707783341407776,
    -0.03436897695064545,
    0.010670983232557774,
    -0.005298949778079987,
    0.06883023679256439,
    -0.025698913261294365,
    -0.06053881719708443,
    -0.06110218167304993,
    0.008570128120481968,
    0.013625090010464191,
    -0.12053526937961578,
    -0.026368452236056328,
    0.047912295907735825,
    0.027828393504023552,
    0.019049014896154404,
    -0.08799328655004501,
    0.029243767261505127,
    2.9691651434404776e-05,
    -0.007153477519750595,
    -0.04798165708780289,
    -0.02400416135787964,
    0.07247348129749298,
    -0.11815803498029709,
    0.05634443089365959,
    -0.06189549341797829,
    0.0452537015080452,
    -0.05615101009607315,
    -0.016597768291831017,
    -0.06486272066831589,
    0.00607168348506093,
    -0.027085458859801292,
    -0.03797020763158798,
    0.00043730257311835885,
    -0.038188494741916656,
    -0.02819661982357502,
    -0.032636430114507675,
    -0.038157593458890915,
    0.017917079851031303,
    -0.03292319178581238,
    -0.012825744226574898,
    0.08225327730178833,
    0.05065698176622391,
    0.020284123718738556,
    -0.10790522396564484,
    -0.13813146948814392,
    0.05205454304814339,
    -0.015362473204731941,
    0.01656322181224823,
    0.05090656131505966,
    0.05612427741289139,
    0.011236250400543213,
    -0.04843246936798096,
    -0.04927538335323334,
    -0.013966604135930538,
    -0.0712292417883873,
    -0.0366968996822834,
    -0.06497964262962341,
    -0.07242871820926666,
    1.6744299892929304e-32,
    -0.06952965259552002,
    0.013850144110620022,
    -0.05744234099984169,
    0.06702519208192825,
    0.0578216128051281,
    0.02207750454545021,
    0.0024551404640078545,
    -0.028988873586058617,
    -0.018714522942900658,
    0.024268224835395813,
    0.014240468852221966,
    0.03339901566505432,
    0.028001781553030014,
    -0.08628871291875839,
    -0.014456084929406643,
    0.05861498787999153,
    -0.03146059066057205,
    0.13080933690071106,
    0.05140374228358269,
    0.028216717764735222,
    0.08369151502847672,
    0.032398611307144165,
    -0.025249455124139786,
    0.03557047247886658,
    -0.030310235917568207,
    -0.0026288628578186035,
    0.008006173186004162,
    -0.002815471962094307,
    0.04749111086130142,
    0.009836355224251747,
    0.011895045638084412,
    0.043888840824365616,
    0.008759133517742157,
    -0.041999705135822296,
    0.12416291236877441,
    0.12342189997434616,
    -0.006757656577974558,
    -0.05559675395488739,
    0.052229564636945724,
    -0.05523090437054634,
    -0.029624901711940765,
    0.005157825071364641,
    0.01810188964009285,
    0.018416723236441612,
    0.010270093567669392,
    0.012657387182116508,
    0.003638124093413353,
    -0.051183972507715225,
    -0.016084467992186546,
    0.07535906881093979,
    -0.04521144554018974,
    -0.017924821004271507,
    -0.018033821135759354,
    -0.03137588128447533,
    0.009872217662632465,
    -0.017902305349707603,
    -0.09203112870454788,
    0.031619295477867126,
    -0.04902619868516922,
    0.04154675826430321,
    -0.006080819293856621,
    0.015298085287213326,
    -0.0035521769896149635,
    -0.033317435532808304,
    -0.026996608823537827,
    -0.15377390384674072,
    0.027708983048796654,
    -0.08007745444774628,
    0.06663744896650314,
    -0.048242393881082535,
    -0.049977660179138184,
    0.03593224659562111,
    -0.0014647226780653,
    -0.025368377566337585,
    -0.059020280838012695,
    0.02315637469291687,
    0.04527553170919418,
    -0.02964925579726696,
    0.023593038320541382,
    -0.036653075367212296,
    -0.025966184213757515,
    0.005167554132640362,
    0.006991132628172636,
    0.050414688885211945,
    -0.031270403414964676,
    -0.030941255390644073,
    -0.0050398558378219604,
    0.03767014667391777,
    -0.09244349598884583,
    -0.027829332277178764,
    0.047206487506628036,
    0.05242067575454712,
    -0.026930036023259163,
    0.019535064697265625,
    -0.019258907064795494,
    -1.7846043728181e-32,
    0.0006599635817110538,
    -0.060611333698034286,
    -0.08951039612293243,
    -0.001311040366999805,
    0.01982554793357849,
    -0.0014364233938977122,
    -0.011127268895506859,
    -0.06541896611452103,
    0.003883069846779108,
    -0.015218416228890419,
    -0.0320989266037941,
    -0.07622240483760834,
    0.002599057974293828,
    -0.014959965832531452,
    -0.07875899970531464,
    0.02026810497045517,
    -0.0662289410829544,
    -0.03719208762049675,
    -0.031461767852306366,
    0.0484817698597908,
    -0.015417220070958138,
    -0.016923509538173676,
    -0.030447330325841904,
    0.10432317852973938,
    0.05241018906235695,
    -0.002422515070065856,
    -0.07055455446243286,
    -0.012787680141627789,
    0.13170376420021057,
    0.001901030307635665,
    0.009774557314813137,
    -0.015817837789654732,
    -0.08199592679738998,
    -0.004636258352547884,
    -0.13544641435146332,
    -0.14387166500091553,
    0.0684455931186676,
    0.028095906600356102,
    0.005873608868569136,
    -0.019726738333702087,
    0.0869438499212265,
    0.04436436668038368,
    0.00815329235047102,
    -0.0071893613785505295,
    -0.03204391151666641,
    -0.030726518481969833,
    0.13506293296813965,
    -0.015735188499093056,
    0.030257796868681908,
    -0.03190840780735016,
    0.07974686473608017,
    -0.10964343696832657,
    0.021359246224164963,
    -0.011892305687069893,
    -0.044146038591861725,
    0.03427841514348984,
    -0.023373844102025032,
    -0.037987541407346725,
    -0.01815577782690525,
    0.04775329679250717,
    0.11702201515436172,
    0.06827321648597717,
    -0.10852397233247757,
    0.0754314437508583,
    -0.011702924966812134,
    -0.057363007217645645,
    -0.03921699523925781,
    -0.022430993616580963,
    -0.03238027170300484,
    -0.0522034578025341,
    -0.04883744195103645,
    -0.15441371500492096,
    -0.05286509171128273,
    -0.08183078467845917,
    0.020659370347857475,
    -0.03984986990690231,
    0.01788579858839512,
    -0.10237206518650055,
    -0.08416048437356949,
    0.035649385303258896,
    0.044982608407735825,
    0.009669645689427853,
    -0.12377859652042389,
    0.06823628395795822,
    0.04524911940097809,
    -0.0168311707675457,
    0.025046078488230705,
    0.035291966050863266,
    0.03515643998980522,
    0.05105032026767731,
    -0.021998200565576553,
    0.039426349103450775,
    -0.08179320394992828,
    0.029831156134605408,
    -0.07722069323062897,
    -5.3260460930459885e-08,
    -0.0394941121339798,
    0.009450625628232956,
    0.024514686316251755,
    -0.034507133066654205,
    -0.03015214204788208,
    -0.031094394624233246,
    0.00603388249874115,
    0.03857704624533653,
    -0.02073734998703003,
    0.004926649853587151,
    0.025869764387607574,
    0.05908225104212761,
    -0.06881054490804672,
    0.03984086215496063,
    0.04417454078793526,
    -0.007910906337201595,
    -0.04537435621023178,
    -0.07105496525764465,
    0.006075844168663025,
    0.10356416553258896,
    0.003901693969964981,
    -0.09831029921770096,
    -0.05232328921556473,
    0.03672534227371216,
    0.018116431310772896,
    0.021226195618510246,
    0.01732022687792778,
    0.08609902858734131,
    -0.010697990655899048,
    0.027207793667912483,
    -0.008487236686050892,
    0.04999694228172302,
    0.025325791910290718,
    0.041849877685308456,
    -0.07606356590986252,
    -0.015500971116125584,
    -0.013136888854205608,
    0.021714333444833755,
    0.06147802248597145,
    -0.01196977123618126,
    0.005534145515412092,
    -0.041930243372917175,
    0.020411275327205658,
    0.0749666690826416,
    0.010313463397324085,
    0.01976844295859337,
    0.03199584782123566,
    0.04786811023950577,
    -0.020383182913064957,
    -0.06619597226381302,
    -0.08299223333597183,
    0.0014870543964207172,
    0.04873986914753914,
    0.028936637565493584,
    0.0002185646299039945,
    0.10117974132299423,
    0.02886464260518551,
    0.10000713169574738,
    0.040737658739089966,
    -0.03770023211836815,
    0.07186077535152435,
    0.09426672756671906,
    0.01243562065064907,
    -0.03696900233626366
]