[
    -0.03474855422973633,
    0.06400704383850098,
    -0.012667114846408367,
    -0.04861164093017578,
    0.002512947889044881,
    0.08081691712141037,
    -0.013434037566184998,
    -0.033310823142528534,
    -0.02093302085995674,
    0.02319081872701645,
    0.04192021116614342,
    -0.01160617358982563,
    -0.03399147465825081,
    -0.053646981716156006,
    0.062340740114450455,
    -0.025048665702342987,
    0.010245906189084053,
    0.008575701154768467,
    -0.07303711771965027,
    0.08128224313259125,
    0.057907480746507645,
    0.09771173447370529,
    -0.0408567450940609,
    0.02989095449447632,
    -0.10439807176589966,
    -0.013287350535392761,
    -0.02399386651813984,
    -0.099240243434906,
    0.007226564455777407,
    -0.04613250866532326,
    0.08457111567258835,
    0.028466690331697464,
    0.035513415932655334,
    0.07881675660610199,
    -0.02196289226412773,
    -0.060087818652391434,
    0.03541030362248421,
    0.007731879595667124,
    -0.011248682625591755,
    -0.015712181106209755,
    -0.053277499973773956,
    -0.07107693701982498,
    -0.053364161401987076,
    0.02002866566181183,
    0.014455425553023815,
    0.02010117471218109,
    -0.05644630640745163,
    0.019117670133709908,
    -0.0014689472736790776,
    0.02697097137570381,
    -0.07490068674087524,
    -0.01817048154771328,
    -0.03316839784383774,
    0.06017700582742691,
    -0.004322812892496586,
    -0.06407735496759415,
    -0.07866938412189484,
    -0.023316117003560066,
    -0.08553466945886612,
    -0.010454571805894375,
    0.015197625383734703,
    0.008916040882468224,
    -0.0005482034757733345,
    0.060135021805763245,
    -0.05524023622274399,
    0.03965993598103523,
    0.004621284548193216,
    -0.007994381710886955,
    0.03424803912639618,
    -0.002738730516284704,
    -0.0816505029797554,
    -0.03462943434715271,
    0.011042100377380848,
    0.045491188764572144,
    0.007884377613663673,
    -0.021730544045567513,
    -0.031364575028419495,
    -0.0007392450934275985,
    0.07704278826713562,
    -0.11442404985427856,
    -0.02670385129749775,
    -0.012732726521790028,
    0.04825350269675255,
    0.057872943580150604,
    -0.07749594002962112,
    -0.019306696951389313,
    -0.0088382288813591,
    -0.024726899340748787,
    0.031812168657779694,
    -0.03339714556932449,
    0.02145560085773468,
    -0.044778503477573395,
    0.09486975520849228,
    -0.00012795504881069064,
    0.03763279691338539,
    -0.03837840259075165,
    -0.023642772808670998,
    -0.07114828377962112,
    0.005823835264891386,
    0.03522615134716034,
    -0.03517476096749306,
    -0.018094699829816818,
    -0.0215529203414917,
    0.020916659384965897,
    -0.05465131998062134,
    -0.060328468680381775,
    -0.020458901301026344,
    -0.03695770353078842,
    0.055477529764175415,
    0.09294615685939789,
    0.0086101945489645,
    0.007415466476231813,
    -0.05605931207537651,
    -0.16274642944335938,
    0.09229780733585358,
    -0.01561698131263256,
    -0.01838923804461956,
    0.0557120144367218,
    0.03934444859623909,
    -0.010870144702494144,
    -0.03847334906458855,
    -0.029455184936523438,
    -0.03142523393034935,
    -0.06623871624469757,
    -0.054117437452077866,
    -0.002725218655541539,
    -0.06071371212601662,
    1.7066182572279094e-32,
    -0.04831423982977867,
    -0.014913921244442463,
    0.02309461124241352,
    0.06000188738107681,
    0.03478512540459633,
    -0.0047635906375944614,
    -0.004399088677018881,
    -0.05571023002266884,
    -0.04902439936995506,
    0.019626617431640625,
    0.06953667849302292,
    0.01876639947295189,
    -0.012770346365869045,
    -0.013038965873420238,
    0.010583586990833282,
    0.05772673338651657,
    0.009127223864197731,
    0.08522017300128937,
    0.03293515369296074,
    0.03376360982656479,
    0.05937117710709572,
    -0.07839315384626389,
    0.007946010679006577,
    0.017658084630966187,
    -0.004632098600268364,
    0.01035856083035469,
    0.018752682954072952,
    -0.06425730884075165,
    0.07511664181947708,
    0.02688196487724781,
    0.02841242402791977,
    0.02702227048575878,
    0.030446235090494156,
    -0.10606055706739426,
    0.10861977189779282,
    0.08542105555534363,
    0.02073090896010399,
    -0.07214663922786713,
    0.05286657065153122,
    -0.06030939146876335,
    0.0018112723482772708,
    -0.015439623035490513,
    0.01819882169365883,
    0.03817284479737282,
    0.05718853697180748,
    0.026369525119662285,
    -0.05577148124575615,
    0.009236789308488369,
    0.019851092249155045,
    0.025369495153427124,
    -0.023403752595186234,
    0.037994541227817535,
    -0.010085240937769413,
    -0.050535738468170166,
    0.01138475351035595,
    -0.029249945655465126,
    -0.0919070839881897,
    0.052642080932855606,
    -0.0632009506225586,
    0.00813421793282032,
    0.00931529514491558,
    0.034396693110466,
    -0.01826394535601139,
    -0.05478641018271446,
    -0.060257282108068466,
    -0.09262214601039886,
    -0.028679508715867996,
    -0.05099940299987793,
    0.019093124195933342,
    0.008513180539011955,
    -0.023505575954914093,
    0.09491879492998123,
    -0.04745762422680855,
    0.03412004932761192,
    -0.021423712372779846,
    -0.03533591330051422,
    0.011462150141596794,
    -0.011063016019761562,
    0.042915988713502884,
    0.012994376942515373,
    -0.060449402779340744,
    0.006670109461992979,
    -0.005904274992644787,
    0.048269256949424744,
    -0.028582610189914703,
    0.018483826890587807,
    0.05082445591688156,
    0.05921280384063721,
    -0.013903164304792881,
    -0.016154760494828224,
    0.0037808737251907587,
    0.048698682337999344,
    0.037191733717918396,
    0.03357585519552231,
    -0.07474576681852341,
    -1.9172699305679342e-32,
    -0.08025921881198883,
    -0.04810654744505882,
    -0.10975226014852524,
    0.021530507132411003,
    0.05883236974477768,
    -0.0009685785043984652,
    -0.026970820501446724,
    -0.06891640275716782,
    0.09852233529090881,
    0.04104967042803764,
    0.017455490306019783,
    -0.07205452769994736,
    -0.009062878787517548,
    0.009168731980025768,
    -0.029212933033704758,
    0.03261827304959297,
    -0.021318191662430763,
    -0.05179630592465401,
    -0.08505043387413025,
    0.11639236658811569,
    -0.04440059885382652,
    -0.009610933251678944,
    -0.04281632602214813,
    0.12698650360107422,
    0.029182201251387596,
    0.04698444902896881,
    -0.03853300213813782,
    0.036968450993299484,
    0.08859719336032867,
    -0.0446966290473938,
    -0.02494954876601696,
    0.03345567733049393,
    -0.08691410720348358,
    -0.020534705370664597,
    -0.13315905630588531,
    -0.15002349019050598,
    0.1022375226020813,
    -0.030295947566628456,
    -0.0120581379160285,
    -0.05248731002211571,
    0.09549126774072647,
    0.009677293710410595,
    -0.011043436825275421,
    0.001943665207363665,
    -0.025237012654542923,
    -0.02864818088710308,
    0.044928401708602905,
    -0.008020232431590557,
    -0.01164163276553154,
    0.003347455756738782,
    0.07978840172290802,
    -0.048557210713624954,
    -0.012126285582780838,
    0.009649975225329399,
    -0.06393852084875107,
    0.04194850102066994,
    -0.050141591578722,
    -0.03533036634325981,
    -0.04800776392221451,
    -0.01747848466038704,
    0.06497549265623093,
    0.04720206558704376,
    -0.13673441112041473,
    0.09622018039226532,
    0.02440451830625534,
    -0.054928481578826904,
    -0.01803351566195488,
    -0.0184934064745903,
    -0.014127119444310665,
    -0.12529146671295166,
    -0.07693415135145187,
    -0.10996517539024353,
    -0.08143328875303268,
    -0.10985735803842545,
    0.05241209641098976,
    -0.033450059592723846,
    -0.024357277899980545,
    -0.0568784736096859,
    -0.0724775418639183,
    0.025464972481131554,
    0.06631428748369217,
    -0.023592906072735786,
    -0.07376764714717865,
    0.0057868389412760735,
    0.014234088361263275,
    -0.011991936713457108,
    0.047178495675325394,
    -0.03890315443277359,
    -0.02360752783715725,
    0.08227773010730743,
    -0.06985463947057724,
    0.0024798561353236437,
    -0.07272425293922424,
    0.06493470072746277,
    -0.03089652583003044,
    -5.567585503740702e-08,
    0.06395258009433746,
    0.02439589612185955,
    0.019248150289058685,
    0.0015167136443778872,
    -0.0021450023632496595,
    -0.010017326101660728,
    -0.036709919571876526,
    -0.03431962430477142,
    0.007313181180506945,
    -0.015089385211467743,
    0.010935579426586628,
    0.06377298384904861,
    -0.02242511883378029,
    0.01377112977206707,
    0.03938375785946846,
    -0.06214776635169983,
    -0.08071678876876831,
    -0.06565272808074951,
    -0.05649810656905174,
    -0.003771737450733781,
    -0.03228398412466049,
    -0.061008986085653305,
    -0.02781333215534687,
    0.01651468500494957,
    0.012904354371130466,
    0.02041211538016796,
    0.019421173259615898,
    0.017523275688290596,
    0.04847441613674164,
    0.05263880267739296,
    -0.02452840842306614,
    0.03881090134382248,
    -0.018429409712553024,
    -0.0127079663798213,
    -0.0635463297367096,
    -0.037746362388134,
    0.011926308274269104,
    -0.02023811638355255,
    0.0644136294722557,
    0.005397466477006674,
    0.023365849629044533,
    0.03457013517618179,
    0.03671855852007866,
    0.08389498293399811,
    -0.006148548796772957,
    -0.01426665112376213,
    0.0025136317126452923,
    0.014463866129517555,
    0.03178621083498001,
    -0.12383665144443512,
    -0.06486721336841583,
    -0.02588585950434208,
    0.1485389769077301,
    0.014797749929130077,
    -0.046369634568691254,
    0.09017961472272873,
    0.03971783444285393,
    0.07925397157669067,
    -0.029373636469244957,
    -0.03888325393199921,
    0.15722960233688354,
    -0.009206796064972878,
    -0.002288196701556444,
    0.010125839151442051
]