[
    -0.04492158442735672,
    0.05302676931023598,
    -0.04086994379758835,
    -0.05766547843813896,
    -0.02798667922616005,
    0.05024231970310211,
    0.007005950435996056,
    -0.050897493958473206,
    0.0033464301377534866,
    -0.0045323665253818035,
    0.030331458896398544,
    -0.004503809381276369,
    -0.0221845842897892,
    -0.04216804355382919,
    0.04916907846927643,
    0.01514284685254097,
    0.019619330763816833,
    -0.0012444391613826156,
    -0.10536006838083267,
    0.09171660989522934,
    0.008937743492424488,
    0.06508009880781174,
    -0.028488552197813988,
    0.03822788596153259,
    -0.11202996224164963,
    -0.02980721928179264,
    -0.026410220190882683,
    -0.0768110528588295,
    0.07039689272642136,
    -0.02161562442779541,
    0.06670903414487839,
    -0.01370522752404213,
    0.0499185286462307,
    0.09833289682865143,
    -0.0035456130281090736,
    -0.0443522110581398,
    0.016946740448474884,
    0.006086030043661594,
    -0.0630440041422844,
    0.005775213707238436,
    -0.06025421619415283,
    -0.059450868517160416,
    -0.06901144981384277,
    0.050832219421863556,
    -0.009890520945191383,
    0.034221209585666656,
    -0.011686008423566818,
    0.006873648148030043,
    -0.019663698971271515,
    0.02195984311401844,
    -0.07395759224891663,
    -0.03780130669474602,
    -0.06037084013223648,
    0.04564893990755081,
    -0.0703476294875145,
    -0.012799441814422607,
    -0.02449919283390045,
    0.01160613726824522,
    -0.060349661856889725,
    0.0036588225048035383,
    0.002971748821437359,
    -0.01676892302930355,
    0.011838112026453018,
    0.054959140717983246,
    -0.007163089234381914,
    0.06952632963657379,
    -0.01933196559548378,
    -0.05900853872299194,
    0.02145431376993656,
    0.0010345194023102522,
    -0.08790107071399689,
    -0.03422892466187477,
    0.0038010315038263798,
    0.058026328682899475,
    0.01529020257294178,
    -0.022085784003138542,
    -0.053865816444158554,
    0.03948406130075455,
    0.0804392471909523,
    -0.12108945101499557,
    -0.050742462277412415,
    0.03754197806119919,
    0.014020374976098537,
    0.04833221808075905,
    -0.061360571533441544,
    0.0021341608371585608,
    -0.0006663338281214237,
    -0.024827830493450165,
    -0.002808498917147517,
    0.0038767503574490547,
    0.06088075414299965,
    -0.0413154773414135,
    0.07582622021436691,
    -0.0712689682841301,
    0.0627368837594986,
    -0.039933428168296814,
    -0.01097744982689619,
    -0.07642249017953873,
    -0.008137895725667477,
    -0.029314741492271423,
    -0.015216169878840446,
    -0.005561153870075941,
    -0.03175657242536545,
    0.0370325967669487,
    -0.03544659912586212,
    -0.03616843745112419,
    0.014589383266866207,
    -0.03717832267284393,
    0.014348060823976994,
    0.08731912821531296,
    0.030002471059560776,
    -0.004438657779246569,
    -0.10641520470380783,
    -0.10148368030786514,
    0.05686371028423309,
    -0.01957235485315323,
    -0.061156392097473145,
    0.09810904413461685,
    0.026640422642230988,
    -0.012451749294996262,
    -0.06317096203565598,
    -0.03918427973985672,
    -0.00607653521001339,
    -0.08523164689540863,
    -0.0426168330013752,
    0.012488321401178837,
    -0.09193448722362518,
    1.759610718057329e-32,
    -0.056946080178022385,
    0.0005330139538273215,
    -0.0717352032661438,
    0.03409989923238754,
    0.021872058510780334,
    -0.015576404519379139,
    -0.02938181906938553,
    -0.02258244901895523,
    -0.10457763075828552,
    0.03472312539815903,
    0.01912180706858635,
    0.05184471607208252,
    0.02499929629266262,
    -0.020501282066106796,
    -0.0020558417309075594,
    0.0626382902264595,
    -0.01830635778605938,
    0.1039051041007042,
    0.03707997873425484,
    0.04352521896362305,
    0.07435870170593262,
    -0.0010568207362666726,
    0.0012659636558964849,
    0.0017283468041568995,
    -0.0069160182029008865,
    0.006846466567367315,
    0.006116413976997137,
    -0.02759980969130993,
    0.0640658512711525,
    0.007519775070250034,
    0.012018878944218159,
    0.0028880059253424406,
    0.034913331270217896,
    -0.05074964836239815,
    0.089740090072155,
    0.12970979511737823,
    0.05661369487643242,
    -0.07621078938245773,
    0.08936478942632675,
    -0.036945585161447525,
    -0.0022173230536282063,
    0.016983618959784508,
    0.05093822628259659,
    0.02870909310877323,
    0.012478258460760117,
    0.00131499907001853,
    -0.03893382102251053,
    0.011131408624351025,
    0.034888219088315964,
    0.06992795318365097,
    -0.05074821412563324,
    0.014118173159658909,
    0.0018648006953299046,
    -0.05920219048857689,
    -0.015718961134552956,
    -0.03372007980942726,
    -0.08375924080610275,
    0.05337987467646599,
    -0.05194389447569847,
    -0.012289763428270817,
    0.012137681245803833,
    0.05854954943060875,
    0.011379959061741829,
    0.007108503486961126,
    -0.04727497696876526,
    -0.08647049218416214,
    -0.03182101249694824,
    -0.07618849724531174,
    0.06410109996795654,
    -0.04807525873184204,
    -0.08289938420057297,
    0.06093074008822441,
    0.006063772831112146,
    0.008939792402088642,
    -0.042680542916059494,
    -0.029873428866267204,
    0.02389715425670147,
    -0.005187198054045439,
    0.030615447089076042,
    0.024968471378087997,
    -0.06864740699529648,
    0.025350751355290413,
    0.01540249865502119,
    0.04507371038198471,
    -0.0737253949046135,
    -0.027883198112249374,
    0.02383209764957428,
    0.08460626006126404,
    -0.041192736476659775,
    -0.02803049236536026,
    0.009647812694311142,
    0.013299842365086079,
    0.016846587881445885,
    0.04552362486720085,
    -0.06455215066671371,
    -1.8616978473856352e-32,
    -0.010657680220901966,
    -0.06328582018613815,
    -0.02235562354326248,
    0.0011713483836501837,
    0.08633097261190414,
    0.002694964874535799,
    -0.027631687000393867,
    -0.09186158329248428,
    0.05936136469244957,
    0.017584899440407753,
    0.05427931621670723,
    -0.06398022174835205,
    0.03912840411067009,
    -0.020513905212283134,
    -0.03621111065149307,
    0.0022184078115969896,
    -0.06471318751573563,
    -0.03483733534812927,
    -0.027748193591833115,
    0.05107448250055313,
    -0.003373619168996811,
    0.0006479726289398968,
    0.0017686033388599753,
    0.12778082489967346,
    0.041370172053575516,
    0.009268601424992085,
    -0.03371118754148483,
    -0.022288711741566658,
    0.11698965728282928,
    -0.04533689096570015,
    -0.030999699607491493,
    -0.016862956807017326,
    -0.08538385480642319,
    0.0013671634951606393,
    -0.11856522411108017,
    -0.14382225275039673,
    0.07639498263597488,
    -0.007595323026180267,
    -0.017522891983389854,
    -0.05433044955134392,
    0.06096595153212547,
    0.041395097970962524,
    -0.04740004241466522,
    0.014505262486636639,
    -0.013322603888809681,
    -0.03485512360930443,
    0.04671352729201317,
    -0.02690538950264454,
    -0.007044235710054636,
    -0.031514547765254974,
    0.04184706509113312,
    -0.05070584639906883,
    0.03918735682964325,
    0.00022062979405745864,
    -0.04362887516617775,
    0.05791059508919716,
    0.08535785228013992,
    -0.02384589985013008,
    0.0001883150398498401,
    0.012370169162750244,
    0.07092127203941345,
    0.049694955348968506,
    -0.107111856341362,
    0.11106245219707489,
    0.023516809567809105,
    -0.060243912041187286,
    -0.03975395858287811,
    -0.03315158933401108,
    -0.052529480308294296,
    -0.04509548470377922,
    -0.04640919342637062,
    -0.15716895461082458,
    -0.04038006439805031,
    -0.08858881145715714,
    0.04238123819231987,
    -0.052566710859537125,
    -0.016723286360502243,
    -0.08503956347703934,
    -0.10516763478517532,
    0.029772987589240074,
    0.10237006098031998,
    -0.017662938684225082,
    -0.04273024573922157,
    0.0439535491168499,
    0.037505827844142914,
    0.019467061385512352,
    0.09265364706516266,
    -0.030714280903339386,
    -0.014352358877658844,
    0.07411865890026093,
    -0.04058501124382019,
    -0.046345118433237076,
    -0.11285770684480667,
    0.051801227033138275,
    -0.0698714628815651,
    -5.466640473628104e-08,
    0.022096242755651474,
    0.01873648539185524,
    -0.00560764828696847,
    -0.014955530874431133,
    -0.009016405791044235,
    -0.027072833850979805,
    -0.046810563653707504,
    -0.022503897547721863,
    -0.026078257709741592,
    -0.03735142573714256,
    0.0579037107527256,
    0.0476936474442482,
    -0.05087744817137718,
    0.006309341639280319,
    0.06329405307769775,
    -0.0003457090933807194,
    -0.08308538794517517,
    -0.07272528111934662,
    -0.0076408893801271915,
    0.06695844978094101,
    -0.05656077712774277,
    -0.06859475374221802,
    -0.06525630503892899,
    -0.012635277584195137,
    0.05810366943478584,
    0.057597797363996506,
    -0.016330797225236893,
    0.12189443409442902,
    0.02196854166686535,
    0.0621316023170948,
    -0.027479005977511406,
    0.03337116166949272,
    0.020820939913392067,
    0.018057335168123245,
    -0.08539038896560669,
    -0.04854040592908859,
    0.016581986099481583,
    -0.0007031416171230376,
    0.05029251426458359,
    -0.04990222677588463,
    0.014545166864991188,
    0.0475071482360363,
    0.030761662870645523,
    0.07707192003726959,
    -0.005076540634036064,
    0.015836039558053017,
    0.00798360537737608,
    0.018396323546767235,
    0.025617988780140877,
    -0.027129529044032097,
    -0.019059132784605026,
    -0.03346202149987221,
    0.11539885401725769,
    0.03723680227994919,
    0.0019015856087207794,
    0.06641580909490585,
    0.03091132454574108,
    0.04154783859848976,
    -0.02753666788339615,
    -0.0475316159427166,
    0.15035013854503632,
    0.07410141825675964,
    0.03459671884775162,
    -0.06221244856715202
]