[
    -0.06340479850769043,
    0.0698065236210823,
    -0.003977958578616381,
    -0.057373806834220886,
    -0.05622804909944534,
    0.05166725069284439,
    -0.01766705885529518,
    -0.04268544539809227,
    0.028018280863761902,
    -0.020181970670819283,
    0.010613588616251945,
    -0.009272599592804909,
    -0.005463671404868364,
    -0.05352822318673134,
    0.08572600036859512,
    -0.021919265389442444,
    0.015772206708788872,
    -0.0021916667465120554,
    -0.09015664458274841,
    0.0996193140745163,
    0.022367699071764946,
    0.09513331204652786,
    -0.02102269046008587,
    0.01779729127883911,
    -0.11751729995012283,
    0.00828542560338974,
    -0.024873942136764526,
    -0.07761050015687943,
    0.01794545352458954,
    -0.02791156992316246,
    0.08036699146032333,
    0.014273004606366158,
    0.03899877145886421,
    0.08028976619243622,
    -0.032654330134391785,
    -0.007425955031067133,
    -0.03267480060458183,
    0.03498949483036995,
    -0.049652211368083954,
    0.03705610707402229,
    -0.04365267977118492,
    -0.05347558856010437,
    -0.07247838377952576,
    0.04450888931751251,
    0.006203903816640377,
    0.022856252267956734,
    -0.05374849587678909,
    0.022346142679452896,
    -0.012495364062488079,
    0.061724185943603516,
    -0.07979664951562881,
    -0.02081380784511566,
    -0.05926772579550743,
    0.09897249191999435,
    -0.027281558141112328,
    -0.025399306789040565,
    -0.06795304268598557,
    -0.008794724009931087,
    -0.08664674311876297,
    -0.030836530029773712,
    -0.02844392880797386,
    0.003924843389540911,
    0.002712543588131666,
    0.05896090716123581,
    -0.04574579373002052,
    0.06527985632419586,
    -0.018282635137438774,
    -0.01278410293161869,
    0.016645455732941628,
    0.02507234737277031,
    -0.11274571716785431,
    -0.003793823067098856,
    0.004416374955326319,
    0.06024835258722305,
    -0.017594482749700546,
    -0.008444958366453648,
    -0.015327864326536655,
    -0.00042188834049738944,
    0.0819244459271431,
    -0.13113950192928314,
    -0.06435985863208771,
    -0.029712868854403496,
    0.010525433346629143,
    0.05343154817819595,
    -0.034053150564432144,
    -0.019742688164114952,
    -0.02511066384613514,
    -0.017624253407120705,
    -0.025969890877604485,
    -0.06765158474445343,
    0.06305502355098724,
    -0.051388807594776154,
    0.07637274265289307,
    -0.03348460793495178,
    0.06769657135009766,
    -0.03623839467763901,
    -0.02475615218281746,
    -0.08045852184295654,
    -0.0007596719660796225,
    -0.00013131053128745407,
    -0.02133471518754959,
    -0.003709989134222269,
    0.00829288549721241,
    -0.017436804249882698,
    -0.030064351856708527,
    -0.06464419513940811,
    -0.015041252598166466,
    -0.03795469552278519,
    0.017419012263417244,
    0.07444150745868683,
    0.043874673545360565,
    -0.007336622569710016,
    -0.02726619504392147,
    -0.14030607044696808,
    0.05291363596916199,
    0.01800875924527645,
    -0.01843038573861122,
    0.0618276409804821,
    0.0544339157640934,
    0.006719755940139294,
    -0.05137166380882263,
    -0.0402558371424675,
    -0.019043628126382828,
    -0.09327085316181183,
    -0.04893536493182182,
    0.022523630410432816,
    -0.026265842840075493,
    2.0213742082022515e-32,
    -0.03558975085616112,
    -0.0056855217553675175,
    -0.05823938176035881,
    0.043147969990968704,
    0.028385059908032417,
    -0.009850554168224335,
    0.02563074417412281,
    -0.01971203275024891,
    -0.05421297624707222,
    0.035577770322561264,
    0.019803877919912338,
    0.008016271516680717,
    0.011810477823019028,
    -0.04100615903735161,
    -0.0307391919195652,
    0.04559538513422012,
    -0.023720137774944305,
    0.08174610882997513,
    -0.014132998883724213,
    0.07002110779285431,
    0.02695375680923462,
    -0.025741564109921455,
    0.010423281230032444,
    0.02242417074739933,
    -0.02595771849155426,
    -0.003663579933345318,
    0.010263722389936447,
    -0.03405125066637993,
    0.026174625381827354,
    9.495884114585351e-06,
    0.007530349772423506,
    0.042455341666936874,
    0.02450346015393734,
    -0.06157073751091957,
    0.06366008520126343,
    0.13302448391914368,
    0.029398545622825623,
    -0.06421612948179245,
    0.07794903963804245,
    -0.06366316974163055,
    -0.015341993421316147,
    -0.038930486887693405,
    0.052188973873853683,
    0.034791551530361176,
    0.0365135483443737,
    0.011744585819542408,
    -0.004434532951563597,
    -0.03471943736076355,
    -0.0004706663603428751,
    0.06708305329084396,
    -0.03087627701461315,
    -0.0032001687213778496,
    -0.016227375715970993,
    -0.016676221042871475,
    0.011156674474477768,
    -0.03362277150154114,
    -0.09024040400981903,
    0.041644398123025894,
    -0.05164879187941551,
    0.065951406955719,
    0.01190642174333334,
    0.029025599360466003,
    0.02918841876089573,
    -0.027172571048140526,
    -0.007738329004496336,
    -0.07464759796857834,
    -0.028299324214458466,
    -0.062183912843465805,
    0.030119476839900017,
    -0.012834420427680016,
    -0.01978270709514618,
    0.06749244779348373,
    -0.027167057618498802,
    0.017728392034769058,
    -0.02820833958685398,
    -0.03569509834051132,
    0.0020511073525995016,
    -0.011277378536760807,
    0.04984373599290848,
    0.013757990673184395,
    -0.0708421841263771,
    0.015932561829686165,
    0.0013905952218919992,
    0.08139172196388245,
    -0.000474888423923403,
    -0.028573472052812576,
    0.06180662661790848,
    0.06095486879348755,
    -0.07626187056303024,
    -0.0639520138502121,
    -0.00027635099831968546,
    0.04770391061902046,
    0.04460157826542854,
    0.030429532751441002,
    -0.006538752932101488,
    -2.094145390041813e-32,
    -0.027434704825282097,
    -0.057706382125616074,
    -0.06219618394970894,
    0.04864810034632683,
    0.07928050309419632,
    -0.03630002588033676,
    -0.015003206208348274,
    -0.0675525963306427,
    0.08534686267375946,
    0.05041338503360748,
    0.03840026631951332,
    -0.04477979987859726,
    -0.012945638038218021,
    -0.04525463655591011,
    -0.023404154926538467,
    -0.005124808754771948,
    -0.057244736701250076,
    -0.058397240936756134,
    -0.020948734134435654,
    0.07729803770780563,
    -0.003547580447047949,
    -0.03543611243367195,
    -0.04664989933371544,
    0.16407257318496704,
    0.05428539961576462,
    0.04592041298747063,
    -0.030241765081882477,
    -0.025226717814803123,
    0.09272468835115433,
    -0.07377346605062485,
    -0.07777813822031021,
    -0.04827217757701874,
    -0.03906255215406418,
    0.00795349758118391,
    -0.08294443041086197,
    -0.17395655810832977,
    0.07956015318632126,
    0.005394098814576864,
    -0.034533366560935974,
    -0.0366436168551445,
    0.1304570585489273,
    -0.017404979094862938,
    -0.03211955353617668,
    0.01787448301911354,
    -0.010009292513132095,
    -0.04132123664021492,
    0.08435910195112228,
    -0.00928520318120718,
    -0.01715610921382904,
    0.013181663118302822,
    0.061274830251932144,
    -0.05701166391372681,
    0.007674233056604862,
    0.028574833646416664,
    -0.07894302159547806,
    0.04724251851439476,
    -0.05399123206734657,
    -0.04284454509615898,
    -0.012551747262477875,
    -0.00957053154706955,
    0.08903320133686066,
    0.03919277340173721,
    -0.08210325241088867,
    0.06497033685445786,
    0.013575063087046146,
    -0.04513911157846451,
    -0.018207911401987076,
    -0.040337055921554565,
    -0.01957830600440502,
    -0.07960747927427292,
    -0.09872251749038696,
    -0.1053997129201889,
    -0.051028866320848465,
    -0.11375069618225098,
    0.10406000167131424,
    -0.07525341957807541,
    -0.03159989416599274,
    -0.08864879608154297,
    -0.07321931421756744,
    0.012221802957355976,
    0.07662252336740494,
    0.0011706817895174026,
    -0.05521728843450546,
    0.08717960119247437,
    0.002811178332194686,
    -0.011273949407041073,
    0.10009197145700455,
    -0.05814788118004799,
    -0.033309124410152435,
    0.0809093564748764,
    -0.03706442937254906,
    0.03140982240438461,
    -0.07036794722080231,
    0.07978277653455734,
    -0.08608350902795792,
    -5.932382052264984e-08,
    0.007750804536044598,
    0.05158466845750809,
    0.011997083202004433,
    -0.05745622515678406,
    0.0053614964708685875,
    -0.02498454786837101,
    -0.03654664382338524,
    -0.012435299344360828,
    -0.02197081223130226,
    -0.005446095950901508,
    0.06458967924118042,
    0.07347335666418076,
    -0.014656221494078636,
    -0.01706796884536743,
    0.05324340611696243,
    -0.04225001111626625,
    -0.09086237102746964,
    -0.059274669736623764,
    -0.0588097982108593,
    0.0026443174574524164,
    -0.044353775680065155,
    -0.04296009987592697,
    -0.03544405847787857,
    0.036977607756853104,
    0.03985241428017616,
    0.06674472242593765,
    -0.0016839175950735807,
    0.04208655655384064,
    0.0544981025159359,
    0.030585166066884995,
    -0.03149498999118805,
    0.016551315784454346,
    0.02217877469956875,
    0.003092152299359441,
    -0.07506613433361053,
    -0.049925945699214935,
    0.011094355955719948,
    -0.020192403346300125,
    0.062800332903862,
    -0.0060136765241622925,
    0.020992297679185867,
    0.022964054718613625,
    0.007055832538753748,
    0.08383527398109436,
    0.011275844648480415,
    -0.045385416597127914,
    -0.0066367886029183865,
    0.00970219261944294,
    0.004869997035712004,
    -0.09295373409986496,
    -0.04221516475081444,
    -0.0281691774725914,
    0.1320577710866928,
    -0.005527586210519075,
    -0.052425362169742584,
    0.08067680895328522,
    0.020129363983869553,
    0.044772468507289886,
    -0.02163705974817276,
    -0.01063559204339981,
    0.13129283487796783,
    0.05800320580601692,
    0.05314219370484352,
    0.00022873449779581279
]