[
    -0.05086950585246086,
    0.07640533149242401,
    -0.007198312785476446,
    -0.014932980760931969,
    0.015440461225807667,
    0.053997788578271866,
    -0.06633666157722473,
    -0.04112524911761284,
    0.029040060937404633,
    0.025671135634183884,
    0.03405410051345825,
    -0.030176201835274696,
    -0.005936192348599434,
    -0.012291393242776394,
    0.08381741493940353,
    0.003897648071870208,
    0.06698387861251831,
    0.0334961898624897,
    -0.09202808141708374,
    0.039841439574956894,
    0.033391740173101425,
    0.07336767017841339,
    -0.022114012390375137,
    -0.03017847053706646,
    -0.048257697373628616,
    0.012465975247323513,
    -0.024559497833251953,
    -0.09965219348669052,
    0.03955961391329765,
    -0.02112608775496483,
    0.09327956289052963,
    0.0431695282459259,
    0.02343800850212574,
    0.012407488189637661,
    0.01452619768679142,
    -0.004514077212661505,
    0.01673782244324684,
    0.03131629899144173,
    -0.00860160868614912,
    -0.0176427960395813,
    -0.02280578389763832,
    -0.01720341108739376,
    -0.04817557707428932,
    -0.00693480996415019,
    -0.01276824064552784,
    -0.019363345578312874,
    -0.07973648607730865,
    -0.036431267857551575,
    0.002646018983796239,
    0.015534588135778904,
    -0.03528718650341034,
    -0.07608269900083542,
    -0.029105352237820625,
    0.09080628305673599,
    -0.008221159689128399,
    -0.06124216690659523,
    -0.0733809769153595,
    -0.060918472707271576,
    -0.04037173464894295,
    -0.017818596214056015,
    0.0018979550804942846,
    -0.03388257324695587,
    -0.034784551709890366,
    0.017949271947145462,
    -0.06538645178079605,
    0.03554043546319008,
    0.040541231632232666,
    -0.05739613249897957,
    0.05325799807906151,
    -0.026100151240825653,
    -0.05439868941903114,
    0.03300931304693222,
    -0.007241951767355204,
    0.044372349977493286,
    0.015315993689000607,
    -9.692605817690492e-05,
    -0.0012101191096007824,
    -0.0021342758554965258,
    0.09206771850585938,
    -0.15996116399765015,
    -0.07335687428712845,
    0.04373925179243088,
    0.0281072985380888,
    0.039607975631952286,
    -0.04786064475774765,
    -0.038830507546663284,
    0.016417594626545906,
    0.011104978621006012,
    0.027098864316940308,
    -0.011936582624912262,
    0.024813396856188774,
    -0.02450300008058548,
    0.07358688861131668,
    -0.038876377046108246,
    0.09901993721723557,
    -0.07661232352256775,
    -0.014809293672442436,
    -0.11404967308044434,
    -0.007053754758089781,
    -0.016863346099853516,
    -0.019765177741646767,
    -0.012088555842638016,
    0.015138707123696804,
    0.09012916684150696,
    -0.032292913645505905,
    -0.04811611771583557,
    -0.024372633546590805,
    -0.0450577549636364,
    0.023167969658970833,
    0.12759694457054138,
    -0.0001811071706470102,
    1.0336928426113445e-05,
    0.004724606405943632,
    -0.06839893758296967,
    0.03874501213431358,
    -0.011198888532817364,
    0.043841514736413956,
    0.024978894740343094,
    0.011332464404404163,
    -0.02745063230395317,
    -0.06984555721282959,
    0.005861253477632999,
    -0.041244026273489,
    -0.057300131767988205,
    -0.02573063038289547,
    0.020641466602683067,
    -0.060496557503938675,
    2.0382172790080086e-32,
    -0.04597477242350578,
    -0.004289325792342424,
    -0.026499267667531967,
    0.051691826432943344,
    0.07007747888565063,
    0.0600297711789608,
    0.038618966937065125,
    -0.06345866620540619,
    -0.07019853591918945,
    0.02503064274787903,
    0.028659727424383163,
    -0.0298879723995924,
    0.02350996993482113,
    -0.06495311856269836,
    -0.05307844281196594,
    -0.01033241767436266,
    0.007301368750631809,
    0.07028988748788834,
    0.018143901601433754,
    0.07006430625915527,
    -0.008799420669674873,
    0.0643005445599556,
    -0.0023274458944797516,
    -0.0037769826594740152,
    -0.045295022428035736,
    -0.02539679780602455,
    0.04577169567346573,
    -0.02304290421307087,
    0.048466239124536514,
    0.002364788204431534,
    0.0012909843353554606,
    -0.014242940582334995,
    -0.026179153472185135,
    -0.08302288502454758,
    0.004751474130898714,
    0.11643321812152863,
    0.03247814252972603,
    -0.02270403318107128,
    0.041466124355793,
    -0.07773683220148087,
    -0.05948825180530548,
    -0.035628415644168854,
    0.0033034496009349823,
    0.04394689202308655,
    -0.005050454754382372,
    -0.016068538650870323,
    -0.018824603408575058,
    -0.06207168102264404,
    0.002830243669450283,
    0.06120456010103226,
    -0.05687578767538071,
    0.015572936274111271,
    -0.038307830691337585,
    -0.10697630047798157,
    -0.008905580267310143,
    0.009534806944429874,
    -0.12515951693058014,
    0.04283979907631874,
    -0.06565727293491364,
    0.003131565870717168,
    0.023560987785458565,
    -0.025247182697057724,
    -0.038987766951322556,
    -0.0190317090600729,
    0.0005495378863997757,
    -0.07571811228990555,
    -0.0010557683417573571,
    -0.07810769230127335,
    0.08477214723825455,
    -0.05037213861942291,
    -0.07260750979185104,
    0.0881839245557785,
    0.025828933343291283,
    -0.019424956291913986,
    0.0068152546882629395,
    -0.011055254377424717,
    0.05506205931305885,
    -0.057050906121730804,
    0.014298380352556705,
    -0.02104557491838932,
    -0.03892280161380768,
    0.03364779055118561,
    0.031970638781785965,
    0.08759721368551254,
    -0.0023951679468154907,
    -0.07875315099954605,
    -0.021887464448809624,
    0.09831441938877106,
    -0.0468309111893177,
    -0.05435841158032417,
    -0.05832580104470253,
    -0.035225678235292435,
    0.061733145266771317,
    0.03590909764170647,
    0.014523806981742382,
    -2.1725357287518927e-32,
    0.00445136521011591,
    -0.07823571562767029,
    -0.019223634153604507,
    -0.004250174853950739,
    0.08342099189758301,
    -0.033030085265636444,
    -0.052882738411426544,
    -0.08791472762823105,
    0.07984945923089981,
    -0.03648677468299866,
    -0.01880655437707901,
    -0.04986843839287758,
    0.0036334749311208725,
    0.01865086704492569,
    -0.044559650123119354,
    0.04705343768000603,
    -0.09429909288883209,
    -0.022952871397137642,
    -0.0035594238433986902,
    0.08778496831655502,
    -0.02073919214308262,
    0.03650877997279167,
    -0.05352942645549774,
    0.14352737367153168,
    0.07620885968208313,
    0.06560871750116348,
    -0.019647739827632904,
    -0.0002545783936511725,
    0.05804654583334923,
    0.01610376499593258,
    -0.02553233876824379,
    -0.06418716162443161,
    -0.01594102382659912,
    0.007196618244051933,
    -0.07092717289924622,
    -0.18116556107997894,
    0.008240342140197754,
    -0.0018318465445190668,
    -0.03630538284778595,
    -0.021828051656484604,
    0.08768750727176666,
    0.0025736999232321978,
    0.05732160061597824,
    0.021710356697440147,
    -0.023946208879351616,
    -0.0444570817053318,
    0.11423680931329727,
    -0.009938227012753487,
    -0.05599405616521835,
    0.01953439600765705,
    -0.013465051539242268,
    -0.029382945969700813,
    -0.01013409998267889,
    0.04265929386019707,
    -0.03644639626145363,
    0.0034973258152604103,
    0.05632317438721657,
    0.012304668314754963,
    0.0005447788862511516,
    -0.009516594931483269,
    0.11333981156349182,
    0.048741042613983154,
    -0.1148604080080986,
    0.004180912394076586,
    -0.025016173720359802,
    -0.030938489362597466,
    -0.11286590993404388,
    -0.07637527585029602,
    -0.006362645421177149,
    -0.025531630963087082,
    -0.03544825688004494,
    -0.07718241214752197,
    -0.010065576061606407,
    -0.1263040006160736,
    0.1518370509147644,
    -0.06001758202910423,
    0.02894141897559166,
    -0.06923722475767136,
    -0.09902171790599823,
    -0.005875680595636368,
    0.08953090757131577,
    -0.009116802364587784,
    -0.05534118786454201,
    0.01220539677888155,
    0.0036748554557561874,
    -0.039107147604227066,
    0.07882554084062576,
    -0.06432520598173141,
    -0.0017233391990885139,
    0.07217121124267578,
    -0.0045019169338047504,
    -0.01113331038504839,
    -0.042843110859394073,
    0.02518480084836483,
    -0.05034152418375015,
    -5.887004306259769e-08,
    0.04096589237451553,
    0.039850588887929916,
    -0.012714079581201077,
    -0.021609986200928688,
    0.007794528268277645,
    -0.04212329164147377,
    -0.02179752290248871,
    -0.033754076808691025,
    -0.011885173618793488,
    0.0083315409719944,
    0.02635207399725914,
    0.02654854580760002,
    0.0009473905665799975,
    -0.05386516824364662,
    0.05333703011274338,
    -0.06985340267419815,
    -0.07633109390735626,
    -0.05604482814669609,
    -0.03934971243143082,
    0.015759801492094994,
    -0.07828456908464432,
    -0.01154928095638752,
    -0.055307768285274506,
    0.06901045888662338,
    -0.03869378939270973,
    0.01193387620151043,
    0.016009792685508728,
    -0.010717787779867649,
    -0.0047259158454835415,
    0.059424031525850296,
    0.02070949412882328,
    0.05906926468014717,
    0.045433953404426575,
    -0.011812597513198853,
    -0.09109901636838913,
    -0.0668678879737854,
    0.00029566697776317596,
    0.02315625175833702,
    0.042953502386808395,
    -0.04722711816430092,
    0.028000466525554657,
    0.04648536816239357,
    -0.015685947611927986,
    0.047311026602983475,
    -0.005315579008311033,
    0.007776458747684956,
    0.018358899280428886,
    -0.006913621444255114,
    -0.0002421399112790823,
    -0.01461392268538475,
    -0.06195852905511856,
    -0.05436352640390396,
    0.12341431528329849,
    -0.027350053191184998,
    0.00903133675456047,
    0.1319083273410797,
    0.022931965067982674,
    0.02782628871500492,
    -0.03885173052549362,
    0.012056066654622555,
    0.1489630788564682,
    0.06419502943754196,
    0.06904314458370209,
    -0.016029177233576775
]