[
    -0.048204101622104645,
    0.05002906545996666,
    -0.006630588322877884,
    -0.042015425860881805,
    -0.05334984511137009,
    0.06076782941818237,
    -0.03548726439476013,
    -0.0471104197204113,
    0.026569252833724022,
    -0.013401046395301819,
    -0.011527909897267818,
    0.006184147205203772,
    -0.012101681903004646,
    -0.06224752217531204,
    0.0980934277176857,
    -0.020916374400258064,
    0.008826009929180145,
    0.009225266985595226,
    -0.08046690374612808,
    0.08802678436040878,
    -0.0004141195968259126,
    0.059422995895147324,
    -0.036380693316459656,
    -0.0006405507447198033,
    -0.08568394929170609,
    -0.0050814165733754635,
    -0.021200081333518028,
    -0.058655280619859695,
    0.026322385296225548,
    -0.04579940065741539,
    0.06486615538597107,
    0.03682228550314903,
    -0.0010539358481764793,
    0.0964389368891716,
    -0.0504203699529171,
    -0.010165953077375889,
    -0.03917810693383217,
    0.07602793723344803,
    -0.042157623916864395,
    0.03695390745997429,
    -0.029773445799946785,
    -0.0418231263756752,
    -0.0496954619884491,
    0.020921405404806137,
    0.03357012942433357,
    0.0072731738910079,
    -0.052623119205236435,
    -0.017598576843738556,
    0.026504360139369965,
    0.056882888078689575,
    -0.08876701444387436,
    -0.025516608729958534,
    -0.046333957463502884,
    0.10031729936599731,
    -0.0489160418510437,
    -0.019476989284157753,
    -0.026980165392160416,
    -0.02940775267779827,
    -0.10028479993343353,
    -0.013567839749157429,
    -0.019499659538269043,
    0.023556694388389587,
    0.007430883590131998,
    0.04942784085869789,
    -0.06506714969873428,
    0.04902567341923714,
    -0.011302647180855274,
    0.013007501140236855,
    0.004056349862366915,
    -0.0034171666484326124,
    -0.10585740953683853,
    -0.007100316230207682,
    0.028473392128944397,
    0.06197712942957878,
    -0.0011234298581257463,
    -0.02438238263130188,
    -0.015081600286066532,
    0.0009779068641364574,
    0.057107459753751755,
    -0.12385135889053345,
    -0.05247669667005539,
    -0.0015643795486539602,
    -0.021808093413710594,
    0.02026744745671749,
    -0.058600977063179016,
    -0.0035503460094332695,
    -0.02319212444126606,
    -0.020539380609989166,
    -0.03517681360244751,
    -0.07156811654567719,
    0.0666012093424797,
    -0.01423449907451868,
    0.10693807154893875,
    -0.09030123800039291,
    0.08172643184661865,
    -0.04516446217894554,
    -0.03912937268614769,
    -0.07805296778678894,
    0.03114263527095318,
    -0.02664962224662304,
    -0.02332884818315506,
    -0.0015979415038600564,
    0.05346545949578285,
    0.00342871667817235,
    -0.01988210715353489,
    -0.06563813984394073,
    -0.003589750500395894,
    -0.004489937797188759,
    0.02011864073574543,
    0.06778170168399811,
    0.05083462968468666,
    0.010798347182571888,
    -0.035124946385622025,
    -0.14997078478336334,
    0.018807385116815567,
    0.029812345281243324,
    -0.02034602127969265,
    0.05654005706310272,
    0.06478102505207062,
    0.03771186247467995,
    -0.06577212363481522,
    -0.0227504875510931,
    -0.03317232057452202,
    -0.07739759236574173,
    -0.05024082958698273,
    0.03282375633716583,
    -0.02774755284190178,
    2.0681562385026892e-32,
    -0.0323515385389328,
    -0.015036099590361118,
    -0.03284894675016403,
    0.047583021223545074,
    0.019838396459817886,
    0.009129553101956844,
    0.010740051046013832,
    -0.022749200463294983,
    -0.03764713183045387,
    0.03914736956357956,
    -0.0038434297312051058,
    0.014833315275609493,
    0.004022151231765747,
    -0.01586301065981388,
    -0.05740185081958771,
    0.03970792889595032,
    -0.01871996931731701,
    0.06862393021583557,
    -0.0555512011051178,
    0.09107252955436707,
    0.03998786583542824,
    -0.007359343580901623,
    -0.0011575742391869426,
    0.0251342561095953,
    -0.031131895259022713,
    0.0034356156829744577,
    0.002875563222914934,
    -0.018780944868922234,
    0.03299522399902344,
    -0.019993532449007034,
    -0.01889115571975708,
    0.021464424207806587,
    0.011312628164887428,
    -0.06813362240791321,
    0.07620295882225037,
    0.12954366207122803,
    0.016467593610286713,
    -0.03472470864653587,
    0.11100485920906067,
    -0.0660281628370285,
    -0.020784849300980568,
    -0.03934788703918457,
    0.051447946578264236,
    0.03639914467930794,
    0.036782827228307724,
    0.013663732446730137,
    0.01892532780766487,
    -0.024655167013406754,
    -0.0021682479418814182,
    0.027483591809868813,
    -0.008072628639638424,
    0.004590743221342564,
    -0.023931344971060753,
    -0.011893686838448048,
    0.024059293791651726,
    -0.01642649807035923,
    -0.07743582874536514,
    0.033036235719919205,
    -0.025377193465828896,
    0.08917709439992905,
    0.0033395111095160246,
    0.026019897311925888,
    0.01765747182071209,
    -0.03146221861243248,
    -0.006916131358593702,
    -0.06726965308189392,
    -0.03144346922636032,
    -0.05741701275110245,
    0.03226311877369881,
    0.003510301234200597,
    -0.027671733871102333,
    0.0689602941274643,
    -0.02169317938387394,
    0.03882506862282753,
    0.0007281641010195017,
    -0.049049053341150284,
    -0.014659810811281204,
    -0.029610060155391693,
    0.06535529345273972,
    0.01628456637263298,
    -0.04977758973836899,
    -0.0008086175075732172,
    0.002400629222393036,
    0.09833231568336487,
    -0.00887686014175415,
    -0.009760800749063492,
    0.035760339349508286,
    0.04235997796058655,
    -0.10607874393463135,
    -0.07564911991357803,
    0.0037957043386995792,
    0.046512823551893234,
    0.04763462767004967,
    0.03825359418988228,
    0.012924795038998127,
    -2.2206099212174718e-32,
    -0.03239516168832779,
    -0.06146184355020523,
    -0.05908100679516792,
    0.015711667016148567,
    0.08664663136005402,
    -0.02675427496433258,
    -0.003486288944259286,
    -0.07999038696289062,
    0.0665292963385582,
    0.05868392810225487,
    0.04351884871721268,
    -0.03569525107741356,
    -0.01659286767244339,
    -0.049955103546381,
    -0.03440498933196068,
    -0.0016985349357128143,
    -0.08564935624599457,
    -0.04378307983279228,
    -0.01704145409166813,
    0.12143120169639587,
    -0.014099061489105225,
    -0.03488267958164215,
    -0.042854566127061844,
    0.14649634063243866,
    0.06277557462453842,
    0.04851638525724411,
    -0.00014706054935231805,
    0.010683134198188782,
    0.11687310039997101,
    -0.06860705465078354,
    -0.08753152191638947,
    -0.04670213162899017,
    -0.047738343477249146,
    -0.028995554894208908,
    -0.10353023558855057,
    -0.17897449433803558,
    0.043964993208646774,
    -0.02830665372312069,
    -0.047702204436063766,
    -0.02654562145471573,
    0.1147625669836998,
    -0.04222467169165611,
    -0.013306724838912487,
    0.019476531073451042,
    -0.006959705613553524,
    -0.06740939617156982,
    0.05071498081088066,
    -0.0022468643728643656,
    -0.04940558597445488,
    0.018033958971500397,
    0.04486339911818504,
    -0.05030970275402069,
    -0.011117033660411835,
    0.0016613401239737868,
    -0.07324045151472092,
    0.06703078001737595,
    -0.010358422063291073,
    -0.05090286210179329,
    -0.0379677340388298,
    -0.048549752682447433,
    0.08468684554100037,
    0.03326181694865227,
    -0.07201132923364639,
    0.07790049910545349,
    0.012812304310500622,
    -0.0631377324461937,
    0.013502134941518307,
    -0.029790010303258896,
    -0.06108121573925018,
    -0.07721880078315735,
    -0.06200685352087021,
    -0.11345896124839783,
    -0.06175631657242775,
    -0.14981713891029358,
    0.09556310623884201,
    -0.03579834848642349,
    -0.012635541148483753,
    -0.08273986726999283,
    -0.06398924440145493,
    0.01723862811923027,
    0.05833163484930992,
    -0.0175443347543478,
    -0.03484673053026199,
    0.0827973261475563,
    -0.007879004813730717,
    0.014105553738772869,
    0.08719073235988617,
    -0.07519366592168808,
    -0.035506222397089005,
    0.08802388608455658,
    -0.057131700217723846,
    -0.01581893488764763,
    -0.05974004045128822,
    0.04229068011045456,
    -0.07280794531106949,
    -6.034331789805947e-08,
    -0.019565660506486893,
    0.05307998135685921,
    0.03323919698596001,
    -0.052014753222465515,
    0.0029921806417405605,
    -0.06779062747955322,
    -0.04512014612555504,
    0.01069364883005619,
    -0.03164860978722572,
    0.023014185950160027,
    0.04981899634003639,
    0.09641003608703613,
    -0.025909455493092537,
    -0.03515269607305527,
    0.051974691450595856,
    -0.03395518288016319,
    -0.07657508552074432,
    -0.04064121097326279,
    -0.059148505330085754,
    0.015564178116619587,
    -0.08287172764539719,
    -0.04987267032265663,
    -0.07209417223930359,
    0.030479397624731064,
    0.0339675135910511,
    0.07134795188903809,
    -0.015936369076371193,
    0.032651565968990326,
    0.0715717151761055,
    0.03459161892533302,
    -0.015045762993395329,
    -0.01537247747182846,
    0.03672878071665764,
    -0.003576621413230896,
    -0.04399601370096207,
    -0.05628373846411705,
    0.04780104011297226,
    -0.04416344314813614,
    0.028522714972496033,
    -0.027358278632164,
    0.019146300852298737,
    0.03434879332780838,
    0.009707695804536343,
    0.08155056834220886,
    0.015550837852060795,
    -0.03937731310725212,
    0.006770545616745949,
    0.0029418475460261106,
    0.016154663637280464,
    -0.07426968961954117,
    -0.02284630760550499,
    -0.04387452080845833,
    0.09816046804189682,
    -0.032474156469106674,
    -0.03183281049132347,
    0.09743044525384903,
    0.020726121962070465,
    0.05579792708158493,
    -0.012542929500341415,
    0.000770938815549016,
    0.11904149502515793,
    0.0324975848197937,
    0.04726684093475342,
    0.015970198437571526
]