[
    -0.09499800205230713,
    0.06398482620716095,
    -0.056007374078035355,
    -0.02130776457488537,
    -0.041995108127593994,
    0.08338393270969391,
    -0.03492137789726257,
    -0.062432847917079926,
    -0.0005855607450939715,
    -0.027710361406207085,
    -0.01354413852095604,
    0.02953150123357773,
    -0.043872181326150894,
    -0.038218941539525986,
    0.02297673188149929,
    -0.00013665540609508753,
    0.01788056455552578,
    0.04069214686751366,
    -0.07829752564430237,
    0.08040100336074829,
    0.05142780765891075,
    0.11775648593902588,
    -0.015679651871323586,
    0.0359543152153492,
    -0.06980308890342712,
    -0.004522767849266529,
    -0.013829926960170269,
    -0.07448101788759232,
    0.017162224277853966,
    -0.028112240135669708,
    0.004519747570157051,
    0.004174158908426762,
    0.03300388157367706,
    0.07032306492328644,
    -0.009552132338285446,
    -0.006930410396307707,
    -0.00014083142741583288,
    0.055535320192575455,
    -0.005583436228334904,
    0.02953571081161499,
    -0.01854492351412773,
    -0.04161316156387329,
    -0.028642993420362473,
    0.013410104438662529,
    -0.03232412412762642,
    0.01422792486846447,
    -0.030456019565463066,
    0.014504194259643555,
    -0.02481604926288128,
    0.016034966334700584,
    -0.09590654820203781,
    -0.047170575708150864,
    -0.019880183041095734,
    0.09438779950141907,
    -0.030222488567233086,
    -0.059147149324417114,
    0.021152429282665253,
    -0.02708877995610237,
    -0.085968017578125,
    0.034796249121427536,
    0.009049579501152039,
    0.024685794487595558,
    0.031357619911432266,
    0.0604531429708004,
    -0.06814645230770111,
    0.046667810529470444,
    -0.04031764715909958,
    -0.003557555377483368,
    0.01554164756089449,
    -0.009346175007522106,
    -0.07674006372690201,
    -0.061815157532691956,
    0.015128538012504578,
    0.04379903897643089,
    0.013803494162857533,
    0.010640030726790428,
    -0.006136452313512564,
    -0.02960498444736004,
    0.048723939806222916,
    -0.10858242958784103,
    -0.029286548495292664,
    0.015602066181600094,
    -0.017797794193029404,
    0.09063504636287689,
    -0.07544491440057755,
    -0.031455546617507935,
    0.026701927185058594,
    -0.011982484720647335,
    0.04105526953935623,
    -0.05393083393573761,
    0.046651776880025864,
    -0.04458086937665939,
    0.05107640475034714,
    -0.05435209348797798,
    0.05391410365700722,
    -0.03616267815232277,
    -0.03953859210014343,
    -0.02580036036670208,
    -0.012278036214411259,
    -0.013622166588902473,
    -0.014766302891075611,
    -0.010300494730472565,
    -0.04369230568408966,
    -0.010489700362086296,
    -0.04437883943319321,
    -0.0869666188955307,
    0.023307310417294502,
    -0.06308894604444504,
    -0.011063119396567345,
    0.055947087705135345,
    0.06253869086503983,
    0.07443737983703613,
    -0.05217170715332031,
    -0.14209093153476715,
    0.09424778819084167,
    0.030023816972970963,
    -0.02606152929365635,
    0.08286412060260773,
    -0.0030949164647608995,
    0.03051627241075039,
    -0.022375578060746193,
    -0.013036581687629223,
    -0.03887511417269707,
    -0.0497363917529583,
    -0.02218521758913994,
    -0.007271126843988895,
    -0.060249775648117065,
    1.5099858233893789e-32,
    0.002188354730606079,
    0.0056364815682172775,
    -0.013943739235401154,
    0.0154336579144001,
    0.09587153047323227,
    0.02281644195318222,
    0.02124607376754284,
    -0.03360408544540405,
    -0.024916350841522217,
    0.058907605707645416,
    0.04248394817113876,
    0.055282630026340485,
    -0.002499766182154417,
    -0.044830530881881714,
    -0.09171796590089798,
    0.08178826421499252,
    -0.029747620224952698,
    0.06596013158559799,
    -0.003724101698026061,
    0.03717099502682686,
    0.04464993625879288,
    -0.027363309636712074,
    0.0019136415794491768,
    0.07419499009847641,
    -0.06861358880996704,
    -0.004553845152258873,
    0.0027755331248044968,
    -0.03540617227554321,
    0.015148880891501904,
    0.015046766959130764,
    -0.005600571166723967,
    -0.004267876036465168,
    0.06530916690826416,
    -0.07174746692180634,
    0.058374036103487015,
    0.1423068642616272,
    -0.0013230195036157966,
    -0.0581611730158329,
    0.07200231403112411,
    -0.03209153935313225,
    -0.007194637320935726,
    0.026508156210184097,
    0.05508965626358986,
    7.946053665364161e-05,
    0.06202056258916855,
    -0.009130244143307209,
    -0.061605095863342285,
    -0.058091901242733,
    -0.0013415263965725899,
    0.04935266077518463,
    -0.008772059343755245,
    0.011771485209465027,
    0.039109162986278534,
    -0.04020555317401886,
    0.03900371491909027,
    -0.04222305119037628,
    -0.05100028216838837,
    0.05263485759496689,
    -0.036345016211271286,
    0.04475629702210426,
    0.019223535433411598,
    0.03811096027493477,
    0.004087388515472412,
    -0.04687042534351349,
    -0.04434705525636673,
    -0.08536030352115631,
    -0.033529095351696014,
    -0.06876625865697861,
    0.038537394255399704,
    -0.03587627410888672,
    -0.030252257362008095,
    0.08883608877658844,
    -0.00626470148563385,
    0.02296910062432289,
    -0.056554194539785385,
    0.005851117428392172,
    0.008663002401590347,
    -0.03485680744051933,
    0.06938719749450684,
    -0.0171026773750782,
    -0.06703991442918777,
    -0.020505575463175774,
    -0.014426279813051224,
    0.0739765614271164,
    -0.028869090601801872,
    -0.04798109456896782,
    0.024037383496761322,
    0.03477512672543526,
    -0.040882986038923264,
    -0.00145448197145015,
    -0.03690642863512039,
    0.036743152886629105,
    0.04353825002908707,
    -0.014162754639983177,
    -0.04708279296755791,
    -1.709098991118526e-32,
    -0.047083254903554916,
    -0.02518133446574211,
    -0.09253749996423721,
    0.015846388414502144,
    0.05935162305831909,
    -0.03849079832434654,
    -0.05013640969991684,
    -0.05019649490714073,
    0.04031847044825554,
    0.026324383914470673,
    -0.009269763715565205,
    -0.0699731707572937,
    -0.0481170117855072,
    -0.020988060161471367,
    -0.028459947556257248,
    -0.014531451277434826,
    -0.03318993002176285,
    -0.04644002765417099,
    -0.0418391115963459,
    0.08508981019258499,
    0.05179494246840477,
    0.05289490520954132,
    -0.02662918157875538,
    0.1453079879283905,
    0.023003600537776947,
    0.045490384101867676,
    0.01904522255063057,
    0.004250694997608662,
    0.11319002509117126,
    -0.028550809249281883,
    -0.019000256434082985,
    -0.007560429163277149,
    -0.07172470539808273,
    0.04322206228971481,
    -0.10913297533988953,
    -0.130903422832489,
    0.10406174510717392,
    -0.061976831406354904,
    -0.025914642959833145,
    -0.0789077952504158,
    0.1315031200647354,
    0.012005658820271492,
    -0.017039461061358452,
    -0.0074918256141245365,
    -0.019102701917290688,
    -0.10927113890647888,
    0.024863896891474724,
    -0.018784571439027786,
    0.022623270750045776,
    -0.04803182929754257,
    0.01993897743523121,
    -0.0890517383813858,
    -0.0009987950325012207,
    0.0785403698682785,
    -0.06415368616580963,
    0.002607709262520075,
    -0.020530646666884422,
    -0.02937941625714302,
    -0.003945793490856886,
    0.00764985429123044,
    0.07530990988016129,
    0.05269486829638481,
    -0.0858493223786354,
    0.056981559842824936,
    0.017616989091038704,
    -0.04874499514698982,
    -0.020351354032754898,
    -0.005241312552243471,
    -0.033047065138816833,
    -0.07458854466676712,
    -0.03480713441967964,
    -0.11212431639432907,
    -0.032675743103027344,
    -0.11068931967020035,
    0.037467848509550095,
    0.004761068616062403,
    -0.04121042415499687,
    -0.10703995823860168,
    -0.14365693926811218,
    0.012692933902144432,
    0.06309013068675995,
    -0.06893827766180038,
    -0.05113684758543968,
    0.06662534177303314,
    0.02556748501956463,
    0.03243018686771393,
    0.07187331467866898,
    -0.0047067939303815365,
    -0.005740399472415447,
    0.09223790466785431,
    -0.052523527294397354,
    -0.025631221011281013,
    -0.06574977934360504,
    0.026235293596982956,
    -0.0293562114238739,
    -5.1941118073273174e-08,
    -0.010791131295263767,
    0.044982392340898514,
    0.02455926313996315,
    -0.04755536839365959,
    -0.004345822148025036,
    -0.08245216310024261,
    -0.04236166179180145,
    0.024324189871549606,
    -0.004608284216374159,
    -0.012598101980984211,
    0.07232673466205597,
    0.01819203980267048,
    0.0006015383987687528,
    -0.008884180337190628,
    0.11877138912677765,
    -0.02464369311928749,
    -0.10071607679128647,
    -0.03160281106829643,
    -0.031196733936667442,
    -0.0038994750939309597,
    -0.0748150572180748,
    -0.020426560193300247,
    -0.07986678183078766,
    -0.002220733091235161,
    -0.03486283868551254,
    0.011230695992708206,
    -0.012925996445119381,
    0.05829945579171181,
    0.0222949031740427,
    0.07031881809234619,
    0.0074971397407352924,
    0.06218013912439346,
    0.08565736562013626,
    -0.003329799510538578,
    -0.08449629694223404,
    -0.07256967574357986,
    -0.015448707155883312,
    -0.04225396364927292,
    0.06117294356226921,
    -0.027067171409726143,
    -0.025343334302306175,
    0.020465422421693802,
    0.016041599214076996,
    0.08974602073431015,
    -0.008168360218405724,
    -0.05512479320168495,
    -0.015354608185589314,
    0.04004625603556633,
    0.019663946703076363,
    -0.06892773509025574,
    -0.0252021886408329,
    -0.02317674271762371,
    0.0999504029750824,
    -0.010450735688209534,
    -0.025021130219101906,
    0.11237530410289764,
    0.06363679468631744,
    0.06255362927913666,
    -0.05889040231704712,
    -0.03855765610933304,
    0.10909481346607208,
    0.013547403737902641,
    0.08913405984640121,
    -0.008407953195273876
]