[
    -0.05019985884428024,
    0.019893422722816467,
    -0.04779399558901787,
    -0.05911678820848465,
    -0.05914117768406868,
    0.08908248692750931,
    -0.003506699576973915,
    -0.08023633062839508,
    0.031107569113373756,
    -0.017265843227505684,
    0.006051721051335335,
    -0.029587004333734512,
    0.015438087284564972,
    -0.06681335717439651,
    0.10493151843547821,
    -0.01755727455019951,
    0.05645424500107765,
    0.039049696177244186,
    -0.09759055078029633,
    0.037043821066617966,
    0.007964418269693851,
    0.062050849199295044,
    -0.04928211495280266,
    -0.003482318250462413,
    -0.1076083555817604,
    -0.029811015352606773,
    -0.015127094462513924,
    -0.07226790487766266,
    0.0004502871597651392,
    -0.07560897618532181,
    0.026055283844470978,
    0.01119054015725851,
    0.0445697121322155,
    0.08729907870292664,
    0.025290988385677338,
    0.003292303066700697,
    -8.612261126472731e-07,
    0.03764866665005684,
    0.008422169834375381,
    0.00782562606036663,
    -0.06709074229001999,
    -0.07137008756399155,
    -0.05972868204116821,
    -0.005260017700493336,
    0.0038276410195976496,
    0.013165083713829517,
    -0.07745280861854553,
    -0.034279078245162964,
    0.01105788629502058,
    0.07150532305240631,
    -0.06482496112585068,
    -0.03573077544569969,
    -0.03796640411019325,
    0.11271683871746063,
    -0.08022142946720123,
    0.004294554702937603,
    -0.036913998425006866,
    -0.0030154231935739517,
    -0.08131405711174011,
    -0.018093977123498917,
    -0.02512519620358944,
    0.01866573467850685,
    0.025134142488241196,
    0.08681165426969528,
    -0.05764254927635193,
    0.044165823608636856,
    -0.02433226816356182,
    -0.011311927810311317,
    -0.028749410063028336,
    -0.02209087274968624,
    -0.0840056836605072,
    -0.027858290821313858,
    -0.030689002946019173,
    0.027930043637752533,
    0.001529358676634729,
    0.01812577061355114,
    -0.02394435741007328,
    0.014883412979543209,
    0.08908738940954208,
    -0.15229763090610504,
    -0.0380200557410717,
    0.02009790949523449,
    -0.017003025859594345,
    0.08506665378808975,
    -0.09131866693496704,
    -0.006856891326606274,
    -0.00555977551266551,
    -0.01342140045017004,
    0.0050790924578905106,
    -0.009341936558485031,
    0.04963534697890282,
    -0.05739174410700798,
    0.09837797284126282,
    -0.07311125099658966,
    0.06724468618631363,
    -0.03358956426382065,
    -0.03327549993991852,
    -0.057761091738939285,
    0.00907786563038826,
    -0.018871283158659935,
    -0.017074229195713997,
    0.024490095674991608,
    0.027235042303800583,
    0.010843518190085888,
    -0.04571009799838066,
    -0.04999762028455734,
    0.003194453427568078,
    -0.0015586804365739226,
    0.046628836542367935,
    0.045506108552217484,
    0.06317178159952164,
    0.017718391492962837,
    -0.08171716332435608,
    -0.14213939011096954,
    0.03627707064151764,
    -0.004479915834963322,
    -0.012986758723855019,
    0.05361781269311905,
    0.04234052821993828,
    -0.0010147574357688427,
    -0.025062555447220802,
    0.01747230812907219,
    -0.06784778088331223,
    -0.09108953177928925,
    -0.055190373212099075,
    0.017191443592309952,
    -0.05305445194244385,
    2.0142075130188757e-32,
    -0.012197739444673061,
    0.0009141925256699324,
    -0.02237890660762787,
    0.02806868590414524,
    0.03784190118312836,
    -0.015407467260956764,
    0.03242494910955429,
    -0.018405098468065262,
    -0.07394794374704361,
    0.049911756068468094,
    -0.029247434809803963,
    0.06801539659500122,
    -0.013272581622004509,
    -0.04440245404839516,
    -0.03675643354654312,
    0.04736979678273201,
    -0.0002449063758831471,
    0.09809260815382004,
    -0.008594334125518799,
    0.06778890639543533,
    0.012325040996074677,
    0.006133930757641792,
    0.008306052535772324,
    0.04034643992781639,
    -0.026429293677210808,
    -0.007440205197781324,
    0.01905282959342003,
    -0.01206543855369091,
    0.04838554561138153,
    0.010378900915384293,
    0.06255226582288742,
    0.01998858153820038,
    0.04502434656023979,
    -0.026646718382835388,
    0.07206007093191147,
    0.13003189861774445,
    0.03147505596280098,
    -0.042131952941417694,
    0.0835690125823021,
    -0.08212758600711823,
    -0.04516008868813515,
    -0.013411568477749825,
    0.05260177701711655,
    0.016294144093990326,
    0.03489179536700249,
    0.0029404168017208576,
    0.0040293787606060505,
    -0.01404875423759222,
    0.02966942824423313,
    0.05419594794511795,
    -0.03505946323275566,
    0.0017240718007087708,
    0.0009911091765388846,
    -0.02098771557211876,
    0.025668058544397354,
    -0.03816010430455208,
    -0.04604259505867958,
    0.04886167496442795,
    -0.05533534288406372,
    0.060003023594617844,
    -0.046145856380462646,
    0.04117420315742493,
    -0.014681230299174786,
    -0.005725756753236055,
    -0.033028509467840195,
    -0.06484761834144592,
    -0.03896496444940567,
    -0.040307387709617615,
    0.02787487767636776,
    -0.01094980537891388,
    -0.013564256019890308,
    0.06935825943946838,
    -0.010048032738268375,
    0.03674084693193436,
    -0.034557025879621506,
    -0.03157949447631836,
    -0.01897459849715233,
    -0.04805891960859299,
    0.051863327622413635,
    0.012556640431284904,
    -0.07413244247436523,
    0.021223613992333412,
    -2.049696740868967e-05,
    0.06640604138374329,
    -0.05377912521362305,
    0.020370803773403168,
    0.07639779150485992,
    0.009978699497878551,
    -0.04311002418398857,
    -0.035947658121585846,
    -0.01441883109509945,
    0.04033498838543892,
    0.04557768255472183,
    0.07074716687202454,
    -0.0006546814111061394,
    -2.0692415136620859e-32,
    -0.021353472024202347,
    -0.05034169927239418,
    -0.06024453416466713,
    0.03582392632961273,
    0.0707036554813385,
    -0.02366357110440731,
    -0.007548854686319828,
    -0.07012788206338882,
    0.04039449244737625,
    0.04901253059506416,
    0.03313670679926872,
    -0.03276994824409485,
    -0.04900741204619408,
    -0.02014552243053913,
    -0.010763093829154968,
    -0.031071186065673828,
    -0.039404552429914474,
    -0.03147336468100548,
    -0.015601107850670815,
    0.12090667337179184,
    -0.009143696166574955,
    -0.006164506543427706,
    0.02718505822122097,
    0.1490190625190735,
    0.046766720712184906,
    0.07120543718338013,
    -0.054118797183036804,
    -0.0179683119058609,
    0.10073854774236679,
    -0.058738790452480316,
    -0.03522196784615517,
    -0.029597613960504532,
    -0.04517514258623123,
    0.03853416070342064,
    -0.11047744750976562,
    -0.19463300704956055,
    0.047671206295490265,
    -0.05027798190712929,
    -0.0035823171492666006,
    -0.0771535187959671,
    0.097416952252388,
    -0.025091342628002167,
    -0.021150672808289528,
    0.0117324348539114,
    0.029944779351353645,
    -0.07611296325922012,
    0.08333709836006165,
    -0.054630279541015625,
    -0.021216193214058876,
    -0.008698723278939724,
    -0.0023018168285489082,
    -0.046021249145269394,
    -0.025567781180143356,
    0.035600561648607254,
    -0.04622785374522209,
    0.08096690475940704,
    0.011915773153305054,
    -0.025555822998285294,
    -0.038357269018888474,
    -0.03577772155404091,
    0.1004338338971138,
    0.057286541908979416,
    -0.021435605362057686,
    0.09376300871372223,
    0.04263361915946007,
    -0.03942277282476425,
    -0.0007844740175642073,
    -0.01724429987370968,
    -0.06308481097221375,
    -0.10663359612226486,
    -0.07814567536115646,
    -0.08651363104581833,
    -0.054106455296278,
    -0.11422134935855865,
    0.052723005414009094,
    -0.08402601629495621,
    -0.015177714638411999,
    -0.1314929723739624,
    -0.09201005846261978,
    0.011924308724701405,
    0.042173948138952255,
    -0.019364064559340477,
    -0.07770973443984985,
    0.0867357850074768,
    -0.014836364425718784,
    0.005621037911623716,
    0.10179576277732849,
    -0.06750204414129257,
    -0.0025294460356235504,
    0.10204558819532394,
    -0.10294848680496216,
    0.010075748898088932,
    -0.06124633923172951,
    0.048402465879917145,
    -0.07223102450370789,
    -5.6125681879848344e-08,
    -0.023176154121756554,
    0.07807902991771698,
    0.01182517595589161,
    -0.03164050728082657,
    -0.0181504525244236,
    -0.07234249264001846,
    -0.03674960881471634,
    0.010507134720683098,
    -0.01697867177426815,
    -0.029286853969097137,
    0.04312201216816902,
    0.0475938506424427,
    -0.022355517372488976,
    -0.008381722494959831,
    0.05980097874999046,
    -0.026219133287668228,
    -0.06040126830339432,
    -0.044508252292871475,
    -0.04449552670121193,
    0.023708248510956764,
    -0.04231930151581764,
    -0.024460535496473312,
    -0.021989013999700546,
    0.015255536884069443,
    0.010008479468524456,
    0.0490114763379097,
    -0.016449177637696266,
    0.02223355509340763,
    0.08145459741353989,
    0.034114014357328415,
    -0.02555673196911812,
    0.005316786468029022,
    0.0256025567650795,
    -0.04578471556305885,
    -0.0338946208357811,
    -0.04480475187301636,
    0.03972385823726654,
    -0.018530162051320076,
    0.0600648894906044,
    -0.0009227933478541672,
    -0.02634332701563835,
    0.03909578546881676,
    0.012921477667987347,
    0.09023470431566238,
    0.01596185378730297,
    -0.04684361070394516,
    -0.04291672632098198,
    0.034773122519254684,
    0.006836983375251293,
    -0.05181705579161644,
    -0.04339314624667168,
    -0.023258984088897705,
    0.08624830842018127,
    -0.018597804009914398,
    -0.04648466035723686,
    0.04837311431765556,
    0.05173048377037048,
    0.031886156648397446,
    -0.027050871402025223,
    0.006650416646152735,
    0.10720495879650116,
    0.0031744386069476604,
    0.06201503053307533,
    -0.020513378083705902
]