[
    -0.04775027930736542,
    0.07745920121669769,
    -0.020621974021196365,
    -0.043308958411216736,
    -0.05841429904103279,
    0.0719294622540474,
    0.0031838275026530027,
    0.010819638147950172,
    0.024644408375024796,
    0.023073775693774223,
    0.01977827213704586,
    -0.004644221160560846,
    -0.02037503756582737,
    -0.029501182958483696,
    0.05331385135650635,
    0.031586188822984695,
    0.02983008325099945,
    0.022825784981250763,
    -0.07653449475765228,
    0.1352056860923767,
    0.002417071722447872,
    0.06680771708488464,
    -0.06312551349401474,
    -0.010420185513794422,
    -0.10390574485063553,
    -0.02610148675739765,
    -0.02995312213897705,
    -0.09704237431287766,
    0.051552705466747284,
    -0.03949635475873947,
    0.03070368990302086,
    0.02522963285446167,
    0.07133801281452179,
    0.0783815011382103,
    0.014862271957099438,
    0.0011877439683303237,
    -0.06176367029547691,
    0.03320687264204025,
    -0.031698714941740036,
    -0.02663646824657917,
    -0.04880905896425247,
    -0.04588109999895096,
    -0.0009707516874186695,
    -0.012408553622663021,
    -0.02502615749835968,
    0.008106225170195103,
    -0.03169962391257286,
    -0.00888759270310402,
    -0.018234463408589363,
    -0.012864664196968079,
    -0.14398211240768433,
    -0.025783749297261238,
    -0.005532201379537582,
    0.09760240465402603,
    -0.02532636933028698,
    -0.011856566183269024,
    -0.024028098210692406,
    -0.02841836027801037,
    -0.1004859209060669,
    0.0008033482008613646,
    -0.0016340285073965788,
    0.016445692628622055,
    0.010540558025240898,
    0.023624368011951447,
    -0.025616321712732315,
    0.06481892615556717,
    -0.004204289522022009,
    -0.05813165754079819,
    0.048055097460746765,
    0.014877256006002426,
    -0.062402091920375824,
    -0.02283223532140255,
    -0.01020480040460825,
    0.04147838056087494,
    0.02292652800679207,
    -0.029951902106404305,
    -0.028055747970938683,
    -0.011193161830306053,
    0.10012340545654297,
    -0.11022806167602539,
    -0.07230274379253387,
    0.06493598967790604,
    0.00695462804287672,
    0.01769101247191429,
    -0.0505804680287838,
    -0.003112485632300377,
    0.01228875108063221,
    -0.016712265089154243,
    0.02408430725336075,
    0.00024202358326874673,
    0.07421742379665375,
    -0.06939365714788437,
    0.13282552361488342,
    -0.04672452062368393,
    0.053753338754177094,
    -0.021819034591317177,
    -0.02882237732410431,
    -0.09988955408334732,
    -0.024381961673498154,
    0.009259230457246304,
    -0.009942964650690556,
    -0.021176500245928764,
    -0.03542407974600792,
    0.01558317244052887,
    -0.006492224056273699,
    -0.06111404299736023,
    0.0015112599357962608,
    -0.07687769085168839,
    -0.00021627027308568358,
    0.041471462696790695,
    -0.0015862814616411924,
    -0.021276213228702545,
    -0.08047190308570862,
    -0.09392084926366806,
    0.04170744866132736,
    0.01915382221341133,
    -0.0289567019790411,
    0.09036465734243393,
    0.053110089153051376,
    -0.06368792057037354,
    -0.03627190738916397,
    -0.015058578923344612,
    -0.03671521320939064,
    -0.022997308522462845,
    -0.024813422933220863,
    0.006759353447705507,
    -0.08618771284818649,
    1.79361556557471e-32,
    -0.038736697286367416,
    -0.02869945950806141,
    -0.06512275338172913,
    -0.01647588238120079,
    -0.007421491667628288,
    -0.025821546092629433,
    0.005540948361158371,
    -0.046501804143190384,
    -0.01729711703956127,
    -0.007704983931034803,
    0.046691711992025375,
    0.04827633127570152,
    0.04815385118126869,
    -0.02486661821603775,
    -0.09856947511434555,
    0.031110337004065514,
    -0.05089888721704483,
    0.10305357724428177,
    -0.022444674745202065,
    0.062080349773168564,
    0.015190592966973782,
    0.039078038185834885,
    -0.014119639061391354,
    0.0420241542160511,
    -0.06831803917884827,
    -0.022341860458254814,
    0.004158114083111286,
    -0.008868006989359856,
    0.022160546854138374,
    -0.0008411597809754312,
    0.046033021062612534,
    0.009611646644771099,
    0.03598994389176369,
    -0.050925832241773605,
    0.08752527087926865,
    0.13017021119594574,
    0.019754014909267426,
    -0.0029841463547199965,
    0.06348055601119995,
    -0.05252707749605179,
    -0.05989140272140503,
    0.021903038024902344,
    0.052280671894550323,
    0.03021727129817009,
    0.03577866032719612,
    -0.016532493755221367,
    -0.056610800325870514,
    -0.06279467791318893,
    -0.034046024084091187,
    0.0668286681175232,
    -0.03495398163795471,
    0.021743817254900932,
    0.027324238792061806,
    -0.02124755084514618,
    -0.034879960119724274,
    -0.04027191549539566,
    -0.0591924749314785,
    0.07177364081144333,
    -0.04929520934820175,
    0.040486834943294525,
    0.04106852039694786,
    0.022355522960424423,
    -0.005139726679772139,
    -0.01890362612903118,
    -0.049892324954271317,
    -0.11378200352191925,
    -0.02207176759839058,
    -0.11479522287845612,
    0.044239599257707596,
    -0.05394656956195831,
    -0.07506684958934784,
    0.12505373358726501,
    0.04310585930943489,
    -0.011988545767962933,
    -0.06780347228050232,
    -0.038440436124801636,
    0.02992759831249714,
    0.006201978772878647,
    -0.011658253148198128,
    0.024782508611679077,
    -0.048752523958683014,
    0.03029787912964821,
    -0.008812913671135902,
    0.05004221200942993,
    -0.05313601344823837,
    -0.015040630474686623,
    0.0104904193431139,
    0.017151443287730217,
    -0.0518379807472229,
    -0.004265979398041964,
    0.0006005163304507732,
    0.011933029629290104,
    0.00393189350143075,
    0.056164711713790894,
    -0.01351898442953825,
    -1.96138491112315e-32,
    -0.029122671112418175,
    -0.06254391372203827,
    -0.013137584552168846,
    0.015684055164456367,
    0.08359028398990631,
    -0.021174591034650803,
    -0.026607343927025795,
    -0.09145753085613251,
    0.04437091574072838,
    0.014715401455760002,
    -0.03652302920818329,
    -0.07134195417165756,
    0.02780510112643242,
    0.022352997213602066,
    -0.04181376472115517,
    0.011848381720483303,
    -0.07084380835294724,
    -0.0751861184835434,
    -0.032691750675439835,
    0.07916983217000961,
    -0.00029146901215426624,
    0.07877995073795319,
    -0.010123206302523613,
    0.149953693151474,
    0.006568427663296461,
    0.05778297036886215,
    0.03813611716032028,
    -0.029015153646469116,
    0.07754339277744293,
    -0.06944026798009872,
    -0.020222308114171028,
    -0.03523242473602295,
    -0.08188614994287491,
    0.004144342616200447,
    -0.10779830068349838,
    -0.14430715143680573,
    0.05966439098119736,
    -0.023471323773264885,
    -0.03411038592457771,
    -0.04959900304675102,
    0.10384536534547806,
    0.05074724927544594,
    -0.00012444861931726336,
    -0.01870257593691349,
    0.018899403512477875,
    -0.04835212230682373,
    0.06657238304615021,
    -0.0461592860519886,
    0.01091973576694727,
    -0.008640936575829983,
    0.0052644032984972,
    -0.05772173032164574,
    0.035348907113075256,
    0.03960254043340683,
    -0.027573172003030777,
    0.001603403128683567,
    0.08045121282339096,
    -0.07122821360826492,
    -0.03202974423766136,
    0.012040759436786175,
    0.03954484686255455,
    0.06635233014822006,
    -0.07179014384746552,
    0.04778356850147247,
    -0.008228915743529797,
    -0.03913252428174019,
    -0.07145734131336212,
    -0.04408903792500496,
    -0.021311746910214424,
    -0.07690952718257904,
    -0.0627950057387352,
    -0.1293725073337555,
    -0.01643327623605728,
    -0.11912131309509277,
    0.0992157831788063,
    -0.021907206624746323,
    -0.028987942263484,
    -0.07096542418003082,
    -0.08325899392366409,
    0.007157084997743368,
    0.04607505351305008,
    -0.017700184136629105,
    -0.02397976443171501,
    0.03940486162900925,
    -0.016273463144898415,
    -0.016903923824429512,
    0.09163153171539307,
    -0.05166046693921089,
    0.015889788046479225,
    0.08218606561422348,
    -0.02524922974407673,
    0.03177739307284355,
    -0.05776078999042511,
    0.01571838930249214,
    -0.09599792212247849,
    -5.716090356600034e-08,
    0.022936630994081497,
    -0.008380473591387272,
    0.03209273889660835,
    -0.0048498958349227905,
    -0.008299708366394043,
    -0.052579499781131744,
    -0.01232040487229824,
    -0.02731083706021309,
    -0.04387505352497101,
    0.026603031903505325,
    0.022073982283473015,
    0.03175805136561394,
    -0.00306531460955739,
    -0.02398284152150154,
    0.08634212613105774,
    -0.06120852008461952,
    -0.07994005084037781,
    -0.041480518877506256,
    -0.06237853690981865,
    0.032881706953048706,
    -0.0694812536239624,
    -0.0536079965531826,
    -0.03256114572286606,
    0.009574242867529392,
    0.034394778311252594,
    0.04627982899546623,
    -0.04117163270711899,
    0.02690529264509678,
    -0.025724701583385468,
    0.028451496735215187,
    -0.0038159640971571207,
    0.1258404552936554,
    0.04679851979017258,
    0.004189911764115095,
    -0.047655120491981506,
    -0.04702012613415718,
    -0.003958350513130426,
    0.006818214897066355,
    0.04350681230425835,
    -0.0201578252017498,
    0.013256214559078217,
    0.040315549820661545,
    0.03099760040640831,
    0.09871913492679596,
    0.04711238294839859,
    -0.020645739510655403,
    -0.014610265381634235,
    -0.007202250882983208,
    0.02557721547782421,
    -0.07277674973011017,
    -0.004972995724529028,
    -0.016301527619361877,
    0.10251899063587189,
    0.016169056296348572,
    -0.008744915015995502,
    0.10423579066991806,
    0.08506829291582108,
    0.04920221120119095,
    -0.05209672823548317,
    -0.05690866336226463,
    0.13319750130176544,
    0.044819075614213943,
    0.026471929624676704,
    0.02129572443664074
]