[
    -0.03429567813873291,
    0.028794076293706894,
    -0.031427305191755295,
    -0.05467831715941429,
    -0.06415437161922455,
    0.07108419388532639,
    -0.02002236247062683,
    -0.06280025094747543,
    0.03576946631073952,
    -0.007622918579727411,
    -0.011503651738166809,
    -0.013291433453559875,
    0.011271324008703232,
    -0.02071933075785637,
    0.08868081867694855,
    -0.009492816403508186,
    0.04012444242835045,
    0.038117390125989914,
    -0.09095432609319687,
    0.05507194250822067,
    0.03798815608024597,
    0.05434039235115051,
    -0.05784991383552551,
    -0.02761058881878853,
    -0.10776637494564056,
    -0.05736085772514343,
    0.010620605200529099,
    -0.06316506862640381,
    0.00264169555157423,
    -0.07855183631181717,
    0.01109013520181179,
    0.03493728116154671,
    0.06162283942103386,
    0.06912621855735779,
    0.006795188412070274,
    0.005412048660218716,
    -0.01721038855612278,
    0.04806330427527428,
    0.003035282716155052,
    0.02079782821238041,
    -0.08946239948272705,
    -0.06639881432056427,
    -0.0396462008357048,
    0.01391403004527092,
    0.007430915720760822,
    0.006083641666918993,
    -0.06921883672475815,
    -0.06492405384778976,
    0.025599215179681778,
    0.06619291752576828,
    -0.05050560086965561,
    -0.019511189311742783,
    -0.032796841114759445,
    0.09529883414506912,
    -0.05706255882978439,
    -0.011906348168849945,
    -0.04255390539765358,
    -0.024596018716692924,
    -0.0983511358499527,
    0.006853862665593624,
    -0.007134552113711834,
    0.031884316354990005,
    0.017131194472312927,
    0.08530838042497635,
    -0.09532073885202408,
    0.068600594997406,
    -0.029785457998514175,
    -0.014314176514744759,
    -0.041150376200675964,
    -0.0026244239415973425,
    -0.10706062614917755,
    -0.023706525564193726,
    -0.049066491425037384,
    0.020279282703995705,
    0.0012808730825781822,
    0.030047116801142693,
    -0.015750177204608917,
    -0.004648652859032154,
    0.07596154510974884,
    -0.1712837666273117,
    -0.035742539912462234,
    0.04833705723285675,
    -0.02772897109389305,
    0.050760846585035324,
    -0.08723177760839462,
    0.005711994133889675,
    -0.007045576814562082,
    -0.019549386575818062,
    0.01524315308779478,
    -0.00475792121142149,
    0.039313629269599915,
    -0.05668462812900543,
    0.1023976281285286,
    -0.0919651985168457,
    0.05490293353796005,
    -0.03134049475193024,
    -0.03500602766871452,
    -0.04882904887199402,
    0.03350052982568741,
    -0.005277440883219242,
    -0.03872806951403618,
    0.027269035577774048,
    0.012128741480410099,
    0.018378116190433502,
    -0.05287087336182594,
    -0.04624103009700775,
    0.021497951820492744,
    -0.0026601834688335657,
    0.026922864839434624,
    0.05205314978957176,
    0.044714391231536865,
    0.037205908447504044,
    -0.051872946321964264,
    -0.17001596093177795,
    0.03892556205391884,
    0.0021523211617022753,
    -0.031625859439373016,
    0.055618517100811005,
    0.034649480134248734,
    0.015280993655323982,
    -0.029963595792651176,
    0.018579108640551567,
    -0.05086119845509529,
    -0.06644228100776672,
    -0.06104841083288193,
    0.016037646681070328,
    -0.049970611929893494,
    2.3447541734814013e-32,
    -0.0009781820699572563,
    -0.0016715897945687175,
    -0.022702038288116455,
    0.03405757620930672,
    0.05360424518585205,
    -0.004246378783136606,
    0.012932958081364632,
    -0.00042363718966953456,
    -0.07751145213842392,
    0.0893239825963974,
    0.015510423108935356,
    0.07098615914583206,
    -0.04459235817193985,
    -0.0425407700240612,
    -0.03759608045220375,
    0.03725322708487511,
    0.02785261906683445,
    0.10630324482917786,
    -0.024167567491531372,
    0.07554396986961365,
    -0.010308803990483284,
    -0.024365294724702835,
    0.00960609596222639,
    0.02861178107559681,
    -0.04302959144115448,
    0.005344877019524574,
    0.018808424472808838,
    -0.01052430272102356,
    0.0513836070895195,
    -0.0013400940224528313,
    0.03741665184497833,
    0.019187219440937042,
    0.048432543873786926,
    -0.040746722370386124,
    0.06125931814312935,
    0.12054791301488876,
    0.010874276980757713,
    -0.022414807230234146,
    0.07645848393440247,
    -0.06658659875392914,
    -0.06348215043544769,
    -0.018421286717057228,
    0.049277257174253464,
    -0.01775423064827919,
    0.021557418629527092,
    -0.01587790995836258,
    0.030274877324700356,
    -0.021383723244071007,
    0.039067015051841736,
    0.03836935758590698,
    -0.03242652490735054,
    0.03381458669900894,
    0.010599368251860142,
    -0.020000815391540527,
    0.01138597633689642,
    -0.03778484836220741,
    -0.03864321857690811,
    0.02966887317597866,
    -0.058277763426303864,
    0.07224375009536743,
    -0.060475923120975494,
    0.08443929255008698,
    -0.0115214167162776,
    -0.029149431735277176,
    -0.035355329513549805,
    -0.055975548923015594,
    -0.026440033689141273,
    -0.0585070364177227,
    0.03027990274131298,
    -0.028120946139097214,
    -0.021786605939269066,
    0.07648856937885284,
    -0.03244451805949211,
    0.02479119971394539,
    -0.0211867094039917,
    -0.03246068209409714,
    0.0027596077416092157,
    -0.03131524845957756,
    0.053741469979286194,
    -0.009464564733207226,
    -0.07254745066165924,
    -0.006025019567459822,
    0.022842934355139732,
    0.06821230053901672,
    -0.036802150309085846,
    0.01749318093061447,
    0.05971600487828255,
    0.015728872269392014,
    -0.05662677809596062,
    -0.0032598390243947506,
    -0.017782162874937057,
    0.0364702045917511,
    0.012983042746782303,
    0.08490405976772308,
    0.023609016090631485,
    -2.3798047701606326e-32,
    -0.016511444002389908,
    -0.03328545391559601,
    -0.05853230878710747,
    -0.021019157022237778,
    0.06654172390699387,
    -0.006841104943305254,
    -0.023099612444639206,
    -0.0842895656824112,
    0.03594433516263962,
    0.041074126958847046,
    0.045054297894239426,
    -0.03904978185892105,
    -0.04969286546111107,
    -0.027261316776275635,
    -0.011855057440698147,
    -0.03126086667180061,
    -0.07098042219877243,
    -0.03891017287969589,
    -0.02302081510424614,
    0.14282740652561188,
    -0.044451259076595306,
    0.017029231414198875,
    -0.000832214078400284,
    0.1419118195772171,
    0.06414292007684708,
    0.06816393882036209,
    -0.05624425411224365,
    0.021842649206519127,
    0.08817620575428009,
    -0.042085129767656326,
    -0.03846040368080139,
    -0.054669227451086044,
    -0.051303960382938385,
    -0.002478186273947358,
    -0.09764634072780609,
    -0.20355097949504852,
    0.007823115214705467,
    -0.024071764200925827,
    -0.010002212598919868,
    -0.0598687045276165,
    0.09874407202005386,
    -0.011634533293545246,
    -0.00975843146443367,
    0.02269102819263935,
    0.034464031457901,
    -0.09113294631242752,
    0.07349798828363419,
    -0.08671732246875763,
    0.015364482067525387,
    0.011495543643832207,
    0.01328254584223032,
    -0.03751577436923981,
    -0.02349909394979477,
    -0.008957931771874428,
    -0.029888607561588287,
    0.07840864360332489,
    0.00026217789854854345,
    -0.03453268110752106,
    -0.005783203989267349,
    -0.04304119944572449,
    0.07691904902458191,
    0.06201138719916344,
    -0.0019215606153011322,
    0.08926636725664139,
    0.04383870214223862,
    -0.04804030433297157,
    0.02409723587334156,
    -0.018115278333425522,
    -0.06090965494513512,
    -0.08660156279802322,
    -0.06288420408964157,
    -0.07342390716075897,
    -0.07129188627004623,
    -0.10270172357559204,
    0.08680932223796844,
    -0.04325899854302406,
    -0.0340813584625721,
    -0.1375463604927063,
    -0.08597133308649063,
    0.017640065401792526,
    0.01702640950679779,
    -0.018212974071502686,
    -0.0725960060954094,
    0.08803655207157135,
    -0.022837117314338684,
    -0.007226047571748495,
    0.0775434821844101,
    -0.03940128907561302,
    0.006908918730914593,
    0.0917123407125473,
    -0.06977292895317078,
    0.030356714501976967,
    -0.07919754087924957,
    0.03208249807357788,
    -0.09239572286605835,
    -6.225652526836711e-08,
    -0.05964655801653862,
    0.06561702489852905,
    0.01003655418753624,
    -0.05549105256795883,
    -0.0005046074511483312,
    -0.059781599789857864,
    0.011585992760956287,
    -0.013293644413352013,
    -0.02894940786063671,
    -0.029430679976940155,
    0.035170361399650574,
    0.05568432807922363,
    -0.021179867908358574,
    0.00957536417990923,
    0.07556044310331345,
    -0.009425732307136059,
    -0.06611140072345734,
    -0.049204740673303604,
    -0.05532073974609375,
    0.02471110224723816,
    -0.06134703382849693,
    -0.03972458839416504,
    -0.03341427072882652,
    0.023679044097661972,
    0.0038503282703459263,
    0.003524073865264654,
    -0.014026284217834473,
    0.03407462313771248,
    0.09447572380304337,
    0.05723728612065315,
    0.0015658005140721798,
    0.015437610447406769,
    0.0013036838499829173,
    -0.030552037060260773,
    -0.03325267508625984,
    -0.06076847389340401,
    0.0229515228420496,
    -0.02592652663588524,
    0.048769209533929825,
    0.03416438773274422,
    0.003019504016265273,
    0.029803354293107986,
    0.034739039838314056,
    0.10370290279388428,
    0.01728307083249092,
    -0.03579418361186981,
    -0.05027506873011589,
    0.019406169652938843,
    0.0032573766075074673,
    -0.07177206128835678,
    -0.05453368276357651,
    -0.03000686690211296,
    0.06525624543428421,
    -0.03231792896986008,
    -0.04162974655628204,
    0.05072936788201332,
    0.058552440255880356,
    0.06336650997400284,
    -0.01923224702477455,
    -0.02483123540878296,
    0.06776072829961777,
    0.029651150107383728,
    0.041308123618364334,
    -0.029018666595220566
]