[
    -0.05601660907268524,
    0.05004831776022911,
    -0.03976060822606087,
    -0.026577424257993698,
    -0.022298434749245644,
    0.09782348573207855,
    -0.0008428646833635867,
    -0.0032551384065300226,
    0.03629549965262413,
    -0.023044709116220474,
    0.020725732669234276,
    0.017706630751490593,
    -0.022415312007069588,
    -0.02748599462211132,
    0.11012065410614014,
    0.040263403207063675,
    0.06449414789676666,
    -0.0031564123928546906,
    -0.06352556496858597,
    0.12503665685653687,
    0.008264468982815742,
    0.08155618607997894,
    0.0012451725779101253,
    0.056866373866796494,
    -0.062286168336868286,
    0.038324985653162,
    -0.03316904604434967,
    -0.1166173592209816,
    0.009112405590713024,
    -0.008812107145786285,
    0.03412064164876938,
    0.055578965693712234,
    0.030345086008310318,
    0.07224752753973007,
    0.022744499146938324,
    -0.03566627576947212,
    -0.09678161144256592,
    0.10307785123586655,
    -0.007804041262716055,
    0.0390494130551815,
    -0.04755105823278427,
    -0.030804701149463654,
    -0.03250855952501297,
    0.0009086403879337013,
    -0.0228533037006855,
    -0.03766068443655968,
    -0.06974168866872787,
    0.004704619757831097,
    -0.02950550802052021,
    0.015622405335307121,
    -0.11546137183904648,
    -0.012545779347419739,
    -0.09534534811973572,
    0.07337448000907898,
    -0.03444008156657219,
    -0.018936384469270706,
    0.016047881916165352,
    0.07727282494306564,
    -0.1396985948085785,
    0.045681584626436234,
    0.02098454348742962,
    0.03659171238541603,
    -0.002293182536959648,
    0.016753466799855232,
    -0.004160954151302576,
    0.04845087602734566,
    -0.0255639236420393,
    0.0367857851088047,
    0.07370221614837646,
    -0.003390979254618287,
    -0.0883982926607132,
    0.02445215918123722,
    0.06096396595239639,
    0.04475224018096924,
    -0.02340099960565567,
    -0.02986111119389534,
    -0.002147190272808075,
    -0.00928723718971014,
    0.01743321679532528,
    -0.11582088470458984,
    -0.08909691125154495,
    -0.005947376135736704,
    0.03220303729176521,
    0.001100133522413671,
    -0.07763532549142838,
    -0.033791374415159225,
    -0.02434537000954151,
    -0.027413873001933098,
    -0.020791979506611824,
    -0.009595879353582859,
    0.020125018432736397,
    -0.07579181343317032,
    0.09039197117090225,
    -0.07026351988315582,
    0.03874512016773224,
    -0.043442945927381516,
    -0.089869424700737,
    -0.015817567706108093,
    0.04123980551958084,
    -0.02568545937538147,
    0.04217219352722168,
    0.0013386572245508432,
    0.0026149617042392492,
    0.05379972979426384,
    -0.028479691594839096,
    -0.013841030187904835,
    0.006646829657256603,
    -0.07997582107782364,
    -0.011796060018241405,
    0.01737595722079277,
    0.04809703677892685,
    0.02612796425819397,
    -0.0493960864841938,
    -0.07748204469680786,
    0.049409184604883194,
    -0.026035763323307037,
    -0.014578470028936863,
    0.09107226878404617,
    0.06611771881580353,
    0.03339749202132225,
    -0.04117561876773834,
    0.008693717420101166,
    0.012735838070511818,
    -0.027952836826443672,
    -0.09802974760532379,
    0.029533954337239265,
    -0.0832221582531929,
    1.5322014911255693e-32,
    -0.02912823297083378,
    -0.038327451795339584,
    -0.0987071543931961,
    0.02091863751411438,
    0.021452119573950768,
    0.031311456114053726,
    -0.014010416343808174,
    -0.030478594824671745,
    -0.05011541768908501,
    0.01956414058804512,
    0.050948966294527054,
    0.026146113872528076,
    0.06522916257381439,
    -0.0031005949713289738,
    -0.08751878142356873,
    0.022342467680573463,
    -0.014152711257338524,
    0.05867059901356697,
    0.058058708906173706,
    0.03662819787859917,
    0.07971105724573135,
    0.013015536591410637,
    0.023125488311052322,
    0.08058316260576248,
    -0.080621138215065,
    -0.023013195022940636,
    0.03353958949446678,
    -0.03206421062350273,
    0.018364932388067245,
    -0.011048437096178532,
    -0.009775242768228054,
    0.008134466595947742,
    0.07468561828136444,
    -0.05634773150086403,
    0.08929359167814255,
    0.1358700692653656,
    0.040658578276634216,
    -0.06645479798316956,
    0.12289167195558548,
    -0.06115049496293068,
    0.014116942882537842,
    0.006766811013221741,
    0.023136833682656288,
    0.005871176719665527,
    0.026901038363575935,
    0.05050409585237503,
    -0.07843629270792007,
    -0.04284946992993355,
    0.00699032424017787,
    0.02576315961778164,
    -0.03236657381057739,
    0.0015761223621666431,
    0.008202067576348782,
    -0.00045736937317997217,
    -0.011259415186941624,
    -0.037203963845968246,
    -0.08225306123495102,
    0.03690589964389801,
    -0.007632052525877953,
    0.052401863038539886,
    0.04209909215569496,
    0.08128374069929123,
    0.014828256331384182,
    -0.07202335447072983,
    -0.010386238805949688,
    -0.04603254422545433,
    -0.006942786742001772,
    -0.07929317653179169,
    0.04031042382121086,
    -0.06186438724398613,
    -0.11917485296726227,
    0.09643919765949249,
    0.047742024064064026,
    0.03081074170768261,
    0.01106377225369215,
    -0.0643550306558609,
    0.016178913414478302,
    -0.029955260455608368,
    0.003245742293074727,
    0.0064582801423966885,
    -0.037650175392627716,
    0.01848483271896839,
    -0.03404145687818527,
    0.05532589182257652,
    -0.04984361678361893,
    -0.01948324590921402,
    0.0006334153586067259,
    0.01592719554901123,
    -0.061272233724594116,
    -0.03550338000059128,
    -0.0023339837789535522,
    -0.010220673866569996,
    0.03327210247516632,
    0.027201233431696892,
    -0.019989771768450737,
    -1.6035866181887174e-32,
    -0.013063954189419746,
    -0.018608493730425835,
    -0.05966857448220253,
    0.024693990126252174,
    0.060122907161712646,
    0.009036372415721416,
    -0.045891910791397095,
    -0.08174413442611694,
    0.020450325682759285,
    0.01532676536589861,
    -0.03257803991436958,
    -0.03001788631081581,
    0.001836849027313292,
    -0.019123567268252373,
    -0.07875419408082962,
    0.005274910945445299,
    -0.06955204904079437,
    -0.028809161856770515,
    -0.04209171235561371,
    0.04224869981408119,
    -0.024537095800042152,
    0.012147193774580956,
    -0.043716173619031906,
    0.12025031447410583,
    0.06136742979288101,
    0.011185357347130775,
    -0.03055616095662117,
    -0.09095771610736847,
    0.1186499372124672,
    -0.004012707620859146,
    -0.021099815145134926,
    -0.028667166829109192,
    -0.07359430193901062,
    -0.05668875575065613,
    -0.10575328767299652,
    -0.11758624017238617,
    0.05851597711443901,
    -0.07861758023500443,
    -0.038609035313129425,
    -0.04173851013183594,
    0.06008010357618332,
    0.02017691358923912,
    -0.021963344886898994,
    -0.028118537738919258,
    -0.03666618466377258,
    -0.047697655856609344,
    0.0044400328770279884,
    0.01078868005424738,
    0.011771456338465214,
    -0.015554284676909447,
    0.047871846705675125,
    -0.07418746501207352,
    0.01675204560160637,
    -0.00833459384739399,
    -0.0617838092148304,
    -0.042222220450639725,
    0.027950700372457504,
    -0.03454989567399025,
    -0.05394833907485008,
    -0.05732443183660507,
    0.06309211254119873,
    0.07907605916261673,
    -0.09319236129522324,
    0.050326019525527954,
    0.04585244879126549,
    -0.07778164744377136,
    -0.03854163736104965,
    0.02498384565114975,
    -0.045161567628383636,
    -0.03573140129446983,
    -0.08329920470714569,
    -0.09252184629440308,
    0.027625227347016335,
    -0.06187522038817406,
    0.0985705778002739,
    0.028419921174645424,
    0.0008834291365928948,
    -0.1134667843580246,
    -0.10621287673711777,
    0.014879769645631313,
    0.06705859303474426,
    -0.05392822250723839,
    -0.021756809204816818,
    0.07476960122585297,
    0.010829831473529339,
    0.006476940121501684,
    0.05655694007873535,
    -0.033914852887392044,
    -0.013859786093235016,
    0.0815490335226059,
    -0.026943625882267952,
    -0.014735350385308266,
    -0.03214147686958313,
    0.03914351388812065,
    -0.016648590564727783,
    -4.789707830354928e-08,
    -0.008761636912822723,
    -0.00545367319136858,
    0.009185006842017174,
    0.0060853068716824055,
    -0.0042195492424070835,
    0.0050486852414906025,
    -0.009976754896342754,
    0.001822240767069161,
    -0.05279364809393883,
    -0.0003954365092795342,
    0.04531054571270943,
    -0.005361285526305437,
    -0.0559832789003849,
    -0.027814708650112152,
    0.0002630660601425916,
    -0.058374542742967606,
    -0.02852061577141285,
    -0.00017131988715846092,
    0.02764470875263214,
    0.029021117836236954,
    -0.07838283479213715,
    -0.048006411641836166,
    -0.07009869068861008,
    0.0013144169934093952,
    0.02853800542652607,
    0.05246032401919365,
    -0.02351432293653488,
    0.043756503611803055,
    -0.004652886185795069,
    0.021381404250860214,
    0.024177338927984238,
    0.018719593062996864,
    0.09625165909528732,
    -0.021541260182857513,
    -0.02152843028306961,
    -0.07734693586826324,
    0.007264047861099243,
    0.04300830140709877,
    0.04038587957620621,
    -0.00977344810962677,
    -0.02429388277232647,
    0.036510106176137924,
    0.027294093742966652,
    0.11160202324390411,
    0.007002187892794609,
    -0.04694007337093353,
    0.020491832867264748,
    -0.0114562027156353,
    -0.0015052638482302427,
    -0.05624675005674362,
    -0.041367318481206894,
    0.01578560657799244,
    0.0807097852230072,
    0.005200048442929983,
    0.002259884960949421,
    0.14608965814113617,
    0.11125342547893524,
    0.05688896402716637,
    -0.06255465000867844,
    -0.08284584432840347,
    0.09583166986703873,
    0.07042066752910614,
    0.008272319100797176,
    -0.011373987421393394
]