[
    0.01360483281314373,
    0.0620143860578537,
    -0.09259643405675888,
    -0.06159200891852379,
    -0.021700823679566383,
    0.02240615524351597,
    -0.08762376755475998,
    0.0294810701161623,
    -0.024222152307629585,
    0.07416565716266632,
    0.015893250703811646,
    0.033787183463573456,
    -0.05509975925087929,
    0.007787242531776428,
    0.07188424468040466,
    0.019805623218417168,
    -0.006665634457021952,
    0.009369541890919209,
    -0.009276514872908592,
    0.06388883292675018,
    0.009729900397360325,
    0.042203303426504135,
    0.045615531504154205,
    0.04556165263056755,
    -0.08812820911407471,
    -0.01684805192053318,
    -0.03677672520279884,
    -0.08256819099187851,
    0.06606931984424591,
    0.020159078761935234,
    0.03356333449482918,
    0.10289150476455688,
    0.030490295961499214,
    0.07708892971277237,
    0.018316030502319336,
    0.0019319532439112663,
    0.00640158262103796,
    0.05698046088218689,
    -0.016049940139055252,
    0.03724018484354019,
    -0.024840548634529114,
    -0.032581619918346405,
    -0.017040062695741653,
    0.005475934129208326,
    -0.0034057076554745436,
    -0.059988293796777725,
    -0.0306029561907053,
    -0.011810202151536942,
    -0.07308311015367508,
    0.0016226171283051372,
    -0.11670811474323273,
    -0.053578589111566544,
    -0.013068431988358498,
    0.026782458648085594,
    -0.020478423684835434,
    -0.06445039063692093,
    0.010805843397974968,
    0.018178118392825127,
    -0.03817369416356087,
    -0.0265266802161932,
    0.0871962234377861,
    0.03591121733188629,
    -0.09981366246938705,
    0.021430673077702522,
    -0.05002659931778908,
    0.035464685410261154,
    -0.0384526364505291,
    -0.011706361547112465,
    0.03678523376584053,
    -0.03897673264145851,
    -0.09464235603809357,
    -0.03119269199669361,
    0.019034873694181442,
    0.04407180845737457,
    -0.013492242433130741,
    -0.017570434138178825,
    -0.05771910399198532,
    0.03381689265370369,
    0.04874632507562637,
    -0.10869564116001129,
    -0.034789927303791046,
    0.004113817121833563,
    0.01266027707606554,
    0.05411498621106148,
    -0.07900536060333252,
    -0.0031628103461116552,
    0.005423782393336296,
    -0.008804741315543652,
    0.0027956089470535517,
    -0.002008172683417797,
    0.06603089720010757,
    -0.08888599276542664,
    0.0754711925983429,
    -0.05559413507580757,
    0.025011558085680008,
    -0.025645539164543152,
    0.008382774889469147,
    -0.08916148543357849,
    0.03528358414769173,
    -0.06003636494278908,
    0.06736313551664352,
    -0.01931479573249817,
    -0.05154881626367569,
    -0.05389515310525894,
    -0.036063630133867264,
    -0.038454800844192505,
    -0.014228190295398235,
    -0.018763558939099312,
    0.027391212061047554,
    0.018235070630908012,
    -0.011142008006572723,
    0.00986777525395155,
    -0.012555272318422794,
    -0.047612667083740234,
    0.0499468557536602,
    -0.013045722618699074,
    -0.04585479572415352,
    0.06502988189458847,
    0.008942442014813423,
    0.05856870114803314,
    -0.02906012162566185,
    0.0005337839247658849,
    -0.03660440444946289,
    -0.13581275939941406,
    0.009528478607535362,
    0.042275238782167435,
    -0.0618421845138073,
    1.3586469501295573e-32,
    -0.08833394199609756,
    -0.016340553760528564,
    -0.05778022110462189,
    0.07644049823284149,
    0.027057157829403877,
    0.0033872800413519144,
    0.06326255947351456,
    0.015699353069067,
    -0.07382794469594955,
    -0.011706320568919182,
    0.023574605584144592,
    0.016816681250929832,
    -0.046797048300504684,
    -0.011424167081713676,
    -0.04136258363723755,
    0.03909318521618843,
    -0.08148116618394852,
    0.01343136839568615,
    -0.03488456457853317,
    0.0058739641681313515,
    0.043433066457509995,
    -0.03969353437423706,
    0.021378392353653908,
    -0.02238047495484352,
    -0.07308530062437057,
    -0.00969535019248724,
    -0.0010436666198074818,
    -0.034865863621234894,
    -0.007119198329746723,
    0.022674081847071648,
    0.01600657030940056,
    0.06741881370544434,
    0.042000386863946915,
    -0.014926424250006676,
    0.05993528291583061,
    0.16859179735183716,
    0.061429474502801895,
    -0.06618017703294754,
    0.05756087601184845,
    0.01709667034447193,
    -0.04375728964805603,
    -0.021632501855492592,
    0.03223276883363724,
    -0.01137399859726429,
    0.07189638912677765,
    -0.02328883484005928,
    -0.04960712790489197,
    -0.05019009858369827,
    0.023726457729935646,
    0.027443163096904755,
    0.0006493180990219116,
    -0.007804675027728081,
    0.06268256902694702,
    -0.029849890619516373,
    0.01856548711657524,
    0.060568854212760925,
    -0.10048014670610428,
    0.04603438079357147,
    -0.07696958631277084,
    0.020681193098425865,
    0.02084747888147831,
    -0.007846653461456299,
    -0.02346620336174965,
    0.029305947944521904,
    -0.02262112870812416,
    -0.07651802152395248,
    0.00493039283901453,
    -0.06532442569732666,
    0.0040110936388373375,
    -0.007216210477054119,
    -0.03730461746454239,
    0.07634549587965012,
    0.0048938593827188015,
    0.03428584709763527,
    -0.05146758630871773,
    -0.05032063648104668,
    0.02727052941918373,
    0.018614517524838448,
    0.039344463497400284,
    -0.02757001295685768,
    -0.06773499399423599,
    0.033725887537002563,
    -0.02882750704884529,
    0.021914292126893997,
    -0.026828480884432793,
    0.0031155028846114874,
    0.01886613667011261,
    0.044065769761800766,
    -0.015700392425060272,
    -0.03750879317522049,
    0.02820846624672413,
    -0.04781360924243927,
    -0.029994282871484756,
    0.040405865758657455,
    0.0237437654286623,
    -1.6508604459381804e-32,
    0.03802444413304329,
    -0.033569034188985825,
    -0.04346564784646034,
    0.006956605706363916,
    0.10183679312467575,
    -0.0016014007851481438,
    -0.06846321374177933,
    -0.1011287197470665,
    0.05100501328706741,
    -0.026042910292744637,
    0.013733040541410446,
    -0.05653366073966026,
    0.02393069863319397,
    0.04522483050823212,
    -0.05942600220441818,
    -0.0514439232647419,
    -0.06174631416797638,
    -0.061114419251680374,
    0.02738836407661438,
    0.06483973562717438,
    0.035090889781713486,
    -0.021143484860658646,
    0.004463640041649342,
    0.08225882053375244,
    -0.00037611680454574525,
    -0.04721467196941376,
    -0.009151281788945198,
    -0.044919032603502274,
    0.06288976222276688,
    -0.019136015325784683,
    0.021184660494327545,
    0.024512872099876404,
    -0.006986324675381184,
    0.023066317662596703,
    -0.08993764221668243,
    -0.10426001250743866,
    0.17571206390857697,
    -0.09645792096853256,
    0.030891571193933487,
    -0.07246122509241104,
    0.026474252343177795,
    0.023290134966373444,
    -0.002147042192518711,
    -0.05934840440750122,
    0.021126512438058853,
    -0.043468575924634933,
    0.015263956971466541,
    0.0004655528755392879,
    0.055590856820344925,
    -0.09989485889673233,
    0.07468888908624649,
    -0.06633440405130386,
    -0.030653290450572968,
    -0.00997502077370882,
    -0.04277455061674118,
    0.019912729039788246,
    0.02996794879436493,
    -0.02511541172862053,
    -0.1568177193403244,
    0.06792187690734863,
    0.06228720024228096,
    0.06977751106023788,
    -0.07523509860038757,
    0.057157959789037704,
    0.019969969987869263,
    -0.024514896795153618,
    -0.019448645412921906,
    -0.02065928652882576,
    -0.03948754817247391,
    -0.04801027849316597,
    -0.10036229342222214,
    -0.04151077941060066,
    -0.06934486329555511,
    -0.07530982792377472,
    0.041686076670885086,
    -0.006856708787381649,
    -0.014533665031194687,
    -0.0832524225115776,
    -0.08031906187534332,
    0.020812971517443657,
    0.03500153124332428,
    -0.032608408480882645,
    -0.036295078694820404,
    0.04567992687225342,
    -0.033616259694099426,
    0.02656124345958233,
    0.025038141757249832,
    0.04301461949944496,
    -0.01511453464627266,
    0.02616134285926819,
    -0.08865085989236832,
    -0.08706265687942505,
    -0.04750962182879448,
    0.008249192498624325,
    -0.022620033472776413,
    -5.2048182652697506e-08,
    -0.007030995562672615,
    0.012202071025967598,
    0.020754501223564148,
    0.02163955755531788,
    -0.08946821093559265,
    0.05501902103424072,
    -0.09203086793422699,
    0.008143480867147446,
    -0.06197374314069748,
    -0.08451777696609497,
    -0.02789773792028427,
    0.03962859883904457,
    -0.043958332389593124,
    0.08054545521736145,
    0.02484949491918087,
    -0.08019791543483734,
    -0.0020441925153136253,
    0.016321655362844467,
    -0.017294486984610558,
    0.07485265284776688,
    -0.01845245622098446,
    -0.042659878730773926,
    -0.0028728910256177187,
    -0.02846856229007244,
    0.045228198170661926,
    0.023867040872573853,
    0.027795350179076195,
    0.09985926002264023,
    0.02167648635804653,
    -0.009621894918382168,
    0.0032212790101766586,
    0.04712923988699913,
    0.01131998561322689,
    -0.047598645091056824,
    -0.035933662205934525,
    -0.10156848281621933,
    0.046504199504852295,
    0.030671771615743637,
    0.1438092291355133,
    -0.041945502161979675,
    -0.004740894306451082,
    0.02926536835730076,
    0.04077538102865219,
    0.05475804954767227,
    -0.08521553874015808,
    -0.016372129321098328,
    -0.04757987707853317,
    0.10965818911790848,
    0.04704373702406883,
    -0.06177148595452309,
    -0.007432272657752037,
    0.024836502969264984,
    0.022688817232847214,
    -0.02707761898636818,
    0.052872173488140106,
    0.09261615574359894,
    0.06546139717102051,
    0.032044705003499985,
    -0.04480822756886482,
    -0.06699094921350479,
    0.19126161932945251,
    0.018840765580534935,
    0.05723537132143974,
    -0.005374381318688393
]