[
    -0.05339321866631508,
    0.0875152051448822,
    -0.05840931087732315,
    -0.03860172629356384,
    0.004069611430168152,
    0.1237146258354187,
    -0.030656276270747185,
    -0.048812124878168106,
    0.009885469451546669,
    0.017158791422843933,
    0.04831806942820549,
    0.03117668256163597,
    -0.02700337953865528,
    -0.06680478155612946,
    0.05839202553033829,
    -0.01800091378390789,
    0.01907547190785408,
    0.037348728626966476,
    -0.059587907046079636,
    0.07937357574701309,
    0.02715136855840683,
    0.10378123819828033,
    -0.0009424613090232015,
    0.008598271757364273,
    -0.09891657531261444,
    0.04032643884420395,
    -0.02594137378036976,
    -0.061695244163274765,
    0.002897296566516161,
    -0.030863674357533455,
    0.02926230989396572,
    -0.009617495350539684,
    0.040442176163196564,
    0.09175293147563934,
    -0.04556901007890701,
    -0.03366738185286522,
    0.04384151101112366,
    0.04738292098045349,
    -0.025502018630504608,
    0.0002736752503551543,
    -0.008176082745194435,
    -0.0703946053981781,
    -0.045110076665878296,
    0.013422848656773567,
    -0.014390064403414726,
    0.021394072100520134,
    -0.021457096561789513,
    0.0074854400008916855,
    -0.022645602002739906,
    -0.003229481168091297,
    -0.09817982465028763,
    -0.04320936277508736,
    -0.04813067242503166,
    0.10853331536054611,
    -0.03258277848362923,
    -0.025001099333167076,
    -0.04322369396686554,
    5.670098107657395e-05,
    -0.06931260228157043,
    -0.0024099908769130707,
    0.00024217362806666642,
    0.038590170443058014,
    0.010742695070803165,
    0.06267912685871124,
    -0.0363326370716095,
    0.05681005120277405,
    -0.01933196932077408,
    -0.00427042692899704,
    0.016048762947320938,
    0.0014104838483035564,
    -0.05465208366513252,
    -0.0185866542160511,
    0.06303343176841736,
    0.026562359184026718,
    0.0007655004737898707,
    -0.014253872446715832,
    -0.036994464695453644,
    -0.005670510698109865,
    0.06842721998691559,
    -0.10736340284347534,
    -0.009783302433788776,
    -0.031976521015167236,
    -0.033721860498189926,
    0.09423334151506424,
    -0.053532104939222336,
    -0.016311753541231155,
    -0.022672642022371292,
    -0.040078286081552505,
    -0.002506349002942443,
    -0.06942465901374817,
    0.03712129592895508,
    -0.040897417813539505,
    0.10525079816579819,
    -0.06293877214193344,
    0.04840625450015068,
    -0.03215865045785904,
    -0.028911186382174492,
    -0.042628150433301926,
    0.0072204782627522945,
    -0.008092228323221207,
    -0.026580272242426872,
    -0.02115895040333271,
    -0.02050626464188099,
    -0.04981587827205658,
    0.0004402507038321346,
    -0.07221854478120804,
    -0.0026792525313794613,
    -0.06749933958053589,
    -0.0051467400044202805,
    0.06673773378133774,
    0.08887821435928345,
    0.0314750112593174,
    -0.061467401683330536,
    -0.12976208329200745,
    0.09751168638467789,
    0.022920137271285057,
    -0.024801326915621758,
    0.08817833662033081,
    0.021637529134750366,
    0.0053499722853302956,
    -0.028669102117419243,
    -0.029353097081184387,
    -0.04259013384580612,
    -0.05182553082704544,
    -0.04739464074373245,
    -0.00872747227549553,
    -0.07559233158826828,
    1.6873125257571795e-32,
    -0.01053621806204319,
    0.0063241044990718365,
    -0.04709799215197563,
    0.016462454572319984,
    0.046258337795734406,
    0.004076580051332712,
    -8.889736636774614e-05,
    -0.05228109285235405,
    -0.01561668049544096,
    0.07907149940729141,
    0.03057584911584854,
    0.0501537024974823,
    0.005003195255994797,
    0.003515037475153804,
    -0.05028175935149193,
    0.0723280981183052,
    -0.03950152173638344,
    0.08126407861709595,
    -0.03579219430685043,
    0.05121377483010292,
    0.04697773605585098,
    -0.0208277590572834,
    -0.018216904252767563,
    0.03615320101380348,
    -0.004852951504290104,
    0.017901061102747917,
    0.03045421652495861,
    -0.02151043899357319,
    0.001168632647022605,
    0.010691886767745018,
    -0.01034600380808115,
    0.07104384154081345,
    0.07386711984872818,
    -0.06829024851322174,
    0.11202089488506317,
    0.09382268041372299,
    0.0066710226237773895,
    -0.045114681124687195,
    0.04286766052246094,
    -0.05027075484395027,
    -0.01162393856793642,
    0.01989021524786949,
    0.06343471258878708,
    -0.005457268096506596,
    0.07999509572982788,
    0.013508625328540802,
    -0.05039931833744049,
    -0.0429249182343483,
    -0.009494949132204056,
    0.047792948782444,
    -0.00547723937779665,
    0.010885370895266533,
    0.007351904176175594,
    -0.011450255289673805,
    -0.018016403540968895,
    -0.007621335797011852,
    -0.09163275361061096,
    0.05466907098889351,
    -0.04399694874882698,
    0.03936582803726196,
    0.005594080779701471,
    0.04679891839623451,
    -0.007931523956358433,
    -0.06381580233573914,
    -0.05236661806702614,
    -0.09349743276834488,
    -0.03046400099992752,
    -0.05020381137728691,
    0.04409092292189598,
    -0.0042272936552762985,
    -0.009950635954737663,
    0.0726839229464531,
    -0.018741613253951073,
    0.013287480920553207,
    -0.015818282961845398,
    -0.02892482839524746,
    0.024109655991196632,
    -0.016734054312109947,
    0.03810190409421921,
    -0.057178717106580734,
    -0.08755999803543091,
    -0.008421389386057854,
    0.00020146016322541982,
    0.06994330137968063,
    -0.01943560503423214,
    0.003193480893969536,
    0.041302312165498734,
    0.015138115733861923,
    -0.06412072479724884,
    -0.04294605925679207,
    0.007889951579272747,
    0.03343787044286728,
    0.005635119043290615,
    0.0015634703449904919,
    -0.07020639628171921,
    -1.85781636503922e-32,
    -0.05055960640311241,
    -0.07794351130723953,
    -0.112439826130867,
    0.03839537501335144,
    0.0590103417634964,
    -0.027037665247917175,
    -0.02127797156572342,
    -0.05221381410956383,
    0.05931134894490242,
    0.02667458914220333,
    0.01142877247184515,
    -0.06167694926261902,
    -0.019996032118797302,
    -0.020048128440976143,
    0.008059321902692318,
    -0.021544767543673515,
    -0.0438513308763504,
    -0.04821166396141052,
    -0.0555749237537384,
    0.08201707899570465,
    0.04682730883359909,
    0.011686337180435658,
    -0.006435695569962263,
    0.13498111069202423,
    0.04900660365819931,
    0.014465609565377235,
    0.021860245615243912,
    0.00546980369836092,
    0.09476412087678909,
    -0.015568170696496964,
    -0.01145580131560564,
    0.00986382644623518,
    -0.08086546510457993,
    0.02130647748708725,
    -0.13236869871616364,
    -0.12045944482088089,
    0.13599681854248047,
    -0.07337327301502228,
    -0.03328409790992737,
    -0.06907350569963455,
    0.10691354423761368,
    0.006394771859049797,
    -0.052847858518362045,
    0.018632207065820694,
    -0.027420030906796455,
    -0.05431919917464256,
    0.06005515158176422,
    0.025675605982542038,
    -0.03205622732639313,
    -0.02899717539548874,
    0.051597125828266144,
    -0.08122845739126205,
    0.0008373435121029615,
    0.05145120248198509,
    -0.0806942954659462,
    0.026866469532251358,
    -0.01593845710158348,
    -0.06138327345252037,
    -0.04792463406920433,
    0.0008355248719453812,
    0.07063882797956467,
    0.05862327665090561,
    -0.10167614370584488,
    0.08546504378318787,
    0.03850672021508217,
    -0.07090479135513306,
    -0.02052321657538414,
    -0.016424324363470078,
    -0.03694731369614601,
    -0.07223698496818542,
    -0.030542178079485893,
    -0.11719424277544022,
    -0.0448862724006176,
    -0.10772828757762909,
    0.023666292428970337,
    -0.02461869642138481,
    -0.05415254831314087,
    -0.10256960242986679,
    -0.1086517944931984,
    0.04816436767578125,
    0.07543659955263138,
    -0.0469769723713398,
    -0.05330796539783478,
    0.06625086814165115,
    0.03749077022075653,
    0.041263923048973083,
    0.06993430107831955,
    -0.027215050533413887,
    -0.0280795656144619,
    0.10372482985258102,
    -0.08006326854228973,
    -0.019821567460894585,
    -0.09284760057926178,
    0.06967438757419586,
    -0.060257550328969955,
    -5.4118856951390626e-08,
    0.01554332859814167,
    0.07879549264907837,
    -0.01701892912387848,
    -0.03953970968723297,
    -0.029100799933075905,
    -0.04340939596295357,
    -0.048902418464422226,
    -5.148841592017561e-05,
    -0.00383154209703207,
    -0.019372107461094856,
    0.05274617671966553,
    0.03835050016641617,
    -0.021652260795235634,
    -0.0023425326216965914,
    0.06238020211458206,
    -0.018717721104621887,
    -0.05868396908044815,
    -0.05115266144275665,
    -0.06426109373569489,
    0.007932329550385475,
    -0.032228827476501465,
    -0.015185589902102947,
    -0.07601998001337051,
    0.00567627465352416,
    0.003850898938253522,
    0.03386211395263672,
    -0.004386999178677797,
    0.07194145023822784,
    0.03231293708086014,
    0.06871417164802551,
    -0.03972754627466202,
    0.038255296647548676,
    0.025560598820447922,
    -0.00820642989128828,
    -0.05820063129067421,
    -0.04496138170361519,
    0.025446247309446335,
    -0.030001720413565636,
    0.06505845487117767,
    -0.04833264648914337,
    0.008571496233344078,
    0.007426435127854347,
    0.018003465607762337,
    0.08233736455440521,
    -0.007161535322666168,
    -0.06434763222932816,
    -0.03619588911533356,
    0.006155875511467457,
    0.03147619217634201,
    -0.07035691291093826,
    -0.03937048092484474,
    -0.03796762228012085,
    0.08789833635091782,
    0.0029307804070413113,
    -0.0056662713177502155,
    0.07475166767835617,
    0.048853788524866104,
    0.04967859387397766,
    -0.03565764054656029,
    -0.05081024020910263,
    0.15847410261631012,
    0.015224127098917961,
    0.07076185196638107,
    -0.004797468427568674
]