[
    -0.008090430870652199,
    -0.017253180965781212,
    -0.02493283711373806,
    -0.09578782320022583,
    0.008550756610929966,
    0.059514760971069336,
    -0.00045340610085986555,
    0.026563735678792,
    -0.016816936433315277,
    0.002161741955205798,
    0.028803838416934013,
    -0.026331476867198944,
    0.006241165567189455,
    -0.05552873760461807,
    0.048455994576215744,
    -0.03806252405047417,
    0.07512038946151733,
    0.029804935678839684,
    -0.0938364714384079,
    0.05739693343639374,
    0.04939938336610794,
    0.09024157375097275,
    0.04136122763156891,
    0.08847857266664505,
    -0.20032694935798645,
    -0.0033859158866107464,
    -0.04180631786584854,
    -0.018259961158037186,
    -0.01143659371882677,
    -0.0727945864200592,
    0.017639514058828354,
    0.03383795917034149,
    0.013771787285804749,
    0.027860445901751518,
    0.043385885655879974,
    0.006155872717499733,
    -0.025024540722370148,
    -0.03778836131095886,
    0.025975951924920082,
    -0.011780111119151115,
    -0.01586843654513359,
    -0.06668956577777863,
    -0.08609262853860855,
    0.02659986913204193,
    0.015253090299665928,
    0.002536266576498747,
    -0.026913173496723175,
    0.026224004104733467,
    0.011129384860396385,
    0.02486647479236126,
    -0.08565612137317657,
    -0.034525614231824875,
    -0.052619028836488724,
    0.027436280623078346,
    0.012832967564463615,
    -0.004036209546029568,
    0.003754256758838892,
    -0.006309788208454847,
    -0.03760572150349617,
    -0.0004284980532247573,
    0.00855487585067749,
    -0.02392123080790043,
    -0.035024821758270264,
    0.041766535490751266,
    -0.04393203929066658,
    0.004137887619435787,
    -0.0176873616874218,
    -0.004636910744011402,
    -0.011522755026817322,
    -0.032528914511203766,
    -0.0561327300965786,
    0.00378251145593822,
    0.0449499636888504,
    0.030468735843896866,
    0.0006238141795620322,
    0.020239928737282753,
    -0.012466819025576115,
    0.030048610642552376,
    0.06516411155462265,
    -0.10794969648122787,
    0.014001615345478058,
    -0.016456417739391327,
    0.02437686175107956,
    0.020664798095822334,
    -0.044801995158195496,
    -0.059419188648462296,
    -0.026090316474437714,
    -0.04483466595411301,
    0.016838839277625084,
    -0.002254609717056155,
    0.07433495670557022,
    -0.06676433235406876,
    0.1515415608882904,
    -0.04362592101097107,
    -0.019018713384866714,
    -0.007807842921465635,
    -0.011659782379865646,
    -0.06947769224643707,
    0.017017390578985214,
    -0.008144916035234928,
    -0.0005365664255805314,
    -0.02357522025704384,
    -0.0970597043633461,
    0.003330090781673789,
    -0.006034503690898418,
    -0.045472778379917145,
    -0.041400011628866196,
    -0.004111479502171278,
    0.05917217954993248,
    0.12026644498109818,
    -0.01810688152909279,
    0.06425643712282181,
    -0.05346081033349037,
    -0.05221812427043915,
    0.02310257963836193,
    0.02451755292713642,
    -0.0018285176483914256,
    0.018896328285336494,
    0.04728807881474495,
    -0.06313858926296234,
    -0.11382115632295609,
    0.003535472322255373,
    -0.014605153352022171,
    -0.11103533953428268,
    -0.01146924402564764,
    0.005623344331979752,
    -0.0026573571376502514,
    1.783963581460108e-32,
    -0.07163625955581665,
    -0.003327231854200363,
    -0.04397222772240639,
    0.006712628994137049,
    0.02133154682815075,
    -0.006933468393981457,
    0.023863354697823524,
    0.004143544007092714,
    -0.07518508285284042,
    -0.016068650409579277,
    -0.03589092940092087,
    -0.019218318164348602,
    -0.025437109172344208,
    0.004180849064141512,
    -0.003572047920897603,
    -0.027211399748921394,
    -0.061551421880722046,
    0.04243040829896927,
    0.011214294470846653,
    0.00840615201741457,
    -0.07553798705339432,
    -0.030307374894618988,
    0.011937100440263748,
    0.05509129911661148,
    -0.06391137838363647,
    0.000566018046811223,
    -0.022428182885050774,
    -0.0006407650653272867,
    0.03122117556631565,
    0.03701625391840935,
    0.0021762556862086058,
    0.04499862343072891,
    0.0713387280702591,
    -0.04938317835330963,
    0.010343353264033794,
    0.06398643553256989,
    -0.008800080046057701,
    -0.06847363710403442,
    0.01814311556518078,
    -0.06683044880628586,
    -0.0590428002178669,
    -0.011053538881242275,
    0.013344519771635532,
    0.0390319898724556,
    0.018277233466506004,
    0.01612326316535473,
    -0.05841672047972679,
    -0.0050513301976025105,
    0.004501467105001211,
    0.04572587087750435,
    -0.019882552325725555,
    -0.03583027049899101,
    0.09766881167888641,
    -0.07392421364784241,
    0.015884311869740486,
    -0.021510323509573936,
    -0.08654486387968063,
    0.028675731271505356,
    -0.03661929816007614,
    0.07837484031915665,
    0.005657339934259653,
    0.11897272616624832,
    0.0007312521920539439,
    0.04800764471292496,
    0.00819949246942997,
    -0.009782947599887848,
    -0.002020681044086814,
    -0.054232802242040634,
    0.02085714042186737,
    0.01846887730062008,
    -0.004734243731945753,
    0.05038994178175926,
    -0.021361730992794037,
    0.05561457946896553,
    -0.012274227105081081,
    -0.02230159193277359,
    0.0004609140451066196,
    -0.015621098689734936,
    0.010761192999780178,
    -0.06471805274486542,
    -0.044588662683963776,
    -0.008213170804083347,
    -0.02621663175523281,
    0.07212631404399872,
    -0.05399462208151817,
    -0.04919867217540741,
    0.03960634022951126,
    0.016336819157004356,
    0.0323917418718338,
    -0.014376398175954819,
    -0.04959620162844658,
    -0.003199682803824544,
    0.008146548643708229,
    0.09663152694702148,
    0.010054225102066994,
    -1.936370979084827e-32,
    0.03759463503956795,
    -0.0628071054816246,
    -0.03167884424328804,
    0.023710401728749275,
    0.026292501017451286,
    -0.02121778205037117,
    -0.07741260528564453,
    -0.09287544339895248,
    0.09746374934911728,
    0.00692922156304121,
    -0.036416176706552505,
    -0.0443539023399353,
    -0.002431991510093212,
    -0.02115335501730442,
    -0.04758874326944351,
    -0.022885270416736603,
    -0.06902529299259186,
    -0.037508416920900345,
    -0.03801882639527321,
    0.04382271319627762,
    0.03215297311544418,
    -0.05285226181149483,
    -0.045589324086904526,
    0.1350216567516327,
    -0.06320679187774658,
    0.025649430230259895,
    -0.027532530948519707,
    -0.023925522342324257,
    0.11995307356119156,
    -0.0817483440041542,
    -0.01899752952158451,
    -0.08843786269426346,
    -0.031588826328516006,
    0.08172375708818436,
    -0.11470118910074234,
    -0.11890294402837753,
    0.13684000074863434,
    -0.0718391165137291,
    -0.00259012239985168,
    -0.051298245787620544,
    0.09099330008029938,
    0.04874829947948456,
    -0.0705965980887413,
    0.07852376252412796,
    -0.038339197635650635,
    -0.056995369493961334,
    0.08956751227378845,
    -0.02679271623492241,
    0.015700500458478928,
    -0.044706542044878006,
    -0.02508721500635147,
    -0.06370324641466141,
    0.04265962913632393,
    -0.007718734908849001,
    -0.057642217725515366,
    0.05632922053337097,
    0.0735684409737587,
    -0.07027401030063629,
    -0.0030146895442157984,
    -0.008504420518875122,
    0.09064202755689621,
    0.09867674857378006,
    -0.08309970051050186,
    0.041706472635269165,
    0.06536968797445297,
    -0.03976693004369736,
    -0.011044668033719063,
    -0.05443059653043747,
    0.032875023782253265,
    -0.07428710907697678,
    -0.028535157442092896,
    -0.020691733807325363,
    -0.10822586715221405,
    -0.07770173251628876,
    0.01237468235194683,
    -0.054001569747924805,
    -0.05513131618499756,
    -0.07999053597450256,
    -0.09736406058073044,
    0.002745961071923375,
    0.10523022711277008,
    0.004067855421453714,
    -0.04642797261476517,
    0.07535370439291,
    -0.002882970031350851,
    0.04398570954799652,
    0.07530999928712845,
    -0.03078291192650795,
    0.008440517820417881,
    0.07234818488359451,
    -0.07057560235261917,
    0.047974757850170135,
    -0.020507005974650383,
    0.07257764786481857,
    -0.026185346767306328,
    -5.6787083480003275e-08,
    0.022332454100251198,
    0.008529606275260448,
    -0.0027651481796056032,
    0.03735223039984703,
    -0.03994879871606827,
    -0.02177274040877819,
    -0.057511650025844574,
    -0.04200059920549393,
    -0.000386660685762763,
    -0.0027104706969112158,
    0.007954598404467106,
    0.08425454795360565,
    -0.05897850543260574,
    0.011676245369017124,
    -0.015614950098097324,
    -0.02121744118630886,
    -0.05191262438893318,
    0.06773436069488525,
    -0.050855569541454315,
    0.08932125568389893,
    -0.05520099401473999,
    -0.0037526001688092947,
    0.006198160815984011,
    -0.051214899867773056,
    0.06172152981162071,
    -0.023752611130475998,
    0.06547977030277252,
    0.0904867872595787,
    0.052777864038944244,
    0.035372406244277954,
    -0.019640956073999405,
    0.004010482225567102,
    0.008112536743283272,
    -0.04918642342090607,
    -0.04770053178071976,
    -0.06086917594075203,
    0.02987879142165184,
    0.008131856098771095,
    0.059787582606077194,
    -0.052868232131004333,
    -0.09857945889234543,
    0.0394105538725853,
    -0.023083603009581566,
    0.06755782663822174,
    -0.0025714533403515816,
    -0.02331378683447838,
    -0.03652188181877136,
    0.048312827944755554,
    0.06249014660716057,
    -0.02223975770175457,
    -0.060496121644973755,
    0.012689512223005295,
    0.0812431126832962,
    -0.005044621881097555,
    -0.05345727875828743,
    0.07190272212028503,
    -0.020897692069411278,
    -0.010324990376830101,
    0.02193489484488964,
    -0.07720384746789932,
    0.1492219865322113,
    0.0570564903318882,
    0.11317986249923706,
    0.01935076154768467
]