[
    -0.028275225311517715,
    0.0286793801933527,
    -0.023749150335788727,
    -0.04071105271577835,
    -0.012167842127382755,
    0.059206556528806686,
    -0.0373481884598732,
    -0.04577615484595299,
    -0.014069974422454834,
    -0.005400322377681732,
    0.007542390841990709,
    -0.03803088143467903,
    -0.001645111944526434,
    -0.06670933216810226,
    0.09893499314785004,
    -0.0251123309135437,
    0.019611671566963196,
    0.03533868491649628,
    -0.09587646275758743,
    0.064426489174366,
    0.04309691861271858,
    0.08550160378217697,
    -0.02147262915968895,
    -0.01257423497736454,
    -0.11961700767278671,
    -0.011159447953104973,
    0.0010399892926216125,
    -0.08828204870223999,
    0.013463638722896576,
    -0.06587270647287369,
    0.059909671545028687,
    -0.012236449867486954,
    0.038918524980545044,
    0.08787984400987625,
    -0.002840193221345544,
    -0.012430538423359394,
    -0.00467209005728364,
    0.031071210280060768,
    -0.021835850551724434,
    0.019658267498016357,
    -0.08153913170099258,
    -0.08634580671787262,
    -0.06837055087089539,
    0.028277773410081863,
    0.01365377102047205,
    0.026480983942747116,
    -0.057340968400239944,
    -0.00034275490907020867,
    -0.01258020754903555,
    0.038317564874887466,
    -0.0678045004606247,
    0.0014706801157444715,
    -0.03916522487998009,
    0.1029776930809021,
    -0.049123361706733704,
    -0.04885973408818245,
    -0.06054950878024101,
    -0.0360502190887928,
    -0.09861726313829422,
    -0.02012748271226883,
    -0.02819393388926983,
    0.0040875328704714775,
    0.003435098333284259,
    0.0774393230676651,
    -0.06165655702352524,
    0.06415074318647385,
    -0.02071336843073368,
    -0.03262341395020485,
    0.008429520763456821,
    -0.016833648085594177,
    -0.10456728935241699,
    -0.020687725394964218,
    -0.003972833044826984,
    0.058446891605854034,
    0.019338296726346016,
    0.013538721017539501,
    -0.02891208790242672,
    0.0035931426100432873,
    0.0633312463760376,
    -0.11634152382612228,
    -0.05757366120815277,
    0.03835749998688698,
    0.017912132665514946,
    0.06291034072637558,
    -0.06271927058696747,
    0.009156519547104836,
    -0.009601054713129997,
    -0.009199789725244045,
    -0.03878089040517807,
    -0.027255697175860405,
    0.07181944698095322,
    -0.07095668464899063,
    0.08282917737960815,
    -0.03199887275695801,
    0.09441781789064407,
    -0.046919506043195724,
    0.005527711007744074,
    -0.0856291800737381,
    0.037543635815382004,
    -0.02054120972752571,
    -0.03789283707737923,
    -0.011967722326517105,
    -0.012922648340463638,
    0.018263714388012886,
    -0.054922088980674744,
    -0.058558087795972824,
    0.008282974362373352,
    -0.007700466550886631,
    0.022649729624390602,
    0.060640059411525726,
    0.03770393878221512,
    -0.004379409831017256,
    -0.07805949449539185,
    -0.1483757048845291,
    0.05722997337579727,
    -0.05500035360455513,
    -0.020306691527366638,
    0.021175473928451538,
    0.04541865736246109,
    -0.01438448391854763,
    -0.019850336015224457,
    -0.023820092901587486,
    -0.030934175476431847,
    -0.10209742188453674,
    -0.024389155209064484,
    0.028354503214359283,
    -0.05814506858587265,
    1.8824845548016072e-32,
    -0.03001907654106617,
    0.04283202812075615,
    -0.06282443553209305,
    0.029069963842630386,
    -0.009005705825984478,
    -0.023471632972359657,
    0.024978984147310257,
    -0.004645905457437038,
    -0.06641854345798492,
    0.08299653977155685,
    -0.00720962742343545,
    0.055069949477910995,
    -0.024640439078211784,
    -0.03391566500067711,
    0.004770141560584307,
    0.029430074617266655,
    0.014722519554197788,
    0.1031075268983841,
    0.015732968226075172,
    0.05652887746691704,
    0.017765384167432785,
    -0.007441013120114803,
    0.021810457110404968,
    0.013424434699118137,
    -0.0024123576004058123,
    0.033458493649959564,
    0.009484331123530865,
    -0.034161489456892014,
    0.00456539262086153,
    0.0031753682997077703,
    0.04292640462517738,
    0.017237503081560135,
    -0.00307586626149714,
    -0.04651651531457901,
    0.06222957745194435,
    0.14437846839427948,
    0.03970584273338318,
    -0.06687260419130325,
    0.08247637003660202,
    -0.07311034947633743,
    -0.03873097151517868,
    -0.01200262364000082,
    0.050079748034477234,
    0.033774591982364655,
    0.029912609606981277,
    0.01039751898497343,
    0.0025629005394876003,
    -0.007193499244749546,
    0.03532620891928673,
    0.03681693226099014,
    -0.022700151428580284,
    0.00014711894618812948,
    -0.011477761901915073,
    -0.031062202528119087,
    0.04610178992152214,
    -0.046635702252388,
    -0.052615564316511154,
    0.025103623047471046,
    -0.04889598861336708,
    0.08507635444402695,
    -0.021522611379623413,
    0.04351380839943886,
    -0.0208106879144907,
    -0.035026222467422485,
    -0.02536599338054657,
    -0.07874161750078201,
    -0.012135742232203484,
    -0.07436953485012054,
    0.03928305581212044,
    -0.022656479850411415,
    -0.03632970154285431,
    0.08124574273824692,
    -0.027976704761385918,
    0.024618037045001984,
    -0.02830515429377556,
    -0.03470848873257637,
    0.02652750536799431,
    -0.021474715322256088,
    0.04076196253299713,
    0.011907578445971012,
    -0.06496372073888779,
    0.02336679957807064,
    -0.0048090508207678795,
    0.052146412432193756,
    -0.024473370984196663,
    -0.011049735359847546,
    0.044998493045568466,
    0.06494031101465225,
    -0.06519783288240433,
    -0.0676501914858818,
    -0.010253231972455978,
    0.023268388584256172,
    0.030961357057094574,
    0.04335092008113861,
    -0.020634308457374573,
    -1.9716992863044401e-32,
    -0.03473207727074623,
    -0.040771860629320145,
    -0.08117315918207169,
    0.018019264563918114,
    0.06897181272506714,
    -0.017472170293331146,
    -0.02063171938061714,
    -0.07532057911157608,
    0.08251869678497314,
    0.025247571989893913,
    0.011232195422053337,
    -0.04531749710440636,
    -0.0034217252396047115,
    -0.03462646156549454,
    -0.04972849413752556,
    -0.006896437145769596,
    -0.06252972781658173,
    -0.048714529722929,
    -0.020663054659962654,
    0.11978576332330704,
    -0.05134681239724159,
    0.002113558351993561,
    -0.013634341768920422,
    0.1339990496635437,
    0.05518132075667381,
    0.06213171035051346,
    -0.07302237302064896,
    -0.018038738518953323,
    0.12046603113412857,
    -0.06768310070037842,
    -0.03356810659170151,
    -0.0561269111931324,
    -0.037413179874420166,
    0.002047446323558688,
    -0.08685491234064102,
    -0.19468528032302856,
    0.04267601668834686,
    -0.027683470398187637,
    0.015664823353290558,
    -0.04125029221177101,
    0.1113058552145958,
    0.0024403026327490807,
    -0.020490743219852448,
    0.03301963955163956,
    0.018079973757267,
    -0.04093469679355621,
    0.04559934511780739,
    -0.009765771217644215,
    -0.027087338268756866,
    -0.00019175301713403314,
    0.039572834968566895,
    -0.023359304293990135,
    -0.010211233980953693,
    0.006108288653194904,
    -0.042355407029390335,
    0.08623232692480087,
    0.024632854387164116,
    -0.03956414386630058,
    -0.007081533316522837,
    -0.02103603444993496,
    0.09740441292524338,
    0.0642813965678215,
    -0.031125742942094803,
    0.07461224496364594,
    0.03188798204064369,
    -0.06303081661462784,
    -0.019544513896107674,
    -0.054936137050390244,
    -0.05234535411000252,
    -0.08009449392557144,
    -0.10330217331647873,
    -0.10549895465373993,
    -0.07463274896144867,
    -0.10502582788467407,
    0.06606131047010422,
    -0.0780249610543251,
    -0.021483607590198517,
    -0.07594695687294006,
    -0.07100044190883636,
    0.06464698910713196,
    0.06588734686374664,
    0.0007899168995209038,
    -0.07026907801628113,
    0.05676615983247757,
    0.018799280747771263,
    0.024068860337138176,
    0.08390167355537415,
    -0.08050502091646194,
    -0.0006992251728661358,
    0.07083805650472641,
    -0.07851686328649521,
    0.005801567807793617,
    -0.0682872012257576,
    0.0625501424074173,
    -0.08346199989318848,
    -5.622785081982329e-08,
    0.0043225665576756,
    0.043587781488895416,
    0.008846842683851719,
    -0.03654063865542412,
    -0.008440416306257248,
    -0.03514834865927696,
    -0.03635510802268982,
    -0.006415791343897581,
    -0.03021165356040001,
    -0.06129861995577812,
    0.055734675377607346,
    0.06865087896585464,
    -0.0321330688893795,
    -0.014229200780391693,
    0.07589998841285706,
    -0.02900376170873642,
    -0.09856964647769928,
    -0.022901518270373344,
    -0.04688726365566254,
    0.038851261138916016,
    -0.04878496006131172,
    -0.04757680743932724,
    -0.06231675297021866,
    0.005345426499843597,
    0.05007099360227585,
    0.04791167378425598,
    -0.013968790881335735,
    -0.005035193637013435,
    0.09895306080579758,
    0.08368798345327377,
    -0.0008803646196611226,
    0.016572805121541023,
    0.023326482623815536,
    -0.00524492934346199,
    -0.059518370777368546,
    -0.03940831869840622,
    0.04349268972873688,
    -0.010425952263176441,
    0.05603781342506409,
    0.014449949376285076,
    0.008964603766798973,
    0.034252263605594635,
    0.010354377329349518,
    0.09751097112894058,
    0.00975574180483818,
    -0.022901978343725204,
    -0.028160911053419113,
    -0.001534149283543229,
    0.026417499408125877,
    -0.07509668916463852,
    -0.03726470470428467,
    -0.025206176564097404,
    0.08877050131559372,
    0.0014955932274460793,
    -0.0494711808860302,
    0.07647374272346497,
    0.03958204761147499,
    0.0371662899851799,
    -0.0074264598079025745,
    -0.018390707671642303,
    0.10585910081863403,
    0.03635701537132263,
    0.07164887338876724,
    0.005831354763358831
]