[
    -0.034638412296772,
    0.037232860922813416,
    -0.029698895290493965,
    -0.058035679161548615,
    -0.07578263431787491,
    0.05225560814142227,
    -0.010286563076078892,
    -0.04934310168027878,
    0.018794115632772446,
    -0.002065020613372326,
    0.007562450133264065,
    -0.004770743660628796,
    0.01724623516201973,
    -0.04422696307301521,
    0.08573639392852783,
    -0.002739942166954279,
    0.041624244302511215,
    0.05452442914247513,
    -0.10723672807216644,
    0.021849587559700012,
    0.013542317785322666,
    0.05327919125556946,
    -0.06857039779424667,
    -0.016550438478589058,
    -0.0812196433544159,
    -0.03606214374303818,
    -0.004612412303686142,
    -0.051272567361593246,
    0.0022027429658919573,
    -0.08604376018047333,
    0.008414898999035358,
    0.04935023561120033,
    0.06152595207095146,
    0.08365687727928162,
    -0.010655094869434834,
    -0.006195733789354563,
    -0.006009765435010195,
    0.05295659229159355,
    -0.01514335535466671,
    0.0213792622089386,
    -0.07742778956890106,
    -0.09202101826667786,
    -0.02422565594315529,
    0.005658972077071667,
    0.0059341988526284695,
    0.009998894296586514,
    -0.0661696270108223,
    -0.06717269867658615,
    -0.004720257595181465,
    0.06532151997089386,
    -0.04984408989548683,
    -0.004994459915906191,
    -0.03261905908584595,
    0.11634597182273865,
    -0.030775027349591255,
    -0.017162080854177475,
    -0.05327656492590904,
    -0.015610733069479465,
    -0.09792448580265045,
    0.0068589155562222,
    -0.02388092316687107,
    0.03797456994652748,
    0.014045082032680511,
    0.09622754156589508,
    -0.0616910494863987,
    0.02767886593937874,
    -0.026662027463316917,
    -0.0029990202747285366,
    -0.041150178760290146,
    -0.005860352888703346,
    -0.08072172105312347,
    -0.02448253706097603,
    -0.04125429689884186,
    0.026846526190638542,
    0.016351552680134773,
    0.01765023171901703,
    -0.014457411132752895,
    0.00881604291498661,
    0.10222490131855011,
    -0.1663297414779663,
    -0.06231473386287689,
    0.02423197589814663,
    -0.031040366739034653,
    0.08101318776607513,
    -0.09578046947717667,
    -0.0011229634983465075,
    -0.004741769749671221,
    -0.020711518824100494,
    0.003950514830648899,
    -0.021980438381433487,
    0.04613461345434189,
    -0.027930766344070435,
    0.11146046966314316,
    -0.07204049825668335,
    0.047557584941387177,
    -0.027891531586647034,
    -0.04471989721059799,
    -0.08609462529420853,
    0.061182208359241486,
    -0.008696702308952808,
    -0.03061351552605629,
    0.03668079525232315,
    0.002053112955763936,
    0.005270408466458321,
    -0.05618398264050484,
    -0.09037257730960846,
    0.00991788413375616,
    -0.0008343965164385736,
    0.03274288401007652,
    0.05083956941962242,
    0.03106737695634365,
    0.024416984990239143,
    -0.05872262641787529,
    -0.16240909695625305,
    0.04289168119430542,
    -0.01977185532450676,
    -0.060303397476673126,
    0.05418804660439491,
    0.024731334298849106,
    0.003518802346661687,
    -0.020207500085234642,
    0.01887914538383484,
    -0.048013366758823395,
    -0.06634241342544556,
    -0.05585712566971779,
    0.035568349063396454,
    -0.028231250122189522,
    2.154195078143188e-32,
    0.007382718380540609,
    -0.02476312965154648,
    -0.008051436394453049,
    0.02132072113454342,
    0.04903328791260719,
    -0.017860088497400284,
    0.016147367656230927,
    -0.004316186066716909,
    -0.07144705206155777,
    0.09573807567358017,
    -0.004582682158797979,
    0.09440115839242935,
    -0.03402221202850342,
    -0.013874939642846584,
    -0.005613924935460091,
    0.06539464741945267,
    0.01707860454916954,
    0.11737105250358582,
    -0.027487747371196747,
    0.07503268867731094,
    0.014750150963664055,
    -0.034579452127218246,
    0.02900209277868271,
    0.05396413058042526,
    -0.010545261204242706,
    -0.007881552912294865,
    0.008026042021811008,
    -0.001808029948733747,
    0.04450412094593048,
    0.006068388465791941,
    0.03667518123984337,
    0.0072889612056314945,
    0.03234531357884407,
    -0.020138317719101906,
    0.06838047504425049,
    0.12882082164287567,
    0.01918001100420952,
    -0.03770650550723076,
    0.06254055351018906,
    -0.0487600639462471,
    -0.04504440724849701,
    -0.025022130459547043,
    0.052000969648361206,
    0.0037756646052002907,
    0.02312139794230461,
    0.004568226169794798,
    0.015543053857982159,
    -0.026361776515841484,
    0.02817472256720066,
    0.04638388007879257,
    -0.03713861107826233,
    0.006987167522311211,
    0.022413991391658783,
    -0.0017212964594364166,
    0.02003130130469799,
    -0.016320044174790382,
    -0.048081424087285995,
    0.04804816097021103,
    -0.051781222224235535,
    0.07173582911491394,
    -0.05233566090464592,
    0.055856626480817795,
    -0.015601982362568378,
    -0.03760574012994766,
    -0.014868115074932575,
    -0.06892818957567215,
    -0.03119782544672489,
    -0.06573272496461868,
    0.040162984281778336,
    -0.01630525290966034,
    -6.31846342002973e-05,
    0.07168126106262207,
    -0.029498783871531487,
    0.03986530750989914,
    -0.026911992579698563,
    -0.04051635414361954,
    0.0188140869140625,
    -0.014990696683526039,
    0.044492028653621674,
    -0.010268439538776875,
    -0.05747063830494881,
    -0.0038655006792396307,
    0.004317174665629864,
    0.0402645468711853,
    -0.04318396374583244,
    0.027833575382828712,
    0.06754257529973984,
    -0.004552861209958792,
    -0.04890470579266548,
    -0.029610946774482727,
    -0.06188302859663963,
    0.046890199184417725,
    0.015194566920399666,
    0.06570512801408768,
    0.013372628949582577,
    -2.2132533836964382e-32,
    -0.04029090702533722,
    -0.013972768560051918,
    -0.07006803154945374,
    0.008564991876482964,
    0.06792852282524109,
    -0.005752519704401493,
    -0.012949023395776749,
    -0.08276747912168503,
    0.05827007070183754,
    0.039655160158872604,
    0.024400770664215088,
    -0.04875284060835838,
    -0.04422195628285408,
    -0.03989487141370773,
    0.010869452729821205,
    -0.0458100326359272,
    -0.06996285915374756,
    -0.07552891224622726,
    -0.027433672919869423,
    0.14921237528324127,
    -0.052589837461709976,
    0.034771379083395004,
    -0.0037050647661089897,
    0.14525072276592255,
    0.06191692128777504,
    0.049005940556526184,
    -0.05941532179713249,
    -0.01052718237042427,
    0.07293388247489929,
    -0.04814699664711952,
    -0.025361597537994385,
    -0.06043638661503792,
    -0.0541468970477581,
    0.005458458326756954,
    -0.10670962929725647,
    -0.20352481305599213,
    0.07346554845571518,
    -0.06372056156396866,
    -0.014420331455767155,
    -0.07031071186065674,
    0.07773075252771378,
    0.003278673393651843,
    -0.013333357870578766,
    -0.00767088495194912,
    0.030797986313700676,
    -0.07657172530889511,
    0.054433535784482956,
    -0.0631466805934906,
    0.0092477323487401,
    -0.004111126996576786,
    0.011273659765720367,
    -0.024177707731723785,
    -0.030741369351744652,
    0.024846794083714485,
    -0.03592386841773987,
    0.05628955364227295,
    0.04244762659072876,
    -0.05354265496134758,
    -0.03889026492834091,
    -0.030487021431326866,
    0.07860854268074036,
    0.041797004640102386,
    -0.013589742593467236,
    0.09605878591537476,
    0.034319229423999786,
    -0.033807143568992615,
    0.01249224878847599,
    -0.042103320360183716,
    -0.0789705216884613,
    -0.09522275626659393,
    -0.06616457551717758,
    -0.07457580417394638,
    -0.057823266834020615,
    -0.08890771865844727,
    0.07115286588668823,
    -0.07969051599502563,
    -0.03716110810637474,
    -0.13651634752750397,
    -0.07552356272935867,
    0.0327574647963047,
    0.024550704285502434,
    -0.023255039006471634,
    -0.028756801038980484,
    0.07853849977254868,
    -0.04108303040266037,
    -0.007949882186949253,
    0.07076933979988098,
    -0.036990996450185776,
    0.00903727114200592,
    0.07683666050434113,
    -0.09665705263614655,
    0.007528627756983042,
    -0.09863089770078659,
    0.05410439521074295,
    -0.0770035833120346,
    -5.915858025673515e-08,
    -0.05283648520708084,
    0.04266399145126343,
    0.02553747408092022,
    -0.02267284505069256,
    -0.01586388610303402,
    -0.0730324387550354,
    -0.03704485297203064,
    0.038704656064510345,
    -0.004839988425374031,
    -0.01750905066728592,
    0.034130170941352844,
    0.06909989565610886,
    -0.04708615317940712,
    -0.01775074191391468,
    0.09786388278007507,
    -0.011210264638066292,
    -0.05123404413461685,
    -0.0456538051366806,
    -0.06030627340078354,
    0.021488487720489502,
    -0.04779056832194328,
    -0.007433162536472082,
    -0.03483640402555466,
    -0.019053349271416664,
    0.028075478971004486,
    0.020441684871912003,
    -0.006800612900406122,
    0.04623536020517349,
    0.07116618752479553,
    0.016526686027646065,
    -0.004631935153156519,
    0.0296641793102026,
    0.03180115669965744,
    -0.04371511936187744,
    -0.01157233864068985,
    -0.052085816860198975,
    0.041675157845020294,
    -0.0020000566728413105,
    0.03980229049921036,
    0.03092857077717781,
    -0.006293777376413345,
    0.05161149054765701,
    0.014826650731265545,
    0.08968571573495865,
    0.023564456030726433,
    -0.037691857665777206,
    -0.04389827698469162,
    0.02378050424158573,
    0.014483450911939144,
    -0.076092429459095,
    -0.03893783316016197,
    -0.018591001629829407,
    0.08788061887025833,
    -0.019847722724080086,
    -0.02661938965320587,
    0.04933326691389084,
    0.04770129919052124,
    0.04486331343650818,
    -0.012272382155060768,
    -0.007782506290823221,
    0.09073292464017868,
    0.004885419271886349,
    0.0517115518450737,
    -0.03243537247180939
]