[
    -0.04477958381175995,
    0.04699859395623207,
    -0.024378346279263496,
    -0.07414611428976059,
    -0.05406174063682556,
    0.044516704976558685,
    -0.036507800221443176,
    -0.05878317356109619,
    0.024752074852585793,
    0.02990828827023506,
    0.012417583726346493,
    -0.028436223044991493,
    0.03362598270177841,
    -0.06058996915817261,
    0.11545024812221527,
    -0.02505469135940075,
    0.018681267276406288,
    0.024362830445170403,
    -0.1271905153989792,
    0.05820320546627045,
    0.022539498284459114,
    0.07439824193716049,
    -0.04044952988624573,
    -0.025760365650057793,
    -0.10979758948087692,
    0.003544510342180729,
    0.014652078039944172,
    -0.0492558591067791,
    -0.013562600128352642,
    -0.05759699270129204,
    0.031744200736284256,
    -0.013353931717574596,
    0.04992847889661789,
    0.07184314727783203,
    -0.030510760843753815,
    -0.014097298495471478,
    -0.043349314481019974,
    0.033644385635852814,
    -0.021912289783358574,
    0.07159613072872162,
    -0.08782871067523956,
    -0.03149249404668808,
    -0.04558691754937172,
    0.0007157587097026408,
    0.04355103150010109,
    -0.006417868193238974,
    -0.09279190748929977,
    -0.03254471719264984,
    0.044005271047353745,
    0.034039393067359924,
    -0.04947146028280258,
    -0.005162211135029793,
    -0.0051807803101837635,
    0.10029666870832443,
    -0.03532537817955017,
    -0.06977368891239166,
    -0.05412353575229645,
    -0.020181935280561447,
    -0.08784051984548569,
    -0.01574122905731201,
    -0.007465383969247341,
    0.028216082602739334,
    0.022328168153762817,
    0.0751536563038826,
    -0.07314419001340866,
    0.04782630130648613,
    -0.03877705708146095,
    0.0219186469912529,
    -0.045532189309597015,
    0.014759261161088943,
    -0.1134626716375351,
    -0.004812937695533037,
    -0.014568614773452282,
    0.06915788352489471,
    -0.01911514438688755,
    0.002449390012770891,
    -0.0068006874062120914,
    0.03205333277583122,
    0.06975151598453522,
    -0.16384805738925934,
    -0.054368551820516586,
    0.02516048215329647,
    -0.021914297714829445,
    0.04521419480443001,
    -0.03920877352356911,
    -0.027439052239060402,
    -0.03159606084227562,
    0.02394874580204487,
    0.003872449742630124,
    -0.05380500853061676,
    0.04289865866303444,
    -0.016302485018968582,
    0.05201888456940651,
    -0.06406891345977783,
    0.09293161332607269,
    -0.054977789521217346,
    -0.00763039430603385,
    -0.0384724885225296,
    0.032018668949604034,
    -0.02462897077202797,
    -0.034523822367191315,
    0.00371982017531991,
    0.009897341951727867,
    0.0002791901642922312,
    -0.03320583328604698,
    -0.08705069869756699,
    0.02375948615372181,
    0.015527473762631416,
    0.017981356009840965,
    0.0714874118566513,
    0.040479112416505814,
    0.01837163232266903,
    -0.06593117862939835,
    -0.14304913580417633,
    0.018067337572574615,
    -0.027359679341316223,
    -0.026915866881608963,
    0.028563054278492928,
    0.01985643059015274,
    -0.005123245529830456,
    -0.05890444666147232,
    -0.03691026195883751,
    -0.02610785700380802,
    -0.0713496059179306,
    0.004458470270037651,
    0.043771807104349136,
    -0.043193068355321884,
    2.67424759100559e-32,
    -0.02683403342962265,
    0.0002927625610027462,
    -0.02628447115421295,
    -0.0023389067500829697,
    0.0025631918106228113,
    -0.052123188972473145,
    0.012561843730509281,
    -0.016205675899982452,
    -0.07097794860601425,
    0.09550660103559494,
    -0.02784963883459568,
    0.016998393461108208,
    -0.025447068735957146,
    -0.01190138142555952,
    -0.018287042155861855,
    0.04441336169838905,
    -0.0048470161855220795,
    0.046996742486953735,
    -0.02149837277829647,
    0.06407800316810608,
    0.03702518343925476,
    -0.05920642986893654,
    0.04533751681447029,
    0.029515806585550308,
    -0.014702065847814083,
    0.0029678940773010254,
    0.021393464878201485,
    -0.02650652453303337,
    0.0056159417144954205,
    -0.007693810388445854,
    0.021904366090893745,
    0.019410332664847374,
    -0.002239893889054656,
    -0.07819681614637375,
    0.03268447518348694,
    0.10674751549959183,
    0.02176627703011036,
    -0.012770087458193302,
    0.08329679071903229,
    -0.021946938708424568,
    -0.0005347452242858708,
    -0.05604434013366699,
    0.0855121985077858,
    0.02154315821826458,
    0.03626948967576027,
    -0.00044920321670360863,
    0.013581864535808563,
    -0.015238652005791664,
    0.008872893638908863,
    0.018460357561707497,
    -0.019533054903149605,
    -0.003255152376368642,
    -0.023691775277256966,
    -0.020331215113401413,
    -0.0232741367071867,
    0.012103547342121601,
    -0.08969129621982574,
    0.003120472887530923,
    -0.03763505071401596,
    0.09527493268251419,
    -0.07168085873126984,
    0.01882046088576317,
    -0.004170841537415981,
    0.010617783293128014,
    -0.004690233618021011,
    -0.053015705198049545,
    -0.02857242338359356,
    -0.06156427785754204,
    0.05832818150520325,
    -0.007860864512622356,
    0.001988696865737438,
    0.021968329325318336,
    -0.03750922530889511,
    0.029611483216285706,
    0.027383899316191673,
    -0.019290398806333542,
    0.02743416652083397,
    0.004482248332351446,
    0.0651591420173645,
    -0.022824672982096672,
    -0.07844449579715729,
    0.010466526262462139,
    0.02160073257982731,
    0.06347955763339996,
    -0.0005019319942221045,
    -0.016493597999215126,
    0.04844367876648903,
    0.04747013375163078,
    -0.11686166375875473,
    -0.06422343105077744,
    -0.010886955074965954,
    0.042034849524497986,
    0.00596257159486413,
    0.00841362215578556,
    0.022483564913272858,
    -2.6965282048046635e-32,
    -0.011051926761865616,
    -0.024607574567198753,
    -0.022218743339180946,
    -0.01664937101304531,
    0.06425288319587708,
    -0.015891307964920998,
    -0.010260448791086674,
    -0.10798829793930054,
    0.07196443527936935,
    0.028537224978208542,
    0.05769529938697815,
    -0.04391397163271904,
    -0.007465891540050507,
    -0.04213472455739975,
    -0.027235563844442368,
    -0.016524409875273705,
    -0.12341077625751495,
    -0.04251496493816376,
    -0.02537243254482746,
    0.08674415200948715,
    -0.019355904310941696,
    -0.042656708508729935,
    0.020162023603916168,
    0.12996086478233337,
    0.06256775557994843,
    0.042164985090494156,
    -0.08003111183643341,
    0.030939526855945587,
    0.1465422809123993,
    -0.04259722679853439,
    -0.06445551663637161,
    -0.06400085240602493,
    -0.051836926490068436,
    -0.023437678813934326,
    -0.06816180795431137,
    -0.20409919321537018,
    0.06509986519813538,
    -0.036208949983119965,
    -0.042103368788957596,
    -0.02959432452917099,
    0.0801047682762146,
    -0.0034050506073981524,
    -0.027893466874957085,
    0.048255179077386856,
    -0.007907628081738949,
    -0.061924368143081665,
    0.023855531588196754,
    -0.003867426421493292,
    -0.037698108702898026,
    0.009186589159071445,
    0.04787658527493477,
    -0.007611283101141453,
    -0.01341562531888485,
    0.026198701933026314,
    -0.018755583092570305,
    0.0464324876666069,
    0.018278945237398148,
    -0.04181894659996033,
    -0.052917830646038055,
    -0.03517664223909378,
    0.07191493362188339,
    0.07665517181158066,
    -0.01919991336762905,
    0.09713595360517502,
    0.07254467159509659,
    -0.058724332600831985,
    9.635563765186816e-05,
    -0.05845232680439949,
    -0.032195448875427246,
    -0.051441118121147156,
    -0.07539784163236618,
    -0.093843474984169,
    -0.04622860252857208,
    -0.12430784851312637,
    0.13334524631500244,
    -0.057805135846138,
    -0.05276091396808624,
    -0.12395219504833221,
    -0.023339854553341866,
    0.04299483820796013,
    0.08250952512025833,
    -0.01857682690024376,
    -0.03149530664086342,
    0.07905931770801544,
    -0.017910290509462357,
    0.02284463308751583,
    0.06989721953868866,
    -0.045457687228918076,
    -0.018740007653832436,
    0.1052522137761116,
    -0.08103209733963013,
    -0.010636315681040287,
    -0.06998797506093979,
    0.06305276602506638,
    -0.10570932179689407,
    -7.05092730868273e-08,
    -0.029063589870929718,
    0.057315926998853683,
    0.03155739977955818,
    -0.05943606048822403,
    -0.00023274871637113392,
    -0.05183029547333717,
    -0.03983741253614426,
    0.030037669464945793,
    -0.04142123833298683,
    -0.05066181346774101,
    0.06708143651485443,
    0.0701260194182396,
    -0.012090485543012619,
    -0.023075617849826813,
    0.03327469900250435,
    -0.016394389793276787,
    -0.046144336462020874,
    -0.052901770919561386,
    -0.05317910388112068,
    0.018438808619976044,
    -0.05599013343453407,
    -0.03582840785384178,
    -0.07178289443254471,
    0.03253917396068573,
    0.08636733889579773,
    0.008155785501003265,
    -0.03987230733036995,
    0.0213566143065691,
    0.08124156296253204,
    0.02345236763358116,
    0.01280374638736248,
    -0.03809178248047829,
    0.04471377283334732,
    -0.036119356751441956,
    -0.004490518476814032,
    -0.06798411905765533,
    0.05813010036945343,
    -0.02479698695242405,
    0.03859288990497589,
    0.002210463397204876,
    0.009109322912991047,
    0.06248529255390167,
    0.015955738723278046,
    0.05847318843007088,
    -0.00835704617202282,
    -0.03896670788526535,
    -0.042606305330991745,
    0.023103339597582817,
    0.003935082349926233,
    -0.06781259924173355,
    -0.029446860775351524,
    -0.04483580216765404,
    0.07055051624774933,
    -0.031980592757463455,
    -0.05793079733848572,
    0.07413079589605331,
    0.00533508462831378,
    0.03016085922718048,
    0.02463115192949772,
    0.002254647435620427,
    0.11984148621559143,
    0.02325598895549774,
    0.03375328332185745,
    0.010601555928587914
]