[
    -0.04135938361287117,
    0.03593362495303154,
    -0.03738556057214737,
    -0.059311654418706894,
    -0.07982873916625977,
    0.05679036304354668,
    0.0006991444388404489,
    -0.055997222661972046,
    0.03303368762135506,
    0.0064649502746760845,
    0.0031847001519054174,
    0.004647709894925356,
    0.016218600794672966,
    -0.021316882222890854,
    0.08787606656551361,
    0.00226781889796257,
    0.032946519553661346,
    0.029531875625252724,
    -0.09798654168844223,
    0.04799695312976837,
    0.03025668114423752,
    0.04794080927968025,
    -0.05998867750167847,
    -0.01763392798602581,
    -0.12223825603723526,
    -0.06469262391328812,
    0.0008085371227934957,
    -0.07448621839284897,
    0.004425165243446827,
    -0.09039545059204102,
    0.014312750659883022,
    0.04714192450046539,
    0.06349851191043854,
    0.05548401176929474,
    -0.009575894102454185,
    0.0067755673080682755,
    -0.019378259778022766,
    0.04878046736121178,
    -0.0021027829498052597,
    0.011163389310240746,
    -0.08403926342725754,
    -0.06373631209135056,
    -0.040392421185970306,
    0.004781445953994989,
    0.008133232593536377,
    0.021412545815110207,
    -0.05528239160776138,
    -0.06021561473608017,
    0.010929230600595474,
    0.05904316157102585,
    -0.057930462062358856,
    -0.013324398547410965,
    -0.02477501519024372,
    0.11687832325696945,
    -0.06314026564359665,
    -0.009975780732929707,
    -0.028507467359304428,
    -0.012022198177874088,
    -0.10500269383192062,
    0.017740579321980476,
    -0.025400735437870026,
    0.04049667716026306,
    0.02020234242081642,
    0.09561999142169952,
    -0.09980370104312897,
    0.07033511996269226,
    -0.030387725681066513,
    -0.03392970189452171,
    -0.04842204600572586,
    -0.006343018729239702,
    -0.08409445732831955,
    -0.01091768965125084,
    -0.0588843934237957,
    0.021024493500590324,
    0.006307732779532671,
    0.010941985063254833,
    0.0043890709057450294,
    0.0037503233179450035,
    0.09175169467926025,
    -0.15824879705905914,
    -0.013117962516844273,
    0.044296927750110626,
    -0.04410061985254288,
    0.05550529435276985,
    -0.09965001791715622,
    0.017620760947465897,
    -0.008643927052617073,
    -0.028648516163229942,
    0.0453794039785862,
    0.002797435037791729,
    0.054684024304151535,
    -0.07259809970855713,
    0.0963849276304245,
    -0.0897584930062294,
    0.06470152735710144,
    -0.04035733640193939,
    -0.022587893530726433,
    -0.04915209487080574,
    0.016518281772732735,
    -0.0022585007827728987,
    -0.028787316754460335,
    0.007089646067470312,
    0.02882145158946514,
    -0.0038536100182682276,
    -0.058830827474594116,
    -0.04642190784215927,
    0.024736741557717323,
    -0.007887803018093109,
    0.02337764948606491,
    0.04437630623579025,
    0.048499945551157,
    0.018733173608779907,
    -0.05435674265027046,
    -0.1389397382736206,
    0.031501151621341705,
    0.0043153222650289536,
    -0.03077266737818718,
    0.06679477542638779,
    0.03310265392065048,
    -0.005019888281822205,
    -0.025206496939063072,
    0.03586451709270477,
    -0.05757850408554077,
    -0.05831574276089668,
    -0.07077062875032425,
    0.021465688943862915,
    -0.03309691697359085,
    2.2690205989409738e-32,
    -0.015123693272471428,
    -0.0033076864201575518,
    -0.026231691241264343,
    0.033575452864170074,
    0.04611053690314293,
    -0.01764746755361557,
    0.023637495934963226,
    -0.005965913645923138,
    -0.07685741782188416,
    0.08056243509054184,
    0.005107061937451363,
    0.07796122133731842,
    -0.02538241446018219,
    -0.02925846539437771,
    -0.021237514913082123,
    0.0383041575551033,
    0.01653589867055416,
    0.11585922539234161,
    -0.0159395020455122,
    0.06934735178947449,
    -0.016591019928455353,
    -0.00997713953256607,
    0.010727887973189354,
    0.028536507859826088,
    -0.04535512626171112,
    -0.0004413060378283262,
    0.018396589905023575,
    -0.015922682359814644,
    0.03966367989778519,
    -0.00421829242259264,
    0.03696397691965103,
    0.02590390108525753,
    0.03600890561938286,
    -0.016986006870865822,
    0.07426850497722626,
    0.13238583505153656,
    0.005027306266129017,
    -0.034014228731393814,
    0.07651817798614502,
    -0.07735646516084671,
    -0.05968086048960686,
    -0.014514707028865814,
    0.06710720807313919,
    -0.0027320270892232656,
    0.019768323749303818,
    -0.009555681608617306,
    0.003633085172623396,
    -0.026309633627533913,
    0.021120145916938782,
    0.07117480784654617,
    -0.029704537242650986,
    0.020356588065624237,
    0.0321313813328743,
    -0.003734238212928176,
    0.006011042278259993,
    -0.019981617107987404,
    -0.04431135579943657,
    0.043487127870321274,
    -0.0583740659058094,
    0.06942527741193771,
    -0.04412186145782471,
    0.07860293239355087,
    -0.008484473451972008,
    -0.002326935762539506,
    -0.02549661323428154,
    -0.05997779220342636,
    -0.03711840882897377,
    -0.06952200829982758,
    0.04197791963815689,
    -0.033784981817007065,
    -0.01383195910602808,
    0.06363978981971741,
    -0.028952324762940407,
    0.03747861087322235,
    -0.024124769493937492,
    -0.037020012736320496,
    0.012058905325829983,
    -0.054326146841049194,
    0.041082363575696945,
    -0.017115861177444458,
    -0.06851905584335327,
    0.0023565262090414762,
    0.012625196017324924,
    0.06217589229345322,
    -0.021219776943325996,
    0.009746965952217579,
    0.058230381458997726,
    0.020478039979934692,
    -0.028034402057528496,
    0.0013588867150247097,
    -0.025251049548387527,
    0.037019938230514526,
    0.007985747419297695,
    0.09333543479442596,
    0.012026961892843246,
    -2.2550618973985468e-32,
    -0.022985311225056648,
    -0.036935485899448395,
    -0.053816042840480804,
    -0.02143883891403675,
    0.05641806498169899,
    -0.01750994846224785,
    -0.004841173533350229,
    -0.07982515543699265,
    0.04267960786819458,
    0.020742466673254967,
    0.015620846301317215,
    -0.05459383875131607,
    -0.06455108523368835,
    -0.005962319206446409,
    0.020651787519454956,
    -0.040427837520837784,
    -0.060167405754327774,
    -0.0448584258556366,
    -0.011174625717103481,
    0.14701949059963226,
    -0.0396956130862236,
    0.011473952792584896,
    -0.005897447466850281,
    0.1272103488445282,
    0.053524356335401535,
    0.05662404000759125,
    -0.041229914873838425,
    0.02455049939453602,
    0.08881843835115433,
    -0.0395270399749279,
    -0.05007147789001465,
    -0.05940059572458267,
    -0.05804680660367012,
    0.004255091305822134,
    -0.11174223572015762,
    -0.21053214371204376,
    0.03273456543684006,
    -0.03625478968024254,
    -0.005089441780000925,
    -0.08687455952167511,
    0.0690566673874855,
    0.0021326583810150623,
    -0.0033837195951491594,
    0.01086591836065054,
    0.052097246050834656,
    -0.08928705006837845,
    0.06776179373264313,
    -0.07566628605127335,
    -0.0015563546912744641,
    0.0002478873066138476,
    0.011334638111293316,
    -0.03536205366253853,
    -0.025210203602910042,
    -6.953805132070556e-05,
    -0.03380463272333145,
    0.06874274462461472,
    0.03247265890240669,
    -0.05157911777496338,
    -0.016899948939681053,
    -0.039950672537088394,
    0.09054194390773773,
    0.07121450453996658,
    5.269222674542107e-05,
    0.08109285682439804,
    0.03714486211538315,
    -0.019112780690193176,
    0.01829116977751255,
    -0.035917241126298904,
    -0.07043946534395218,
    -0.0891740545630455,
    -0.061116449534893036,
    -0.07577306032180786,
    -0.07777604460716248,
    -0.0977780744433403,
    0.08516430109739304,
    -0.04188156500458717,
    -0.04418061301112175,
    -0.14370784163475037,
    -0.08563470095396042,
    0.01152913086116314,
    0.019420305266976357,
    -0.028106534853577614,
    -0.06179502606391907,
    0.07974783331155777,
    -0.03432046249508858,
    0.006015840917825699,
    0.0808953195810318,
    -0.043878696858882904,
    0.009600837714970112,
    0.08858147263526917,
    -0.05879788100719452,
    0.025451185181736946,
    -0.07360216230154037,
    0.049898210912942886,
    -0.08000094443559647,
    -6.005966923794404e-08,
    -0.04814644157886505,
    0.06601787358522415,
    0.029701774939894676,
    -0.06216296926140785,
    -0.0014059270033612847,
    -0.06829465180635452,
    0.023702602833509445,
    -0.004542708396911621,
    -0.030336691066622734,
    -0.04273448511958122,
    0.029469644650816917,
    0.06633665412664413,
    -0.01109294779598713,
    0.013915716670453548,
    0.09083380550146103,
    0.008928303606808186,
    -0.07533121109008789,
    -0.03747941553592682,
    -0.061750322580337524,
    0.027870608493685722,
    -0.04292778670787811,
    -0.030324963852763176,
    -0.04285397753119469,
    0.01793222315609455,
    0.007360496558248997,
    0.008581552654504776,
    0.0036369450390338898,
    0.04825042188167572,
    0.07793588936328888,
    0.022426128387451172,
    -0.006672275718301535,
    0.03711814433336258,
    0.012188452295958996,
    -0.04480604827404022,
    -0.025792140513658524,
    -0.05614951252937317,
    0.011658803559839725,
    -0.015940643846988678,
    0.04764449968934059,
    0.03293227404356003,
    -0.025781789794564247,
    0.04313710704445839,
    0.04766971617937088,
    0.07765580713748932,
    0.020680256187915802,
    -0.034592051059007645,
    -0.057059191167354584,
    0.025733772665262222,
    0.01661384478211403,
    -0.06214455887675285,
    -0.06163058057427406,
    -0.019047528505325317,
    0.06976959109306335,
    -0.02574128471314907,
    -0.036479271948337555,
    0.044379137456417084,
    0.07601034641265869,
    0.05250564217567444,
    -0.037324681878089905,
    -0.01828623004257679,
    0.07129065692424774,
    0.0190031286329031,
    0.05310409143567085,
    -0.01612355187535286
]