[
    -0.0569116584956646,
    0.08947635442018509,
    -0.0504627488553524,
    -0.03521832078695297,
    -0.04539642482995987,
    0.03883998095989227,
    -0.01926719956099987,
    -0.041895005851984024,
    -0.010616857558488846,
    -0.0005658057052642107,
    0.015924520790576935,
    -0.013838166370987892,
    0.010483442805707455,
    -0.04396659508347511,
    0.05407968908548355,
    0.007488598115742207,
    0.009356963448226452,
    0.03299222141504288,
    -0.09256541728973389,
    0.04450935497879982,
    0.036338526755571365,
    0.07477305829524994,
    -0.040230315178632736,
    0.022860858589410782,
    -0.09179267287254333,
    -0.041359756141901016,
    0.018748387694358826,
    -0.04703854024410248,
    0.04075102508068085,
    -0.04317686706781387,
    0.06733901798725128,
    0.020630814135074615,
    0.038171615451574326,
    0.0820734053850174,
    -0.03728942200541496,
    -0.06782973557710648,
    -0.05489645153284073,
    0.026751678436994553,
    -0.02887442708015442,
    -0.003355293767526746,
    -0.04874580726027489,
    -0.06186391040682793,
    -0.0672563910484314,
    0.07703319191932678,
    0.02822665125131607,
    0.017741482704877853,
    -0.08203811198472977,
    -0.010723426006734371,
    -0.015435083769261837,
    0.09064819663763046,
    -0.08481913059949875,
    -0.036962490528821945,
    -0.02202889509499073,
    0.0707051232457161,
    -0.05256345123052597,
    -0.06557866185903549,
    -0.06650600582361221,
    -0.02069368213415146,
    -0.1012495830655098,
    -0.0040426296181976795,
    0.009799650870263577,
    -0.004058580845594406,
    -0.003111689118668437,
    0.041389502584934235,
    -0.0291159525513649,
    0.09415941685438156,
    0.01062158215790987,
    -0.06963902711868286,
    0.03785550221800804,
    0.004820606671273708,
    -0.04329364001750946,
    -0.01979968696832657,
    -0.04174574464559555,
    0.0675874724984169,
    0.0011250382522121072,
    0.023527048528194427,
    -0.014605703763663769,
    0.034153472632169724,
    0.07798633724451065,
    -0.16073808073997498,
    -0.06518472731113434,
    -0.010592170991003513,
    0.0073320334777235985,
    0.03537390008568764,
    -0.0628156065940857,
    0.0006055247504264116,
    -0.00428780959919095,
    0.0040888916701078415,
    0.015356164425611496,
    -0.00953531265258789,
    0.03952358663082123,
    -0.026835529133677483,
    0.1122669130563736,
    -0.05917711928486824,
    0.06118306890130043,
    -0.05190411955118179,
    -0.0027863048017024994,
    -0.09548645466566086,
    0.013020709156990051,
    0.0034563608933240175,
    -0.0396963432431221,
    -0.014455833472311497,
    -0.0216284841299057,
    0.026761861518025398,
    -0.06740131974220276,
    -0.08275245875120163,
    0.02493361383676529,
    -0.01291938778012991,
    0.010449016466736794,
    0.060507189482450485,
    -0.007732987403869629,
    0.007761076558381319,
    -0.00047065570834092796,
    -0.11365261673927307,
    0.03860708698630333,
    -0.012308923527598381,
    -0.029157482087612152,
    0.07628751546144485,
    0.05042073130607605,
    0.023536277934908867,
    -0.038706034421920776,
    -0.014962401241064072,
    -0.04386453330516815,
    -0.06138428673148155,
    -0.05238375812768936,
    0.015216815285384655,
    -0.09987767785787582,
    2.0119260254207235e-32,
    -0.047417882829904556,
    -0.012315239757299423,
    -0.043999284505844116,
    0.04977012053132057,
    0.03800975903868675,
    -0.005618808325380087,
    0.012533796019852161,
    -0.020799973979592323,
    -0.08148685097694397,
    0.035651858896017075,
    -0.01171612273901701,
    0.008488338440656662,
    -0.011520599015057087,
    -0.02028890699148178,
    -0.003117604646831751,
    0.02617243304848671,
    0.011887963861227036,
    0.10172596573829651,
    -0.015177087858319283,
    0.08560545742511749,
    0.059042032808065414,
    -0.03344421833753586,
    0.023844340816140175,
    0.015933053568005562,
    -0.01505467388778925,
    0.010819358751177788,
    -0.016314703971147537,
    -0.06385642290115356,
    0.06746748834848404,
    0.015559310093522072,
    0.03557639941573143,
    -0.016036631539463997,
    0.007519502658396959,
    -0.05018395557999611,
    0.06342834234237671,
    0.11631332337856293,
    0.03929658979177475,
    -0.026653297245502472,
    0.08222691714763641,
    -0.004854959901422262,
    -0.059171829372644424,
    -0.020045850425958633,
    0.04711462929844856,
    0.024283675476908684,
    0.040846481919288635,
    -0.003186034271493554,
    -0.032551635056734085,
    -0.02206847444176674,
    -0.007161458022892475,
    0.04395618289709091,
    -0.05238700285553932,
    0.03187249228358269,
    -0.01807672344148159,
    -0.07308691740036011,
    0.020482137799263,
    -0.04910915344953537,
    -0.11141164600849152,
    0.048883240669965744,
    -0.06568142771720886,
    0.03476272523403168,
    -0.010348301380872726,
    0.05816684663295746,
    -0.000987683772109449,
    -0.0513765923678875,
    -0.06789214164018631,
    -0.08324380218982697,
    -0.04051731899380684,
    -0.08095581829547882,
    0.06633171439170837,
    -0.025833791121840477,
    -0.0014735242584720254,
    0.06336002051830292,
    -0.018140653148293495,
    0.035694669932127,
    -0.059153907001018524,
    -0.022455886006355286,
    0.04414467513561249,
    0.03303783759474754,
    0.023131053894758224,
    0.018986355513334274,
    -0.053998589515686035,
    0.009159856475889683,
    -0.028085405007004738,
    0.0511556975543499,
    -0.03796778991818428,
    -0.04126381501555443,
    0.04551597684621811,
    0.048124171793460846,
    -0.061040058732032776,
    -0.07522798329591751,
    0.00867600180208683,
    0.026330996304750443,
    0.02310774102807045,
    0.008604618720710278,
    -0.010004386305809021,
    -2.1010117464185537e-32,
    -0.07191133499145508,
    -0.07026734948158264,
    -0.04225362837314606,
    -0.01852453127503395,
    0.027333294972777367,
    -0.028433367609977722,
    -0.024364912882447243,
    -0.0635024905204773,
    0.06363733112812042,
    0.01992904767394066,
    0.041892893612384796,
    -0.05040830746293068,
    0.014393267221748829,
    -0.034696079790592194,
    -0.054325688630342484,
    -0.012746692635118961,
    -0.06788279116153717,
    -0.045224085450172424,
    -0.03275671228766441,
    0.11279832571744919,
    -0.033394668251276016,
    0.045229338109493256,
    -0.03802929073572159,
    0.14758886396884918,
    0.06148922070860863,
    0.05677945166826248,
    -0.058761365711688995,
    0.0320560485124588,
    0.09828115254640579,
    -0.04596366360783577,
    -0.06941068917512894,
    -0.06143448129296303,
    -0.06559060513973236,
    -0.007369043305516243,
    -0.06597581505775452,
    -0.18557621538639069,
    0.08295882493257523,
    0.05011865124106407,
    -0.03210892528295517,
    -0.051007747650146484,
    0.09541486948728561,
    0.008256674744188786,
    -0.03474299982190132,
    0.030954420566558838,
    0.0017811511643230915,
    -0.02191832661628723,
    0.05867462977766991,
    -0.03790617734193802,
    0.037569738924503326,
    0.014964314177632332,
    0.07115393131971359,
    -0.01658751629292965,
    0.04670574516057968,
    0.01583780162036419,
    -0.029705891385674477,
    0.01696735993027687,
    0.009967729449272156,
    -0.03698261082172394,
    -0.015331510454416275,
    0.004880862310528755,
    0.048581600189208984,
    0.04062287509441376,
    -0.056163858622312546,
    0.09402097761631012,
    0.009553647600114346,
    -0.07605598121881485,
    -0.03413001075387001,
    -0.016488373279571533,
    -0.03573178872466087,
    -0.08892179280519485,
    -0.060073137283325195,
    -0.11484884470701218,
    -0.030705749988555908,
    -0.09875664860010147,
    0.11312251538038254,
    -0.06113910675048828,
    -0.03127417340874672,
    -0.04481462389230728,
    -0.09488680213689804,
    0.0130038782954216,
    0.067950539290905,
    -0.0100156394764781,
    -0.0570804737508297,
    0.05789797008037567,
    0.010590209625661373,
    -0.019173473119735718,
    0.0795719102025032,
    -0.0035438418854027987,
    0.000734294590074569,
    0.056951627135276794,
    -0.0607132762670517,
    0.010807333514094353,
    -0.10413079708814621,
    0.04584718123078346,
    -0.08183454722166061,
    -5.724514551275206e-08,
    0.04092644155025482,
    0.01635482907295227,
    0.035828933119773865,
    -0.027225995436310768,
    0.026621511206030846,
    0.01138115394860506,
    -0.07110533863306046,
    -0.006265928503125906,
    -0.037501778453588486,
    -0.0457020066678524,
    0.02149888128042221,
    0.08688843995332718,
    -0.038513291627168655,
    -0.004682632628828287,
    0.05890730023384094,
    -0.034860994666814804,
    -0.06956297904253006,
    -0.05131954699754715,
    -0.009216051548719406,
    0.025656873360276222,
    -0.0769827589392662,
    -0.041638605296611786,
    -0.048883844166994095,
    0.020082466304302216,
    0.027884557843208313,
    0.038950927555561066,
    -0.035039305686950684,
    0.01288633979856968,
    0.04018096998333931,
    0.04415265843272209,
    -0.00022132755839265883,
    0.02982063964009285,
    0.013356585055589676,
    0.010099750012159348,
    -0.07183733582496643,
    -0.04389313980937004,
    0.004461163189262152,
    0.017816735431551933,
    0.030011652037501335,
    0.00346897984854877,
    0.05097687616944313,
    0.044167980551719666,
    0.028893189504742622,
    0.09065432846546173,
    0.027726933360099792,
    -0.049611665308475494,
    0.018502453342080116,
    -0.009275343269109726,
    0.004858957137912512,
    -0.09427531808614731,
    -0.06153875216841698,
    -0.05167589336633682,
    0.11492931097745895,
    -0.02095051296055317,
    -0.02416926436126232,
    0.08381565660238266,
    0.039188068360090256,
    0.061088696122169495,
    -0.017604028806090355,
    0.016423232853412628,
    0.15019367635250092,
    0.05627976357936859,
    0.045137327164411545,
    -0.01208085659891367
]