[
    -0.05338381230831146,
    0.07487715035676956,
    -0.037321045994758606,
    -0.0382176898419857,
    -0.04823574051260948,
    0.038591790944337845,
    0.0017234698170796037,
    -0.03730974718928337,
    0.03678740933537483,
    -0.00663688313215971,
    0.02883315458893776,
    0.001488835085183382,
    -0.0007061318028718233,
    -0.044746480882167816,
    0.0888381227850914,
    -0.01054099015891552,
    0.03524917736649513,
    0.01826973631978035,
    -0.0875430479645729,
    0.08426761627197266,
    0.03065999038517475,
    0.09149106591939926,
    -0.04432889446616173,
    0.029116518795490265,
    -0.08520342409610748,
    -0.04021212086081505,
    -0.007894789800047874,
    -0.06375578045845032,
    0.043642837554216385,
    -0.03588550165295601,
    0.0616341307759285,
    -0.005210115574300289,
    0.04514916241168976,
    0.07509945333003998,
    -0.003468407317996025,
    -0.03871818631887436,
    -0.020794523879885674,
    0.03304697200655937,
    -0.057064399123191833,
    0.021534312516450882,
    -0.04866190254688263,
    -0.06010257825255394,
    -0.06062495708465576,
    0.04040372744202614,
    0.033548884093761444,
    0.05997801572084427,
    -0.08732228726148605,
    0.007136435713618994,
    -0.002475106157362461,
    0.06595151126384735,
    -0.08642448484897614,
    -0.01747245155274868,
    -0.07501373440027237,
    0.09224991500377655,
    -0.05877700075507164,
    -0.026375744491815567,
    -0.04895133525133133,
    -0.027437664568424225,
    -0.09078463166952133,
    0.0022843957412987947,
    0.011373458430171013,
    0.017793266102671623,
    0.02073957584798336,
    0.04488692060112953,
    -0.027965640649199486,
    0.051575399935245514,
    0.008858329616487026,
    -0.06529945135116577,
    0.011391818523406982,
    -0.0020227511413395405,
    -0.06571900844573975,
    -0.024485541507601738,
    -0.00894332304596901,
    0.006898555904626846,
    0.009215574711561203,
    -0.008389133028686047,
    -0.0371609665453434,
    0.02650126814842224,
    0.07355765998363495,
    -0.14194904267787933,
    -0.05860717594623566,
    0.00041927865822799504,
    0.0016733090160414577,
    0.05453459545969963,
    -0.09047490358352661,
    -0.008610025979578495,
    -0.03240975737571716,
    -0.025438949465751648,
    -0.010233886539936066,
    -0.03326971456408501,
    0.06606154143810272,
    -0.05379508435726166,
    0.07258494943380356,
    -0.05298960208892822,
    0.09424686431884766,
    -0.042107995599508286,
    -0.032102230936288834,
    -0.10079511255025864,
    -0.013829783536493778,
    -0.00037518705357797444,
    -0.023579571396112442,
    -0.006146531086415052,
    -0.017846623435616493,
    -0.012983275577425957,
    -0.040165092796087265,
    -0.04934217408299446,
    0.019033467397093773,
    -0.03978845849633217,
    0.0440693236887455,
    0.07639530301094055,
    0.029332969337701797,
    0.004836022853851318,
    -0.045221373438835144,
    -0.13223475217819214,
    0.05872583016753197,
    0.013434752821922302,
    -0.032466594129800797,
    0.06501016765832901,
    0.07873756438493729,
    -0.0007344630430452526,
    -0.03658398240804672,
    -0.039007194340229034,
    -0.034886740148067474,
    -0.07505476474761963,
    -0.050369955599308014,
    -0.02928730845451355,
    -0.043585218489170074,
    1.6762737521821951e-32,
    -0.033296264708042145,
    0.013902955688536167,
    -0.05124511569738388,
    0.051531121134757996,
    0.025390127673745155,
    0.013544632121920586,
    0.016007782891392708,
    -0.04650690406560898,
    -0.08953621238470078,
    0.024243293330073357,
    0.01174417044967413,
    0.03229641541838646,
    0.0019610037561506033,
    -0.04064621403813362,
    -0.016906727105379105,
    0.04876481369137764,
    -0.006643200758844614,
    0.10911531001329422,
    -0.01934976689517498,
    0.08541960269212723,
    0.06339903920888901,
    0.004697365686297417,
    0.013992155902087688,
    0.027561785653233528,
    -0.027925822883844376,
    -0.00010630970064084977,
    -0.006734742783010006,
    -0.0454394668340683,
    0.04426424950361252,
    -0.0007739461143501103,
    0.03811737895011902,
    0.011784190312027931,
    0.030925583094358444,
    -0.05138762295246124,
    0.07787999510765076,
    0.11444757878780365,
    0.0370265394449234,
    -0.054773565381765366,
    0.06147211790084839,
    -0.048877961933612823,
    -0.019217289984226227,
    -0.01781279779970646,
    0.028764136135578156,
    0.007870539091527462,
    0.025101181119680405,
    0.011419693939387798,
    -0.02371811680495739,
    -0.02594137191772461,
    0.02484736032783985,
    0.03490496054291725,
    -0.056659895926713943,
    0.05429844930768013,
    -0.014906072057783604,
    -0.0402238555252552,
    0.018987711519002914,
    -0.04770275577902794,
    -0.09080329537391663,
    0.06896314769983292,
    -0.06027469038963318,
    0.020846376195549965,
    -0.008906628005206585,
    0.0511137917637825,
    0.01470949873328209,
    -0.03247763216495514,
    -0.06062832102179527,
    -0.0850772112607956,
    -0.04100336506962776,
    -0.06524622440338135,
    0.05775054171681404,
    -0.024339236319065094,
    -0.061146460473537445,
    0.09150883555412292,
    -0.037038519978523254,
    0.028841568157076836,
    -0.048426125198602676,
    -0.050506796687841415,
    0.010671315714716911,
    -0.01901285909116268,
    0.05528520047664642,
    0.00466710701584816,
    -0.05450637266039848,
    0.018468625843524933,
    -0.002329368144273758,
    0.07237722724676132,
    -0.047082096338272095,
    -0.010680491104722023,
    0.039152223616838455,
    0.05127425864338875,
    -0.04118635505437851,
    -0.06813715398311615,
    0.02115054428577423,
    0.030987441539764404,
    0.04212338849902153,
    0.03442717716097832,
    -0.009801364503800869,
    -1.815350456121414e-32,
    -0.014539849944412708,
    -0.06531225144863129,
    -0.05324453115463257,
    0.02572217769920826,
    0.06253436952829361,
    -0.009753172285854816,
    -0.029032833874225616,
    -0.03631696477532387,
    0.056009698659181595,
    0.013911177404224873,
    0.05506947264075279,
    -0.05036044493317604,
    -0.009618701413273811,
    -0.019380832090973854,
    -0.02001870423555374,
    0.002460285322740674,
    -0.05275450274348259,
    -0.07217037677764893,
    -0.009176173247396946,
    0.10761308670043945,
    -0.008671173825860023,
    0.001800105324946344,
    -0.025959158316254616,
    0.15401196479797363,
    0.04258178174495697,
    0.04711741581559181,
    -0.04423791915178299,
    0.02439170517027378,
    0.09703003615140915,
    -0.07072464376688004,
    -0.033781230449676514,
    -0.05329727753996849,
    -0.0740455910563469,
    0.011394626460969448,
    -0.09407743066549301,
    -0.18141412734985352,
    0.07219412177801132,
    0.01436252985149622,
    -0.016260862350463867,
    -0.03901255503296852,
    0.12640151381492615,
    -0.01607179269194603,
    -0.007844719104468822,
    0.0015366910956799984,
    -0.000644672370981425,
    -0.05434967577457428,
    0.08708225190639496,
    -0.024937929585576057,
    0.010583623312413692,
    0.013587513007223606,
    0.09283395111560822,
    -0.06494297087192535,
    0.008989178575575352,
    -0.011081138625741005,
    -0.06850546598434448,
    0.039273910224437714,
    0.0030560684390366077,
    -0.009312269277870655,
    -0.00498075969517231,
    -0.02200702391564846,
    0.08092143386602402,
    0.036218445748090744,
    -0.054758597165346146,
    0.07980846613645554,
    0.006551018916070461,
    -0.032402850687503815,
    -0.010574140585958958,
    -0.007813988253474236,
    -0.0502462238073349,
    -0.07450247555971146,
    -0.08288350701332092,
    -0.09108499437570572,
    -0.03854623809456825,
    -0.08140091598033905,
    0.12506461143493652,
    -0.07251517474651337,
    -0.02761819399893284,
    -0.10213200002908707,
    -0.08645935356616974,
    -0.001700873370282352,
    0.06847360730171204,
    0.0030528539791703224,
    -0.0535644069314003,
    0.07756083458662033,
    0.003590978216379881,
    0.0014431866584345698,
    0.0880475863814354,
    -0.06330747157335281,
    -0.017435386776924133,
    0.05802874267101288,
    -0.05109790712594986,
    0.007870267145335674,
    -0.0866638794541359,
    0.029814938083291054,
    -0.08679104596376419,
    -5.2364860891884746e-08,
    0.010686160065233707,
    0.0362456813454628,
    0.015537920407950878,
    -0.03977566212415695,
    -0.010259656235575676,
    -0.05861424654722214,
    -0.016393309459090233,
    -0.023242009803652763,
    -0.03252788260579109,
    -0.0433911569416523,
    0.04733728989958763,
    0.05651554837822914,
    -0.0227982010692358,
    -0.016857381910085678,
    0.055771734565496445,
    -0.030405953526496887,
    -0.09114190936088562,
    -0.059170134365558624,
    -0.027478447183966637,
    0.007990970276296139,
    -0.07587902992963791,
    -0.04548905789852142,
    -0.04213569685816765,
    0.006807503756135702,
    0.031133253127336502,
    0.07540751248598099,
    0.0004001022025477141,
    0.048371393233537674,
    0.03940892964601517,
    0.062002841383218765,
    -0.02569344826042652,
    0.01384668331593275,
    0.052572764456272125,
    0.0068459343165159225,
    -0.08089579641819,
    -0.044280897825956345,
    0.009647749364376068,
    -0.018401287496089935,
    0.04635646194219589,
    -0.03209773823618889,
    0.016144314780831337,
    0.059079013764858246,
    0.024004613980650902,
    0.07518236339092255,
    0.01187050249427557,
    -0.045694395899772644,
    0.00761004164814949,
    -0.006116362754255533,
    -0.014037592336535454,
    -0.08608131855726242,
    -0.07091867178678513,
    -0.035601068288087845,
    0.13744668662548065,
    0.024500209838151932,
    -0.023241139948368073,
    0.06115538254380226,
    0.04056776687502861,
    0.05268959328532219,
    -0.027405569329857826,
    -0.0027610096149146557,
    0.13498981297016144,
    0.037120264023542404,
    0.05927129089832306,
    -0.01528141088783741
]