[
    -0.012938084080815315,
    0.05397842079401016,
    -0.011736156418919563,
    -0.04461272060871124,
    -0.0066013699397444725,
    0.0389375202357769,
    -0.048571694642305374,
    -0.06629259139299393,
    -0.029327014461159706,
    -0.007254705764353275,
    -0.02513286843895912,
    -0.0490533709526062,
    -0.028199145570397377,
    -0.028756389394402504,
    0.07954811304807663,
    -0.04126112535595894,
    0.02455775812268257,
    0.013749849051237106,
    -0.10237539559602737,
    0.05370209738612175,
    0.036119408905506134,
    0.06132454797625542,
    -0.03737954795360565,
    -0.009811770170927048,
    -0.09896626323461533,
    -0.026915311813354492,
    -0.017587730661034584,
    -0.04042484238743782,
    0.005279533099383116,
    -0.047616146504879,
    0.07254733890295029,
    0.03740186244249344,
    0.03475207835435867,
    0.05083414167165756,
    0.011571312323212624,
    -0.014720705337822437,
    0.001927408273331821,
    0.03979476913809776,
    -0.03543306514620781,
    0.0005136165418662131,
    -0.08626191318035126,
    -0.05685999244451523,
    -0.07262265682220459,
    0.043521177023649216,
    0.04474397748708725,
    0.04178939759731293,
    -0.06506874412298203,
    -0.03036486729979515,
    0.04859863594174385,
    0.04175085574388504,
    -0.07403353601694107,
    -0.01980639062821865,
    -0.02486802265048027,
    0.04543561860918999,
    -0.029013650491833687,
    -0.05472354590892792,
    -0.05508621409535408,
    -0.008455242030322552,
    -0.10900890082120895,
    -0.010863490402698517,
    0.005089551210403442,
    -0.0021872601937502623,
    0.008935295976698399,
    0.07342509925365448,
    -0.09056901186704636,
    0.07524833083152771,
    -0.018359655514359474,
    -0.0026517414953559637,
    0.0025832175742834806,
    -0.004023324232548475,
    -0.13415373861789703,
    -0.040473684668540955,
    -0.027102816849946976,
    0.060082025825977325,
    -0.0006135078147053719,
    0.04650503769516945,
    -0.029150519520044327,
    0.006183710880577564,
    0.08819755166769028,
    -0.14392760396003723,
    -0.03484731540083885,
    0.022910969331860542,
    0.003560014069080353,
    0.043874986469745636,
    -0.03960159793496132,
    -0.029799064621329308,
    -0.013607867993414402,
    -0.003723101457580924,
    0.008241257630288601,
    -0.042869944125413895,
    0.03859204798936844,
    -0.03249786049127579,
    0.06655445694923401,
    -0.050233665853738785,
    0.041315898299217224,
    -0.03458219766616821,
    -0.02714218944311142,
    -0.052360787987709045,
    0.025284772738814354,
    0.000732268497813493,
    -0.03297656774520874,
    -0.045320700854063034,
    0.02298027276992798,
    0.0015844233566895127,
    -0.058725666254758835,
    -0.052433788776397705,
    0.010198533535003662,
    0.011468270793557167,
    0.04922441765666008,
    0.061968836933374405,
    0.06069805845618248,
    0.04451468214392662,
    -0.024467486888170242,
    -0.1567223221063614,
    0.045433126389980316,
    0.01769319176673889,
    -0.03796091303229332,
    0.04455513879656792,
    0.054157573729753494,
    0.07018867880105972,
    -0.040915414690971375,
    -0.01600087620317936,
    -0.03056541085243225,
    -0.09538719803094864,
    -0.054090771824121475,
    0.01489647850394249,
    -0.05662013217806816,
    2.3777536794552415e-32,
    -0.01850229501724243,
    0.018765294924378395,
    -0.009265629574656487,
    0.05581583082675934,
    0.04610900580883026,
    -0.04849255830049515,
    0.03324725106358528,
    -0.02592318132519722,
    -0.057772524654865265,
    0.054846204817295074,
    0.0004905626410618424,
    0.02357928827404976,
    -0.03743743151426315,
    0.020589560270309448,
    0.0033074866514652967,
    -0.015365414321422577,
    0.02825196646153927,
    0.0674235075712204,
    -0.01607833430171013,
    0.07282405346632004,
    0.026692349463701248,
    -0.07524403929710388,
    0.018780605867505074,
    0.02130601368844509,
    0.00652477378025651,
    0.028314976021647453,
    0.0012558959424495697,
    -0.028398828580975533,
    0.03459946811199188,
    0.01417475938796997,
    0.02266043610870838,
    0.014262959361076355,
    0.005101612303406,
    -0.06720948219299316,
    0.0330897681415081,
    0.1305341273546219,
    0.04422111064195633,
    -0.0605001375079155,
    0.06098676845431328,
    -0.07633286714553833,
    -0.013265597634017467,
    -0.02540358155965805,
    0.07264835387468338,
    0.022159414365887642,
    0.05270371958613396,
    -0.03379986435174942,
    -0.006640485022217035,
    0.00594818452373147,
    0.05658716708421707,
    -0.00028719211695715785,
    -0.042173855006694794,
    -0.007876843214035034,
    0.028867369517683983,
    -0.02709471620619297,
    0.02916392683982849,
    -0.025279339402914047,
    -0.07573416829109192,
    0.02187245711684227,
    -0.024319352582097054,
    0.07042306661605835,
    -0.11178366094827652,
    0.04779978469014168,
    -0.03607270121574402,
    0.009619873017072678,
    -0.0018272851593792439,
    -0.042357370257377625,
    -0.014165123924612999,
    -0.08638704568147659,
    0.04197358340024948,
    0.006288891192525625,
    -0.03663177415728569,
    0.07524485141038895,
    -0.03581736981868744,
    0.02481652796268463,
    -0.011591927148401737,
    -0.03283147141337395,
    0.0017407492268830538,
    -0.025214368477463722,
    0.021602286025881767,
    0.020789608359336853,
    -0.07004240900278091,
    0.015304169617593288,
    0.0025060491170734167,
    0.050247885286808014,
    0.022745540365576744,
    0.003815503092482686,
    0.08658640086650848,
    0.06089569255709648,
    -0.09161537140607834,
    -0.06611242145299911,
    -0.014689091593027115,
    0.02750875987112522,
    0.04443681985139847,
    0.029240936040878296,
    0.012705599889159203,
    -2.4183698010752348e-32,
    -0.0049546691589057446,
    -0.028837213292717934,
    -0.016367221251130104,
    -0.031407590955495834,
    0.08526137471199036,
    -0.017157889902591705,
    -0.025842241942882538,
    -0.11924977600574493,
    0.0673481673002243,
    0.01709401048719883,
    0.063639335334301,
    -0.052108827978372574,
    0.019837070256471634,
    -0.027027754113078117,
    -0.05276075378060341,
    -0.03227011114358902,
    -0.09102561324834824,
    -0.04214188829064369,
    -0.0005655933637171984,
    0.12386919558048248,
    -0.016969436779618263,
    -0.002506017917767167,
    -0.03868764638900757,
    0.13121448457241058,
    0.026667343452572823,
    0.0696389302611351,
    -0.09933168441057205,
    -0.0022461640182882547,
    0.11242315173149109,
    -0.03256867453455925,
    -0.0742771327495575,
    -0.04575905576348305,
    -0.049703530967235565,
    0.02040078677237034,
    -0.0784338116645813,
    -0.17863349616527557,
    0.02513459324836731,
    -0.02305910736322403,
    -0.048099540174007416,
    -0.018742112442851067,
    0.10492328554391861,
    -0.0069010257720947266,
    -0.008742046542465687,
    0.020617173984646797,
    -0.013986732810735703,
    -0.07359351962804794,
    0.08076465874910355,
    -0.029684768989682198,
    -0.038408540189266205,
    -0.01619223691523075,
    0.04573221132159233,
    -0.012540283612906933,
    -0.07276199012994766,
    0.011654950678348541,
    -0.0477905198931694,
    0.03039681166410446,
    -0.024489901959896088,
    -0.025166381150484085,
    -0.04314471781253815,
    -0.01773284748196602,
    0.08082746714353561,
    0.05917668715119362,
    -0.03266255557537079,
    0.08941847831010818,
    0.0558924674987793,
    -0.08254386484622955,
    -0.032568879425525665,
    -0.05190395936369896,
    -0.03865152969956398,
    -0.08480918407440186,
    -0.10790026932954788,
    -0.09888747334480286,
    -0.04294334352016449,
    -0.08725664764642715,
    0.07438962906599045,
    -0.060749929398298264,
    -0.02471359819173813,
    -0.06729161739349365,
    -0.07297787815332413,
    0.05692780017852783,
    0.053849346935749054,
    -0.0379103422164917,
    -0.07108485698699951,
    0.10071594268083572,
    0.017221340909600258,
    0.01720399223268032,
    0.05206357687711716,
    -0.04007688909769058,
    -0.004567798227071762,
    0.09219907224178314,
    -0.0994427427649498,
    0.028041476383805275,
    -0.08878456056118011,
    0.09098941832780838,
    -0.07301133871078491,
    -6.478274627852443e-08,
    0.005346816498786211,
    0.07616211473941803,
    0.012234102934598923,
    -0.045349232852458954,
    -0.010015459731221199,
    -0.035441819578409195,
    -0.03293241560459137,
    -0.01999892294406891,
    -0.03362869471311569,
    -0.04269074648618698,
    0.0489068366587162,
    0.083278127014637,
    -0.024450309574604034,
    -0.021594075486063957,
    0.04069288447499275,
    0.008697764948010445,
    -0.08392734080553055,
    0.007586631923913956,
    -0.04683701694011688,
    0.0058536711148917675,
    -0.05535072088241577,
    -0.06597413122653961,
    -0.049092188477516174,
    0.02852008491754532,
    0.03000863827764988,
    0.032666854560375214,
    -0.024662626907229424,
    -0.0008131976355798542,
    0.08835981041193008,
    0.07114920765161514,
    0.012290110811591148,
    -0.0265452079474926,
    0.02329891361296177,
    -0.011901860125362873,
    -0.03362666815519333,
    -0.04636339098215103,
    0.002584679750725627,
    -0.015754004940390587,
    0.0652855932712555,
    -0.00749092735350132,
    -0.008183314464986324,
    0.06331999599933624,
    0.031300924718379974,
    0.08078774809837341,
    -0.025009997189044952,
    -0.04270138218998909,
    -0.02848467044532299,
    0.007933298125863075,
    0.025915896520018578,
    -0.09413127601146698,
    -0.028370531275868416,
    -0.028293931856751442,
    0.08047427237033844,
    -0.026231270283460617,
    -0.051750071346759796,
    0.10537922382354736,
    0.005854508373886347,
    0.04061510041356087,
    -0.007511885371059179,
    -0.03351658955216408,
    0.10175541043281555,
    0.01768082194030285,
    0.047591645270586014,
    -0.01014408003538847
]