[
    -0.07899316400289536,
    0.09501463174819946,
    -0.014098458923399448,
    -0.04198048636317253,
    -0.03782639652490616,
    0.06826150417327881,
    -0.023887626826763153,
    -0.027032941579818726,
    0.01749509386718273,
    -0.03175555542111397,
    0.03025820665061474,
    0.03150447458028793,
    -0.020985925570130348,
    -0.066905178129673,
    0.04794280603528023,
    -0.033514950424432755,
    0.046406522393226624,
    -0.002053425181657076,
    -0.07396837323904037,
    0.0985337421298027,
    0.08073387295007706,
    0.09836087375879288,
    -0.05302675813436508,
    0.0472709983587265,
    -0.05495718866586685,
    -0.004029708914458752,
    -0.022236378863453865,
    -0.04919919744133949,
    0.04811626672744751,
    -0.0187141802161932,
    0.062489960342645645,
    0.01887683942914009,
    0.0637347623705864,
    0.05472240597009659,
    -0.031529538333415985,
    -0.05953240767121315,
    -0.02254616841673851,
    -0.0017185525503009558,
    -0.03202502056956291,
    0.0032998621463775635,
    -0.04616548493504524,
    -0.07370855659246445,
    -0.08860781043767929,
    0.034254055470228195,
    0.025264743715524673,
    0.05467236414551735,
    -0.048849355429410934,
    0.019928213208913803,
    -0.03914712741971016,
    0.08329997956752777,
    -0.09049209952354431,
    0.0006365044973790646,
    -0.06798148900270462,
    0.08305064588785172,
    -0.0215002354234457,
    -0.038005586713552475,
    -0.06273461878299713,
    -0.03040480799973011,
    -0.09243496507406235,
    0.012832541018724442,
    0.0115001006051898,
    -0.0013907862594351172,
    0.034802671521902084,
    0.07322816550731659,
    -0.057607922703027725,
    0.05250415578484535,
    -0.007384672295302153,
    -0.018045715987682343,
    0.033115167170763016,
    0.004339034203439951,
    -0.0758294016122818,
    -0.028371307998895645,
    0.014397604390978813,
    0.029613155871629715,
    -0.0028991340659558773,
    -0.01694594696164131,
    -0.0046063498593866825,
    -0.019492274150252342,
    0.023477818816900253,
    -0.12109241634607315,
    -0.03841060400009155,
    -0.005174390505999327,
    -0.008371018804609776,
    0.04959985986351967,
    -0.09533026069402695,
    -0.030197840183973312,
    -0.021954897791147232,
    -0.03516099601984024,
    0.004641236271709204,
    -0.06741993874311447,
    0.0554608516395092,
    -0.06042524054646492,
    0.05590810626745224,
    -0.05372421443462372,
    0.05825066193938255,
    -0.05135055258870125,
    -0.03904037922620773,
    -0.05424477532505989,
    0.019670208916068077,
    -0.01577669568359852,
    0.009553690440952778,
    0.007016689050942659,
    -0.015799272805452347,
    -0.005814438685774803,
    -0.04700647294521332,
    -0.05472029000520706,
    -0.00583948427811265,
    -0.02808891423046589,
    0.039321161806583405,
    0.08330775052309036,
    0.03496294096112251,
    0.026250166818499565,
    -0.01603270322084427,
    -0.14651508629322052,
    0.047477420419454575,
    0.04111535847187042,
    -0.024380682036280632,
    0.09269502013921738,
    0.07814031094312668,
    0.003189202630892396,
    -0.030613651499152184,
    -0.019247112795710564,
    -0.020216768607497215,
    -0.06041784957051277,
    -0.053003180772066116,
    -0.013981863856315613,
    -0.06886744499206543,
    1.456035481600833e-32,
    -0.02424633875489235,
    -0.025921883061528206,
    -0.05601108446717262,
    0.047374311834573746,
    0.06215802580118179,
    0.015742400661110878,
    0.01869451254606247,
    -0.04396820440888405,
    -0.05748593807220459,
    0.046456221491098404,
    0.04868927597999573,
    0.02890579029917717,
    0.005807704757899046,
    -0.040717341005802155,
    -0.045952700078487396,
    0.09614326804876328,
    0.023538514971733093,
    0.09094779193401337,
    0.01649363525211811,
    0.044434431940317154,
    0.05434077978134155,
    -0.04435823857784271,
    0.01227558497339487,
    0.04944930598139763,
    -0.03751376271247864,
    0.00020139702246524394,
    0.012582490220665932,
    -0.052318163216114044,
    0.03398163989186287,
    0.0029839049093425274,
    0.01918117143213749,
    0.025081109255552292,
    0.062076274305582047,
    -0.07487186044454575,
    0.1024937704205513,
    0.11065351963043213,
    0.005036759190261364,
    -0.08718496561050415,
    0.0720827728509903,
    -0.07313034683465958,
    -0.028629297390580177,
    -0.009689153172075748,
    0.018205802887678146,
    0.024574484676122665,
    0.04203286021947861,
    0.0074470979161560535,
    -0.05787334218621254,
    -0.01206410862505436,
    0.014775145798921585,
    0.04542234539985657,
    -0.063841812312603,
    0.03482037037611008,
    -0.011603279039263725,
    -0.04374900087714195,
    -0.0015015453100204468,
    -0.03234412148594856,
    -0.0953528955578804,
    0.03339916840195656,
    -0.07925626635551453,
    0.02662927657365799,
    -0.02519553154706955,
    0.04657716676592827,
    0.022875739261507988,
    -0.08465555310249329,
    -0.06251324713230133,
    -0.08037964999675751,
    -0.034157343208789825,
    -0.05628175288438797,
    0.012907300144433975,
    -0.023396538570523262,
    -0.039825182408094406,
    0.12145115435123444,
    -0.03200066089630127,
    0.019901175051927567,
    0.003706547198817134,
    -0.017657926306128502,
    0.040165215730667114,
    -0.01547172013670206,
    0.051191262900829315,
    -0.02561201900243759,
    -0.050826556980609894,
    -0.004189589526504278,
    0.007772940676659346,
    0.09144476056098938,
    -0.04144969582557678,
    0.018101267516613007,
    0.057484403252601624,
    0.05036155879497528,
    -0.03135378658771515,
    -0.024184197187423706,
    0.013153144158422947,
    0.02395956590771675,
    0.00037308825994841754,
    0.015064407140016556,
    -0.004937728401273489,
    -1.6418950974612527e-32,
    -0.048547692596912384,
    -0.045539937913417816,
    -0.12283606082201004,
    0.016040360555052757,
    0.02054518647491932,
    -0.014060687273740768,
    -0.05060857906937599,
    -0.047659553587436676,
    0.060887325555086136,
    0.023048575967550278,
    0.011899860575795174,
    -0.02846982516348362,
    -0.02511264942586422,
    -0.03648461773991585,
    -0.05088578164577484,
    0.03249383345246315,
    -0.009926039725542068,
    -0.06457972526550293,
    -0.020926307886838913,
    0.10523230582475662,
    -0.01188319455832243,
    0.02890968695282936,
    -0.023429691791534424,
    0.13467054069042206,
    0.043984342366456985,
    0.031712181866168976,
    -0.03372141346335411,
    0.015535598620772362,
    0.0846947729587555,
    -0.04706965759396553,
    -0.04569932445883751,
    -0.030188897624611855,
    -0.06000160053372383,
    0.01482988428324461,
    -0.10811792314052582,
    -0.16051453351974487,
    0.07752905040979385,
    0.00233617820776999,
    -0.02148430421948433,
    -0.0226399227976799,
    0.09722720831632614,
    0.0005150676006451249,
    -0.01188045833259821,
    -0.003401117166504264,
    -0.013833265751600266,
    -0.0795891061425209,
    0.08795084804296494,
    -0.0200699120759964,
    0.025713199749588966,
    0.0171574205160141,
    0.07697268575429916,
    -0.06547771394252777,
    0.015882810577750206,
    0.027608182281255722,
    -0.08551821857690811,
    0.04465218633413315,
    -0.039564330130815506,
    -0.006978751625865698,
    -0.032685909420251846,
    -0.01172327809035778,
    0.08789590001106262,
    0.06670969724655151,
    -0.0879984125494957,
    0.040013495832681656,
    0.008079951629042625,
    -0.03915581479668617,
    -0.021117432042956352,
    -0.010249452665448189,
    -0.019344214349985123,
    -0.1016547679901123,
    -0.06916052103042603,
    -0.13236218690872192,
    -0.02232539840042591,
    -0.0864095538854599,
    0.07606666535139084,
    -0.027477551251649857,
    -0.03944907709956169,
    -0.09123607724905014,
    -0.13267646729946136,
    0.0011147400364279747,
    0.06506610661745071,
    -0.0012918864376842976,
    -0.06199956685304642,
    0.09625373035669327,
    -0.007392305415123701,
    0.012656188569962978,
    0.06622614711523056,
    -0.028212333098053932,
    -0.00918133556842804,
    0.06062684208154678,
    -0.02450534515082836,
    0.03528472036123276,
    -0.08368554711341858,
    0.052276045083999634,
    -0.05155009776353836,
    -5.027651894806695e-08,
    0.025179214775562286,
    0.04879609867930412,
    0.014498489908874035,
    -0.04405546188354492,
    0.005778431426733732,
    -0.043103158473968506,
    0.0007007238455116749,
    -0.009006043896079063,
    -0.03330143168568611,
    -0.02090800553560257,
    0.043126028031110764,
    0.052692584693431854,
    -0.021052975207567215,
    -0.025593753904104233,
    0.04891420155763626,
    -0.006436720956116915,
    -0.08696348965167999,
    -0.08067075908184052,
    -0.03141555190086365,
    0.02375960350036621,
    -0.06131201982498169,
    -0.0634855106472969,
    -0.03281071409583092,
    0.04211161658167839,
    0.0015156313311308622,
    0.024152595549821854,
    0.012638349086046219,
    0.032434556633234024,
    0.043943628668785095,
    0.052850157022476196,
    -0.027426855638623238,
    0.03599159047007561,
    0.053957499563694,
    -0.010267741978168488,
    -0.05506428703665733,
    -0.04601951688528061,
    0.005837414413690567,
    -0.02095736190676689,
    0.06007973477244377,
    0.007228482980281115,
    -0.00706005422398448,
    0.01543834526091814,
    0.023461753502488136,
    0.09354586899280548,
    0.014557776972651482,
    -0.03240557387471199,
    0.00685617420822382,
    -0.012128261849284172,
    -0.0009717725915834308,
    -0.07762670516967773,
    -0.07367555052042007,
    -0.037734974175691605,
    0.1372319906949997,
    0.0030525317415595055,
    -0.02640242502093315,
    0.06446252018213272,
    0.05492204800248146,
    0.08477786183357239,
    -0.010955734178423882,
    -0.021451180800795555,
    0.11005958914756775,
    0.050503503531217575,
    0.0424150712788105,
    -0.022725405171513557
]