[
    -0.022240079939365387,
    0.02506255730986595,
    0.011496538296341896,
    -0.041416868567466736,
    -0.0568363256752491,
    0.06806902587413788,
    -0.04279133677482605,
    -0.07213578373193741,
    0.006808190140873194,
    0.007659001275897026,
    -0.011456253938376904,
    0.03858096897602081,
    -0.013860082253813744,
    -0.0726955384016037,
    0.07557737082242966,
    -0.058677855879068375,
    0.009511775337159634,
    0.016811437904834747,
    -0.0977063924074173,
    0.06511356681585312,
    0.009575759060680866,
    0.06109289079904556,
    -0.02387501671910286,
    0.0014114463701844215,
    -0.07913148403167725,
    -0.004023571964353323,
    -0.05045102909207344,
    -0.06850215047597885,
    0.01117220800369978,
    -0.07145059108734131,
    0.06228023022413254,
    0.036372110247612,
    0.027131833136081696,
    0.08504237979650497,
    -0.06735966354608536,
    0.025780614465475082,
    -0.0468224436044693,
    0.06732355058193207,
    -0.009253991767764091,
    0.035926058888435364,
    -0.05748431757092476,
    -0.03454037383198738,
    -0.04851781949400902,
    0.015624726191163063,
    0.028667742386460304,
    0.012698281556367874,
    -0.08434851467609406,
    -0.025699395686388016,
    0.027592092752456665,
    0.04344792291522026,
    -0.06372130662202835,
    -0.019686274230480194,
    -0.03631991520524025,
    0.09768789261579514,
    -0.024018121883273125,
    -0.03862011060118675,
    -0.04464484751224518,
    -0.04781362786889076,
    -0.10726365447044373,
    -0.017685597762465477,
    -0.03377414867281914,
    0.04577913507819176,
    0.03134142607450485,
    0.04886860400438309,
    -0.06566186994314194,
    0.05387798324227333,
    -0.0004522840026766062,
    0.025904854759573936,
    -0.00805388018488884,
    -0.03648003563284874,
    -0.08957142382860184,
    -0.020670471712946892,
    0.039634861052036285,
    0.07209379971027374,
    -0.013869136571884155,
    0.010548802092671394,
    -0.00794728472828865,
    -0.004369379952549934,
    0.0743422582745552,
    -0.12353038042783737,
    -0.0459706075489521,
    0.018265536054968834,
    -0.013845359906554222,
    0.04715699329972267,
    -0.03429945185780525,
    -0.001340822083875537,
    -0.013543210923671722,
    -0.007615996524691582,
    -0.028304733335971832,
    -0.08946146816015244,
    0.030001820996403694,
    0.019513089209794998,
    0.06297893822193146,
    -0.0948178768157959,
    0.060204312205314636,
    -0.049980390816926956,
    -0.025415213778614998,
    -0.054560888558626175,
    0.017211508005857468,
    -0.01138284057378769,
    0.006486173719167709,
    0.010213430970907211,
    0.05784108489751816,
    -0.023004911839962006,
    -0.03889937698841095,
    -0.058959465473890305,
    0.02652752958238125,
    0.012133089825510979,
    0.03612072765827179,
    0.04081568494439125,
    0.009770216420292854,
    0.0117291659116745,
    -0.04995745047926903,
    -0.1576707363128662,
    -0.005973002407699823,
    0.011511294171214104,
    -0.027170401066541672,
    0.049644358456134796,
    0.05966554954648018,
    0.05292806774377823,
    -0.06011949107050896,
    -0.03637825697660446,
    -0.02285020425915718,
    -0.07594085484743118,
    -0.0450226292014122,
    0.05056752637028694,
    -0.02988189272582531,
    2.4454310034623085e-32,
    -0.04884423688054085,
    -0.02347453124821186,
    -0.0120765445753932,
    0.049990709871053696,
    0.0315081849694252,
    -0.02373114973306656,
    0.021211616694927216,
    -0.010513914749026299,
    -0.053902167826890945,
    0.06601328402757645,
    -0.01310398057103157,
    0.01335742138326168,
    -0.014872468076646328,
    0.016001123934984207,
    -0.027754459530115128,
    0.01756502129137516,
    -0.016622064635157585,
    0.03941379487514496,
    -0.08101709932088852,
    0.08030552417039871,
    0.010916446335613728,
    -0.02518286742269993,
    0.0008193155517801642,
    0.012740741483867168,
    -0.008157331496477127,
    0.006364266853779554,
    0.0013249927433207631,
    -0.01822962798178196,
    0.01221766322851181,
    -0.009548305533826351,
    -0.01768440008163452,
    0.044767241925001144,
    -0.009411045350134373,
    -0.08806254714727402,
    0.050363101065158844,
    0.10328735411167145,
    0.0034933998249471188,
    -0.01662006601691246,
    0.08593326061964035,
    -0.06028435751795769,
    -0.027920525521039963,
    -0.035939328372478485,
    0.018022829666733742,
    0.03715477138757706,
    0.06021232530474663,
    0.03044569306075573,
    0.0032977310474961996,
    -0.006024603266268969,
    0.0026526106521487236,
    0.02468670904636383,
    -0.013160128146409988,
    -0.01605655625462532,
    -0.01403630431741476,
    -0.02178020030260086,
    0.005007990635931492,
    0.024324266240000725,
    -0.05611632019281387,
    0.028030531480908394,
    -0.021156245842576027,
    0.08761078119277954,
    0.009316056035459042,
    0.009575980715453625,
    -0.00965012889355421,
    -0.026369206607341766,
    -0.002561106812208891,
    -0.06999889016151428,
    -0.0160114336758852,
    -0.05451863631606102,
    0.08565354347229004,
    0.012389853596687317,
    -0.02278056927025318,
    0.07333556562662125,
    -0.054372306913137436,
    0.05849534645676613,
    0.0017499191453680396,
    -0.04666649550199509,
    -0.019955936819314957,
    -0.02420174889266491,
    0.045119550079107285,
    0.03071328066289425,
    -0.03935655578970909,
    -0.010805422440171242,
    -0.0082869753241539,
    0.06286293268203735,
    -0.00024394971842411906,
    0.011031880974769592,
    0.059452228248119354,
    0.05673028528690338,
    -0.11115199327468872,
    -0.07345765084028244,
    -0.01464055571705103,
    0.04745367169380188,
    0.06738009303808212,
    0.03213785961270332,
    -0.003236875170841813,
    -2.5575395160049624e-32,
    -0.019314752891659737,
    -0.01567245088517666,
    -0.06021358072757721,
    -0.004878634586930275,
    0.09108272194862366,
    -0.024137422442436218,
    -0.012935033068060875,
    -0.11056067049503326,
    0.070554718375206,
    0.055706631392240524,
    0.04169204458594322,
    -0.04455651715397835,
    -0.006491233129054308,
    -0.026226339861750603,
    -0.013899373821914196,
    -0.002391897374764085,
    -0.08379395306110382,
    -0.04866573587059975,
    -0.012985370121896267,
    0.1490112990140915,
    -0.01729191653430462,
    -0.033506426960229874,
    -0.01620909757912159,
    0.14461572468280792,
    0.07035098224878311,
    0.0749138668179512,
    -0.019281569868326187,
    0.01963207498192787,
    0.13283054530620575,
    -0.05635660141706467,
    -0.07657678425312042,
    -0.057160913944244385,
    -0.023040300235152245,
    0.0007464245427399874,
    -0.08190295100212097,
    -0.1769171953201294,
    0.06356525421142578,
    -0.03129788488149643,
    -0.03610340878367424,
    -0.008611522614955902,
    0.10812953114509583,
    -0.061213117092847824,
    -0.029862649738788605,
    0.0417773611843586,
    -0.0027759813237935305,
    -0.07437235862016678,
    0.0326184444129467,
    -0.006416824646294117,
    -0.06403802335262299,
    0.025008756667375565,
    0.04360111057758331,
    -0.040942613035440445,
    -0.05664924904704094,
    0.02597830444574356,
    -0.04461900517344475,
    0.062378909438848495,
    0.002751726657152176,
    -0.05702827498316765,
    -0.04660839959979057,
    -0.05163682997226715,
    0.06265649944543839,
    0.05094702169299126,
    -0.054790034890174866,
    0.08445627987384796,
    0.005903272889554501,
    -0.07833068072795868,
    0.017931291833519936,
    -0.05706389248371124,
    -0.04712359234690666,
    -0.0878436416387558,
    -0.10910780727863312,
    -0.11041159927845001,
    -0.06277018785476685,
    -0.14745469391345978,
    0.10380171984434128,
    -0.02625187113881111,
    -0.02445794828236103,
    -0.07584013789892197,
    -0.056929346174001694,
    0.0372459776699543,
    0.052770934998989105,
    -0.05047003924846649,
    -0.03041839227080345,
    0.06277389824390411,
    -0.028044361621141434,
    -0.0017664461629465222,
    0.10338013619184494,
    -0.057243913412094116,
    -0.03460037335753441,
    0.09118218719959259,
    -0.06839628517627716,
    0.005045570898801088,
    -0.07644271105527878,
    0.04949960857629776,
    -0.08346187323331833,
    -6.979175282140204e-08,
    -0.0046402267180383205,
    0.04530521482229233,
    0.02139582298696041,
    -0.049011025577783585,
    0.012454555369913578,
    -0.05925336107611656,
    -0.054547835141420364,
    0.022374484688043594,
    -0.023310674354434013,
    0.03124660812318325,
    0.057139020413160324,
    0.1043122187256813,
    -0.04947945848107338,
    -0.05452641099691391,
    0.04669750854372978,
    -0.03294100612401962,
    -0.12369700521230698,
    -0.013436613604426384,
    -0.06980310380458832,
    0.03880039229989052,
    -0.06710334122180939,
    -0.05112948268651962,
    -0.06316381692886353,
    0.007510239724069834,
    0.013243584893643856,
    0.0492657907307148,
    -0.025136616080999374,
    0.007196294609457254,
    0.05437140539288521,
    0.020371900871396065,
    0.002412915462628007,
    0.0049052005633711815,
    0.028444983065128326,
    -0.01782228611409664,
    -0.030954036861658096,
    -0.04614385962486267,
    0.025585127994418144,
    -0.02481955662369728,
    0.03969030827283859,
    -0.019605696201324463,
    0.014095206744968891,
    0.02252727560698986,
    0.006986656691879034,
    0.06073968857526779,
    0.003073708852753043,
    -0.025883324444293976,
    -0.010154741816222668,
    -0.000559015606995672,
    0.033855658024549484,
    -0.09011653065681458,
    -0.028638632968068123,
    -0.03257692977786064,
    0.08924384415149689,
    -0.05024052411317825,
    -0.044107720255851746,
    0.08611822128295898,
    0.022624600678682327,
    0.021134426817297935,
    0.006031155586242676,
    -0.0034121370408684015,
    0.10201706737279892,
    0.0017843942623585463,
    0.05580541491508484,
    0.01451033540070057
]