[
    -0.02610005997121334,
    0.07001171261072159,
    -0.017788177356123924,
    -0.0027610608376562595,
    -0.03324662148952484,
    0.047331396490335464,
    0.00753444479778409,
    -0.04871920868754387,
    0.03564813360571861,
    0.005285944323986769,
    0.01717352494597435,
    -0.0031332285143435,
    -0.014785687439143658,
    -0.08273984491825104,
    0.08325932174921036,
    -0.025416500866413116,
    0.04157336801290512,
    0.022095894441008568,
    -0.09061679989099503,
    0.1106642410159111,
    0.012367581017315388,
    0.08454640209674835,
    -0.008211624808609486,
    -0.0163156408816576,
    -0.08195841312408447,
    -0.010308572091162205,
    -0.024803470820188522,
    -0.0630403459072113,
    0.03125971183180809,
    -0.039682213217020035,
    0.09060024470090866,
    0.04557293280959129,
    0.053039003163576126,
    0.08748437464237213,
    -0.05059384927153587,
    -0.031198348850011826,
    -0.05577210336923599,
    0.07546669244766235,
    -0.04402000829577446,
    0.010049056261777878,
    -0.07848364114761353,
    -0.048464126884937286,
    -0.050977736711502075,
    0.012054862454533577,
    0.03091023489832878,
    -0.00012946514470968395,
    -0.05930235609412193,
    -0.013455979526042938,
    0.029010174795985222,
    0.03362220153212547,
    -0.05119718983769417,
    -0.0174973476678133,
    -0.03630029410123825,
    0.09232819080352783,
    -0.06804320961236954,
    -0.026162443682551384,
    -0.06487347930669785,
    -0.04682810604572296,
    -0.11019300669431686,
    -0.006266019772738218,
    -0.03783151134848595,
    0.026632877066731453,
    0.02563648484647274,
    0.060242846608161926,
    -0.07736445218324661,
    0.0917564406991005,
    -0.014997350051999092,
    0.012779157608747482,
    -0.0035824966616928577,
    -0.015372542664408684,
    -0.0778365507721901,
    -0.013259383849799633,
    0.02629554644227028,
    0.06975986063480377,
    0.011175548657774925,
    -0.005315415561199188,
    -0.01900879666209221,
    -0.0074279881082475185,
    0.0582907497882843,
    -0.08655805885791779,
    -0.039412468671798706,
    0.028432438150048256,
    -0.021395646035671234,
    0.02562061697244644,
    -0.061349645256996155,
    0.01113875862210989,
    -0.013478250242769718,
    0.036133307963609695,
    -0.03305411338806152,
    -0.08133769780397415,
    0.034849148243665695,
    -0.02833780273795128,
    0.07200093567371368,
    -0.07750307768583298,
    0.10075155645608902,
    -0.07027050852775574,
    -0.03045128844678402,
    -0.08381380140781403,
    0.014645349234342575,
    -0.014324847608804703,
    -0.029057879000902176,
    -0.006037159822881222,
    -0.005175832659006119,
    -0.04157205671072006,
    -0.037785716354846954,
    -0.08926466852426529,
    0.023992745205760002,
    -0.0014759922632947564,
    0.030137257650494576,
    0.06850786507129669,
    0.035908736288547516,
    -0.005081909708678722,
    -0.03685558959841728,
    -0.14701774716377258,
    0.03445182740688324,
    -0.023996897041797638,
    -0.028887052088975906,
    0.055462852120399475,
    0.033558379858732224,
    -0.003756069578230381,
    -0.0761197954416275,
    -0.03617807477712631,
    -0.031112050637602806,
    -0.054547518491744995,
    -0.025821249932050705,
    0.013160762377083302,
    -0.04653842747211456,
    2.535862812428624e-32,
    -0.0443163625895977,
    0.0019933537114411592,
    -0.006973681040108204,
    0.0476033091545105,
    0.015456101857125759,
    0.01306306291371584,
    0.013094996102154255,
    7.338740397244692e-05,
    -0.03867339342832565,
    0.06462278217077255,
    0.03180072456598282,
    -0.0015319327358156443,
    -0.0020070441532880068,
    -0.021148977801203728,
    -0.06799126416444778,
    0.03448281064629555,
    -0.026446502655744553,
    0.09071368724107742,
    -0.04258272424340248,
    0.08245350420475006,
    0.03672582283616066,
    -0.017775820568203926,
    0.025627855211496353,
    0.002776952926069498,
    -0.039894744753837585,
    -0.008191650733351707,
    0.00011897419608430937,
    -0.014666912145912647,
    0.026645347476005554,
    -0.0223988126963377,
    -0.011005574837327003,
    0.021432962268590927,
    0.027529625222086906,
    -0.0684075653553009,
    0.04648076370358467,
    0.10583694279193878,
    0.0467185378074646,
    -0.01970822364091873,
    0.08870980143547058,
    -0.07429740577936172,
    -0.03918241709470749,
    -0.02205522544682026,
    0.02243729494512081,
    0.030430516228079796,
    0.038830846548080444,
    -0.003468733513727784,
    0.01070266030728817,
    -0.03393946588039398,
    -0.0019889590330421925,
    0.04397132992744446,
    -0.016581492498517036,
    0.018770767375826836,
    -0.05854665860533714,
    -0.0029705350752919912,
    -0.012426299042999744,
    0.0036294073797762394,
    -0.08337078243494034,
    0.049909282475709915,
    -0.054872095584869385,
    0.059251829981803894,
    -0.019373221322894096,
    0.015079340897500515,
    -0.02023971639573574,
    -0.07427674531936646,
    -0.013340068981051445,
    -0.03482230007648468,
    -0.015432348474860191,
    -0.0915389135479927,
    0.0479293130338192,
    0.0065428996458649635,
    -0.016427870839834213,
    0.054326996207237244,
    -0.031264178454875946,
    0.04131466522812843,
    -0.003216874785721302,
    -0.006274954881519079,
    0.01606740429997444,
    0.011463014408946037,
    0.04353947564959526,
    0.025634942576289177,
    -0.02239318937063217,
    -0.01729690656065941,
    -0.008437495678663254,
    0.08197043091058731,
    0.014791893772780895,
    -0.009255211800336838,
    0.04605909809470177,
    0.032482024282217026,
    -0.11685523390769958,
    -0.05715244635939598,
    0.014770098961889744,
    0.05383028835058212,
    0.0342337004840374,
    0.03448224812746048,
    -0.01373983547091484,
    -2.537769464265658e-32,
    -0.023910557851195335,
    -0.06527703255414963,
    -0.07838982343673706,
    0.024439724162220955,
    0.08906250447034836,
    -0.03316666930913925,
    -0.010055040940642357,
    -0.08414895087480545,
    0.06620456278324127,
    0.02433568611741066,
    0.027522573247551918,
    -0.042062096297740936,
    -0.029616858810186386,
    -0.022094832733273506,
    -0.01510667521506548,
    0.001759883714839816,
    -0.0893789529800415,
    -0.04603954032063484,
    -0.003670362988486886,
    0.1296040266752243,
    -0.034973692148923874,
    -0.02425462380051613,
    -0.04024066776037216,
    0.12755359709262848,
    0.0539647601544857,
    0.06883514672517776,
    -0.03459756448864937,
    0.02468406967818737,
    0.119112029671669,
    -0.03515064716339111,
    -0.08118648082017899,
    -0.052816636860370636,
    -0.03672176972031593,
    -0.015599418431520462,
    -0.07463627308607101,
    -0.19642974436283112,
    0.06358753889799118,
    -0.017602520063519478,
    -0.04700370877981186,
    -0.008583641611039639,
    0.07649510353803635,
    -0.029777582734823227,
    -0.04961080104112625,
    -0.0036464212462306023,
    -0.010697987861931324,
    -0.10019523650407791,
    0.023553041741251945,
    0.0005166641203686595,
    -0.0146185252815485,
    0.025578221306204796,
    0.053241483867168427,
    -0.03484250232577324,
    -0.040933623909950256,
    0.03644101321697235,
    -0.04845903068780899,
    0.036732643842697144,
    0.004874756559729576,
    -0.05265418440103531,
    -0.03670724108815193,
    -0.028058499097824097,
    0.07001955807209015,
    0.06896204501390457,
    -0.07866142690181732,
    0.065562404692173,
    0.03808591142296791,
    -0.054727014154195786,
    0.029521958902478218,
    -0.06908734142780304,
    -0.0533292181789875,
    -0.07908043265342712,
    -0.05778605863451958,
    -0.13357754051685333,
    -0.05351720750331879,
    -0.1500222235918045,
    0.15913695096969604,
    -0.031012533232569695,
    -0.02088344655930996,
    -0.06370993703603745,
    -0.06328462809324265,
    0.024293309077620506,
    0.07100853323936462,
    -0.023345598950982094,
    -0.048505354672670364,
    0.07471854239702225,
    0.00547836534678936,
    0.010610014200210571,
    0.03116323985159397,
    -0.053283605724573135,
    -0.0284369308501482,
    0.11644180119037628,
    -0.030500490218400955,
    0.0036068132612854242,
    -0.06338182091712952,
    0.04420633614063263,
    -0.09353512525558472,
    -6.69947866072107e-08,
    -0.009861127473413944,
    0.04238941892981529,
    0.05473102256655693,
    -0.045493435114622116,
    0.02064719796180725,
    -0.043706294149160385,
    -0.030005065724253654,
    0.005810181610286236,
    -0.03044690191745758,
    -0.005633707158267498,
    0.05447860434651375,
    0.08464286476373672,
    -0.037496693432331085,
    -0.04194285720586777,
    0.05950972065329552,
    -0.020017042756080627,
    -0.11793974786996841,
    -0.07748387008905411,
    -0.04093383997678757,
    0.022194674238562584,
    -0.04559245705604553,
    -0.06906213611364365,
    -0.06206384673714638,
    0.03240854665637016,
    0.024900546297430992,
    0.029913507401943207,
    -0.030888104811310768,
    0.021061159670352936,
    0.042845264077186584,
    0.03839075192809105,
    -0.003409181023016572,
    -0.0048189968802034855,
    0.01997431553900242,
    0.03839276358485222,
    -0.0022610859014093876,
    -0.06626120954751968,
    0.03150167316198349,
    -0.03148666396737099,
    0.04956560954451561,
    0.013985129073262215,
    0.030600348487496376,
    0.03759629651904106,
    0.008137359283864498,
    0.057339947670698166,
    0.025619253516197205,
    0.010756155475974083,
    -0.021438341587781906,
    0.007560865953564644,
    -0.021916525438427925,
    -0.08957985788583755,
    -0.011229400523006916,
    -0.026873020455241203,
    0.09456934779882431,
    -0.009099714457988739,
    -0.05284610390663147,
    0.0871158316731453,
    0.035309627652168274,
    0.05687612295150757,
    0.00793472956866026,
    0.007622424513101578,
    0.12215171009302139,
    0.013218355365097523,
    0.013901605270802975,
    -0.020952584221959114
]