[
    -0.07600225508213043,
    0.06808517128229141,
    -0.005494504701346159,
    -0.040216244757175446,
    -0.062082964926958084,
    0.044075991958379745,
    0.025351135060191154,
    -0.06311874091625214,
    0.057230278849601746,
    0.023187711834907532,
    0.01867818646132946,
    0.04256202653050423,
    -0.010789050720632076,
    -0.06892729550600052,
    0.05689959228038788,
    -0.008933677338063717,
    0.024498866870999336,
    0.007309840992093086,
    -0.08107178658246994,
    0.10172773152589798,
    0.04153592884540558,
    0.06807270646095276,
    -0.08225806802511215,
    0.028531545773148537,
    -0.0691823661327362,
    0.03311933949589729,
    -0.019897783175110817,
    -0.057719238102436066,
    0.03154291585087776,
    -0.06379439681768417,
    0.05203429237008095,
    -0.024937234818935394,
    0.032562192529439926,
    0.055197011679410934,
    -0.03158162161707878,
    -0.06156071275472641,
    -0.03755812719464302,
    0.01727091521024704,
    -0.03250245377421379,
    0.00960096251219511,
    -0.011975699104368687,
    -0.03469384089112282,
    -0.0819096714258194,
    0.00914183259010315,
    0.02625870518386364,
    0.015424738638103008,
    -0.07799434661865234,
    -0.00431416742503643,
    0.009152170270681381,
    0.07606684416532516,
    -0.016628239303827286,
    -0.03702618554234505,
    -0.06190761923789978,
    0.07354927808046341,
    -0.05231979489326477,
    -0.04457575082778931,
    -0.035665933042764664,
    -0.01692420057952404,
    -0.058910615742206573,
    0.006335386540740728,
    -0.0011413336033001542,
    0.022251931950449944,
    0.005990481935441494,
    0.06863024085760117,
    -0.048906709998846054,
    0.05968029052019119,
    0.00861554779112339,
    -0.04124750941991806,
    0.0008176864357665181,
    0.0037603178061544895,
    -0.08060035109519958,
    -0.03949132189154625,
    -0.0011574688833206892,
    0.06279465556144714,
    0.017736101523041725,
    -0.05563369020819664,
    -0.04157477244734764,
    -0.002435376401990652,
    0.07283057272434235,
    -0.11473766714334488,
    -0.0624510757625103,
    0.00810635183006525,
    0.014149559661746025,
    0.05112740024924278,
    -0.03756481781601906,
    -0.01888267882168293,
    -0.05226743593811989,
    0.023565277457237244,
    0.020427944138646126,
    -0.05273924395442009,
    0.0600958950817585,
    -0.030925843864679337,
    0.09784922003746033,
    -0.07142239809036255,
    0.10011836141347885,
    -0.05127773433923721,
    -0.03246239945292473,
    -0.09835515171289444,
    0.004910424817353487,
    -0.018870728090405464,
    -0.045130692422389984,
    -0.02577001415193081,
    -0.04946498945355415,
    -0.002213345840573311,
    -0.013178183697164059,
    -0.08200664073228836,
    0.006623724475502968,
    -0.03656638786196709,
    0.026573190465569496,
    0.07544215768575668,
    0.03633955493569374,
    0.02787238173186779,
    -0.010070515796542168,
    -0.10390094667673111,
    0.057013362646102905,
    0.04673345014452934,
    -0.055815599858760834,
    0.07661457359790802,
    0.06505686044692993,
    -0.02166079916059971,
    -0.05832018330693245,
    -0.03203422948718071,
    -0.0075445896945893764,
    -0.09423193335533142,
    -0.008349495008587837,
    0.04258573800325394,
    -0.05984148010611534,
    1.9086012474777952e-32,
    -0.041332781314849854,
    -0.029101518914103508,
    -0.048933979123830795,
    0.04974324256181717,
    0.03795245662331581,
    -0.014659520238637924,
    0.010732203722000122,
    -0.026335373520851135,
    -0.05119932442903519,
    0.025625163689255714,
    0.003844021586701274,
    0.036978960037231445,
    -0.010761683806777,
    -0.04198556765913963,
    0.005974293686449528,
    0.024929936975240707,
    0.00458615692332387,
    0.08084531873464584,
    0.011887666769325733,
    0.07239620387554169,
    0.04962256923317909,
    0.00023123202845454216,
    0.02502579428255558,
    0.017581934109330177,
    -0.03489258885383606,
    0.005859709810465574,
    -0.018391668796539307,
    -0.029238156974315643,
    0.0346439853310585,
    0.009854970499873161,
    0.04020924121141434,
    0.03152012825012207,
    -0.004187761805951595,
    -0.07269102334976196,
    0.062970370054245,
    0.10345476865768433,
    0.029868243262171745,
    -0.014107986353337765,
    0.06953278928995132,
    -0.04938230291008949,
    -0.016183439642190933,
    -0.027291396632790565,
    0.006183754187077284,
    -0.007285645231604576,
    0.02743634395301342,
    -0.001444732304662466,
    0.017434366047382355,
    -0.03205600753426552,
    0.0026488653384149075,
    0.03924756124615669,
    -0.028614467009902,
    0.03871864825487137,
    -0.0368112288415432,
    -0.04849139228463173,
    -0.006685605272650719,
    -0.05389154329895973,
    -0.12308679521083832,
    0.0370977483689785,
    -0.035978082567453384,
    0.03219667077064514,
    0.03166224807500839,
    0.07253699749708176,
    0.0047481469810009,
    -0.005641183815896511,
    -0.03100513480603695,
    -0.03888745978474617,
    -0.016736866906285286,
    -0.07419401407241821,
    0.055741921067237854,
    -0.018006911501288414,
    -0.004926641471683979,
    0.040841516107320786,
    -0.02068246342241764,
    0.009243560954928398,
    0.011468665674328804,
    -0.02637822926044464,
    0.03164549544453621,
    0.010852910578250885,
    0.03111957758665085,
    -0.006200962234288454,
    -0.03718572109937668,
    -0.0020803736988455057,
    0.024803245440125465,
    0.07718145847320557,
    0.006278465501964092,
    -0.06102176010608673,
    0.048081450164318085,
    0.0016516675241291523,
    -0.0879119262099266,
    -0.05189874768257141,
    -0.00590521702542901,
    0.044056180864572525,
    0.03504231572151184,
    0.027879895642399788,
    -0.029051098972558975,
    -2.0403703438483335e-32,
    -0.02509145624935627,
    -0.09340660274028778,
    -0.0295496117323637,
    0.011247819289565086,
    0.05788082256913185,
    -0.023566678166389465,
    -0.018401475623250008,
    -0.04383562505245209,
    0.057453956454992294,
    -0.0001805522188078612,
    0.022591538727283478,
    -0.02909608744084835,
    0.006277122069150209,
    -0.0024627717211842537,
    -0.04575217142701149,
    -0.0237597543746233,
    -0.10566679388284683,
    -0.07360479980707169,
    -0.041146449744701385,
    0.06254253536462784,
    -0.016720173880457878,
    -0.001497697550803423,
    0.01631314679980278,
    0.14382515847682953,
    0.047522563487291336,
    0.0609314851462841,
    -0.03639224171638489,
    0.036096714437007904,
    0.1347760409116745,
    -0.06547204405069351,
    -0.080589659512043,
    -0.05278453603386879,
    -0.060090042650699615,
    0.016234034672379494,
    -0.1045336201786995,
    -0.16078712046146393,
    0.03758062422275543,
    0.02129330113530159,
    -0.05580785498023033,
    -0.0465497188270092,
    0.11154063791036606,
    -0.020823558792471886,
    0.011806474067270756,
    -0.005702096503227949,
    -0.001636837376281619,
    -0.04594472050666809,
    0.04879513755440712,
    -0.022802723571658134,
    0.0022819428704679012,
    0.019525421783328056,
    0.04515746608376503,
    -0.030635464936494827,
    0.04452617093920708,
    0.05610558018088341,
    -0.0824393704533577,
    0.028811335563659668,
    0.05307892709970474,
    -0.05797288194298744,
    0.008928008377552032,
    0.01155715063214302,
    0.04529832303524017,
    0.047311484813690186,
    -0.06154179945588112,
    0.11284611374139786,
    0.008241863921284676,
    -0.051517799496650696,
    -0.015286126174032688,
    -0.024337539449334145,
    -0.04236619174480438,
    -0.0714142695069313,
    -0.040627844631671906,
    -0.15245041251182556,
    -0.04066719114780426,
    -0.1083885058760643,
    0.12180595099925995,
    -0.037544846534729004,
    -0.03790387138724327,
    -0.09053317457437515,
    -0.11940062791109085,
    -0.030817095190286636,
    0.07637806981801987,
    -0.03282293677330017,
    -0.05091332644224167,
    0.0821811854839325,
    -0.01626726984977722,
    0.007598159369081259,
    0.06117425113916397,
    -0.07466911524534225,
    0.0005519610131159425,
    0.12500788271427155,
    -0.038494981825351715,
    -0.021244576200842857,
    -0.07015272229909897,
    0.04959298297762871,
    -0.07149854302406311,
    -5.6819928317963786e-08,
    -0.02803986147046089,
    0.04868200048804283,
    0.06994475424289703,
    -0.029781514778733253,
    0.02455890364944935,
    -0.052437469363212585,
    -0.03561283275485039,
    -0.0024205977097153664,
    -0.012915647588670254,
    -0.04004064202308655,
    0.06956660002470016,
    0.0713183730840683,
    0.0064968448132276535,
    -0.012988745234906673,
    0.03074345365166664,
    0.0014871873427182436,
    -0.08568542450666428,
    -0.06560328602790833,
    -0.02035926841199398,
    0.018789643421769142,
    -0.09347392618656158,
    -0.06759835034608841,
    -0.05364789813756943,
    -0.009133526124060154,
    0.01169589627534151,
    0.05156850814819336,
    -0.05443483963608742,
    0.0536864697933197,
    0.016101133078336716,
    0.0569349080324173,
    -0.004757121670991182,
    0.046691495925188065,
    0.07557371258735657,
    0.036149267107248306,
    -0.09045590460300446,
    -0.08170142769813538,
    0.0296168215572834,
    -0.021889863535761833,
    0.029873602092266083,
    -0.0437738262116909,
    0.009861832484602928,
    0.051385316997766495,
    0.02493390068411827,
    0.07467977702617645,
    -0.009693661704659462,
    -0.060478877276182175,
    0.0014656175626441836,
    0.01600591465830803,
    0.006384694017469883,
    -0.08130382001399994,
    0.00033697570324875414,
    -0.04769057035446167,
    0.12046363204717636,
    -0.008421954698860645,
    0.002302367240190506,
    0.07023333758115768,
    0.022476620972156525,
    0.04781482741236687,
    -0.028458865359425545,
    -0.005451845470815897,
    0.15539950132369995,
    0.02549469657242298,
    0.048376381397247314,
    -0.02435098960995674
]