[
    -0.034114155918359756,
    0.04909273236989975,
    -0.05141637474298477,
    -0.020357195287942886,
    -0.017360251396894455,
    0.04027227312326431,
    0.007829432375729084,
    -0.03624529018998146,
    0.028146468102931976,
    -0.010046059265732765,
    0.06816563755273819,
    0.011415883898735046,
    0.00022963517403695732,
    -0.03174183517694473,
    0.1200888603925705,
    -0.011010803282260895,
    0.03992791101336479,
    0.008953189477324486,
    -0.08660275489091873,
    0.10269031673669815,
    0.010046749375760555,
    0.10154204070568085,
    -0.0075186509639024734,
    -0.0030312626622617245,
    -0.09114088863134384,
    -0.017923664301633835,
    -0.013704054057598114,
    -0.06686526536941528,
    0.04256376624107361,
    -0.03400520607829094,
    0.07513561844825745,
    0.011250128969550133,
    0.03509973734617233,
    0.06365058571100235,
    -0.02254311367869377,
    0.0038528917357325554,
    -0.03208005800843239,
    0.0441405288875103,
    -0.04177284240722656,
    -0.0014639500295743346,
    -0.0745692253112793,
    -0.03516311198472977,
    -0.02565290778875351,
    0.00028969356208108366,
    -0.003740750951692462,
    -0.0014311785344034433,
    -0.08928578346967697,
    0.0005363086820580065,
    -0.021213596686720848,
    0.023853562772274017,
    -0.07999353110790253,
    -0.0160988736897707,
    -0.01756928116083145,
    0.0481175035238266,
    -0.04082600772380829,
    0.018670929595828056,
    -0.04043421894311905,
    0.007086938712745905,
    -0.12721054255962372,
    -0.00872824713587761,
    0.027671167626976967,
    0.01594589650630951,
    0.030852004885673523,
    0.044736314564943314,
    -0.03525110334157944,
    0.06350772827863693,
    -0.011371047236025333,
    -0.01865760236978531,
    0.03848084434866905,
    -0.03064722754061222,
    -0.05973411723971367,
    -0.022342026233673096,
    -0.007753149140626192,
    0.0545387826859951,
    -0.007263148669153452,
    -0.011570909060537815,
    -0.03828059509396553,
    0.021499937400221825,
    0.07022123783826828,
    -0.08546365052461624,
    -0.03768342360854149,
    -0.008619840256869793,
    0.03888477757573128,
    0.026354024186730385,
    -0.09608865529298782,
    -0.011749997735023499,
    -0.01856403984129429,
    0.02947961539030075,
    -0.05202115699648857,
    -0.02397315576672554,
    0.039013758301734924,
    -0.030895544216036797,
    0.04265237972140312,
    -0.048582106828689575,
    0.0753893330693245,
    -0.05405152961611748,
    -0.05170341953635216,
    -0.03438561409711838,
    -0.0024674362502992153,
    -0.0012871858198195696,
    -0.010027460753917694,
    0.009647355414927006,
    -0.03842710331082344,
    0.004886048845946789,
    -0.04323390871286392,
    -0.07530704885721207,
    0.02300657518208027,
    -0.045774176716804504,
    0.006440488155931234,
    0.06558637320995331,
    0.027376320213079453,
    0.0114686144515872,
    -0.05205950886011124,
    -0.15436537563800812,
    0.03149115666747093,
    -0.0020946452859789133,
    -0.029352935031056404,
    0.07091531902551651,
    0.04025076702237129,
    0.021489828824996948,
    -0.06469589471817017,
    -0.049744948744773865,
    -0.014583427459001541,
    -0.05165795981884003,
    -0.027815917506814003,
    0.0030677574686706066,
    -0.042252566665410995,
    2.1791142359494758e-32,
    -0.018939541652798653,
    -0.027927322313189507,
    -0.05069814622402191,
    0.05214083939790726,
    0.035661883652210236,
    0.01640133745968342,
    -0.004238709807395935,
    -0.06017698347568512,
    -0.03212236985564232,
    0.005430908873677254,
    0.03317485749721527,
    -0.013599737547338009,
    0.014752275310456753,
    -0.059697169810533524,
    -0.04787534475326538,
    0.016441522166132927,
    0.0376669205725193,
    0.10686501115560532,
    0.015415305271744728,
    0.034446265548467636,
    0.07088328152894974,
    -0.01659385673701763,
    0.0032305398490279913,
    0.034877292811870575,
    -0.012667798437178135,
    0.029412010684609413,
    0.016337832435965538,
    -0.01601514406502247,
    0.0658353865146637,
    0.015461986884474754,
    0.004264648072421551,
    0.026231776922941208,
    -6.806641067669261e-06,
    -0.08017744868993759,
    0.0647149533033371,
    0.13573801517486572,
    0.012572846375405788,
    -0.05643928050994873,
    0.06854265928268433,
    -0.03688826039433479,
    -0.017750827595591545,
    -0.014882060699164867,
    0.01012720912694931,
    0.028725162148475647,
    0.012706669047474861,
    0.009871824644505978,
    -0.007150816731154919,
    -0.06638401746749878,
    -0.003122745081782341,
    0.04840647429227829,
    -0.05680256709456444,
    0.006606682203710079,
    -0.03550500050187111,
    -0.04562811553478241,
    0.02855008840560913,
    -0.03386029601097107,
    -0.10324032604694366,
    0.07269938290119171,
    -0.03769822418689728,
    0.07344526797533035,
    -0.005137874279171228,
    0.06615568697452545,
    -0.016066787764430046,
    -0.05723604932427406,
    0.009368601255118847,
    -0.11171874403953552,
    -0.02474335953593254,
    -0.11949650943279266,
    0.08584319055080414,
    -0.008903608657419682,
    -0.0447198823094368,
    0.08854573965072632,
    -0.02203747257590294,
    0.04351378232240677,
    -0.05054299533367157,
    -0.032679930329322815,
    -0.005444092210382223,
    -0.03143879771232605,
    0.017788635566830635,
    -0.003175989491865039,
    -0.0330909788608551,
    -0.006858794018626213,
    -0.036046143621206284,
    0.09248501807451248,
    0.02215077169239521,
    -0.023643705993890762,
    0.00849401019513607,
    0.05053427442908287,
    -0.1321975439786911,
    -0.06966531276702881,
    0.03520974516868591,
    0.051887013018131256,
    0.05119210109114647,
    0.04655250906944275,
    -0.03906555473804474,
    -2.2598144210589213e-32,
    -0.007356894668191671,
    -0.037819232791662216,
    -0.06903573870658875,
    0.014761864207684994,
    0.07940391451120377,
    -0.020737335085868835,
    -0.034124936908483505,
    -0.08370605856180191,
    0.052887726575136185,
    0.031762346625328064,
    -0.014346342533826828,
    -0.053101442754268646,
    -7.65546428738162e-06,
    0.01183205284178257,
    -0.03338281437754631,
    0.05711612477898598,
    -0.0774548202753067,
    -0.04925644397735596,
    -0.03963922709226608,
    0.10249634087085724,
    -0.032419558614492416,
    -0.00935250986367464,
    -0.017116989940404892,
    0.13585598766803741,
    0.03967798873782158,
    0.05147770047187805,
    -0.053508780896663666,
    -0.000855811289511621,
    0.08110304921865463,
    -0.06811708956956863,
    -0.06475304067134857,
    -0.03313082829117775,
    -0.059494905173778534,
    -0.00786513276398182,
    -0.09804559499025345,
    -0.18661054968833923,
    0.05967092514038086,
    -0.019976815208792686,
    -0.049205392599105835,
    -0.011469284072518349,
    0.08456374704837799,
    0.0056560649536550045,
    -0.031251657754182816,
    -0.001016331952996552,
    -0.031318750232458115,
    -0.09636983275413513,
    0.09781274944543839,
    -0.04473360255360603,
    0.0018078680150210857,
    -0.009283345192670822,
    0.05835476145148277,
    -0.07955861836671829,
    0.01976674050092697,
    0.01729591377079487,
    -0.04403631016612053,
    0.032790977507829666,
    -0.04823792353272438,
    -0.03843814879655838,
    -0.04671919345855713,
    0.004777858965098858,
    0.10111682116985321,
    0.05837186425924301,
    -0.08343303948640823,
    0.07796655595302582,
    0.026140067726373672,
    -0.054134562611579895,
    -0.020264357328414917,
    -0.007108038756996393,
    -0.042052291333675385,
    -0.08952929079532623,
    -0.03131088986992836,
    -0.11079838871955872,
    -0.03153149038553238,
    -0.06499532610177994,
    0.13702000677585602,
    -0.05182121694087982,
    -0.003236633026972413,
    -0.06592090427875519,
    -0.07785505056381226,
    -0.005948521196842194,
    0.07344736903905869,
    0.001380067435093224,
    -0.09575565159320831,
    0.0537857860326767,
    0.029231751337647438,
    0.00926383025944233,
    0.08225087076425552,
    -0.04487239196896553,
    -0.01702713593840599,
    0.049778323620557785,
    -0.05880170688033104,
    0.03668203204870224,
    -0.08825656026601791,
    0.058337341994047165,
    -0.07256782054901123,
    -6.371552530026747e-08,
    -0.027800805866718292,
    -1.7057463992387056e-05,
    0.042295411229133606,
    -0.03204653412103653,
    0.005301644094288349,
    -0.03023557923734188,
    -0.0017723141936585307,
    -0.00040732178604230285,
    -0.0601315014064312,
    -0.006389359012246132,
    0.026600060984492302,
    0.06811089813709259,
    -0.00467374362051487,
    -0.00620221346616745,
    0.05465654283761978,
    -0.020698148757219315,
    -0.0877586081624031,
    -0.03263995796442032,
    -0.02299225889146328,
    0.030346645042300224,
    -0.04281681776046753,
    -0.08885864913463593,
    -0.023302067071199417,
    0.030179619789123535,
    0.018423978239297867,
    0.04247138649225235,
    -0.05008183792233467,
    0.02188751846551895,
    0.024597611278295517,
    0.058138422667980194,
    -0.02256065048277378,
    -0.006505459547042847,
    0.04116271808743477,
    0.03065418265759945,
    -0.06559768319129944,
    -0.0527464933693409,
    0.01679038442671299,
    -0.04212510585784912,
    0.01064824778586626,
    -0.025134889408946037,
    0.008467146195471287,
    0.024636412039399147,
    0.03372971713542938,
    0.0880834087729454,
    0.04199593514204025,
    -0.0435924157500267,
    0.03493553027510643,
    -0.002119853161275387,
    -0.03026604652404785,
    -0.11591138690710068,
    -0.05804433301091194,
    -0.017521873116493225,
    0.1115914061665535,
    0.03233520686626434,
    -0.026356270536780357,
    0.12358392030000687,
    0.041318364441394806,
    0.09288878738880157,
    -0.013109404593706131,
    0.00021647577523253858,
    0.08129424601793289,
    0.08885114639997482,
    -0.0021179793402552605,
    -0.03742728754878044
]