[
    0.011673049069941044,
    0.09669335931539536,
    0.012923494912683964,
    -0.029280390590429306,
    0.01881571300327778,
    0.07675305753946304,
    -0.04697868973016739,
    -0.054819341748952866,
    -0.007624297868460417,
    -0.0024918108247220516,
    -0.018128933385014534,
    -0.03933165222406387,
    -0.05968824401497841,
    -0.07922939956188202,
    0.07598045468330383,
    -0.02796894498169422,
    0.03409986570477486,
    0.000522520043887198,
    -0.08010408282279968,
    0.040905822068452835,
    0.05517838895320892,
    0.052474457770586014,
    -0.0011918575037270784,
    0.05388440191745758,
    -0.04992740601301193,
    -0.005411813966929913,
    0.007901222445070744,
    -0.010219662450253963,
    0.004758462775498629,
    -0.02373582124710083,
    0.05482647195458412,
    0.05774019658565521,
    0.06064976006746292,
    0.07154476642608643,
    0.03095276467502117,
    -0.014409538358449936,
    -0.0003898409486282617,
    0.04899521917104721,
    -0.06480827182531357,
    0.008123524487018585,
    -0.06566769629716873,
    -0.05677429586648941,
    -0.04514489322900772,
    0.04064971208572388,
    0.038559842854738235,
    0.06768059730529785,
    -0.05808386579155922,
    0.002903931774199009,
    0.0060960459522902966,
    0.07861965149641037,
    -0.053346455097198486,
    -0.011526896618306637,
    0.007666325196623802,
    0.05077715218067169,
    0.0018883884185925126,
    -0.04701753333210945,
    -0.06859971582889557,
    -0.007425357587635517,
    -0.10228849202394485,
    -0.005737941712141037,
    0.010824986733496189,
    -0.027477523311972618,
    0.017434341832995415,
    0.06693340837955475,
    -0.08721555024385452,
    0.06901586800813675,
    -0.01135083194822073,
    0.003522181650623679,
    -0.00025628809817135334,
    -0.020205385982990265,
    -0.10709232836961746,
    -0.07103265076875687,
    -0.0132736936211586,
    0.031182952225208282,
    -0.024905910715460777,
    0.044040217995643616,
    -0.023638976737856865,
    0.024443022906780243,
    0.06999017298221588,
    -0.11583897471427917,
    -0.06944582611322403,
    0.03454423323273659,
    0.03712300956249237,
    0.05507992208003998,
    -0.06426233053207397,
    -0.031094934791326523,
    0.03687687963247299,
    0.001087501528672874,
    0.009772242046892643,
    -0.04253002256155014,
    -0.00815598014742136,
    -0.024826200678944588,
    0.05643250420689583,
    -0.03988738730549812,
    0.030682221055030823,
    -0.016499031335115433,
    -0.05665917694568634,
    -0.09421196579933167,
    0.030338548123836517,
    -0.00945777166634798,
    0.005802389234304428,
    -0.00818831380456686,
    0.0005853453767485917,
    -0.008226802572607994,
    -0.08159617334604263,
    -0.0726328119635582,
    0.002142946468666196,
    0.022106438875198364,
    0.03290223702788353,
    0.06719750165939331,
    0.056271690875291824,
    0.03061484731733799,
    -0.05016966164112091,
    -0.11844539642333984,
    0.06356216222047806,
    -0.043940573930740356,
    -0.04154045134782791,
    0.07984986901283264,
    0.03897295892238617,
    0.020509347319602966,
    -0.024058612063527107,
    -0.009115810506045818,
    -0.0001345155033050105,
    -0.06375185400247574,
    -0.06299392133951187,
    -0.0001819978206185624,
    -0.07591456919908524,
    1.6190962375902606e-32,
    -0.013902955688536167,
    0.009480317123234272,
    0.020474975928664207,
    0.070701465010643,
    0.037973348051309586,
    -0.04495040699839592,
    0.025553138926625252,
    -0.010189993306994438,
    -0.005095003172755241,
    0.04892876371741295,
    -0.009449273347854614,
    0.007612261921167374,
    0.005725933238863945,
    0.01648271270096302,
    -0.016795815899968147,
    -0.007719467394053936,
    0.000763245509006083,
    0.13228000700473785,
    -0.050122279673814774,
    0.04960401728749275,
    0.05465524271130562,
    -0.014535464346408844,
    0.027384808287024498,
    0.0013817754806950688,
    -0.022185068577528,
    0.030534785240888596,
    -0.002691006287932396,
    -0.051237016916275024,
    -0.007662651594728231,
    0.015259037725627422,
    0.01494809240102768,
    -0.0031169126741588116,
    0.009541237726807594,
    -0.09386298060417175,
    0.009539457969367504,
    0.10641610622406006,
    -0.01529513206332922,
    -0.059556443244218826,
    0.05172914266586304,
    -0.05528854578733444,
    -0.015766378492116928,
    -0.02586207538843155,
    0.07059943675994873,
    -0.008134458214044571,
    0.04836614057421684,
    -0.01637081988155842,
    -0.03051135316491127,
    -0.0319448783993721,
    0.05330025032162666,
    0.021890562027692795,
    -0.0421326719224453,
    -0.02995211072266102,
    0.026622621342539787,
    -0.055369969457387924,
    0.05664728581905365,
    -0.056988634169101715,
    -0.06973172724246979,
    0.02563272789120674,
    -0.04599720984697342,
    0.0293541569262743,
    -0.050476010888814926,
    0.05989045277237892,
    -0.05296895280480385,
    -0.023262226954102516,
    -0.04606352373957634,
    -0.03168280050158501,
    -0.015663979575037956,
    -0.050122007727622986,
    0.0638619214296341,
    -0.013250852935016155,
    -0.0038117615040391684,
    0.09752409905195236,
    -0.02370985597372055,
    0.023986777290701866,
    -0.01748843863606453,
    -0.017267119139432907,
    -0.0028803737368434668,
    -0.0017445277189835906,
    0.022343428805470467,
    0.061450451612472534,
    0.028362734243273735,
    -0.001418139087036252,
    -0.01176363043487072,
    0.007409190759062767,
    -0.018671048805117607,
    0.02607652358710766,
    0.1140931025147438,
    0.042965732514858246,
    -0.05995190143585205,
    -0.03281306475400925,
    -0.024951348081231117,
    0.025264060124754906,
    -0.0031667435541749,
    0.03333176299929619,
    -0.012895001098513603,
    -1.860515300068708e-32,
    -0.01570187881588936,
    -0.012764230370521545,
    -0.0046280184760689735,
    -0.0700012743473053,
    0.08003499358892441,
    0.01543778833001852,
    -0.010437564924359322,
    -0.12179337441921234,
    0.07367487251758575,
    -0.005639610346406698,
    0.00486857770010829,
    -0.07185256481170654,
    -0.04708915576338768,
    -0.038758784532547,
    -0.08228342235088348,
    -0.008900213986635208,
    -0.055995140224695206,
    -0.09138685464859009,
    -0.019442670047283173,
    0.08589795231819153,
    -0.062252435833215714,
    -0.026597054675221443,
    -0.030901605263352394,
    0.09463338553905487,
    0.05260789394378662,
    0.0278837438672781,
    -0.024216050282120705,
    -0.008763255551457405,
    0.14218445122241974,
    -0.040939051657915115,
    -0.0390356183052063,
    -0.038376059383153915,
    -0.06781183928251266,
    -0.010801025666296482,
    -0.07687504589557648,
    -0.144699364900589,
    0.01562964729964733,
    -0.036310505121946335,
    -0.027004975825548172,
    -0.012057412415742874,
    0.11944522708654404,
    0.014351293444633484,
    0.025141185149550438,
    -0.0040458813309669495,
    -0.032482996582984924,
    -0.04131869226694107,
    0.05283600091934204,
    -0.07609563320875168,
    -0.028506794944405556,
    0.011848604306578636,
    0.033630941063165665,
    -0.029104536399245262,
    -0.03115175850689411,
    0.014770102687180042,
    -0.03808421641588211,
    0.0028704549185931683,
    -0.0027377400547266006,
    -0.06112313270568848,
    -0.05226780101656914,
    -0.05125803500413895,
    0.031411342322826385,
    0.06554918736219406,
    -0.05471104755997658,
    0.09765337407588959,
    0.015884188935160637,
    -0.09216397255659103,
    -0.027660923078656197,
    -0.09772344678640366,
    -0.041250478476285934,
    -0.09084382653236389,
    -0.09037656337022781,
    -0.11165568977594376,
    -0.021605631336569786,
    -0.0861358791589737,
    0.08232086896896362,
    -0.04997523874044418,
    -0.01954186148941517,
    -0.07481831312179565,
    -0.14032867550849915,
    0.02638237737119198,
    0.05613495036959648,
    -0.00033181297476403415,
    -0.06908941268920898,
    0.08085036277770996,
    0.02233741618692875,
    -0.004580579698085785,
    0.05442788079380989,
    0.00643511675298214,
    0.0023814691230654716,
    0.14076220989227295,
    -0.07197608798742294,
    -0.013688471168279648,
    -0.05585082992911339,
    0.08984629809856415,
    -0.07839871942996979,
    -5.390388224668641e-08,
    0.014593939296901226,
    0.03965923562645912,
    0.05056179314851761,
    -0.0587625652551651,
    -0.002548456424847245,
    -0.045836422592401505,
    -0.03824632242321968,
    0.003540982026606798,
    0.012902278453111649,
    -0.04709313437342644,
    0.04812104254961014,
    0.10967134684324265,
    -0.054164789617061615,
    -0.024932781234383583,
    0.027357324957847595,
    -0.011089958250522614,
    -0.07205697894096375,
    -0.037113212049007416,
    -0.004806326702237129,
    0.019115528091788292,
    -0.08889106661081314,
    -0.07254813611507416,
    -0.11028076708316803,
    0.010101692751049995,
    0.04140281677246094,
    0.07467702031135559,
    -0.04022739455103874,
    0.044941142201423645,
    0.04385931417346001,
    0.02717147395014763,
    0.018588785082101822,
    0.03367329388856888,
    0.05503913760185242,
    -0.00537552684545517,
    -0.0534793958067894,
    -0.0608380101621151,
    0.012321935035288334,
    0.017556102946400642,
    0.06925154477357864,
    -0.0020784081425517797,
    -0.033799126744270325,
    0.05575329437851906,
    0.012239568866789341,
    0.09188847988843918,
    0.002955624833703041,
    -0.015017754398286343,
    -0.03974419832229614,
    -0.004553884733468294,
    -0.043375078588724136,
    -0.10384517163038254,
    -0.03637852519750595,
    -0.021902937442064285,
    0.12149219959974289,
    -0.006177688017487526,
    -0.0409625768661499,
    0.09862887114286423,
    0.02717244066298008,
    0.008575248531997204,
    0.004532224964350462,
    -0.08922924846410751,
    0.11200481653213501,
    0.029610591009259224,
    0.02421724610030651,
    0.01531639788299799
]