[
    -0.01533049251884222,
    0.0476064570248127,
    -0.02421259507536888,
    -0.028246598318219185,
    -0.02802850864827633,
    0.07153348624706268,
    -0.0213064756244421,
    -0.049854204058647156,
    0.019307972863316536,
    0.012238808907568455,
    0.0056650699116289616,
    -0.03532981127500534,
    0.0020682953763753176,
    -0.07597948610782623,
    0.07721257209777832,
    -0.039905477315187454,
    0.009973429143428802,
    0.018089953809976578,
    -0.08607085049152374,
    0.05692816898226738,
    0.03796742856502533,
    0.0868758037686348,
    -0.020707350224256516,
    -0.008376622572541237,
    -0.09809526801109314,
    0.011847181245684624,
    -0.02236090414226055,
    -0.045631807297468185,
    0.028726816177368164,
    -0.04195304587483406,
    0.06374409049749374,
    0.0017870020819827914,
    0.043148674070835114,
    0.08683149516582489,
    -0.030020998790860176,
    -0.03996266797184944,
    -0.0538753941655159,
    0.035652365535497665,
    -0.04352971538901329,
    0.03046855330467224,
    -0.07010030001401901,
    -0.055654220283031464,
    -0.04708213359117508,
    0.03892858326435089,
    0.025653962045907974,
    0.0010746625484898686,
    -0.08997585624456406,
    -0.010856526903808117,
    0.01842419058084488,
    0.060349240899086,
    -0.05424739047884941,
    -0.01794380135834217,
    -0.031620923429727554,
    0.08650926500558853,
    -0.04600895196199417,
    -0.05362202972173691,
    -0.06348560005426407,
    -0.04888393357396126,
    -0.09844570606946945,
    -0.013539640232920647,
    -0.029737481847405434,
    0.008478282950818539,
    0.007398105226457119,
    0.0764232650399208,
    -0.045108575373888016,
    0.07539569586515427,
    -0.03045199066400528,
    -0.015018773265182972,
    0.006721032317727804,
    -0.0028944609221071005,
    -0.10966093093156815,
    -0.017382275313138962,
    -0.015914311632514,
    0.05154529586434364,
    -0.006614224519580603,
    0.007340629119426012,
    -0.03754765912890434,
    0.012502601370215416,
    0.07217013090848923,
    -0.13196569681167603,
    -0.06104997545480728,
    0.02465180680155754,
    -0.018835194408893585,
    0.039497919380664825,
    -0.023384300991892815,
    0.0094454325735569,
    -0.015834666788578033,
    0.0030713817104697227,
    -0.04230335354804993,
    -0.07228098809719086,
    0.07619158178567886,
    -0.024065762758255005,
    0.10841306298971176,
    -0.061365462839603424,
    0.0724015161395073,
    -0.06598863005638123,
    -0.0010063877562060952,
    -0.06946626305580139,
    0.04207179322838783,
    -0.017725858837366104,
    -0.026700392365455627,
    -0.0006443810998462141,
    0.012412577867507935,
    -0.010122387669980526,
    -0.05385075509548187,
    -0.07742451876401901,
    0.026383616030216217,
    0.014656328596174717,
    -0.0016099612694233656,
    0.07426641136407852,
    0.022754661738872528,
    0.0268077552318573,
    -0.04444260522723198,
    -0.1502893716096878,
    0.025477657094597816,
    -0.03305129334330559,
    -0.013578332029283047,
    0.03586507588624954,
    0.04968106746673584,
    0.007715664338320494,
    -0.06675124913454056,
    -0.03314972296357155,
    -0.023836147040128708,
    -0.08321566134691238,
    -0.016481991857290268,
    0.024668216705322266,
    -0.06970444321632385,
    2.0684122023975807e-32,
    -0.008975548669695854,
    -0.006425803992897272,
    -0.03840545564889908,
    0.01567118428647518,
    0.023787066340446472,
    -0.01758057437837124,
    0.012580129317939281,
    -0.008450443856418133,
    -0.02757359854876995,
    0.08703472465276718,
    0.00042166488128714263,
    0.0403410866856575,
    -0.01709732785820961,
    -0.02569504827260971,
    -0.008675999939441681,
    0.01329855341464281,
    0.004318173974752426,
    0.08661191165447235,
    -0.034334033727645874,
    0.07830158621072769,
    0.007432709448039532,
    -0.049649011343717575,
    0.011021432466804981,
    0.020541375502943993,
    -0.007531148847192526,
    0.017317229881882668,
    0.001723442692309618,
    -0.03589882329106331,
    -0.0011916535440832376,
    -0.0014694611309096217,
    0.017183762043714523,
    0.00039068885962478817,
    -0.0061312587931752205,
    -0.051906339824199677,
    0.06477133929729462,
    0.08669446408748627,
    0.047657310962677,
    -0.01073036715388298,
    0.08981336653232574,
    -0.05956302583217621,
    -0.020458780229091644,
    -0.041138794273138046,
    0.07064210623502731,
    0.01824083738029003,
    0.022905992344021797,
    0.02102886699140072,
    0.010922543704509735,
    -0.01921718195080757,
    0.024521315470337868,
    0.03389490768313408,
    -0.008063048124313354,
    0.002038452075794339,
    -0.02942628785967827,
    -0.039413709193468094,
    0.01449893694370985,
    -0.02141464129090309,
    -0.08454108983278275,
    0.010980019345879555,
    -0.03747028857469559,
    0.08617839217185974,
    -0.03853774815797806,
    0.04629426822066307,
    -0.008620531298220158,
    -0.04407723620533943,
    -0.02467275969684124,
    -0.043069541454315186,
    -0.016801605001091957,
    -0.0967538058757782,
    0.04104851558804512,
    -0.015443306416273117,
    -0.013994255103170872,
    0.06209440901875496,
    -0.01163440104573965,
    0.030740955844521523,
    0.011840270832180977,
    -0.036358170211315155,
    0.017804086208343506,
    0.01509111188352108,
    0.029788518324494362,
    0.004702242556959391,
    -0.04967869073152542,
    -0.01697489619255066,
    0.00781925581395626,
    0.0810088962316513,
    -0.0032863791566342115,
    0.0007891743443906307,
    0.048929616808891296,
    0.0534578301012516,
    -0.11790084093809128,
    -0.08678995072841644,
    -0.007411355618387461,
    0.03550707548856735,
    0.027853207662701607,
    0.0278511643409729,
    0.033439185470342636,
    -2.1600775457482904e-32,
    -0.01442616619169712,
    -0.04048699140548706,
    -0.023572197183966637,
    -0.03149715065956116,
    0.07795853912830353,
    -0.026461943984031677,
    0.006132188253104687,
    -0.06615526974201202,
    0.07819989323616028,
    0.013029375113546848,
    0.05232669785618782,
    -0.026387201622128487,
    -0.005072365514934063,
    -0.045770786702632904,
    -0.036105893552303314,
    -0.019854746758937836,
    -0.10560687631368637,
    -0.04046342149376869,
    -0.031485605984926224,
    0.10936358571052551,
    -0.042019475251436234,
    -0.01916022039949894,
    -0.003836865769699216,
    0.13107329607009888,
    0.07919654250144958,
    0.06308998912572861,
    -0.045362044125795364,
    0.014524446800351143,
    0.11830250173807144,
    -0.054314542561769485,
    -0.052732110023498535,
    -0.08376611024141312,
    -0.046936020255088806,
    -0.013484632596373558,
    -0.09883914142847061,
    -0.2013314664363861,
    0.052505381405353546,
    -0.005971425212919712,
    -0.03623666614294052,
    -0.028783317655324936,
    0.10629762709140778,
    -0.019034627825021744,
    -0.02318504825234413,
    0.02947288006544113,
    0.010606995783746243,
    -0.049370575696229935,
    0.056785743683576584,
    -0.009417942725121975,
    -0.04744147136807442,
    0.021126285195350647,
    0.04413030669093132,
    -0.01123940758407116,
    -0.006540336646139622,
    0.028659941628575325,
    -0.05192792788147926,
    0.07397416234016418,
    0.015836631879210472,
    -0.06644868850708008,
    -0.0374898798763752,
    -0.05147263780236244,
    0.07368937879800797,
    0.07778988033533096,
    -0.060687918215990067,
    0.0724906325340271,
    0.04355253279209137,
    -0.09969024360179901,
    -0.01647808402776718,
    -0.06256704777479172,
    -0.07139264792203903,
    -0.05761974677443504,
    -0.10665590316057205,
    -0.09968972206115723,
    -0.038823921233415604,
    -0.12408827990293503,
    0.12063901871442795,
    -0.04080033302307129,
    -0.029167402535676956,
    -0.08666226267814636,
    -0.051462750881910324,
    0.043594978749752045,
    0.05522012338042259,
    0.00816130731254816,
    -0.049325164407491684,
    0.08992455154657364,
    0.009519293904304504,
    0.02265593782067299,
    0.07241381704807281,
    -0.09114523977041245,
    -0.0315447673201561,
    0.11122079938650131,
    -0.06984125822782516,
    0.0006142357597127557,
    -0.06336510181427002,
    0.07331277430057526,
    -0.09378570318222046,
    -5.8378656575541754e-08,
    -0.01667691580951214,
    0.0650235041975975,
    0.020924527198076248,
    -0.06206798180937767,
    0.03354589641094208,
    -0.026826243847608566,
    -0.04619506001472473,
    0.0074747176840901375,
    -0.01948653906583786,
    -0.02514316886663437,
    0.05760808289051056,
    0.09462975710630417,
    -0.044005148112773895,
    -0.008625914342701435,
    0.026921996846795082,
    -0.0037786862812936306,
    -0.09486143290996552,
    -0.039493266493082047,
    -0.04463730752468109,
    0.015043754130601883,
    -0.060435399413108826,
    -0.04082850366830826,
    -0.05222047492861748,
    0.03018181212246418,
    0.047005318105220795,
    0.03350400924682617,
    -0.021312842145562172,
    0.010546096600592136,
    0.08633538335561752,
    0.05239160731434822,
    -0.0004933893214911222,
    0.005775672849267721,
    0.021893737837672234,
    -0.0037218097131699324,
    -0.04833989962935448,
    -0.07435841113328934,
    0.04350264370441437,
    -0.029513318091630936,
    0.028401046991348267,
    -5.0538441428216174e-05,
    0.02510627545416355,
    0.037105992436409,
    0.023866912350058556,
    0.0873083770275116,
    0.03224426880478859,
    -0.0305172149091959,
    -0.037160374224185944,
    0.010818582028150558,
    0.012973878532648087,
    -0.06489007920026779,
    -0.02783619984984398,
    -0.03676662594079971,
    0.09727662801742554,
    -0.028913937509059906,
    -0.04786665737628937,
    0.06517887860536575,
    0.02591308206319809,
    0.031665291637182236,
    -0.01281133946031332,
    -0.008239438757300377,
    0.11928366124629974,
    0.02542908489704132,
    0.05015802010893822,
    0.023342588916420937
]