[
    -0.042288050055503845,
    0.07833465933799744,
    -0.02016451768577099,
    -0.05853622406721115,
    -0.03058287501335144,
    0.08375590294599533,
    -0.016857407987117767,
    -0.028974624350667,
    -0.010159446857869625,
    0.006244211457669735,
    0.003003848483785987,
    -0.012524544261395931,
    0.015819977968931198,
    -0.028924718499183655,
    0.11184056848287582,
    0.009732169099152088,
    0.0836295485496521,
    -0.017514176666736603,
    -0.08339039981365204,
    0.07891302555799484,
    0.02961738221347332,
    0.0720437616109848,
    -0.08577464520931244,
    0.036251842975616455,
    -0.045330192893743515,
    -0.012862047180533409,
    -0.0009641545475460589,
    -0.05385611578822136,
    0.04990754649043083,
    -0.0075204637832939625,
    0.06520496308803558,
    0.014096396043896675,
    0.01821845956146717,
    0.06945999711751938,
    0.04142438620328903,
    -0.08621162176132202,
    -0.0526559017598629,
    0.019127346575260162,
    -0.06240200996398926,
    8.549472113372758e-05,
    -0.06109731271862984,
    -0.024104639887809753,
    -0.0547320656478405,
    0.05227082222700119,
    0.014738420024514198,
    0.0021894655656069517,
    -0.08780231326818466,
    -0.013619001023471355,
    -0.028229573741555214,
    0.04700808972120285,
    -0.06690869480371475,
    -0.031392719596624374,
    -0.022570393979549408,
    0.061494726687669754,
    -0.042998991906642914,
    -0.03302660584449768,
    -0.03602131828665733,
    0.022597750648856163,
    -0.10179653018712997,
    0.027846531942486763,
    0.013349912129342556,
    -0.015492355450987816,
    -0.014958576299250126,
    0.05205628648400307,
    -0.07432246208190918,
    0.05405399948358536,
    -0.022117195650935173,
    -0.02700503170490265,
    0.05967459827661514,
    -0.017161868512630463,
    -0.09529595822095871,
    -0.03614701330661774,
    -0.028564438223838806,
    0.03167807683348656,
    0.03844942897558212,
    -0.02030186913907528,
    -0.010522158816456795,
    0.018233926966786385,
    0.10820287466049194,
    -0.16356952488422394,
    -0.07506618648767471,
    0.021071048453450203,
    0.010494275018572807,
    0.03155599161982536,
    -0.03294990956783295,
    -0.01502099446952343,
    -0.032489363104104996,
    0.0011514953803271055,
    0.03467831388115883,
    -0.003172275610268116,
    0.057122766971588135,
    -0.05429280921816826,
    0.05890616774559021,
    -0.07367772608995438,
    0.07182376831769943,
    -0.03326694294810295,
    -0.03731730207800865,
    -0.10998731851577759,
    0.004376787692308426,
    0.008137051947414875,
    -0.0034355279058218002,
    -0.06654305756092072,
    -0.02117549255490303,
    0.04262290894985199,
    -0.03058624267578125,
    -0.05676989629864693,
    0.008223648183047771,
    -0.02505253069102764,
    0.02549520507454872,
    0.059077002108097076,
    0.01087493821978569,
    -0.012271125800907612,
    0.006561059970408678,
    -0.08077047765254974,
    0.02363354153931141,
    0.010783162899315357,
    -0.010940820910036564,
    0.0586223267018795,
    0.08230258524417877,
    -0.0015523091424256563,
    -0.028831269592046738,
    0.012254497036337852,
    0.019369229674339294,
    -0.0795813575387001,
    -0.04094204306602478,
    -0.015008768998086452,
    -0.07825297117233276,
    1.713142397811767e-32,
    -0.02459084615111351,
    -0.04286999627947807,
    -0.04033651202917099,
    0.006708013825118542,
    0.011067217215895653,
    -0.041151706129312515,
    0.013815099373459816,
    -0.051196709275245667,
    -0.0676657110452652,
    0.0118188988417387,
    0.00375727447681129,
    0.03396914154291153,
    0.020147306844592094,
    0.02485988475382328,
    -0.013731450773775578,
    -0.02631717547774315,
    0.016962042078375816,
    0.09099332988262177,
    0.026123162358999252,
    0.09989240020513535,
    0.04140426963567734,
    -0.020777394995093346,
    0.03435900807380676,
    0.0456797331571579,
    -0.06830095499753952,
    0.02154967188835144,
    -0.0020079268142580986,
    -0.038950115442276,
    0.04913465306162834,
    0.007843665778636932,
    0.017003094777464867,
    0.002035407582297921,
    0.0048151640221476555,
    -0.07900673151016235,
    0.0438554473221302,
    0.1136634573340416,
    0.03875637426972389,
    -0.03890268877148628,
    0.06438824534416199,
    -0.08992984145879745,
    -0.03918389230966568,
    -0.01129240170121193,
    0.043886031955480576,
    0.04074610024690628,
    0.03732873499393463,
    0.011249961331486702,
    -0.05590936169028282,
    -0.05961122363805771,
    0.02771037071943283,
    0.051207829266786575,
    -0.07415841519832611,
    -0.007081109564751387,
    0.019301369786262512,
    -0.06415148824453354,
    0.019826870411634445,
    -0.06873241066932678,
    -0.11622743308544159,
    0.08551998436450958,
    -0.04406871274113655,
    0.015440940856933594,
    -0.004587076138705015,
    0.022077662870287895,
    0.009310299530625343,
    -0.0234592966735363,
    -0.023693356662988663,
    -0.054842181503772736,
    -0.04779932275414467,
    -0.10056646913290024,
    0.05509602278470993,
    -0.0429823100566864,
    -0.08983712643384933,
    0.08914560824632645,
    0.01136757992208004,
    0.021982388570904732,
    -0.038736116141080856,
    -0.029025904834270477,
    0.021714016795158386,
    0.014644278213381767,
    0.007888741791248322,
    0.0015791284386068583,
    -0.033873021602630615,
    -0.023778004571795464,
    -0.011445353738963604,
    0.06026682257652283,
    -0.01263201143592596,
    -0.024868205189704895,
    0.032651882618665695,
    0.01019726786762476,
    -0.07269025593996048,
    -0.06920181959867477,
    -0.009104923345148563,
    0.02381066046655178,
    0.03425160422921181,
    0.05396958813071251,
    0.025826897472143173,
    -1.8085737311889235e-32,
    -0.019029319286346436,
    -0.05456975847482681,
    -0.009930209256708622,
    -0.035897403955459595,
    0.0654921606183052,
    0.0011028931476175785,
    -0.031620513647794724,
    -0.10323615372180939,
    0.0608258992433548,
    -0.0066831959411501884,
    0.002208649180829525,
    -0.03789593279361725,
    0.010161454789340496,
    0.014293965883553028,
    -0.07764393836259842,
    -0.015708886086940765,
    -0.10335678607225418,
    -0.06668649613857269,
    -0.0004829462559428066,
    0.10646270960569382,
    -0.04470280557870865,
    0.05265476927161217,
    -0.04254188388586044,
    0.10067429393529892,
    0.057075466960668564,
    0.04762980341911316,
    -0.0525389090180397,
    -0.0021097271237522364,
    0.10408162325620651,
    -0.0335736982524395,
    -0.038774941116571426,
    -0.07052458077669144,
    -0.0883253887295723,
    0.01897435449063778,
    -0.08742810040712357,
    -0.1647280901670456,
    0.05305967852473259,
    -0.0030787053983658552,
    -0.054584428668022156,
    -0.039799924939870834,
    0.12375545501708984,
    -0.012882479466497898,
    0.020372096449136734,
    -0.0015374778304249048,
    0.009903877042233944,
    -0.02073139138519764,
    0.09280510246753693,
    -0.034513041377067566,
    -0.004054460674524307,
    -0.023868633434176445,
    0.035312894731760025,
    -0.019297895953059196,
    0.04173460975289345,
    0.03622356057167053,
    -0.035976592451334,
    -0.05528053268790245,
    0.05335953086614609,
    -0.05935122072696686,
    -0.023053772747516632,
    -0.01989932544529438,
    0.07424736022949219,
    0.05768190696835518,
    -0.054447051137685776,
    0.055283308029174805,
    0.016250334680080414,
    -0.06351564079523087,
    -0.0347745381295681,
    -0.022325895726680756,
    -0.022665126249194145,
    -0.06935147941112518,
    -0.06038212031126022,
    -0.12606652081012726,
    -0.009321064688265324,
    -0.06629947572946548,
    0.14565503597259521,
    -0.03855568543076515,
    0.0016574724577367306,
    -0.06356168538331985,
    -0.11658535152673721,
    -0.014005858451128006,
    -0.020212853327393532,
    -0.021375853568315506,
    -0.07887018471956253,
    0.08650848269462585,
    0.0283756572753191,
    -0.020475801080465317,
    0.052304405719041824,
    -0.04440547153353691,
    0.03617258742451668,
    0.11466970294713974,
    -0.03340652957558632,
    0.03340601921081543,
    -0.042131152004003525,
    0.05889659747481346,
    -0.0820845514535904,
    -5.5154526279466154e-08,
    0.030417775735259056,
    0.009868280962109566,
    0.02018156088888645,
    -0.020014962181448936,
    -0.010396840050816536,
    0.008638964034616947,
    -0.04167637601494789,
    -0.04181709140539169,
    -0.028651855885982513,
    -0.029028592631220818,
    0.06088919937610626,
    0.08070989698171616,
    -0.002976271789520979,
    -0.04360378906130791,
    -0.008386737667024136,
    0.0009403537260368466,
    -0.06758178025484085,
    -0.017364567145705223,
    0.0010188808664679527,
    0.03608784079551697,
    -0.09802132844924927,
    -0.051199283450841904,
    -0.05126805230975151,
    -0.005534505937248468,
    0.017826015129685402,
    0.07285457104444504,
    -0.050863299518823624,
    0.04571933299303055,
    0.02773003838956356,
    0.04253875091671944,
    0.01874532550573349,
    0.04870966076850891,
    0.06503284722566605,
    -0.03636014834046364,
    -0.03521127998828888,
    -0.0716589018702507,
    -0.003140232991427183,
    0.022645438089966774,
    0.047164954245090485,
    -0.04273569956421852,
    0.0021580723114311695,
    0.06414537876844406,
    0.0409507118165493,
    0.05875539034605026,
    0.037168242037296295,
    -0.016655681654810905,
    0.008120134472846985,
    -0.030360260978341103,
    0.03497360646724701,
    -0.061787866055965424,
    -0.05225546658039093,
    -0.010407578200101852,
    0.11572480946779251,
    -0.003421784145757556,
    -0.011863774619996548,
    0.10678336024284363,
    0.05323007330298424,
    0.028856024146080017,
    -0.01179915014654398,
    -0.02315860241651535,
    0.12458633631467819,
    0.06301555037498474,
    0.03733300045132637,
    -0.007508086506277323
]