[
    -0.06296729296445847,
    0.06937608122825623,
    -0.04315558448433876,
    -0.04240568354725838,
    -0.04924028366804123,
    0.07013402134180069,
    -0.04013727232813835,
    -0.058674488216638565,
    0.03252730518579483,
    -0.002303448971360922,
    0.019340094178915024,
    -0.01808575913310051,
    0.007029165513813496,
    -0.062085751444101334,
    0.07435178756713867,
    -0.025643598288297653,
    -0.0018631473649293184,
    0.020065071061253548,
    -0.0948593020439148,
    0.057707078754901886,
    0.051262158900499344,
    0.07860887795686722,
    -0.05919136852025986,
    0.009871130809187889,
    -0.08701527863740921,
    0.018635107204318047,
    -0.018299616873264313,
    -0.05796314775943756,
    0.04214636981487274,
    -0.05250851437449455,
    0.0726495310664177,
    0.02626439929008484,
    0.04002437740564346,
    0.07188393175601959,
    -0.015413056127727032,
    -0.03929522633552551,
    -0.031614065170288086,
    0.04540523886680603,
    -0.028707541525363922,
    0.012486250139772892,
    -0.06171058118343353,
    -0.054723914712667465,
    -0.04164227843284607,
    0.01915527880191803,
    0.02442452870309353,
    0.015138876624405384,
    -0.08967894315719604,
    -0.0042105503380298615,
    0.0014389181742444634,
    0.08093244582414627,
    -0.07021419703960419,
    -0.038865428417921066,
    -0.04384101927280426,
    0.1091914251446724,
    -0.0486871562898159,
    -0.03921502083539963,
    -0.06382444500923157,
    -0.029276682063937187,
    -0.11132804304361343,
    -0.03792685642838478,
    -0.0062250359915196896,
    0.012621995061635971,
    0.012911928817629814,
    0.06858401000499725,
    -0.04367145895957947,
    0.0643196702003479,
    -0.005330796353518963,
    -0.03386242315173149,
    0.0025268893223255873,
    0.015877455472946167,
    -0.0750795379281044,
    -0.00879514217376709,
    -0.013957148417830467,
    0.05402926355600357,
    -0.005726584233343601,
    0.01661420799791813,
    -0.004446703474968672,
    0.015277969650924206,
    0.09467995166778564,
    -0.14576251804828644,
    -0.054947808384895325,
    0.014486062340438366,
    -0.009753718040883541,
    0.047105640172958374,
    -0.06609535217285156,
    -0.017277218401432037,
    -0.019364524632692337,
    0.002492374973371625,
    -0.006937412545084953,
    -0.03889644518494606,
    0.05682903900742531,
    -0.020113874226808548,
    0.10419636219739914,
    -0.07110075652599335,
    0.07582706212997437,
    -0.05409286171197891,
    -0.007084703538566828,
    -0.07094550132751465,
    0.026331134140491486,
    -0.0005332776345312595,
    -0.014407913200557232,
    0.008201966062188148,
    -0.0050601535476744175,
    -0.012999411672353745,
    -0.03416788950562477,
    -0.06405233591794968,
    0.02501389943063259,
    -0.009254169650375843,
    0.015125668607652187,
    0.05677809566259384,
    0.027793504297733307,
    0.028512388467788696,
    -0.03523241728544235,
    -0.14697156846523285,
    0.0423663891851902,
    -0.0015213298611342907,
    -0.0009776948718354106,
    0.05569500848650932,
    0.03820169344544411,
    0.010713491588830948,
    -0.059004709124565125,
    -0.006834093015640974,
    -0.041334208101034164,
    -0.06765500456094742,
    -0.040242500603199005,
    0.024809421971440315,
    -0.07096251845359802,
    2.2853351380992425e-32,
    -0.03564860671758652,
    -0.02291831001639366,
    -0.04497836157679558,
    0.03347650542855263,
    0.026060525327920914,
    -0.008081273175776005,
    0.02531392127275467,
    -0.010805001482367516,
    -0.05648796632885933,
    0.05000847205519676,
    -0.005082433577626944,
    0.018479185178875923,
    0.0012054028920829296,
    -0.05486875772476196,
    -0.02582343854010105,
    0.014387303963303566,
    -0.023275524377822876,
    0.08262351900339127,
    -0.028790032491087914,
    0.07310042530298233,
    0.02963806502521038,
    -0.03410012647509575,
    0.021973781287670135,
    0.034472182393074036,
    -0.01980082504451275,
    0.0026056994684040546,
    -0.007455737330019474,
    -0.03854136914014816,
    0.017645815387368202,
    0.003976091742515564,
    0.04326852411031723,
    -0.00011975874076597393,
    -0.00221125315874815,
    -0.059687353670597076,
    0.053864333778619766,
    0.10502805560827255,
    0.05200101435184479,
    -0.032736800611019135,
    0.10139552503824234,
    -0.04422075301408768,
    -0.04395163059234619,
    -0.020280806347727776,
    0.06261221319437027,
    0.011822618544101715,
    0.023739073425531387,
    0.01354176364839077,
    0.005839112214744091,
    -0.018303314223885536,
    0.013534248806536198,
    0.05616183951497078,
    -0.028520330786705017,
    0.01181585993617773,
    -0.029025595635175705,
    -0.051052920520305634,
    0.021840255707502365,
    -0.021860798820853233,
    -0.10180002450942993,
    0.06061113625764847,
    -0.04864261671900749,
    0.07399079203605652,
    -0.01328178122639656,
    0.03569750487804413,
    -0.0011329795233905315,
    -0.036541953682899475,
    -0.031907446682453156,
    -0.053255196660757065,
    -0.03630645573139191,
    -0.07334466278553009,
    0.04625881463289261,
    -0.024337152019143105,
    -0.0024609777610749006,
    0.05290456861257553,
    -0.01370193436741829,
    0.025625374168157578,
    -0.006125002168118954,
    -0.04033230245113373,
    0.05110931023955345,
    -0.003642820054665208,
    0.03992287814617157,
    0.009856194257736206,
    -0.06496790051460266,
    0.012399811297655106,
    0.01338286604732275,
    0.07892867177724838,
    -0.01755949854850769,
    -0.006246624048799276,
    0.05750323086977005,
    0.03862793743610382,
    -0.09061350673437119,
    -0.06907252967357635,
    0.012077974155545235,
    0.03671406954526901,
    0.049318987876176834,
    0.01984272710978985,
    0.01666741445660591,
    -2.2935815248438485e-32,
    -0.054500699043273926,
    -0.05491046980023384,
    -0.04478595778346062,
    -0.009244839660823345,
    0.06688699126243591,
    -0.021575160324573517,
    -0.018565913662314415,
    -0.0668320506811142,
    0.06730141490697861,
    0.02766013704240322,
    0.04432911053299904,
    -0.041308704763650894,
    -0.01062091812491417,
    -0.02665887586772442,
    -0.0497545562684536,
    -0.013658820651471615,
    -0.08253730833530426,
    -0.04194413125514984,
    -0.025128835812211037,
    0.11110740154981613,
    -0.023184293881058693,
    0.011916075833141804,
    -0.01414699200540781,
    0.15531714260578156,
    0.06366270780563354,
    0.0779666006565094,
    -0.047308336943387985,
    -0.007818245328962803,
    0.09426826983690262,
    -0.04512665420770645,
    -0.05008925497531891,
    -0.08077976107597351,
    -0.056768156588077545,
    -0.0005052011692896485,
    -0.08658207207918167,
    -0.21013250946998596,
    0.05849979445338249,
    -0.003941889852285385,
    -0.04343811795115471,
    -0.036607105284929276,
    0.10448728501796722,
    -0.0007029302651062608,
    -0.027157645672559738,
    0.015314795076847076,
    0.0009974432177841663,
    -0.053702447563409805,
    0.07872533798217773,
    -0.028433097526431084,
    0.0024668772239238024,
    0.02141096629202366,
    0.05221971496939659,
    -0.028989562764763832,
    0.006779605057090521,
    0.045385513454675674,
    -0.0547994002699852,
    0.037190187722444534,
    0.02491740696132183,
    -0.04472644627094269,
    -0.031130367890000343,
    -0.027128590270876884,
    0.07669609040021896,
    0.0610833540558815,
    -0.06749415397644043,
    0.06551870703697205,
    0.03693690896034241,
    -0.07776524871587753,
    -0.02884516678750515,
    -0.0329318642616272,
    -0.046017687767744064,
    -0.07940835505723953,
    -0.07283536344766617,
    -0.10894571244716644,
    -0.06817806512117386,
    -0.12875907123088837,
    0.11516937613487244,
    -0.04590072110295296,
    -0.01430821605026722,
    -0.08503337949514389,
    -0.08793094009160995,
    -0.005798064172267914,
    0.043658189475536346,
    -0.001835072529502213,
    -0.041820213198661804,
    0.08251436799764633,
    -0.010954685509204865,
    0.008170416578650475,
    0.0801054909825325,
    -0.06787921488285065,
    -0.012239618226885796,
    0.10448405891656876,
    -0.06449475884437561,
    0.014353521168231964,
    -0.06344976276159286,
    0.059437479823827744,
    -0.0871972069144249,
    -6.146675701756976e-08,
    -0.004141522105783224,
    0.055293794721364975,
    0.023420237004756927,
    -0.047677181661129,
    0.00299809779971838,
    -0.025451388210058212,
    -0.03405526280403137,
    -0.007370828650891781,
    -0.030284030362963676,
    -0.020931828767061234,
    0.056212227791547775,
    0.07525964826345444,
    -0.03200647607445717,
    -0.017049316316843033,
    0.03102787584066391,
    -0.03434307128190994,
    -0.08820347487926483,
    -0.05769137293100357,
    -0.046072348952293396,
    0.006582395639270544,
    -0.06395875662565231,
    -0.03569240868091583,
    -0.0641426295042038,
    0.029940521344542503,
    0.03214188292622566,
    0.043276578187942505,
    -0.018726645037531853,
    0.02883731946349144,
    0.07027007639408112,
    0.028997797518968582,
    -0.016439756378531456,
    0.03454200178384781,
    0.005199801176786423,
    -0.007444298360496759,
    -0.06841575354337692,
    -0.07331407815217972,
    0.03628862649202347,
    0.0010950868017971516,
    0.019305944442749023,
    0.012408006936311722,
    0.018957708030939102,
    0.05306376516819,
    0.019931888207793236,
    0.08512881398200989,
    0.024049295112490654,
    -0.04316161945462227,
    -0.026666657999157906,
    0.005098307505249977,
    -0.0005737987230531871,
    -0.09168390184640884,
    -0.040243394672870636,
    -0.04256798326969147,
    0.11294841021299362,
    -0.01729869842529297,
    -0.046650804579257965,
    0.0730460062623024,
    0.029689975082874298,
    0.0657200813293457,
    -0.027377067133784294,
    -0.006113658659160137,
    0.14085045456886292,
    0.045435987412929535,
    0.06194160506129265,
    -0.005854917224496603
]