[
    -0.021459298208355904,
    0.007067305035889149,
    0.006319872569292784,
    -0.04827867075800896,
    0.017757903784513474,
    0.05850396677851677,
    -0.05145002529025078,
    0.044189952313899994,
    -0.035633232444524765,
    -0.014817840419709682,
    0.03355123847723007,
    -0.06596741825342178,
    -0.017484750598669052,
    -0.06035391241312027,
    0.007689583580940962,
    -0.025739699602127075,
    0.07807992398738861,
    0.07633353769779205,
    -0.10704405605792999,
    0.02519865520298481,
    0.020803984254598618,
    0.0878770723938942,
    0.003693424630910158,
    0.09948685765266418,
    -0.20394185185432434,
    0.003926469478756189,
    -0.04092929884791374,
    -0.04578043147921562,
    -0.0302678681910038,
    -0.10866369307041168,
    0.026338111609220505,
    -0.018045037984848022,
    0.029617177322506905,
    0.03370562568306923,
    0.05043230950832367,
    -0.03553493320941925,
    -0.001996824285015464,
    -0.022647006437182426,
    0.0007684708689339459,
    -0.06010185554623604,
    0.013239786028862,
    -0.07799803465604782,
    -0.08344568312168121,
    0.027797628194093704,
    -0.008153715170919895,
    -0.03470992669463158,
    -0.03161434456706047,
    -0.03287060931324959,
    0.0081986915320158,
    0.050855234265327454,
    -0.08959980309009552,
    -0.04506126791238785,
    -0.01156702358275652,
    0.03014546073973179,
    -0.030345607548952103,
    -0.06282635778188705,
    -0.054358601570129395,
    -0.014196152798831463,
    -0.05896071344614029,
    0.03900263085961342,
    0.027914639562368393,
    -0.054237719625234604,
    -0.0460195392370224,
    0.034844670444726944,
    -0.031943634152412415,
    0.05107603222131729,
    0.0017888135043904185,
    0.00016325147589668632,
    0.009271747432649136,
    0.005220351740717888,
    -0.05653377249836922,
    -0.03598582372069359,
    0.010404348373413086,
    0.04018505662679672,
    -0.0075453282333910465,
    0.05470848083496094,
    -0.010106016881763935,
    0.06414586305618286,
    0.05941750109195709,
    -0.11277319490909576,
    -0.006826487835496664,
    -0.014642743393778801,
    0.014392693527042866,
    0.06286447495222092,
    0.023801373317837715,
    -0.06745338439941406,
    -0.014546837657690048,
    0.006577825639396906,
    -0.020552778616547585,
    0.030443834140896797,
    0.04679336026310921,
    -0.04421113058924675,
    0.17534123361110687,
    -0.03078572265803814,
    -0.014995969831943512,
    0.006703677587211132,
    -0.043644018471241,
    -0.10180304944515228,
    0.04509268328547478,
    -0.004893493838608265,
    -0.05655314400792122,
    -0.000319273880450055,
    -0.10437102615833282,
    0.03049226477742195,
    -0.021309519186615944,
    -0.07047556340694427,
    -0.041366755962371826,
    -0.01622902974486351,
    0.03550620377063751,
    0.1196632981300354,
    0.02212541177868843,
    0.0555494986474514,
    -0.05699188634753227,
    -0.06543134152889252,
    0.046901311725378036,
    0.030599890276789665,
    -0.002750131068751216,
    0.04600219056010246,
    0.03863181546330452,
    -0.04143711179494858,
    -0.06968996673822403,
    0.021821636706590652,
    -0.006292407400906086,
    -0.054854508489370346,
    -0.0242677740752697,
    0.02914327010512352,
    -0.009334832429885864,
    1.6416276724964406e-32,
    -0.0485873706638813,
    0.02173350565135479,
    -0.022747386246919632,
    -0.008674602955579758,
    0.03763226419687271,
    0.0018644650699570775,
    -0.00043158166226930916,
    0.00821915827691555,
    -0.043106809258461,
    0.009170666337013245,
    -0.015636926516890526,
    -0.0036860541440546513,
    -0.052532296627759933,
    0.04166385158896446,
    -0.03549995645880699,
    0.01936098001897335,
    -0.016821058467030525,
    0.05818432569503784,
    0.0012827588943764567,
    0.007039038930088282,
    -0.06370607018470764,
    -0.10239125043153763,
    0.0089705316349864,
    0.06514749675989151,
    -0.02973252162337303,
    0.025295155122876167,
    -0.049534618854522705,
    0.005220882128924131,
    0.02865464985370636,
    0.028957661241292953,
    0.010947843082249165,
    -0.018773557618260384,
    0.060882847756147385,
    -0.061803873628377914,
    0.02994704805314541,
    0.027933452278375626,
    -0.017907479777932167,
    -0.04531526938080788,
    0.07159507274627686,
    -0.00193923176266253,
    -0.03525156155228615,
    0.003202656749635935,
    -0.010665926150977612,
    0.025194084271788597,
    0.04999367892742157,
    0.04201589152216911,
    -0.04906320199370384,
    0.019053438678383827,
    0.03298572450876236,
    0.01903560198843479,
    -0.038430679589509964,
    0.0005650805542245507,
    0.07918126881122589,
    -0.08973901718854904,
    0.014396865852177143,
    -0.029702821746468544,
    -0.04950323328375816,
    -0.014927956275641918,
    -0.029678180813789368,
    0.07307331264019012,
    4.856175564782461e-06,
    0.14685504138469696,
    -0.0012083358597010374,
    -0.019041115418076515,
    -0.04432520642876625,
    0.02585987001657486,
    0.002683992963284254,
    -0.04080507531762123,
    -0.001359501970000565,
    0.005116187501698732,
    -0.04358906298875809,
    0.05935421958565712,
    -0.025714216753840446,
    0.0301221776753664,
    0.005653237458318472,
    -0.01831001788377762,
    0.001056139008142054,
    -0.014257089234888554,
    0.04188327118754387,
    -0.034263890236616135,
    -0.027817701920866966,
    -0.006077462807297707,
    0.010010574012994766,
    0.05602039396762848,
    -0.06809336692094803,
    -0.03301503509283066,
    0.019218847155570984,
    0.024125276133418083,
    0.043735064566135406,
    0.01553522702306509,
    0.011000242084264755,
    0.0024330734740942717,
    -0.004132018890231848,
    0.0967986211180687,
    -0.03626322001218796,
    -1.7927502547957109e-32,
    -0.023706020787358284,
    -0.06028313562273979,
    -0.003445099573582411,
    -0.00033445327426306903,
    0.009908402338624,
    -0.026015523821115494,
    -0.06024733930826187,
    -0.09008440375328064,
    0.15452855825424194,
    0.05278073623776436,
    0.010451152920722961,
    -0.03237047791481018,
    -0.05068770423531532,
    -0.048057857900857925,
    -0.04593680799007416,
    -0.0016916273161768913,
    -0.024785174056887627,
    -0.005425509996712208,
    -0.024633999913930893,
    0.003628449747338891,
    0.028828509151935577,
    0.03707190975546837,
    -0.034377340227365494,
    0.10317227244377136,
    -0.04751143604516983,
    0.0495922677218914,
    0.02385750412940979,
    -0.02173842489719391,
    0.10907319188117981,
    -0.03183921054005623,
    0.009740783832967281,
    -0.05147898569703102,
    -0.031778398901224136,
    0.045120783150196075,
    -0.09366708248853683,
    -0.1349891722202301,
    0.1031687930226326,
    -0.06870830804109573,
    -0.011686613783240318,
    -0.1025998666882515,
    0.08198054879903793,
    0.04636305198073387,
    -0.07668859511613846,
    0.0703611671924591,
    -0.042790643870830536,
    -0.056570228189229965,
    0.0315665602684021,
    -0.027801398187875748,
    0.019081005826592445,
    -0.01975037343800068,
    -0.026978477835655212,
    -0.059678200632333755,
    0.04172608628869057,
    0.014114005491137505,
    -0.06938447058200836,
    0.0209533479064703,
    0.05572453513741493,
    -0.04558120295405388,
    -0.015745483338832855,
    0.027893299236893654,
    0.04972134903073311,
    0.08778159320354462,
    -0.07703105360269547,
    0.029295317828655243,
    0.06959792226552963,
    -0.09224797785282135,
    -0.02532459795475006,
    -0.07832073420286179,
    0.02539076656103134,
    -0.07432279735803604,
    0.02466285228729248,
    -0.03579863905906677,
    -0.0854252427816391,
    -0.08219335228204727,
    -0.005310162901878357,
    0.0038565206341445446,
    -0.0748840719461441,
    -0.056813254952430725,
    -0.12116868048906326,
    0.01918059214949608,
    0.0765608474612236,
    -0.014310924336314201,
    -0.016627611592411995,
    0.05324200913310051,
    -0.015134074725210667,
    0.022150572389364243,
    0.08421675115823746,
    -0.0006101186154410243,
    -0.0018882888834923506,
    0.10698065906763077,
    -0.06399521976709366,
    -0.013427112251520157,
    -0.05963325873017311,
    0.1170983761548996,
    0.03396834433078766,
    -5.0883471658380586e-08,
    0.04828539118170738,
    -0.023037072271108627,
    -0.008929065428674221,
    0.024243943393230438,
    -0.01713256910443306,
    0.0015682610683143139,
    -0.08748167008161545,
    -0.00714689027518034,
    0.007960638031363487,
    -0.024829965084791183,
    -0.004887160379439592,
    0.06271514296531677,
    -0.06191748380661011,
    0.01593196392059326,
    -0.003468557493761182,
    -0.05049891397356987,
    -0.07420860975980759,
    0.033397115767002106,
    -0.04291980341076851,
    0.057427141815423965,
    -0.10470472276210785,
    0.013859911821782589,
    0.005810410715639591,
    -0.07261684536933899,
    0.04453481733798981,
    -0.07027477771043777,
    0.041632141917943954,
    0.07861898094415665,
    0.03518960252404213,
    0.021859927102923393,
    0.014463734813034534,
    0.0014480182435363531,
    0.03116261214017868,
    -0.004960552789270878,
    -0.055097319185733795,
    -0.0723525732755661,
    0.01752847246825695,
    0.015168669633567333,
    0.03385400027036667,
    -0.029229100793600082,
    -0.07921485602855682,
    0.07361600548028946,
    -0.038302548229694366,
    0.09542277455329895,
    0.0018956410931423306,
    -0.03083508275449276,
    -0.02742338366806507,
    0.02540135569870472,
    0.02789737842977047,
    -0.04928884282708168,
    0.0043539623729884624,
    -0.03887900337576866,
    0.10114949941635132,
    -0.01207771897315979,
    -0.0405319482088089,
    0.07025162875652313,
    -0.004425136838108301,
    -0.01589525118470192,
    0.012036863714456558,
    -0.07545649260282516,
    0.1689140498638153,
    -0.004438639618456364,
    0.1129167377948761,
    0.0006947373040020466
]