[
    -0.013734015636146069,
    0.06583548337221146,
    -0.02898341231048107,
    -0.020621951669454575,
    0.003218401689082384,
    0.04136272519826889,
    0.02449757233262062,
    0.006253392435610294,
    0.031245244666934013,
    0.0034128238912671804,
    0.07337082177400589,
    0.006149082910269499,
    -0.004717646166682243,
    -0.014071621000766754,
    0.10165686160326004,
    -0.02653961256146431,
    0.07122881710529327,
    0.01697761006653309,
    -0.07717564702033997,
    0.10643651336431503,
    0.03960305452346802,
    0.0675504133105278,
    -0.01175713911652565,
    -0.0035538410302251577,
    -0.07578490674495697,
    -0.0452442467212677,
    -0.038477107882499695,
    -0.038013603538274765,
    0.07731784880161285,
    -0.037037838250398636,
    0.0684911236166954,
    0.05243070051074028,
    0.06343187391757965,
    0.03624490275979042,
    -0.004644504748284817,
    -0.00421719066798687,
    -0.006625627167522907,
    0.01847272552549839,
    -0.03691098466515541,
    0.0351996012032032,
    -0.070839062333107,
    -0.033762380480766296,
    -0.06151846796274185,
    0.01566537842154503,
    0.019378241151571274,
    0.004291901830583811,
    -0.07353854924440384,
    -0.007506145630031824,
    6.730496534146369e-05,
    0.015740014612674713,
    -0.042061250656843185,
    -0.00041258474811911583,
    -0.07574795186519623,
    0.04394606500864029,
    -0.03574729338288307,
    -0.048379089683294296,
    -0.03752816841006279,
    -0.009513633325695992,
    -0.09536361694335938,
    -0.044584665447473526,
    0.040206924080848694,
    0.005844981875270605,
    0.006253147963434458,
    0.034203771501779556,
    -0.044675182551145554,
    0.040878698229789734,
    -0.01912771910429001,
    -0.01526605524122715,
    0.031138671562075615,
    -0.013574359938502312,
    -0.06890649348497391,
    -0.02660265751183033,
    0.00785247702151537,
    0.06162141636013985,
    -0.016397878527641296,
    -0.008512526750564575,
    -0.0017812621081247926,
    0.010866141878068447,
    0.06919747591018677,
    -0.11879109591245651,
    -0.04111887514591217,
    -0.008060978725552559,
    0.028912188485264778,
    0.0368615947663784,
    -0.10499188303947449,
    0.002916768891736865,
    -0.023047398775815964,
    0.021294137462973595,
    -0.020322585478425026,
    -0.043454378843307495,
    0.06350978463888168,
    -0.06183785945177078,
    0.06545240432024002,
    -0.06006963551044464,
    0.07985424250364304,
    -0.07417792081832886,
    -0.06756487488746643,
    -0.0830213725566864,
    -0.01565956138074398,
    -0.007237973622977734,
    -0.008619436994194984,
    -0.004195091314613819,
    -0.03246598690748215,
    0.013357874937355518,
    -0.04062425717711449,
    -0.08143091946840286,
    -0.0047077760100364685,
    -0.04304804280400276,
    0.03546275943517685,
    0.052550215274095535,
    0.01535028126090765,
    0.017744550481438637,
    -0.02449171431362629,
    -0.1606561243534088,
    0.03489883989095688,
    -0.020128292962908745,
    -0.03398940712213516,
    0.04975249618291855,
    0.022652123123407364,
    0.025032827630639076,
    -0.051989272236824036,
    -0.033611416816711426,
    -0.011872615665197372,
    -0.0879383236169815,
    -0.04028906673192978,
    0.010985426604747772,
    -0.031789667904376984,
    1.8866346376071853e-32,
    -0.01907862164080143,
    -0.019551267847418785,
    -0.05374174937605858,
    0.051519621163606644,
    0.08257512003183365,
    0.007951589301228523,
    -0.005862114485353231,
    -0.022840775549411774,
    -0.04543422907590866,
    0.04549375921487808,
    0.028882911428809166,
    -0.010096216574311256,
    0.004807875491678715,
    -0.0674453154206276,
    -0.038317516446113586,
    0.021194295957684517,
    0.053637269884347916,
    0.1001664251089096,
    -0.0014974395744502544,
    0.07038187980651855,
    0.04055669531226158,
    0.008604575879871845,
    0.011554366908967495,
    -0.004556406755000353,
    -0.02537878416478634,
    0.011619027704000473,
    -0.008842598646879196,
    -0.023274704813957214,
    0.07977410405874252,
    -0.005725081544369459,
    0.033094994723796844,
    0.024977752938866615,
    0.002148169092833996,
    -0.05058805271983147,
    0.03397579491138458,
    0.11609387397766113,
    -0.00738050602376461,
    -0.04270538315176964,
    0.07639826834201813,
    -0.0776049792766571,
    -0.07303329557180405,
    -0.013607240281999111,
    0.00821971707046032,
    0.02786305360496044,
    0.04284224659204483,
    0.014360785484313965,
    0.023164408281445503,
    -0.05955475941300392,
    0.018090682104229927,
    0.05119899660348892,
    -0.03836541622877121,
    0.023136520758271217,
    -0.03856334835290909,
    -0.03615035489201546,
    0.034270647913217545,
    -0.015469522215425968,
    -0.11610965430736542,
    0.08310779929161072,
    -0.031959544867277145,
    0.048995792865753174,
    0.012339566834270954,
    0.05027475580573082,
    -0.02699812315404415,
    -0.037489552050828934,
    0.0022710158955305815,
    -0.11210070550441742,
    -0.037184081971645355,
    -0.10236313194036484,
    0.07505417615175247,
    -0.005285752937197685,
    -0.049957532435655594,
    0.06737348437309265,
    -0.042861875146627426,
    0.04075250029563904,
    -0.05721930041909218,
    -0.04228835925459862,
    0.028426416218280792,
    -0.019603628665208817,
    0.019237002357840538,
    -0.020891817286610603,
    -0.03651043772697449,
    -0.009873506613075733,
    0.00045568079804070294,
    0.09910033643245697,
    0.003064393997192383,
    0.007357241120189428,
    0.031156862154603004,
    0.0696612298488617,
    -0.06876504421234131,
    -0.041630957275629044,
    -0.019943609833717346,
    0.022971998900175095,
    0.032404378056526184,
    0.031038280576467514,
    -0.0035231250803917646,
    -1.9787944232692096e-32,
    0.010771401226520538,
    -0.05478307604789734,
    -0.11492796987295151,
    -0.023488076403737068,
    0.07193361967802048,
    0.006549166981130838,
    -0.03972478583455086,
    -0.09866587072610855,
    0.040060944855213165,
    0.0029889207798987627,
    -0.012887975201010704,
    -0.04706793650984764,
    0.009399611502885818,
    0.010573066771030426,
    -0.05201435834169388,
    0.021122632548213005,
    -0.1013789251446724,
    -0.07699635624885559,
    -0.05721615254878998,
    0.13187460601329803,
    -0.050200462341308594,
    -0.008093234151601791,
    -0.03158397972583771,
    0.11489815264940262,
    0.03466054052114487,
    0.05493423342704773,
    -0.06596682965755463,
    -0.011273646727204323,
    0.06285417824983597,
    -0.08369890600442886,
    -0.07046252489089966,
    -0.021507591009140015,
    -0.07023675739765167,
    0.0027674452867358923,
    -0.0743233785033226,
    -0.1858227401971817,
    0.027122411876916885,
    -0.03307490795850754,
    -0.060132671147584915,
    0.008165964856743813,
    0.07194923609495163,
    -0.0004301095032133162,
    -0.007609002757817507,
    0.009533451870083809,
    -0.0032184538431465626,
    -0.06600210070610046,
    0.09722194075584412,
    -0.08927065134048462,
    0.030014419928193092,
    -0.01584993302822113,
    0.05287734791636467,
    -0.07941927015781403,
    -0.005796181503683329,
    0.02202453278005123,
    -0.059064432978630066,
    0.035829607397317886,
    0.004109445493668318,
    -0.052590712904930115,
    -0.021217726171016693,
    0.015258898958563805,
    0.10311387479305267,
    0.057025063782930374,
    -0.10390087217092514,
    0.059019360691308975,
    -0.014141598716378212,
    -0.03136396035552025,
    -0.034420549869537354,
    -0.02487211301922798,
    -0.025102049112319946,
    -0.10846617817878723,
    -0.04372416436672211,
    -0.11900393664836884,
    -0.04765697196125984,
    -0.08988586813211441,
    0.10824541747570038,
    -0.030971432104706764,
    0.002101126592606306,
    -0.07292423397302628,
    -0.06409332901239395,
    -0.022570764645934105,
    0.0594828836619854,
    -0.010944214649498463,
    -0.09396052360534668,
    0.09630556404590607,
    -0.00735139474272728,
    0.0243097934871912,
    0.07198318094015121,
    -0.0605413056910038,
    -0.008317842148244381,
    0.07379801571369171,
    -0.05441083386540413,
    0.04499876871705055,
    -0.03703087568283081,
    0.08677348494529724,
    -0.06917008757591248,
    -5.848117368145722e-08,
    -0.04154733940958977,
    2.5726607418619096e-05,
    0.04556003585457802,
    -0.04297257587313652,
    -0.014067547395825386,
    -0.06159067898988724,
    0.021662317216396332,
    -0.007846792228519917,
    -0.04105605185031891,
    -0.0008365347166545689,
    0.030822329223155975,
    0.08358447253704071,
    -0.03389795124530792,
    0.014006523415446281,
    0.053039006888866425,
    -0.009940460324287415,
    -0.0679510235786438,
    -0.0222687516361475,
    -0.03327377513051033,
    0.06251011043787003,
    -0.05280592292547226,
    -0.05897369980812073,
    -0.008931304328143597,
    0.025182291865348816,
    0.032922498881816864,
    0.04569549858570099,
    -0.012591667473316193,
    0.021259916946291924,
    0.039346225559711456,
    0.07045434415340424,
    0.00736596854403615,
    0.012680078856647015,
    0.04721029847860336,
    0.008633359335362911,
    -0.061387620866298676,
    -0.02080201543867588,
    0.023965371772646904,
    -0.017647182568907738,
    0.04076860845088959,
    -0.02068885788321495,
    0.0025436277501285076,
    0.002610902301967144,
    0.010795596987009048,
    0.0799303948879242,
    0.03317425400018692,
    -0.0067580402828752995,
    0.02091630920767784,
    0.014907279051840305,
    -0.004613743629306555,
    -0.10894325375556946,
    -0.06731069087982178,
    -0.02562440186738968,
    0.10160107165575027,
    0.004316610749810934,
    -0.018756890669465065,
    0.10932531952857971,
    0.04641218110918999,
    0.0616234689950943,
    -0.021100036799907684,
    0.0076634855940938,
    0.09212219715118408,
    0.09134981036186218,
    0.04458090662956238,
    -0.05404852330684662
]