[
    -0.03802847862243652,
    0.041203878819942474,
    -0.03049108199775219,
    -0.050966937094926834,
    -0.06616350263357162,
    0.06354072690010071,
    -0.007680884562432766,
    -0.09138314425945282,
    0.010504079051315784,
    0.0009056725539267063,
    0.0036548275966197252,
    -0.03688819706439972,
    0.008132279850542545,
    -0.07247081398963928,
    0.0679507777094841,
    -0.01014195941388607,
    0.03148013353347778,
    0.024818172678351402,
    -0.08104963600635529,
    0.05786408856511116,
    0.00034221497480757535,
    0.07114513963460922,
    -0.036236636340618134,
    -0.022278815507888794,
    -0.10691142082214355,
    -0.0263549592345953,
    0.0014157947152853012,
    -0.06689219176769257,
    0.002058732323348522,
    -0.05924980714917183,
    0.04552536830306053,
    -0.001398327760398388,
    0.05323698744177818,
    0.08155172318220139,
    0.010316834785044193,
    -0.01631101965904236,
    0.0029676014091819525,
    0.04426833987236023,
    8.46113616717048e-05,
    0.02937413938343525,
    -0.0687628984451294,
    -0.04901798814535141,
    -0.05329267680644989,
    -0.005484323017299175,
    -0.001205427572131157,
    0.008161712437868118,
    -0.07830820977687836,
    -0.03429387882351875,
    0.012337340041995049,
    0.038906700909137726,
    -0.09343947470188141,
    -0.036992721259593964,
    -0.042714230716228485,
    0.09188134968280792,
    -0.06241624429821968,
    -0.018827248364686966,
    -0.05468695983290672,
    -0.011463488452136517,
    -0.0887579545378685,
    0.0006672915769740939,
    -0.03536400571465492,
    0.03264177218079567,
    0.01668698526918888,
    0.09502895176410675,
    -0.04523812234401703,
    0.08466777950525284,
    -0.027342401444911957,
    0.01284262165427208,
    -0.009680126793682575,
    -0.020538147538900375,
    -0.10581378638744354,
    -0.00976954959332943,
    -0.047413866966962814,
    0.026774916797876358,
    -0.03257596492767334,
    0.005300687160342932,
    -0.026504062116146088,
    0.022417468950152397,
    0.0707847997546196,
    -0.12457151710987091,
    -0.04320957139134407,
    0.047370605170726776,
    -0.04287399724125862,
    0.061932504177093506,
    -0.05795596167445183,
    -0.013986104167997837,
    -0.006262596696615219,
    -0.022649701684713364,
    -0.013238243758678436,
    -0.023604417219758034,
    0.07965079694986343,
    -0.058379463851451874,
    0.08652789145708084,
    -0.08234868198633194,
    0.08863097429275513,
    -0.0316917710006237,
    -0.02334301546216011,
    -0.05245239660143852,
    0.03821265697479248,
    -0.01768277771770954,
    -0.04826636612415314,
    0.005093330051749945,
    0.04181158170104027,
    -0.007143600378185511,
    -0.07437170296907425,
    -0.058610666543245316,
    0.022516360506415367,
    -0.00472281826660037,
    0.01434039231389761,
    0.042483799159526825,
    0.06990369409322739,
    0.022125763818621635,
    -0.06972413510084152,
    -0.15097716450691223,
    0.03720530867576599,
    0.008671840652823448,
    -0.02366887964308262,
    0.05178459361195564,
    0.04100814834237099,
    -0.021441765129566193,
    -0.038675423711538315,
    0.0046333023346960545,
    -0.021374128758907318,
    -0.09768828004598618,
    -0.030954359099268913,
    0.020063430070877075,
    -0.059044260531663895,
    1.8452847136386913e-32,
    -0.0174888726323843,
    0.01940162293612957,
    -0.035589203238487244,
    0.02818608470261097,
    0.01729760132730007,
    -0.004495910834521055,
    0.029547985643148422,
    -0.02184671349823475,
    -0.018316524103283882,
    0.06821843236684799,
    -0.00850698072463274,
    0.08013694733381271,
    -0.02732398547232151,
    -0.04348856955766678,
    -0.032552797347307205,
    0.06001429259777069,
    -0.001870043110102415,
    0.11430330574512482,
    -0.03665114939212799,
    0.06067628040909767,
    0.022102689370512962,
    -0.028317932039499283,
    0.008616391569375992,
    0.024325799196958542,
    -0.01024274155497551,
    0.03146259859204292,
    0.022602463141083717,
    -0.007167707663029432,
    0.010682960972189903,
    -0.0026708990335464478,
    0.051708560436964035,
    0.02019120752811432,
    0.016544854268431664,
    -0.03893868625164032,
    0.0713312178850174,
    0.12689006328582764,
    0.03173284977674484,
    -0.027499215677380562,
    0.09834432601928711,
    -0.08188024908304214,
    -0.012225174345076084,
    -0.009811647236347198,
    0.07510950416326523,
    0.008253823965787888,
    0.0333089679479599,
    0.012330559082329273,
    0.006502034142613411,
    -0.007620008196681738,
    0.03377298638224602,
    0.05681883171200752,
    -0.013772141188383102,
    0.006955323275178671,
    -0.02274678647518158,
    -0.02265218272805214,
    0.012699658051133156,
    -0.016864078119397163,
    -0.04146040230989456,
    0.02919810265302658,
    -0.041201282292604446,
    0.06017380952835083,
    -0.024314317852258682,
    0.06133493408560753,
    -0.017000868916511536,
    -0.0287674181163311,
    -0.0548706017434597,
    -0.05181610584259033,
    -0.03684483841061592,
    -0.059012748301029205,
    0.053034696727991104,
    -0.03116549924015999,
    -0.006527324207127094,
    0.040479451417922974,
    -0.02620970457792282,
    0.039803680032491684,
    0.012704581953585148,
    -0.03090410679578781,
    -0.015156653709709644,
    -0.04164831340312958,
    0.05737362429499626,
    -0.008619177155196667,
    -0.06806553155183792,
    -0.009743515402078629,
    0.01229165680706501,
    0.08911839127540588,
    -0.010807373560965061,
    0.006971445400267839,
    0.09112941473722458,
    0.024570949375629425,
    -0.08055928349494934,
    -0.039202313870191574,
    -0.00942778680473566,
    0.05177310109138489,
    0.0024284778628498316,
    0.05869997665286064,
    0.000505751755554229,
    -1.9913579599540044e-32,
    -0.0050577991642057896,
    -0.057138942182064056,
    -0.047176260501146317,
    -0.017191829159855843,
    0.06663235276937485,
    -0.011737729422748089,
    0.022790558636188507,
    -0.07440946251153946,
    0.04722927510738373,
    0.044006217271089554,
    0.03451336547732353,
    -0.04007555916905403,
    -0.050765421241521835,
    -0.02797376550734043,
    -0.018040068447589874,
    -0.02925880253314972,
    -0.04645596817135811,
    -0.03033643215894699,
    -0.013979369774460793,
    0.10433605313301086,
    -0.025944743305444717,
    0.022473730146884918,
    0.026498597115278244,
    0.13466617465019226,
    0.05515131726861,
    0.06268054246902466,
    -0.004799664951860905,
    0.0054117655381560326,
    0.09851285070180893,
    -0.0333830751478672,
    -0.03995158523321152,
    -0.046943917870521545,
    -0.05741647630929947,
    0.023522352799773216,
    -0.1203957051038742,
    -0.18828880786895752,
    0.08195208013057709,
    -0.06595949828624725,
    -0.04836147651076317,
    -0.06968115270137787,
    0.08122274279594421,
    0.0018321342067793012,
    -0.027101008221507072,
    0.024705711752176285,
    0.010664990171790123,
    -0.08495191484689713,
    0.057813502848148346,
    -0.014938482083380222,
    -0.02698419615626335,
    -0.00985724851489067,
    0.023497559130191803,
    -0.034993451088666916,
    -0.0034531462006270885,
    0.029870642349123955,
    -0.05680129677057266,
    0.08637622743844986,
    0.00027890547062270343,
    -0.0583440400660038,
    -0.032451435923576355,
    -0.020872442051768303,
    0.06154360994696617,
    0.07952987402677536,
    -0.044179171323776245,
    0.0943940281867981,
    0.06744188070297241,
    -0.0798390582203865,
    -0.008866365998983383,
    -0.04039212688803673,
    -0.06485114246606827,
    -0.08719652891159058,
    -0.05507073551416397,
    -0.11621245741844177,
    -0.04227542132139206,
    -0.12026757746934891,
    0.06497392803430557,
    -0.010091240517795086,
    -0.04626244679093361,
    -0.11972258985042572,
    -0.07539807260036469,
    -0.005267347674816847,
    0.02593056485056877,
    -0.020918110385537148,
    -0.06120956689119339,
    0.09803897142410278,
    -0.0016177676152437925,
    -0.015753749758005142,
    0.1013360470533371,
    -0.059556279331445694,
    -0.017217906191945076,
    0.11575552821159363,
    -0.08627945184707642,
    -0.01206801738590002,
    -0.057063374668359756,
    0.06643600016832352,
    -0.07998959720134735,
    -5.434064931364446e-08,
    -0.028497740626335144,
    0.07442966103553772,
    0.0192333422601223,
    -0.038570586591959,
    0.0059136515483260155,
    -0.06274992972612381,
    -0.03962656483054161,
    0.014556744135916233,
    -0.02702130191028118,
    -0.042532116174697876,
    0.04587272182106972,
    0.0680062472820282,
    -0.03172934800386429,
    0.012321393005549908,
    0.04535166546702385,
    -0.02184849977493286,
    -0.1031922698020935,
    -0.05744641646742821,
    -0.05738040804862976,
    0.025474734604358673,
    -0.04529242217540741,
    -0.03729292377829552,
    -0.045682523399591446,
    0.021231183782219887,
    0.03377719223499298,
    0.015826750546693802,
    -0.019710570573806763,
    0.05258622020483017,
    0.06732486188411713,
    0.05030065402388573,
    -0.019058488309383392,
    0.0016273296205326915,
    0.024723315611481667,
    -0.028165793046355247,
    -0.028875000774860382,
    -0.05127060040831566,
    0.03208702802658081,
    -0.023451492190361023,
    0.050567079335451126,
    -0.0006499538430944085,
    -0.008139281533658504,
    0.014161111786961555,
    0.02843664214015007,
    0.08526518195867538,
    0.012763772159814835,
    -0.04590451344847679,
    -0.05915982648730278,
    0.027552956715226173,
    -0.0037366976030170918,
    -0.07332150638103485,
    -0.03359728306531906,
    -0.05046142637729645,
    0.08357766270637512,
    -0.03669067472219467,
    -0.038614269345998764,
    0.04764581099152565,
    0.051117926836013794,
    0.06884508579969406,
    -0.01765913888812065,
    -0.023746643215417862,
    0.12419882416725159,
    0.033086519688367844,
    0.03811437636613846,
    0.003494801465421915
]