[
    -0.0572601780295372,
    0.09988464415073395,
    -0.008732879534363747,
    -0.05169341713190079,
    -0.015751956030726433,
    0.057833775877952576,
    -0.019679749384522438,
    -0.0698150023818016,
    -0.0008080042316578329,
    0.000229665485676378,
    0.00820886716246605,
    -0.0034039923921227455,
    -0.028772441670298576,
    -0.07068894803524017,
    0.08590104430913925,
    -0.030700018629431725,
    0.0069675263948738575,
    -0.004251997452229261,
    -0.08260860294103622,
    0.08395745605230331,
    0.0477403961122036,
    0.07892919331789017,
    -0.021626928821206093,
    0.030134135857224464,
    -0.08535044640302658,
    0.006388905458152294,
    0.03289326652884483,
    -0.014880519360303879,
    0.03175857290625572,
    -0.020398302003741264,
    0.07919001579284668,
    -0.0015457638073712587,
    0.048401396721601486,
    0.06160634011030197,
    -0.02378646843135357,
    0.015086496248841286,
    -0.012977403588593006,
    0.022109072655439377,
    -0.05864892527461052,
    0.019799938425421715,
    -0.0435636006295681,
    -0.06535119563341141,
    -0.0765463337302208,
    0.0087657505646348,
    0.024796340614557266,
    0.09323995560407639,
    -0.052116673439741135,
    -0.0011557885445654392,
    -0.021516529843211174,
    0.05847540125250816,
    -0.09550990909337997,
    0.005672176834195852,
    -0.029328640550374985,
    0.07055918127298355,
    -0.026569491252303123,
    -0.015561156906187534,
    -0.045244570821523666,
    -0.04527897760272026,
    -0.07860654592514038,
    -0.004599892534315586,
    0.015298022888600826,
    0.028616610914468765,
    0.02675718441605568,
    0.05979364365339279,
    -0.061181556433439255,
    0.05765102431178093,
    -0.004703213460743427,
    0.01743859425187111,
    0.022187096998095512,
    0.009326491504907608,
    -0.07032932341098785,
    -0.04430725425481796,
    -0.009985528886318207,
    0.027838129550218582,
    -0.012178356759250164,
    -0.0006976072327233851,
    -0.04836718738079071,
    0.0003298583615105599,
    0.07923033833503723,
    -0.11632629483938217,
    -0.0789162889122963,
    -0.0029893890023231506,
    -0.01212404202669859,
    0.07219545543193817,
    -0.04973091185092926,
    0.001362770446576178,
    -0.011891630478203297,
    -0.005164251197129488,
    -0.012182353995740414,
    -0.0454351007938385,
    0.0691811591386795,
    -0.048703357577323914,
    0.08129614591598511,
    -0.053735435009002686,
    0.08174663037061691,
    -0.03150661662220955,
    -0.018835846334695816,
    -0.0909491628408432,
    0.030824922025203705,
    -0.01510527916252613,
    -0.006348439957946539,
    -0.0019530154531821609,
    0.014295552857220173,
    -0.017452150583267212,
    -0.04066534712910652,
    -0.05492442473769188,
    0.0008383841486647725,
    -0.03847518190741539,
    0.05423326790332794,
    0.08258387446403503,
    0.07459915429353714,
    0.005781807005405426,
    -0.04828472062945366,
    -0.10953272134065628,
    0.037201445549726486,
    0.016885405406355858,
    -0.04736694321036339,
    0.07925521582365036,
    0.07487433403730392,
    -0.009044251404702663,
    -0.032263707369565964,
    -0.050576601177453995,
    0.0018254785099998116,
    -0.0755651444196701,
    -0.022858191281557083,
    -0.0391523577272892,
    -0.04250304400920868,
    1.4300417750210998e-32,
    -0.05538840591907501,
    0.008777786046266556,
    -0.05868496745824814,
    0.04397886246442795,
    0.027208145707845688,
    -0.011823451146483421,
    0.015733184292912483,
    -0.029222263023257256,
    -0.05934137850999832,
    0.052215784788131714,
    0.001092386431992054,
    0.032084107398986816,
    0.002938379067927599,
    -0.010519321076571941,
    -0.008410575799643993,
    0.0785675197839737,
    -0.031396105885505676,
    0.09057195484638214,
    -0.03914905712008476,
    0.04515605419874191,
    0.03781979903578758,
    -0.044815342873334885,
    0.001049848273396492,
    0.04645628482103348,
    -0.026183923706412315,
    0.03751099854707718,
    0.026243599131703377,
    -0.038347192108631134,
    -0.0007081737858243287,
    0.012653571553528309,
    0.007860050536692142,
    0.02052151970565319,
    0.04149461165070534,
    -0.06392844021320343,
    0.10329648852348328,
    0.16338063776493073,
    -0.01684587448835373,
    -0.05606977269053459,
    0.032665446400642395,
    -0.07072234898805618,
    0.007321025710552931,
    -0.032379839569330215,
    0.09387917816638947,
    0.022274663671851158,
    0.0819951593875885,
    0.022606194019317627,
    -0.03976256400346756,
    -0.011600983329117298,
    0.030295219272375107,
    0.03656507655978203,
    -0.04218757897615433,
    -0.013941621407866478,
    0.01892496645450592,
    -0.03721396625041962,
    -0.0012459956342354417,
    -0.05898616462945938,
    -0.07806284725666046,
    0.048865389078855515,
    -0.043443065136671066,
    0.02529631182551384,
    -0.04839874431490898,
    0.06729907542467117,
    -0.025537170469760895,
    -0.011642906814813614,
    -0.026984622702002525,
    -0.07716706395149231,
    -0.01451390516012907,
    -0.03970971331000328,
    0.05913856625556946,
    -0.054053895175457,
    0.004257064312696457,
    0.07391661405563354,
    -0.0639660507440567,
    0.01404623780399561,
    -0.05279673635959625,
    -0.014782296493649483,
    -0.004488648846745491,
    -0.00013189774472266436,
    0.0520135834813118,
    -0.003966969437897205,
    -0.03799215331673622,
    -0.0004983695107512176,
    0.01856701262295246,
    0.030664708465337753,
    -0.007586387451738119,
    0.024027274921536446,
    0.08103244751691818,
    0.05122073367238045,
    -0.06898138672113419,
    -0.029502276331186295,
    0.042115405201911926,
    0.05786094069480896,
    -0.008631289936602116,
    0.02973029389977455,
    -0.0023695279378443956,
    -1.6264153062288617e-32,
    -0.0021534538827836514,
    -0.07181516289710999,
    -0.024820828810334206,
    -0.00782740768045187,
    0.08263212442398071,
    -0.005143975839018822,
    0.0055062961764633656,
    -0.06979476660490036,
    0.04543739929795265,
    -0.0015682090306654572,
    0.0669887438416481,
    -0.057033274322748184,
    -0.020415011793375015,
    -0.057105112820863724,
    -0.03472215309739113,
    -0.020724982023239136,
    -0.04207934811711311,
    -0.0549907386302948,
    -0.007853658869862556,
    0.10343030095100403,
    -0.010981455445289612,
    -0.059140320867300034,
    0.0018261718796566129,
    0.15220606327056885,
    0.03773532807826996,
    0.012084970250725746,
    -0.025536900386214256,
    -0.003575690323486924,
    0.12968406081199646,
    -0.02818380855023861,
    -0.028394363820552826,
    -0.03628591075539589,
    -0.08404605090618134,
    0.026950951665639877,
    -0.09303287416696548,
    -0.15610240399837494,
    0.0693676620721817,
    -0.01101708598434925,
    -0.03403687849640846,
    -0.024877041578292847,
    0.10627622157335281,
    0.038265109062194824,
    -0.017849374562501907,
    0.00022290446213446558,
    -0.010651716962456703,
    -0.02364179491996765,
    0.10904976725578308,
    -0.019961901009082794,
    -0.05126631632447243,
    -0.0050688874907791615,
    0.0843261182308197,
    -0.049139395356178284,
    0.0022642482072114944,
    -0.020258303731679916,
    -0.06293962895870209,
    0.055409353226423264,
    -0.016729122027754784,
    -0.037911538034677505,
    -0.03725863993167877,
    -0.042369991540908813,
    0.07710374891757965,
    0.0489414818584919,
    -0.053570523858070374,
    0.098244309425354,
    0.02526170201599598,
    -0.058466602116823196,
    -0.016793901100754738,
    -0.03445519134402275,
    -0.033922627568244934,
    -0.10397510230541229,
    -0.10810228437185287,
    -0.10861901938915253,
    -0.0006156763411127031,
    -0.10311788320541382,
    0.0592743419110775,
    -0.07798460125923157,
    -0.04814229533076286,
    -0.0808299258351326,
    -0.07823622971773148,
    -0.0013747521443292499,
    0.07269564270973206,
    -0.0029643166344612837,
    -0.08771087974309921,
    0.07857091724872589,
    0.018772894516587257,
    -0.02215138077735901,
    0.06021494418382645,
    -0.0546598918735981,
    -0.02484193816781044,
    0.09289880096912384,
    -0.07072070240974426,
    0.041938666254282,
    -0.11442547291517258,
    0.06359340250492096,
    -0.08782617747783661,
    -4.782522822210922e-08,
    -0.001527457614429295,
    0.06805536895990372,
    -0.0004027626127935946,
    -0.060727473348379135,
    -0.0003365611773915589,
    -0.06244257837533951,
    -0.049446750432252884,
    -0.04516734555363655,
    -0.00036921026185154915,
    -0.0175566878169775,
    0.044437289237976074,
    0.0760369524359703,
    -0.030550220981240273,
    0.018247969448566437,
    0.012471326626837254,
    -0.01947861909866333,
    -0.06724989414215088,
    -0.024128876626491547,
    -0.045987460762262344,
    0.021876221522688866,
    -0.040722619742155075,
    -0.06074744835495949,
    -0.05063540115952492,
    0.04464003071188927,
    0.038244035094976425,
    0.051613252609968185,
    -0.022465556859970093,
    0.025437572970986366,
    0.05063994228839874,
    0.037829916924238205,
    -0.02708054706454277,
    0.005238531157374382,
    0.029933646321296692,
    -6.375976226991042e-05,
    -0.05085951089859009,
    -0.03342587128281593,
    0.005146150477230549,
    -0.015009971335530281,
    0.08072847127914429,
    -0.03179038316011429,
    -0.0191880464553833,
    0.06295277178287506,
    0.014252510853111744,
    0.06279654055833817,
    -0.019496500492095947,
    -0.062466833740472794,
    -0.009109805338084698,
    0.011750002391636372,
    -0.024735048413276672,
    -0.07023900002241135,
    -0.051770713180303574,
    -0.03547760844230652,
    0.11817705631256104,
    -0.01515945978462696,
    -0.05288716405630112,
    0.031241854652762413,
    0.04784619063138962,
    0.03413659706711769,
    -0.014673741534352303,
    -0.05657408758997917,
    0.12112145870923996,
    0.012648824602365494,
    0.06811162829399109,
    0.020917410030961037
]