[
    -0.045245371758937836,
    0.04573342204093933,
    -0.01925714500248432,
    -0.028276951983571053,
    -0.023691339418292046,
    0.06512024253606796,
    -0.022177228704094887,
    -0.05890951678156853,
    0.016461240127682686,
    -0.016408488154411316,
    0.026780350133776665,
    -0.012486476451158524,
    -0.011304276064038277,
    -0.06962259858846664,
    0.08376011997461319,
    -0.047665663063526154,
    0.015460302121937275,
    0.01600983366370201,
    -0.10755570232868195,
    0.07388816773891449,
    0.05872026085853577,
    0.0721830427646637,
    -0.031886424869298935,
    0.016536742448806763,
    -0.11212068796157837,
    -0.001877684728242457,
    -0.024870507419109344,
    -0.06124230846762657,
    0.023700466379523277,
    -0.048571500927209854,
    0.04852025583386421,
    -0.014101150445640087,
    0.04428930580615997,
    0.06374213099479675,
    -4.1561874240869656e-05,
    -0.03674373775720596,
    -0.04015460982918739,
    0.0276787132024765,
    -0.02632138878107071,
    -0.009376909583806992,
    -0.07911668717861176,
    -0.07470443844795227,
    -0.0626324862241745,
    0.026260722428560257,
    0.02148102968931198,
    0.02206774801015854,
    -0.0571013018488884,
    -0.006244688760489225,
    -0.044640813022851944,
    0.04631907120347023,
    -0.07166573405265808,
    -0.039044640958309174,
    -0.0226291511207819,
    0.0695323646068573,
    -0.027455013245344162,
    -0.030567985028028488,
    -0.05079593136906624,
    -0.039195697754621506,
    -0.09840738028287888,
    -0.001788739813491702,
    0.002859169850125909,
    0.009235491044819355,
    0.0002459714305587113,
    0.08406722545623779,
    -0.043764710426330566,
    0.0923905000090599,
    -0.028965599834918976,
    -0.032007113099098206,
    0.028204215690493584,
    -0.013846357353031635,
    -0.10282851755619049,
    -0.04429570958018303,
    0.0016186091816052794,
    0.04028920456767082,
    0.027825674042105675,
    0.0015362872509285808,
    -0.04387626424431801,
    0.016259053722023964,
    0.07232726365327835,
    -0.12184935808181763,
    -0.026065953075885773,
    0.008140360936522484,
    -0.009021407924592495,
    0.06900358945131302,
    -0.0682511106133461,
    -0.013778604567050934,
    -0.017025746405124664,
    -0.025335589423775673,
    -0.032630838453769684,
    -0.050635047256946564,
    0.06753648072481155,
    -0.06542295217514038,
    0.09555453062057495,
    -0.054999858140945435,
    0.07295506447553635,
    -0.0692804828286171,
    -0.020144712179899216,
    -0.037596020847558975,
    0.03160081058740616,
    -0.017007149755954742,
    -0.010085460729897022,
    0.004818669054657221,
    -0.027505431324243546,
    -0.007549113593995571,
    -0.04542155563831329,
    -0.08539361506700516,
    0.0002903468848671764,
    -0.03620379418134689,
    0.045443326234817505,
    0.0901540219783783,
    0.041749656200408936,
    0.02042238414287567,
    -0.017558014020323753,
    -0.12954764068126678,
    0.053191907703876495,
    0.019504791125655174,
    -0.02879023179411888,
    0.08564934134483337,
    0.05797358974814415,
    0.012739473022520542,
    -0.043060630559921265,
    -0.03872489556670189,
    -0.024662300944328308,
    -0.10913777351379395,
    -0.03191518038511276,
    0.011224932037293911,
    -0.08281491696834564,
    1.781225855117043e-32,
    -0.009610013104975224,
    0.012404492124915123,
    -0.05817459523677826,
    0.044572535902261734,
    0.013462482951581478,
    -0.010588125325739384,
    -0.004999656695872545,
    -0.021068314090371132,
    -0.043989699333906174,
    0.07397124916315079,
    0.010031690821051598,
    0.027859538793563843,
    -0.027033377438783646,
    -0.014115950092673302,
    -0.03875624015927315,
    0.037768904119729996,
    0.036233436316251755,
    0.10136330127716064,
    0.005333260167390108,
    0.07767018675804138,
    0.03681107610464096,
    -0.03333192691206932,
    0.021400831639766693,
    0.007565722800791264,
    0.02915637195110321,
    -0.0059228939935564995,
    -0.01887335628271103,
    -0.039117954671382904,
    0.024459440261125565,
    0.014951539225876331,
    0.03867921605706215,
    0.0009570781257934868,
    0.025065068155527115,
    -0.05649840459227562,
    0.08622635900974274,
    0.09436546266078949,
    0.030647069215774536,
    -0.049418143928050995,
    0.09634194523096085,
    -0.07444602251052856,
    -0.014313324354588985,
    -0.026746170595288277,
    0.025805966928601265,
    0.009736730717122555,
    0.043741412460803986,
    -0.007382111623883247,
    -0.015441314317286015,
    -0.016099529340863228,
    0.031880054622888565,
    0.0420772023499012,
    -0.02971247397363186,
    0.04633212462067604,
    -0.024355629459023476,
    -0.027852585539221764,
    0.027514562010765076,
    -0.04673630744218826,
    -0.06390369683504105,
    0.020323224365711212,
    -0.05174880847334862,
    0.05554132163524628,
    -0.019294079393148422,
    0.04805383458733559,
    -0.007959548383951187,
    -0.05144575983285904,
    -0.034952566027641296,
    -0.05483505129814148,
    -0.04075401648879051,
    -0.05323029309511185,
    0.033827029168605804,
    0.007640601601451635,
    -0.05074181780219078,
    0.0630752444267273,
    -0.022078972309827805,
    0.03624909743666649,
    -0.006397445686161518,
    -0.031840287148952484,
    0.002294535282999277,
    -0.008737780153751373,
    0.028067385777831078,
    0.017144979909062386,
    -0.05850016325712204,
    0.007346754427999258,
    0.00768399378284812,
    0.07233395427465439,
    -0.030523501336574554,
    -0.030596131458878517,
    0.056969981640577316,
    0.03404713794589043,
    -0.05535946786403656,
    -0.06285358965396881,
    -0.025876931846141815,
    0.041818443685770035,
    -0.006153153255581856,
    0.03819301351904869,
    -0.005194977857172489,
    -1.9784973170720393e-32,
    -0.02172520011663437,
    -0.05255790054798126,
    -0.054449088871479034,
    -0.023257888853549957,
    0.055667728185653687,
    -0.021850910037755966,
    -0.029904847964644432,
    -0.07885550707578659,
    0.08481798321008682,
    0.03155476599931717,
    0.04607079178094864,
    -0.018718184903264046,
    -0.017714448273181915,
    -0.0386178195476532,
    -0.04482883960008621,
    -0.00797371193766594,
    -0.07026690244674683,
    -0.03017258830368519,
    -0.0011779357446357608,
    0.11643782258033752,
    -0.01078891009092331,
    -0.017479317262768745,
    -0.014944999478757381,
    0.1465006172657013,
    0.04520468786358833,
    0.04728970676660538,
    -0.04878512769937515,
    0.0183507539331913,
    0.11162165552377701,
    -0.04016835615038872,
    -0.05178464204072952,
    -0.04287245497107506,
    -0.0489995963871479,
    0.02332289330661297,
    -0.11247622966766357,
    -0.1783386468887329,
    0.0648186132311821,
    -0.027577724307775497,
    -0.04421420767903328,
    -0.017147930338978767,
    0.10710693150758743,
    -0.0056044976226985455,
    -0.02685621753334999,
    0.03377370536327362,
    -0.0050741867162287235,
    -0.05467238649725914,
    0.05195778235793114,
    -0.02725457400083542,
    -0.020573368296027184,
    -0.0006340370164252818,
    0.049057792872190475,
    -0.045034296810626984,
    0.007421605754643679,
    0.05092049762606621,
    -0.04694446176290512,
    0.09968870133161545,
    -0.02053961344063282,
    -0.021229567006230354,
    -0.017111482098698616,
    -0.012633592821657658,
    0.07846478372812271,
    0.06520216912031174,
    -0.07203055173158646,
    0.05253781005740166,
    0.035593993961811066,
    -0.07927390933036804,
    0.015074756927788258,
    -0.04310339689254761,
    -0.04774953052401543,
    -0.07351821660995483,
    -0.07537025213241577,
    -0.12395975738763809,
    -0.054066285490989685,
    -0.09746582806110382,
    0.08186952769756317,
    -0.03870079293847084,
    -0.06746295839548111,
    -0.10225227475166321,
    -0.08456737548112869,
    0.012463562190532684,
    0.06609503924846649,
    0.005260377191007137,
    -0.03749929741024971,
    0.07173018157482147,
    0.024237435311079025,
    0.026259545236825943,
    0.07955978065729141,
    -0.0378151573240757,
    -0.023167431354522705,
    0.06984177976846695,
    -0.049038928002119064,
    0.00789980310946703,
    -0.08469764143228531,
    0.04822564870119095,
    -0.08019023388624191,
    -5.657857826690815e-08,
    0.027260150760412216,
    0.0346471443772316,
    0.044175487011671066,
    -0.053227443248033524,
    0.01606542058289051,
    -0.05573035031557083,
    -0.03414733707904816,
    0.00564239826053381,
    -0.045680347830057144,
    -0.04109029844403267,
    0.0334845706820488,
    0.061259545385837555,
    -0.05777992308139801,
    -0.037814151495695114,
    0.07613816112279892,
    -0.02538488060235977,
    -0.08790615946054459,
    -0.033189304172992706,
    -0.04708022624254227,
    0.006682676263153553,
    -0.05467118322849274,
    -0.05248892679810524,
    -0.04141050949692726,
    0.028703315183520317,
    0.022115645930171013,
    0.031759101897478104,
    -0.008904608897864819,
    0.026121770963072777,
    0.050302594900131226,
    0.0810437947511673,
    0.005432959645986557,
    0.0060939546674489975,
    0.06212648004293442,
    -0.03033941052854061,
    -0.08568179607391357,
    -0.05798255279660225,
    0.001816179370507598,
    -0.05831997096538544,
    0.05502284690737724,
    -0.010501129552721977,
    0.02374958246946335,
    0.022338561713695526,
    0.04463202506303787,
    0.10704026371240616,
    0.0324367992579937,
    -0.03666064888238907,
    -0.00335121713578701,
    -0.007819931022822857,
    0.009898930788040161,
    -0.1143384501338005,
    -0.04851716756820679,
    -0.03622342273592949,
    0.12596064805984497,
    0.033008091151714325,
    -0.04960425943136215,
    0.07416833192110062,
    0.023154640570282936,
    0.07649058103561401,
    -0.006276230793446302,
    -0.028163820505142212,
    0.13716740906238556,
    0.048052385449409485,
    0.047836966812610626,
    -0.021671999245882034
]