[
    -0.014344040304422379,
    0.09931842237710953,
    -0.005798886995762587,
    -0.04175342619419098,
    -0.0014224511105567217,
    0.07443082332611084,
    -0.005950873717665672,
    -0.0064066387712955475,
    -0.04411553591489792,
    0.006804578937590122,
    -0.01391301304101944,
    -0.04807453602552414,
    0.003776113037019968,
    -0.044646766036748886,
    0.0746944397687912,
    -0.02525448240339756,
    0.0387287512421608,
    -0.003432058496400714,
    -0.07407768070697784,
    0.08315036445856094,
    0.02380012907087803,
    0.05942196026444435,
    -0.07552583515644073,
    0.010490495711565018,
    -0.04596453160047531,
    -0.03220394253730774,
    0.035185255110263824,
    0.02042938955128193,
    0.048021797090768814,
    -0.002801112364977598,
    0.06949403882026672,
    0.060731422156095505,
    0.05960748344659805,
    0.05558038130402565,
    0.033873189240694046,
    -0.055022310465574265,
    -0.04294684901833534,
    0.01083020493388176,
    -0.05581502616405487,
    0.0021119078155606985,
    -0.0641152560710907,
    -0.0411386676132679,
    -0.05399433523416519,
    0.040667954832315445,
    0.04697927460074425,
    0.026078538969159126,
    -0.08815477788448334,
    -0.011432603932917118,
    -0.0062619601376354694,
    0.07268381863832474,
    -0.057437580078840256,
    -0.039332278072834015,
    -0.013678271323442459,
    0.0200338214635849,
    -0.05347346514463425,
    -0.01753987744450569,
    -0.054174065589904785,
    -0.041083674877882004,
    -0.10207539051771164,
    -0.013612298294901848,
    -0.009957692585885525,
    -0.03640085831284523,
    -0.0038723498582839966,
    0.04604501649737358,
    -0.09837603569030762,
    0.08069298416376114,
    -0.0024560692254453897,
    -0.010197491385042667,
    0.03878718614578247,
    0.0007227784371934831,
    -0.1068601980805397,
    -0.06184840947389603,
    -0.06228313222527504,
    0.036390747874975204,
    0.006845234427601099,
    -0.0011993119260296226,
    0.007577311247587204,
    0.00041917883208952844,
    0.0928272008895874,
    -0.1379426121711731,
    -0.09857511520385742,
    0.0232666227966547,
    0.014045537449419498,
    0.027741478756070137,
    -0.005927936173975468,
    -0.007241364102810621,
    -0.018804969266057014,
    -0.026760924607515335,
    0.011486491188406944,
    -0.033462174236774445,
    0.07030389457941055,
    -0.03887735307216644,
    0.0538427010178566,
    -0.04431762546300888,
    0.07883483916521072,
    -0.011172371916472912,
    -0.05698626488447189,
    -0.11598902940750122,
    0.02713075652718544,
    -0.01950518786907196,
    -0.01863786205649376,
    -0.06170055642724037,
    -0.005204226355999708,
    0.03698262199759483,
    -0.06924313306808472,
    -0.10816238075494766,
    0.02038879133760929,
    -0.015738267451524734,
    0.07645493000745773,
    0.05599755048751831,
    0.030074508860707283,
    -0.004665093962103128,
    0.028922630473971367,
    -0.09217594563961029,
    0.03526550158858299,
    0.028569703921675682,
    -0.03301731497049332,
    0.03267214447259903,
    0.05485343933105469,
    0.011162099428474903,
    -0.03823814168572426,
    0.002553030615672469,
    -0.01778496988117695,
    -0.10816101729869843,
    -0.034994062036275864,
    -0.025901712477207184,
    -0.03889467567205429,
    1.9142611058402107e-32,
    0.00448352238163352,
    0.0022712424397468567,
    -0.014252707362174988,
    0.044159699231386185,
    0.03845580667257309,
    -0.045081619173288345,
    0.04885682836174965,
    -0.059891607612371445,
    -0.0458565428853035,
    0.027180898934602737,
    -0.009783322922885418,
    0.031838495284318924,
    -0.025421664118766785,
    0.030695205554366112,
    -0.02464246191084385,
    -0.01975208707153797,
    0.013006587512791157,
    0.09506512433290482,
    -0.011179008521139622,
    0.08911053836345673,
    0.014213101007044315,
    -0.05798698589205742,
    0.03087155520915985,
    -0.007899126037955284,
    -0.026420632377266884,
    0.05146310105919838,
    0.018888914957642555,
    -0.018974753096699715,
    0.021673277020454407,
    0.0024596238508820534,
    0.039078257977962494,
    -0.011761044152081013,
    -0.02425359934568405,
    -0.10081271827220917,
    0.03618317469954491,
    0.11079108715057373,
    0.019509045407176018,
    -0.03404559940099716,
    0.03884050250053406,
    -0.07206696271896362,
    -0.03942813351750374,
    -0.037641894072294235,
    0.0579550564289093,
    0.010046575218439102,
    0.039144691079854965,
    -0.042131390422582626,
    -0.027438314631581306,
    -0.003157983999699354,
    0.08579912036657333,
    0.03332627937197685,
    -0.06532737612724304,
    -0.026861174032092094,
    0.03531404957175255,
    -0.031742941588163376,
    0.01607297919690609,
    -0.03869996219873428,
    -0.10867755860090256,
    0.049573566764593124,
    -0.06812042742967606,
    0.020342009142041206,
    -0.037172168493270874,
    0.023992003872990608,
    -0.03917660936713219,
    0.001888849656097591,
    -0.034348342567682266,
    -0.01971769705414772,
    -0.06249399855732918,
    -0.10976660996675491,
    0.08420321345329285,
    -0.03327116742730141,
    -0.04398440197110176,
    0.04738510027527809,
    -0.02981211431324482,
    -0.004779882729053497,
    -0.02904219925403595,
    -0.006449940614402294,
    -0.023338502272963524,
    0.031807731837034225,
    0.044332049787044525,
    0.03910047933459282,
    -0.01361179444938898,
    0.001625738455913961,
    0.007176329847425222,
    0.03622204810380936,
    0.004824317526072264,
    -0.0024933037348091602,
    0.0761394053697586,
    0.019558465108275414,
    -0.0860070139169693,
    -0.07928157597780228,
    -0.001986526884138584,
    0.02872714214026928,
    0.05348239839076996,
    0.07789824157953262,
    0.048328887671232224,
    -2.0517495699746748e-32,
    -0.025800352916121483,
    -0.04813254624605179,
    -0.007674385793507099,
    -0.03778929263353348,
    0.08208172023296356,
    -0.012067333795130253,
    -0.00211102282628417,
    -0.13627459108829498,
    0.0785316675901413,
    -0.031023072078824043,
    0.009559515863656998,
    -0.0442068912088871,
    0.004453445319086313,
    -0.03576043248176575,
    -0.057701293379068375,
    -0.009029215201735497,
    -0.08746176213026047,
    -0.06858529150485992,
    0.00435376213863492,
    0.0963461622595787,
    -0.041968923062086105,
    -0.007343222387135029,
    -0.03879759460687637,
    0.0880860984325409,
    0.0316510945558548,
    0.046602386981248856,
    -0.03473420441150665,
    0.025750333443284035,
    0.08780241012573242,
    -0.05545024946331978,
    -0.04626942425966263,
    -0.05851666256785393,
    -0.04658130183815956,
    0.047234032303094864,
    -0.058059368282556534,
    -0.17330381274223328,
    0.038544490933418274,
    -0.012211370281875134,
    -0.033237118273973465,
    -0.0019116613548249006,
    0.13783341646194458,
    -0.02320031262934208,
    0.0453605130314827,
    -0.012701427564024925,
    0.013070821762084961,
    -0.017224885523319244,
    0.13068191707134247,
    -0.05235675722360611,
    -0.018754635006189346,
    -0.00362632074393332,
    0.04493303224444389,
    -0.02346130646765232,
    0.0200960673391819,
    0.041677433997392654,
    -0.052403680980205536,
    0.006209585350006819,
    0.01646030694246292,
    -0.061638712882995605,
    -0.0001331390521954745,
    -0.0005624677869491279,
    0.05543525889515877,
    0.06882615387439728,
    0.00034347610198892653,
    0.06522186845541,
    -0.007894248701632023,
    -0.08428558707237244,
    -0.011807103641331196,
    -0.07112889736890793,
    -0.017468122765421867,
    -0.08198232203722,
    -0.12036631256341934,
    -0.11664944887161255,
    0.012536044232547283,
    -0.09443224966526031,
    0.09455045312643051,
    -0.055680956691503525,
    -0.022417908534407616,
    -0.01964540220797062,
    -0.07677759975194931,
    -0.008271937258541584,
    -0.00783615279942751,
    -0.002136444440111518,
    -0.10427883267402649,
    0.08393733203411102,
    -0.0018966261995956302,
    0.0065067233517766,
    0.03255574777722359,
    -0.04991314932703972,
    0.026186831295490265,
    0.08433783799409866,
    -0.06918232142925262,
    0.030476290732622147,
    -0.01969842240214348,
    0.03448125347495079,
    -0.10810969024896622,
    -5.7788835050587295e-08,
    0.029218465089797974,
    0.029498714953660965,
    0.04045332595705986,
    -0.05111797899007797,
    0.00806927215307951,
    -0.02515486627817154,
    -0.0298446137458086,
    -0.05468515679240227,
    -0.0034079314209520817,
    -0.03976133093237877,
    0.04979526996612549,
    0.10775067657232285,
    -0.02000412717461586,
    -0.05843189358711243,
    0.010911733843386173,
    -0.004230457823723555,
    -0.06887227296829224,
    0.01594892516732216,
    -0.024350764229893684,
    0.045249905437231064,
    -0.06856141239404678,
    -0.08328308910131454,
    -0.0681404247879982,
    0.005100658629089594,
    0.03158628195524216,
    0.06513846665620804,
    -0.03134670481085777,
    0.04874341934919357,
    0.06566363573074341,
    0.03675558790564537,
    0.01074239518493414,
    0.04813797399401665,
    0.07158582657575607,
    -0.015550444833934307,
    -0.046950213611125946,
    -0.05421203374862671,
    0.0288015715777874,
    -0.00891741830855608,
    0.06866678595542908,
    -0.0031514179427176714,
    0.004581939894706011,
    0.05885256454348564,
    0.03891189768910408,
    0.05249667540192604,
    0.013387729413807392,
    -0.01245813351124525,
    -0.004312311299145222,
    -0.035222072154283524,
    0.00758268591016531,
    -0.0748552531003952,
    -0.04483868181705475,
    -0.042465947568416595,
    0.1322789341211319,
    -0.008455975912511349,
    -0.05462759733200073,
    0.0882449820637703,
    0.013715446926653385,
    0.02080555446445942,
    0.005543939769268036,
    -0.030344059690833092,
    0.11762650310993195,
    0.03589534014463425,
    0.0009195955353789032,
    0.014157825149595737
]