[
    -0.0520353689789772,
    0.06327556073665619,
    -0.001481160637922585,
    -0.007545032538473606,
    -0.063359335064888,
    0.049557555466890335,
    0.002603464061394334,
    -0.04056259244680405,
    0.04985462501645088,
    0.03192942962050438,
    0.05354645103216171,
    0.020953018218278885,
    0.021211711689829826,
    -0.03715788945555687,
    0.06895306706428528,
    0.027835717424750328,
    0.04865288734436035,
    0.03089992143213749,
    -0.09133204072713852,
    0.0655234083533287,
    0.040164489299058914,
    0.0630008801817894,
    -0.10006450116634369,
    0.035079434514045715,
    -0.04597491770982742,
    -0.014303560368716717,
    -0.02561306208372116,
    -0.061484549194574356,
    0.046548668295145035,
    -0.07917797565460205,
    0.039425939321517944,
    0.036972299218177795,
    -0.0023685703054070473,
    0.043901268392801285,
    -0.028570743277668953,
    -0.030675651505589485,
    -0.03079226426780224,
    0.026519687846302986,
    -0.017510678619146347,
    -0.03168533369898796,
    -0.03968050703406334,
    -0.05618169158697128,
    -0.06525685638189316,
    -0.008413410745561123,
    0.03499310836195946,
    -0.018617581576108932,
    -0.08311006426811218,
    -0.013571388088166714,
    -0.02638445608317852,
    0.06159120425581932,
    -0.06199639290571213,
    -0.04919799789786339,
    -0.034151364117860794,
    0.0607810914516449,
    -0.06436720490455627,
    -0.04630851000547409,
    -0.0045889001339674,
    0.016730062663555145,
    -0.07510126382112503,
    -0.014186343178153038,
    -0.004371799062937498,
    0.034812331199645996,
    -0.014781531877815723,
    0.036772239953279495,
    -0.04444114863872528,
    0.04113698750734329,
    0.0056249285116791725,
    -0.06136655807495117,
    0.045857615768909454,
    0.03467424586415291,
    -0.06781946122646332,
    -0.016914816573262215,
    -0.018956881016492844,
    0.013958324678242207,
    -0.01340640988200903,
    -0.03669911250472069,
    -0.056587573140859604,
    0.0452306754887104,
    0.08085503429174423,
    -0.13485786318778992,
    -0.0063534812070429325,
    0.031885042786598206,
    0.012193247675895691,
    0.04360324889421463,
    -0.06967765837907791,
    -0.04311155900359154,
    -0.022906629368662834,
    0.008892655372619629,
    0.0017685233615338802,
    -0.02288898639380932,
    0.07222996652126312,
    -0.01862557977437973,
    0.13634967803955078,
    -0.0719776451587677,
    0.07840326428413391,
    -0.07123830914497375,
    -0.022269686684012413,
    -0.09749285131692886,
    0.02017265558242798,
    0.013861819170415401,
    -0.03851993754506111,
    0.006542677991092205,
    -0.08263202011585236,
    -0.018912391737103462,
    -0.022067490965127945,
    -0.10385001450777054,
    -0.017625216394662857,
    -0.06731171905994415,
    0.01530671026557684,
    0.0743892565369606,
    0.015030289068818092,
    0.04801012575626373,
    -0.04102587327361107,
    -0.10968892276287079,
    0.05743427202105522,
    0.03784311190247536,
    -0.045915331691503525,
    0.09009750932455063,
    0.03729866445064545,
    -0.040549617260694504,
    -0.05360817909240723,
    -0.01331123523414135,
    -0.04069729149341583,
    -0.07247794419527054,
    -0.019183365628123283,
    -0.004097395110875368,
    -0.03168899565935135,
    2.1487898612445194e-32,
    -0.030160289257764816,
    -0.01621982455253601,
    -0.06442639231681824,
    0.06679406017065048,
    0.03302273526787758,
    -0.012641401961445808,
    0.011527018621563911,
    -0.038188524544239044,
    -0.06914670020341873,
    -0.02616586722433567,
    0.024243569001555443,
    0.02231072448194027,
    0.009573087096214294,
    -0.03128695487976074,
    -0.013290777802467346,
    -0.014886893332004547,
    0.003316564718261361,
    0.09201070666313171,
    0.034324292093515396,
    0.05282315984368324,
    0.05905400589108467,
    -0.0029394866432994604,
    0.03659806028008461,
    0.036781519651412964,
    -0.049710921943187714,
    -0.026406005024909973,
    -0.03738686814904213,
    -0.0396772101521492,
    0.013621973805129528,
    0.007905465550720692,
    0.07387792319059372,
    0.023274200037121773,
    -0.0008859093650244176,
    -0.05255088582634926,
    0.06244746595621109,
    0.09968738257884979,
    0.07753221690654755,
    -0.05979068577289581,
    0.08182889968156815,
    -0.05489131435751915,
    -0.01630958914756775,
    0.014028324745595455,
    -0.004403476137667894,
    -0.007470154203474522,
    0.038597237318754196,
    -0.02774445340037346,
    0.011343864724040031,
    -0.029244588688015938,
    0.04627973213791847,
    0.02779531292617321,
    -0.018552729859948158,
    0.04261811077594757,
    -0.007301806006580591,
    -0.06792207807302475,
    0.007440914399921894,
    -0.04346233978867531,
    -0.11366675794124603,
    0.06354086101055145,
    -0.03346923366189003,
    0.04610677808523178,
    0.02287875860929489,
    0.045662771910429,
    -0.019410600885748863,
    0.017990216612815857,
    -0.023822316899895668,
    -0.043622106313705444,
    -0.038835421204566956,
    -0.12314017117023468,
    0.026300868019461632,
    -0.02506530098617077,
    -0.03689613938331604,
    0.03238917887210846,
    0.0004988758591935039,
    0.03129081055521965,
    -0.05705796554684639,
    -0.04837000370025635,
    0.018640369176864624,
    0.01169055700302124,
    0.03430404141545296,
    0.026361608877778053,
    -0.04728471487760544,
    -0.03313449025154114,
    -0.04183545336127281,
    0.027497507631778717,
    -0.00643473444506526,
    -0.05559297278523445,
    0.03639155998826027,
    -0.004414333961904049,
    -0.05616418272256851,
    -0.04313626140356064,
    0.012103654444217682,
    0.0363217368721962,
    0.03352699428796768,
    0.04689548909664154,
    0.029016030952334404,
    -2.2154978432225395e-32,
    -0.039623893797397614,
    -0.05410819128155708,
    -0.03311319276690483,
    0.02643539570271969,
    0.06762753427028656,
    -0.018344271928071976,
    -0.04593964293599129,
    -0.06258217245340347,
    0.0701756477355957,
    -0.005545899271965027,
    0.029531599953770638,
    -0.044470738619565964,
    0.01496082078665495,
    0.02560357190668583,
    -0.0695750042796135,
    -0.018126890063285828,
    -0.07599697262048721,
    -0.051166415214538574,
    -0.045756999403238297,
    0.11771724373102188,
    -0.013945115730166435,
    0.04338213428854942,
    0.0020224559120833874,
    0.12916606664657593,
    0.035610176622867584,
    0.07132237404584885,
    -0.023895932361483574,
    0.019499879330396652,
    0.09182895720005035,
    -0.08045394718647003,
    -0.043073851615190506,
    -0.06415794044733047,
    -0.07225525379180908,
    0.029827691614627838,
    -0.09373679012060165,
    -0.17483128607273102,
    0.07441563904285431,
    0.009694766253232956,
    -0.05588748678565025,
    -0.04928494617342949,
    0.09245502948760986,
    0.017815914005041122,
    -0.030746381729841232,
    -0.026352303102612495,
    -0.0032755290158092976,
    -0.06068585440516472,
    0.047736845910549164,
    -0.019477898254990578,
    0.04542965814471245,
    -0.0189127828925848,
    0.05656556040048599,
    -0.024858402088284492,
    0.04816608503460884,
    0.04526223987340927,
    -0.04346596077084541,
    0.003173376666381955,
    0.08483115583658218,
    -0.06907086074352264,
    -0.007749977521598339,
    0.008123711682856083,
    0.05178729072213173,
    0.06110968068242073,
    -0.03668949753046036,
    0.07398594915866852,
    0.04823097214102745,
    -0.05018265172839165,
    -0.023046081885695457,
    -0.001296444097533822,
    -0.013277995400130749,
    -0.09334827959537506,
    -0.02478598803281784,
    -0.1006280854344368,
    -0.021759644150733948,
    -0.10304867476224899,
    0.13678066432476044,
    -0.03473276644945145,
    -0.05497090891003609,
    -0.07293324917554855,
    -0.11413641273975372,
    -0.010953427292406559,
    0.04905010759830475,
    -0.016203859820961952,
    -0.03118213452398777,
    0.01879008300602436,
    -0.029132843017578125,
    0.021053709089756012,
    0.02810266613960266,
    -0.052036184817552567,
    0.036792315542697906,
    0.09019691497087479,
    -0.0686376690864563,
    -0.04112964868545532,
    -0.07173893600702286,
    0.027433345094323158,
    -0.05467325448989868,
    -6.16807227515892e-08,
    -0.008703617379069328,
    0.002461605239659548,
    0.0877179205417633,
    -0.0009391591302119195,
    0.008596907369792461,
    -0.06092686578631401,
    -0.0515969954431057,
    -0.00832097977399826,
    -0.053097810596227646,
    -0.0630749985575676,
    0.025151781737804413,
    0.05438995361328125,
    -0.012617549858987331,
    -0.05008921027183533,
    0.05107373371720314,
    -0.011243279092013836,
    -0.04037650674581528,
    -0.053750522434711456,
    -0.03818226233124733,
    -0.0004459044721443206,
    -0.07832133024930954,
    -0.0580345094203949,
    -0.03915049135684967,
    -0.006815506145358086,
    0.03610304370522499,
    0.06087423861026764,
    -0.024695560336112976,
    0.057698823511600494,
    0.0052552190609276295,
    0.02722356840968132,
    -0.0028345792088657618,
    0.03925147280097008,
    0.06748341768980026,
    0.016660187393426895,
    -0.06923530995845795,
    -0.057083021849393845,
    0.04774804040789604,
    -0.002483970718458295,
    0.017368663102388382,
    -0.02245965227484703,
    0.006288542877882719,
    0.08743811398744583,
    0.019101057201623917,
    0.10206247121095657,
    -0.00495911156758666,
    -0.03449535742402077,
    -0.012643086723983288,
    0.008460510522127151,
    -0.00932023674249649,
    -0.11311789602041245,
    -0.027695072814822197,
    -0.029465408995747566,
    0.09913663566112518,
    0.020697183907032013,
    -0.009334604255855083,
    0.11683198064565659,
    0.04255453497171402,
    0.06931298971176147,
    -0.0381007194519043,
    -0.03006676957011223,
    0.16326679289340973,
    0.04793906584382057,
    0.04890939220786095,
    -0.04002610221505165
]