[
    -0.051941484212875366,
    0.056946270167827606,
    -0.021915975958108902,
    -0.05402796342968941,
    -0.058621276170015335,
    0.06481029838323593,
    -0.02097811922430992,
    -0.0705459862947464,
    0.009390567429363728,
    0.016153432428836823,
    0.01808413676917553,
    -0.008493202738463879,
    -0.01208232156932354,
    -0.05272551253437996,
    0.09500916302204132,
    -0.040845807641744614,
    0.0303232092410326,
    0.0193941667675972,
    -0.07133617252111435,
    0.08748514205217361,
    0.06189677119255066,
    0.08861836045980453,
    -0.03568192198872566,
    0.014690331183373928,
    -0.11128243058919907,
    0.009595816023647785,
    -0.01743912138044834,
    -0.08093605190515518,
    0.04160993546247482,
    -0.039787739515304565,
    0.04473523050546646,
    0.0001332575484411791,
    0.047544218599796295,
    0.06428941339254379,
    5.8730103773996234e-05,
    -0.03893135115504265,
    -0.012682369910180569,
    0.024011878296732903,
    -0.022176552563905716,
    0.004391878377646208,
    -0.07847943902015686,
    -0.04635819420218468,
    -0.05616552010178566,
    0.0286437775939703,
    0.00729746837168932,
    0.008244641125202179,
    -0.07788150012493134,
    -0.002644382882863283,
    -0.013388259336352348,
    0.06320758908987045,
    -0.06911303848028183,
    -0.01896624267101288,
    -0.03801428899168968,
    0.09092593193054199,
    -0.048130542039871216,
    -0.060630831867456436,
    -0.05610036849975586,
    -0.008629592135548592,
    -0.08653207868337631,
    -0.0014139446429908276,
    -0.006876228377223015,
    0.013863200321793556,
    0.008851936087012291,
    0.07810851186513901,
    -0.07323195040225983,
    0.07347588241100311,
    -0.02808297425508499,
    -0.02450890652835369,
    0.018100108951330185,
    0.0027359547093510628,
    -0.09906572103500366,
    -0.028150588274002075,
    -0.025541258975863457,
    0.052433259785175323,
    0.007537779398262501,
    -0.03056318871676922,
    -0.03409508243203163,
    -0.01213820744305849,
    0.08679208904504776,
    -0.1140735074877739,
    -0.04841140657663345,
    0.013972354121506214,
    -0.0161898210644722,
    0.05430363491177559,
    -0.061213281005620956,
    -0.0004658152174670249,
    -0.03343966230750084,
    0.0026289820671081543,
    -0.0023040995001792908,
    -0.05655626952648163,
    0.0725688487291336,
    -0.05302071571350098,
    0.06880965083837509,
    -0.07028402388095856,
    0.10351240634918213,
    -0.06665235757827759,
    0.01066228374838829,
    -0.07757506519556046,
    0.0400799885392189,
    -0.00869438610970974,
    -0.004428798798471689,
    -0.013940817676484585,
    -0.02074943296611309,
    -0.022649463266134262,
    -0.05079355090856552,
    -0.05347880721092224,
    0.010185743682086468,
    -0.009521224536001682,
    0.016871044412255287,
    0.07499590516090393,
    0.04263943433761597,
    0.007269794587045908,
    -0.039584629237651825,
    -0.14041683077812195,
    0.055068228393793106,
    -0.0009737394284456968,
    -0.019617268815636635,
    0.05599029362201691,
    0.04019041731953621,
    0.017970239743590355,
    -0.06332749873399734,
    -0.03188028186559677,
    -0.02249126508831978,
    -0.07866130769252777,
    -0.007821658626198769,
    0.029030531644821167,
    -0.08411955833435059,
    1.933867910801545e-32,
    -0.02153037115931511,
    -0.005549307446926832,
    -0.06479442864656448,
    0.05080737918615341,
    0.03298231586813927,
    -0.00887370202690363,
    0.036757662892341614,
    -0.02247830107808113,
    -0.037745699286460876,
    0.055861763656139374,
    0.018894482403993607,
    0.025386210530996323,
    -0.033245619386434555,
    -0.030675891786813736,
    -0.009171378798782825,
    0.04325905814766884,
    0.026090921834111214,
    0.06651458889245987,
    -0.0038603171706199646,
    0.06458894908428192,
    0.037147779017686844,
    -0.048365239053964615,
    0.02506130374968052,
    0.029452577233314514,
    -0.024785839021205902,
    0.032153062522411346,
    -0.008106101304292679,
    -0.012918837368488312,
    0.02852705493569374,
    0.011401689611375332,
    0.033985435962677,
    -0.002903751330450177,
    0.014121411368250847,
    -0.05257032811641693,
    0.07129712402820587,
    0.1106267124414444,
    0.05664444342255592,
    -0.020689381286501884,
    0.07941114902496338,
    -0.10865314304828644,
    -0.01320601161569357,
    -0.019152898341417313,
    0.03569510579109192,
    0.03427881374955177,
    0.05091224983334541,
    0.003560092067345977,
    -0.0343540757894516,
    -0.004548587370663881,
    0.012249056249856949,
    0.0499507375061512,
    -0.03222719207406044,
    0.021453581750392914,
    -0.03333012014627457,
    -0.04476999491453171,
    0.006245605181902647,
    -0.036644142121076584,
    -0.09626729041337967,
    0.03535650297999382,
    -0.055577583611011505,
    0.07100675255060196,
    -0.026436643674969673,
    0.05520611256361008,
    0.00020297279115766287,
    -0.03357909619808197,
    -0.02186797745525837,
    -0.07061661779880524,
    -0.024920620024204254,
    -0.06275823712348938,
    0.03673107922077179,
    -0.021963100880384445,
    -0.028158513829112053,
    0.0714932382106781,
    -0.029033292084932327,
    0.03570307046175003,
    0.0015931222587823868,
    -0.02881615236401558,
    0.04562278091907501,
    -0.022402875125408173,
    0.03887444734573364,
    0.020494461059570312,
    -0.05564117059111595,
    -0.018807047978043556,
    0.017506487667560577,
    0.08189907670021057,
    -0.0013635307550430298,
    -0.02385224960744381,
    0.04605650529265404,
    0.02952464483678341,
    -0.0610998161137104,
    -0.06434525549411774,
    0.008699998259544373,
    0.020146571099758148,
    0.012874732725322247,
    0.03087605908513069,
    -0.009431646205484867,
    -2.083674233301482e-32,
    -0.011366388760507107,
    -0.06691081076860428,
    -0.04987076669931412,
    0.006096326746046543,
    0.04900290071964264,
    -0.023000095039606094,
    -0.02137654833495617,
    -0.07235749065876007,
    0.08083456754684448,
    0.007448301184922457,
    0.035805147141218185,
    -0.03235272690653801,
    -0.018132580444216728,
    -0.005784311797469854,
    -0.05421227216720581,
    -0.018917249515652657,
    -0.07348991185426712,
    -0.016905784606933594,
    -0.012448165565729141,
    0.12038567662239075,
    -0.030431030318140984,
    -0.021096978336572647,
    0.017455117776989937,
    0.14289972186088562,
    0.053959883749485016,
    0.050117332488298416,
    -0.06964268535375595,
    0.02789057418704033,
    0.09143982082605362,
    -0.010387277230620384,
    -0.01438447181135416,
    -0.07285812497138977,
    -0.05998830869793892,
    -0.007632129825651646,
    -0.12488149851560593,
    -0.19111159443855286,
    0.06380613893270493,
    -0.00592403020709753,
    -0.037463705986738205,
    -0.03237495198845863,
    0.143233984708786,
    -0.010593735612928867,
    -0.0016062046634033322,
    0.005582493729889393,
    -0.01073983870446682,
    -0.05806967243552208,
    0.05871981754899025,
    -0.02230674959719181,
    -0.04379279911518097,
    0.010869323275983334,
    0.07301631569862366,
    -0.03702720254659653,
    -0.0015051108784973621,
    0.03607652336359024,
    -0.04649323225021362,
    0.07599113136529922,
    -0.012682813219726086,
    -0.023600848391652107,
    -0.03572312742471695,
    -0.024008166044950485,
    0.07223430275917053,
    0.05315648764371872,
    -0.08262868225574493,
    0.07159562408924103,
    0.051039401441812515,
    -0.07945305854082108,
    -0.009550642222166061,
    -0.039142441004514694,
    -0.052575141191482544,
    -0.08116785436868668,
    -0.06441032141447067,
    -0.1127629354596138,
    -0.04499582201242447,
    -0.09900975227355957,
    0.10263065248727798,
    -0.045556869357824326,
    -0.05241246521472931,
    -0.09303576499223709,
    -0.08083625882863998,
    -0.006174485664814711,
    0.05425534397363663,
    -0.0011616521514952183,
    -0.08134938031435013,
    0.08195018768310547,
    0.017451100051403046,
    0.03531701862812042,
    0.06601312756538391,
    -0.06699669361114502,
    -0.006103454623371363,
    0.11116153746843338,
    -0.06353504955768585,
    0.01412888616323471,
    -0.0692392960190773,
    0.06073416396975517,
    -0.06647318601608276,
    -5.531373048484056e-08,
    -0.01637032814323902,
    0.06777901947498322,
    0.018048200756311417,
    -0.05683775618672371,
    0.02354765683412552,
    -0.013406113721430302,
    -0.0438513346016407,
    -0.016882531344890594,
    -0.020416259765625,
    -0.06071954965591431,
    0.05212753266096115,
    0.06557321548461914,
    -0.008724329993128777,
    -0.019270438700914383,
    0.026434598490595818,
    -0.014227395877242088,
    -0.09289416670799255,
    -0.05819368734955788,
    -0.05402536317706108,
    0.003365990472957492,
    -0.053189389407634735,
    -0.06441667675971985,
    -0.025865009054541588,
    0.04094157740473747,
    0.007200984749943018,
    0.016679707914590836,
    -0.03686809912323952,
    0.029396062716841698,
    0.06506266444921494,
    0.05679607018828392,
    -0.020979398861527443,
    0.022633904591202736,
    0.02447890117764473,
    -0.021791785955429077,
    -0.073384590446949,
    -0.05494863539934158,
    0.01673593744635582,
    -0.03424794599413872,
    0.03940388187766075,
    -0.002449638210237026,
    0.004652559291571379,
    0.03407849371433258,
    0.024785403162240982,
    0.07668207585811615,
    0.013101775199174881,
    -0.044748540967702866,
    -0.03276423364877701,
    0.0036259894259274006,
    0.022341690957546234,
    -0.08532164990901947,
    -0.04443737491965294,
    -0.01730428636074066,
    0.11349758505821228,
    0.0007198003004305065,
    -0.04222893342375755,
    0.06276120245456696,
    0.049907196313142776,
    0.06931815296411514,
    -0.006834578234702349,
    -0.012024236842989922,
    0.1424039900302887,
    0.04653187468647957,
    0.04773557931184769,
    -0.0018534009577706456
]